1,2.800,-1.000,0.000,0.000,0.000,0.000,1
2,2.800,-1.000,0.260,0.000,0.000,0.000,1
3,2.800,-1.000,1.065,0.000,0.000,0.000,1
4,2.800,-1.000,2.153,0.000,0.000,0.000,1
5,2.800,-1.000,3.178,0.000,0.000,0.000,1
6,2.800,-1.000,4.032,0.000,0.000,0.000,1
7,2.800,-1.000,4.714,0.000,0.000,0.000,1
8,2.800,-1.000,5.222,0.000,0.000,0.000,1
9,2.800,-1.000,5.557,0.000,0.000,0.000,1
10,2.800,-1.000,5.719,0.000,0.000,0.000,1
11,2.800,-1.000,5.709,0.000,0.000,0.000,1
12,2.800,-1.000,5.575,0.000,0.000,0.000,1
13,2.800,-1.000,5.408,0.000,0.000,0.000,1
14,2.800,-1.000,5.256,0.000,0.000,0.000,1
15,2.800,-1.000,5.141,0.000,0.000,0.000,1
16,2.800,-1.000,5.063,0.000,0.000,0.000,1
17,2.800,-1.000,5.016,0.000,0.000,0.000,1
18,2.800,-1.000,4.992,0.000,0.000,0.000,1
19,2.800,-1.000,4.978,0.000,0.000,0.000,1
20,2.800,-1.000,4.979,0.000,0.000,0.000,1
21,2.800,-1.000,4.984,0.000,0.000,0.000,1
22,2.800,-1.000,4.989,0.000,0.000,0.000,1
23,2.800,-1.000,4.993,0.000,0.000,0.000,1
24,2.800,-1.000,4.992,0.000,0.000,0.000,1
25,2.800,-1.000,4.991,0.000,0.000,0.000,1
26,2.800,-1.000,4.990,0.000,0.000,0.000,1
27,2.800,-1.000,4.989,-0.000,-0.219,-0.000,1
28,2.799,-1.000,4.995,-0.000,-0.361,-0.023,1
29,2.797,-1.000,4.996,-0.000,-0.375,-0.039,16
30,2.794,-1.000,4.996,-0.000,-0.285,-0.057,16
31,2.790,-0.999,4.997,-0.000,-0.150,-0.019,16
32,2.785,-0.999,4.997,-0.000,-0.019,0.021,16
33,2.780,-0.998,4.998,-0.000,0.077,-0.005,16
34,2.776,-0.998,4.998,-0.000,0.117,-0.032,16
35,2.771,-0.997,4.999,-0.000,0.099,0.003,16
36,2.767,-0.997,4.999,-0.000,0.050,0.035,16
37,2.764,-0.997,4.999,-0.000,0.005,-0.013,16
38,2.760,-0.996,5.000,-0.000,-0.039,0.006,16
39,2.756,-0.996,5.000,-0.000,-0.061,0.028,16
40,2.752,-0.995,5.000,-0.000,-0.042,-0.050,22
41,2.748,-0.995,5.001,-0.000,-0.030,-0.021,22
42,2.743,-0.994,5.001,-0.000,-0.016,0.020,22
43,2.739,-0.994,5.001,-0.000,-0.001,0.045,22
44,2.734,-0.993,5.001,-0.000,0.009,0.051,22
45,2.730,-0.993,5.001,-0.000,0.023,-0.020,22
46,2.726,-0.993,5.002,-0.000,0.018,-0.017,22
47,2.721,-0.993,5.002,-0.000,0.008,-0.000,22
48,2.717,-0.992,5.002,-0.000,0.017,-0.072,22
49,2.713,-0.992,5.002,-0.000,0.004,-0.031,22
50,2.708,-0.991,5.002,-0.000,-0.009,0.019,22
51,2.704,-0.990,5.002,-0.000,-0.015,0.052,22
52,2.700,-0.990,5.002,-0.000,-0.006,0.000,22
53,2.696,-0.990,5.002,-0.000,-0.004,0.011,22
54,2.691,-0.989,5.002,-0.000,-0.003,0.025,22
55,2.687,-0.989,5.002,-0.000,0.019,-0.057,22
56,2.682,-0.988,5.002,-0.000,0.033,-0.117,25
57,2.678,-0.987,5.002,-0.000,0.036,-0.133,25
58,2.674,-0.986,5.002,-0.000,0.029,-0.109,25
59,2.670,-0.984,5.002,-0.000,-0.002,0.023,25
60,2.666,-0.983,5.002,-0.000,-0.028,0.127,25
61,2.662,-0.981,5.002,-0.000,0.014,0.033,25
62,2.658,-0.980,5.002,-0.000,0.437,0.068,25
63,2.655,-0.979,5.002,-0.000,0.706,0.095,25
64,2.655,-0.979,5.002,-0.000,0.310,0.002,25
65,2.656,-0.978,5.003,-0.000,0.284,0.008,25
66,2.658,-0.978,5.003,-0.000,0.262,0.027,25
67,2.660,-0.977,5.003,-0.000,-0.188,-0.104,25
68,2.662,-0.976,5.003,-0.000,-0.520,-0.195,28
69,2.663,-0.975,5.003,-0.000,-0.621,-0.213,28
70,2.661,-0.973,5.003,-0.000,-0.519,-0.168,28
71,2.658,-0.970,5.003,-0.000,0.087,0.048,28
72,2.655,-0.967,5.003,-0.000,0.579,0.218,28
73,2.653,-0.965,5.003,-0.000,0.535,0.067,28
74,2.654,-0.964,5.003,-0.000,0.557,0.111,28
75,2.656,-0.962,5.003,-0.000,0.456,0.143,28
76,2.660,-0.962,5.003,-0.000,0.190,-0.032,31
77,2.664,-0.961,5.003,-0.000,-0.362,-0.166,31
78,2.668,-0.959,5.003,-0.000,-0.715,-0.219,31
79,2.669,-0.957,5.003,-0.000,-0.724,-0.021,31
80,2.668,-0.955,5.003,-0.000,-0.571,-0.010,31
81,2.665,-0.952,5.003,-0.000,-0.310,-0.027,31
82,2.661,-0.950,5.003,-0.000,0.117,0.112,31
83,2.656,-0.948,5.003,-0.000,0.415,0.207,31
84,2.654,-0.946,5.003,-0.000,0.474,0.008,31
85,2.652,-0.945,5.003,-0.000,0.402,0.035,31
86,2.653,-0.944,5.003,-0.000,0.237,0.080,31
87,2.654,-0.943,5.003,-0.000,0.195,-0.064,33
88,2.655,-0.942,5.003,-0.000,-0.098,0.020,33
89,2.657,-0.941,5.003,-0.000,-0.319,0.112,33
90,2.657,-0.940,5.003,-0.000,-0.392,0.158,33
91,2.656,-0.940,5.003,-0.000,-0.334,0.153,33
92,2.654,-0.940,5.004,-0.000,-0.195,0.111,33
93,2.652,-0.941,5.004,-0.000,-0.040,0.054,33
94,2.649,-0.942,5.004,-0.000,0.082,0.000,33
95,2.646,-0.943,5.004,-0.000,0.143,-0.034,33
96,2.644,-0.944,5.004,-0.000,0.142,-0.046,33
97,2.642,-0.944,5.004,-0.000,0.098,-0.039,33
98,2.641,-0.945,5.004,-0.000,0.036,-0.020,33
99,2.639,-0.945,5.004,-0.000,-0.019,0.001,33
100,2.638,-0.946,5.004,-0.000,-0.052,0.016,33
101,2.637,-0.946,5.004,-0.000,-0.059,0.023,33
102,2.635,-0.947,5.004,-0.000,-0.045,0.021,33
103,2.633,-0.947,5.004,-0.000,-0.019,0.013,33
104,2.631,-0.948,5.004,-0.000,0.007,0.003,33
105,2.629,-0.949,5.004,-0.000,0.025,-0.006,33
106,2.628,-0.950,5.004,-0.000,0.033,-0.010,33
107,2.626,-0.950,5.004,-0.000,0.030,-0.011,33
108,2.624,-0.951,5.004,-0.000,0.021,-0.009,33
109,2.623,-0.952,5.004,-0.000,0.010,-0.005,33
110,2.621,-0.952,5.004,-0.000,0.001,-0.002,33
111,2.620,-0.953,5.004,-0.000,-0.004,0.001,33
112,2.618,-0.953,5.004,-0.000,-0.004,0.002,33
113,2.617,-0.954,5.004,-0.000,-0.001,0.001,33
114,2.615,-0.955,5.004,-0.000,0.003,-0.000,33
115,2.613,-0.955,5.004,-0.000,0.008,-0.002,33
116,2.612,-0.956,5.004,-0.000,0.010,-0.003,33
117,2.610,-0.956,5.004,-0.000,0.011,-0.004,33
118,2.609,-0.957,5.004,-0.000,0.010,-0.004,33
119,2.608,-0.957,5.004,-0.000,0.008,-0.003,33
120,2.606,-0.958,5.004,-0.000,0.006,-0.003,33
121,2.605,-0.959,5.005,-0.000,0.005,-0.002,33
122,2.603,-0.959,5.005,-0.000,0.004,-0.002,33
123,2.602,-0.960,5.005,-0.000,0.004,-0.002,33
124,2.601,-0.960,5.005,-0.000,0.005,-0.002,33
125,2.599,-0.961,5.005,-0.000,0.005,-0.002,33
126,2.598,-0.961,5.005,-0.000,0.006,-0.002,33
127,2.597,-0.962,5.005,-0.000,0.006,-0.002,33
128,2.596,-0.962,5.005,-0.000,0.006,-0.002,33
129,2.594,-0.963,5.005,-0.000,0.006,-0.002,33
130,2.593,-0.963,5.005,-0.000,0.006,-0.002,33
131,2.592,-0.964,5.005,-0.000,0.005,-0.002,33
132,2.591,-0.964,5.005,-0.000,0.005,-0.002,33
133,2.590,-0.965,5.005,-0.000,0.005,-0.002,33
134,2.588,-0.965,5.005,-0.000,0.005,-0.002,33
135,2.587,-0.966,5.005,-0.000,0.005,-0.002,33
136,2.586,-0.966,5.005,-0.000,0.005,-0.002,33
137,2.585,-0.966,5.005,-0.000,0.005,-0.002,33
138,2.584,-0.967,5.005,-0.000,0.005,-0.002,33
139,2.583,-0.967,5.005,-0.000,0.005,-0.002,33
140,2.582,-0.968,5.005,-0.000,0.005,-0.002,33
141,2.581,-0.968,5.005,-0.000,0.005,-0.002,33
142,2.580,-0.969,5.005,-0.000,0.005,-0.002,33
143,2.578,-0.969,5.005,-0.000,0.004,-0.002,33
144,2.577,-0.969,5.005,-0.000,0.004,-0.002,33
145,2.576,-0.970,5.005,-0.000,0.004,-0.002,33
146,2.575,-0.970,5.005,-0.000,0.004,-0.002,33
147,2.574,-0.971,5.005,-0.000,0.004,-0.002,33
148,2.573,-0.971,5.005,-0.000,0.004,-0.002,33
149,2.573,-0.971,5.005,-0.000,0.004,-0.002,33
150,2.572,-0.972,5.005,-0.000,0.004,-0.002,33
151,2.571,-0.972,5.005,-0.000,0.004,-0.002,33
152,2.570,-0.972,5.005,-0.000,0.004,-0.002,33
153,2.569,-0.973,5.005,-0.000,0.004,-0.002,33
154,2.568,-0.973,5.005,-0.000,0.004,-0.002,33
155,2.567,-0.974,5.005,-0.000,0.004,-0.002,33
156,2.566,-0.974,5.005,-0.000,0.004,-0.001,33
157,2.565,-0.974,5.005,-0.000,0.004,-0.001,33
158,2.564,-0.975,5.005,-0.000,0.004,-0.001,33
159,2.564,-0.975,5.005,-0.000,0.004,-0.001,33
160,2.563,-0.975,5.005,-0.000,0.004,-0.001,33
161,2.562,-0.976,5.005,-0.000,0.004,-0.001,33
162,2.561,-0.976,5.005,-0.000,0.003,-0.001,33
163,2.560,-0.976,5.005,-0.000,0.003,-0.001,33
164,2.560,-0.976,5.005,-0.000,0.003,-0.001,33
165,2.559,-0.977,5.005,-0.000,0.003,-0.001,33
166,2.558,-0.977,5.005,-0.000,0.003,-0.001,33
167,2.557,-0.977,5.005,-0.000,0.003,-0.001,33
168,2.556,-0.978,5.005,-0.000,0.003,-0.001,33
169,2.556,-0.978,5.005,-0.000,0.003,-0.001,33
170,2.555,-0.978,5.005,-0.000,0.003,-0.001,33
171,2.554,-0.979,5.005,-0.000,0.003,-0.001,33
172,2.554,-0.979,5.005,-0.000,0.003,-0.001,33
173,2.553,-0.979,5.005,-0.000,0.003,-0.001,33
174,2.552,-0.979,5.005,-0.000,0.003,-0.001,33
175,2.551,-0.980,5.005,-0.000,0.003,-0.001,33
176,2.551,-0.980,5.005,-0.000,0.003,-0.001,33
177,2.550,-0.980,5.005,-0.000,0.003,-0.001,33
178,2.549,-0.980,5.005,-0.000,0.003,-0.001,33
179,2.549,-0.981,5.005,-0.000,0.003,-0.001,33
180,2.548,-0.981,5.005,-0.000,0.003,-0.001,33
181,2.548,-0.981,5.005,-0.000,0.003,-0.001,33
182,2.547,-0.981,5.005,-0.000,0.003,-0.001,33
183,2.546,-0.982,5.005,-0.000,0.003,-0.001,33
184,2.546,-0.982,5.005,-0.000,0.003,-0.001,33
185,2.545,-0.982,5.005,-0.000,0.003,-0.001,33
186,2.545,-0.982,5.005,-0.000,0.003,-0.001,33
187,2.544,-0.983,5.005,-0.000,0.003,-0.001,33
188,2.543,-0.983,5.005,-0.000,0.002,-0.001,33
189,2.543,-0.983,5.005,-0.000,0.002,-0.001,33
190,2.542,-0.983,5.005,-0.000,0.002,-0.001,33
191,2.542,-0.984,5.005,-0.000,0.002,-0.001,33
192,2.541,-0.984,5.005,-0.000,0.002,-0.001,33
193,2.541,-0.984,5.005,-0.000,0.002,-0.001,33
194,2.540,-0.984,5.005,-0.000,0.002,-0.001,33
195,2.540,-0.984,5.005,-0.000,0.002,-0.001,33
196,2.539,-0.985,5.005,-0.000,0.002,-0.001,33
197,2.539,-0.985,5.005,-0.000,0.002,-0.001,33
198,2.538,-0.985,5.005,-0.000,0.002,-0.001,33
199,2.538,-0.985,5.005,-0.000,0.002,-0.001,33
200,2.537,-0.985,5.005,-0.000,0.002,-0.001,33
201,2.537,-0.986,5.005,-0.000,0.002,-0.001,33
202,2.536,-0.986,5.005,-0.000,0.002,-0.001,33
203,2.536,-0.986,5.005,-0.000,0.002,-0.001,33
204,2.535,-0.986,5.005,-0.000,0.002,-0.001,33
205,2.535,-0.986,5.005,-0.000,0.002,-0.001,33
206,2.534,-0.986,5.005,-0.000,0.002,-0.001,33
207,2.534,-0.987,5.005,-0.000,0.002,-0.001,33
208,2.533,-0.987,5.005,-0.000,0.002,-0.001,33
209,2.533,-0.987,5.005,-0.000,0.002,-0.001,33
210,2.532,-0.987,5.005,-0.000,0.002,-0.001,33
211,2.532,-0.987,5.005,-0.000,0.002,-0.001,33
212,2.532,-0.988,5.005,-0.000,0.002,-0.001,33
213,2.531,-0.988,5.005,-0.000,0.002,-0.001,33
214,2.531,-0.988,5.005,-0.000,0.002,-0.001,33
215,2.530,-0.988,5.005,-0.000,0.002,-0.001,33
216,2.530,-0.988,5.005,-0.000,0.002,-0.001,33
217,2.530,-0.988,5.005,-0.000,0.002,-0.001,33
218,2.529,-0.988,5.005,-0.000,0.002,-0.001,33
219,2.529,-0.989,5.005,-0.000,0.002,-0.001,33
220,2.528,-0.989,5.005,-0.000,0.002,-0.001,33
221,2.528,-0.989,5.005,-0.000,0.002,-0.001,33
222,2.528,-0.989,5.005,-0.000,0.002,-0.001,33
223,2.527,-0.989,5.005,-0.000,0.002,-0.001,33
224,2.527,-0.989,5.005,-0.000,0.002,-0.001,33
225,2.527,-0.989,5.005,-0.000,0.002,-0.001,33
226,2.526,-0.990,5.005,-0.000,0.002,-0.001,33
227,2.526,-0.990,5.005,-0.000,0.001,-0.001,33
228,2.526,-0.990,5.005,-0.000,0.001,-0.001,33
229,2.525,-0.990,5.005,-0.000,0.001,-0.001,33
230,2.525,-0.990,5.005,-0.000,0.001,-0.001,33
231,2.525,-0.990,5.005,-0.000,0.001,-0.001,33
232,2.524,-0.990,5.005,-0.000,0.001,-0.001,33
233,2.524,-0.991,5.005,-0.000,0.001,-0.001,33
234,2.524,-0.991,5.005,-0.000,0.001,-0.001,33
235,2.523,-0.991,5.005,-0.000,0.001,-0.001,33
236,2.523,-0.991,5.005,-0.000,0.001,-0.001,33
237,2.523,-0.991,5.005,-0.000,0.001,-0.001,33
238,2.522,-0.991,5.005,-0.000,0.001,-0.001,33
239,2.522,-0.991,5.005,-0.000,0.001,-0.001,33
240,2.522,-0.991,5.005,-0.000,0.001,-0.000,33
241,2.522,-0.991,5.005,-0.000,0.001,-0.000,33
242,2.521,-0.992,5.005,-0.000,0.001,-0.000,33
243,2.521,-0.992,5.005,-0.000,0.001,-0.000,33
244,2.521,-0.992,5.005,-0.000,0.001,-0.000,33
245,2.520,-0.992,5.005,-0.000,0.001,-0.000,33
246,2.520,-0.992,5.005,-0.000,0.001,-0.000,33
247,2.520,-0.992,5.005,-0.000,0.001,-0.000,33
248,2.520,-0.992,5.005,-0.000,0.001,-0.000,33
249,2.519,-0.992,5.005,-0.000,0.001,-0.000,33
250,2.519,-0.992,5.005,-0.000,0.001,-0.000,33
251,2.519,-0.993,5.005,-0.000,0.001,-0.000,33
252,2.519,-0.993,5.005,-0.000,0.001,-0.000,33
253,2.518,-0.993,5.005,-0.000,0.001,-0.000,33
254,2.518,-0.993,5.005,-0.000,0.001,-0.000,33
255,2.518,-0.993,5.005,-0.000,0.001,-0.000,33
256,2.518,-0.993,5.005,-0.000,0.001,-0.000,33
257,2.517,-0.993,5.005,-0.000,0.001,-0.000,33
258,2.517,-0.993,5.005,-0.000,0.001,-0.000,33
259,2.517,-0.993,5.005,-0.000,0.001,-0.000,33
260,2.517,-0.993,5.005,-0.000,0.001,-0.000,33
261,2.517,-0.993,5.005,-0.000,0.001,-0.000,33
262,2.516,-0.994,5.005,-0.000,0.001,-0.000,33
263,2.516,-0.994,5.005,-0.000,0.001,-0.000,33
264,2.516,-0.994,5.005,-0.000,0.001,-0.000,33
265,2.516,-0.994,5.005,-0.000,0.001,-0.000,33
266,2.516,-0.994,5.005,-0.000,0.001,-0.000,33
267,2.515,-0.994,5.005,-0.000,0.001,-0.000,33
268,2.515,-0.994,5.005,-0.000,0.001,-0.000,33
269,2.515,-0.994,5.005,-0.000,0.229,-0.003,33
270,2.516,-0.994,5.005,-0.000,0.378,-0.004,33
271,2.517,-0.994,5.005,-0.000,0.394,-0.004,33
272,2.520,-0.994,5.005,-0.000,-0.071,-0.159,33
273,2.523,-0.994,5.005,-0.000,-0.458,-0.258,33
274,2.525,-0.992,5.005,-0.000,-0.250,-0.112,33
275,2.526,-0.991,5.005,-0.000,-0.329,-0.104,33
276,2.525,-0.989,5.005,-0.000,-0.352,-0.098,33
277,2.524,-0.986,5.005,-0.000,-0.127,0.079,33
278,2.521,-0.984,5.005,-0.000,0.093,0.210,33
279,2.520,-0.982,5.005,-0.000,0.212,0.259,33
280,2.518,-0.982,5.005,-0.000,0.232,0.225,33
281,2.518,-0.982,5.005,-0.000,0.176,0.139,33
282,2.518,-0.982,5.005,-0.000,0.083,0.040,33
283,2.519,-0.983,5.005,-0.000,-0.010,-0.039,33
284,2.519,-0.984,5.005,-0.000,-0.074,-0.081,33
285,2.519,-0.984,5.005,-0.000,-0.097,-0.084,33
286,2.519,-0.984,5.005,-0.000,-0.084,-0.058,33
287,2.519,-0.984,5.005,-0.000,-0.048,-0.020,33
288,2.518,-0.984,5.005,-0.000,-0.007,0.015,33
289,2.518,-0.984,5.005,-0.000,0.025,0.037,33
290,2.517,-0.984,5.005,-0.000,0.041,0.042,33
291,2.517,-0.984,5.005,-0.000,0.040,0.033,33
292,2.517,-0.984,5.005,-0.000,0.028,0.017,33
293,2.517,-0.984,5.005,-0.000,0.011,0.001,33
294,2.517,-0.985,5.005,-0.000,-0.005,-0.011,33
295,2.516,-0.985,5.005,-0.000,-0.014,-0.017,33
296,2.516,-0.985,5.005,-0.000,-0.016,-0.015,33
297,2.516,-0.985,5.005,-0.000,-0.013,-0.010,33
298,2.516,-0.986,5.005,-0.000,-0.006,-0.003,33
299,2.516,-0.986,5.005,-0.000,0.001,0.003,33
300,2.515,-0.986,5.005,-0.000,0.006,0.006,33
301,2.515,-0.986,5.005,-0.000,0.008,0.006,33
302,2.515,-0.986,5.005,-0.000,0.007,0.004,33
303,2.515,-0.986,5.005,-0.000,0.005,0.001,33
304,2.515,-0.987,5.005,-0.000,0.002,-0.001,33
305,2.514,-0.987,5.005,-0.000,-0.001,-0.003,33
306,2.514,-0.987,5.005,-0.000,-0.002,-0.004,33
307,2.514,-0.987,5.005,-0.000,-0.002,-0.003,33
308,2.514,-0.987,5.005,-0.000,-0.001,-0.002,33
309,2.514,-0.987,5.005,-0.000,-0.000,-0.001,33
310,2.513,-0.988,5.005,-0.000,0.001,0.000,33
311,2.513,-0.988,5.005,-0.000,0.002,0.001,33
312,2.513,-0.988,5.005,-0.000,0.002,0.000,33
313,2.513,-0.988,5.005,-0.000,0.002,0.000,33
314,2.513,-0.988,5.005,-0.000,0.001,-0.000,33
315,2.513,-0.988,5.005,-0.000,0.001,-0.001,33
316,2.512,-0.989,5.005,-0.000,0.000,-0.001,33
317,2.512,-0.989,5.005,-0.000,0.000,-0.001,33
318,2.512,-0.989,5.005,-0.000,0.000,-0.001,33
319,2.512,-0.989,5.005,-0.000,0.000,-0.001,33
320,2.512,-0.989,5.005,-0.000,0.001,-0.001,33
321,2.512,-0.989,5.005,-0.000,0.001,-0.000,33
322,2.511,-0.989,5.005,-0.000,0.001,-0.000,33
323,2.511,-0.990,5.005,-0.000,0.001,-0.000,33
324,2.511,-0.990,5.005,-0.000,0.001,-0.000,33
325,2.511,-0.990,5.005,-0.000,0.001,-0.001,33
326,2.511,-0.990,5.005,-0.000,0.001,-0.001,33
327,2.511,-0.990,5.005,-0.000,0.001,-0.001,33
328,2.511,-0.990,5.005,-0.000,0.001,-0.001,33
329,2.510,-0.990,5.005,-0.000,0.001,-0.001,33
330,2.510,-0.990,5.005,-0.000,0.001,-0.001,33
331,2.510,-0.991,5.005,-0.000,0.001,-0.001,33
332,2.510,-0.991,5.005,-0.000,0.001,-0.000,33
333,2.510,-0.991,5.005,-0.000,0.001,-0.000,33
334,2.510,-0.991,5.005,-0.000,0.001,-0.000,33
335,2.510,-0.991,5.005,-0.000,0.001,-0.000,33
336,2.510,-0.991,5.005,-0.000,0.001,-0.001,33
337,2.509,-0.991,5.005,-0.000,0.001,-0.001,33
338,2.509,-0.991,5.005,-0.000,0.001,-0.001,33
339,2.509,-0.992,5.005,-0.000,0.001,-0.000,33
340,2.509,-0.992,5.005,-0.000,0.001,-0.000,33
341,2.509,-0.992,5.005,-0.000,0.001,-0.000,33
342,2.509,-0.992,5.005,-0.000,0.001,-0.000,33
343,2.509,-0.992,5.005,-0.000,0.001,-0.000,33
344,2.509,-0.992,5.005,-0.000,0.000,-0.000,33
345,2.508,-0.992,5.005,-0.000,0.000,-0.000,33
346,2.508,-0.992,5.005,-0.000,0.000,-0.000,33
347,2.508,-0.992,5.005,-0.000,0.000,-0.000,33
348,2.508,-0.992,5.005,-0.000,0.000,-0.000,33
349,2.508,-0.993,5.005,-0.000,0.000,-0.000,33
350,2.508,-0.993,5.005,-0.000,0.000,-0.000,33
351,2.508,-0.993,5.005,-0.000,0.000,-0.000,33
352,2.508,-0.993,5.005,-0.000,0.000,-0.000,33
353,2.508,-0.993,5.005,-0.000,0.000,-0.000,33
354,2.508,-0.993,5.005,-0.000,0.000,-0.000,33
355,2.507,-0.993,5.005,-0.000,0.000,-0.000,33
356,2.507,-0.993,5.005,-0.000,0.000,-0.000,33
357,2.507,-0.993,5.005,-0.000,0.005,-0.005,33
358,2.507,-0.993,5.005,-0.000,0.008,-0.007,33
359,2.507,-0.993,5.005,-0.000,0.008,-0.008,33
360,2.507,-0.993,5.005,-0.000,0.006,-0.006,33
361,2.507,-0.993,5.005,-0.000,0.003,-0.003,33
362,2.507,-0.993,5.005,-0.000,0.000,-0.000,33
363,2.507,-0.993,5.005,-0.000,-0.002,0.001,33
364,2.507,-0.993,5.005,-0.000,-0.002,0.002,33
365,2.507,-0.993,5.005,-0.000,-0.002,0.002,33
366,2.507,-0.993,5.005,-0.000,-0.001,0.001,33
367,2.507,-0.993,5.005,-0.000,0.000,-0.000,33
368,2.507,-0.993,5.005,-0.000,0.001,-0.001,33
369,2.507,-0.993,5.005,-0.000,0.001,-0.001,33
370,2.507,-0.993,5.005,-0.000,0.001,-0.001,33
371,2.507,-0.993,5.005,-0.000,0.001,-0.001,33
372,2.507,-0.993,5.005,-0.000,0.000,-0.000,33
373,2.507,-0.993,5.005,-0.000,-0.000,0.000,33
374,2.507,-0.993,5.005,-0.000,-0.000,0.000,33
375,2.507,-0.993,5.005,-0.000,-0.000,0.000,33
376,2.507,-0.993,5.005,-0.000,-0.000,0.000,33
377,2.507,-0.993,5.005,-0.000,-0.000,0.000,33
378,2.507,-0.993,5.005,-0.000,0.000,-0.000,33
379,2.507,-0.993,5.005,-0.000,0.000,-0.000,33
380,2.507,-0.993,5.005,-0.000,0.000,-0.000,33
381,2.507,-0.993,5.005,-0.000,0.000,-0.000,33
382,2.507,-0.993,5.005,-0.000,0.000,-0.000,33
383,2.507,-0.993,5.005,-0.000,0.000,-0.000,33
384,2.507,-0.993,5.005,-0.000,-0.000,0.000,33
385,2.507,-0.993,5.005,-0.000,-0.000,0.000,33
386,2.507,-0.993,5.005,-0.000,-0.000,0.000,33
387,2.507,-0.993,5.005,-0.000,-0.000,0.000,33
388,2.507,-0.993,5.005,-0.000,-0.000,0.000,33
389,2.507,-0.993,5.005,-0.000,0.000,-0.000,33
390,2.507,-0.993,5.005,-0.000,0.000,-0.000,33
391,2.507,-0.993,5.005,-0.000,0.000,-0.000,33
392,2.507,-0.993,5.005,-0.000,0.000,-0.000,33
393,2.507,-0.993,5.005,-0.000,0.000,-0.000,33
394,2.507,-0.993,5.005,-0.000,-0.000,0.000,33
395,2.507,-0.993,5.005,-0.000,-0.000,0.000,33
396,2.507,-0.993,5.005,-0.000,-0.000,0.000,33
397,2.507,-0.993,5.005,-0.000,-0.000,0.000,33
398,2.507,-0.993,5.005,-0.000,-0.000,0.000,33
399,2.507,-0.993,5.005,-0.000,-0.000,0.000,33
400,2.507,-0.993,5.005,-0.000,0.000,-0.000,33
401,2.507,-0.993,5.005,-0.000,0.000,-0.000,33
402,2.507,-0.993,5.005,-0.000,0.000,-0.000,33
403,2.507,-0.993,5.005,-0.000,0.000,-0.000,33
404,2.507,-0.993,5.005,-0.000,0.000,-0.000,33
405,2.507,-0.993,5.005,-0.000,-0.000,0.000,33
406,2.507,-0.993,5.005,-0.000,-0.000,0.000,33
407,2.507,-0.993,5.005,-0.000,-0.000,0.000,33
408,2.507,-0.993,5.005,-0.000,-0.000,0.000,33
409,2.507,-0.993,5.005,-0.000,-0.000,0.000,33
410,2.507,-0.993,5.005,-0.000,0.000,-0.000,33
411,2.507,-0.993,5.005,-0.000,0.000,-0.000,33
412,2.507,-0.993,5.005,-0.000,0.000,-0.000,33
413,2.507,-0.993,5.005,-0.000,0.000,-0.000,33
414,2.507,-0.993,5.005,-0.000,0.000,-0.000,33
415,2.507,-0.993,5.005,-0.000,0.000,-0.000,33
416,2.507,-0.993,5.005,-0.000,-0.000,0.000,33
417,2.507,-0.993,5.005,-0.000,-0.000,0.000,33
418,2.507,-0.993,5.005,-0.000,-0.000,0.000,33
419,2.507,-0.993,5.005,-0.000,-0.000,0.000,33
420,2.507,-0.993,5.005,-0.000,-0.000,0.000,33
421,2.507,-0.993,5.005,-0.000,0.000,-0.000,33
422,2.507,-0.993,5.005,-0.000,0.000,-0.000,33
423,2.507,-0.993,5.005,-0.000,0.000,-0.000,33
424,2.507,-0.993,5.005,-0.000,0.000,-0.000,33
425,2.507,-0.993,5.005,-0.000,0.000,-0.000,33
426,2.507,-0.993,5.005,-0.000,-0.000,0.000,33
427,2.507,-0.993,5.005,-0.000,-0.000,0.000,33
428,2.507,-0.993,5.005,-0.000,-0.000,0.000,33
429,2.507,-0.993,5.005,-0.000,-0.000,0.000,33
430,2.507,-0.993,5.005,-0.000,-0.000,0.000,33
431,2.507,-0.993,5.005,-0.000,-0.000,0.000,33
432,2.507,-0.993,5.005,-0.000,0.000,-0.000,33
433,2.507,-0.993,5.005,-0.000,0.000,-0.000,33
434,2.507,-0.993,5.005,-0.000,0.000,-0.000,33
435,2.507,-0.993,5.005,-0.000,0.000,-0.000,33
436,2.507,-0.993,5.005,-0.000,0.000,-0.000,33
437,2.507,-0.993,5.005,-0.000,-0.000,0.000,33
438,2.507,-0.993,5.005,-0.000,-0.000,0.000,33
439,2.507,-0.993,5.005,-0.000,-0.000,0.000,33
440,2.507,-0.993,5.005,-0.000,-0.000,0.000,33
441,2.507,-0.993,5.005,-0.000,-0.000,0.000,33
442,2.507,-0.993,5.005,-0.000,0.000,-0.000,33
443,2.507,-0.993,5.005,-0.000,0.000,-0.000,33
444,2.507,-0.993,5.005,-0.000,0.000,-0.000,33
445,2.507,-0.993,5.005,-0.000,0.000,-0.000,33
446,2.507,-0.993,5.005,-0.000,0.000,-0.000,33
447,2.507,-0.993,5.005,-0.000,0.000,-0.000,33
448,2.507,-0.993,5.005,-0.000,-0.000,0.000,33
449,2.507,-0.993,5.005,-0.000,-0.000,0.000,33
450,2.507,-0.993,5.005,-0.000,-0.000,0.000,33
451,2.507,-0.993,5.005,-0.000,-0.000,0.000,33
452,2.507,-0.993,5.005,-0.000,-0.000,0.000,33
453,2.507,-0.993,5.005,-0.000,0.000,-0.000,33
454,2.507,-0.993,5.005,-0.000,0.000,-0.000,33
455,2.507,-0.993,5.005,-0.000,0.000,-0.000,33
456,2.507,-0.993,5.005,-0.000,0.000,-0.000,33
457,2.507,-0.993,5.005,-0.000,0.000,-0.000,33
458,2.507,-0.993,5.005,-0.000,-0.000,0.000,33
459,2.507,-0.993,5.005,-0.000,-0.000,0.000,33
460,2.507,-0.993,5.005,-0.000,-0.000,0.000,33
461,2.507,-0.993,5.005,-0.000,-0.000,0.000,33
462,2.507,-0.993,5.005,-0.000,-0.000,0.000,33
463,2.507,-0.993,5.005,-0.000,-0.000,0.000,33
464,2.507,-0.993,5.005,-0.000,0.000,-0.000,33
465,2.507,-0.993,5.005,-0.000,0.000,-0.000,33
466,2.507,-0.993,5.005,-0.000,0.000,-0.000,33
467,2.507,-0.993,5.005,-0.000,0.000,-0.000,33
468,2.507,-0.993,5.005,-0.000,0.000,-0.000,33
469,2.507,-0.993,5.005,-0.000,-0.000,0.000,33
470,2.507,-0.993,5.005,-0.000,-0.000,0.000,33
471,2.507,-0.993,5.005,-0.000,-0.000,0.000,33
472,2.507,-0.993,5.005,-0.000,-0.000,0.000,33
473,2.507,-0.993,5.005,-0.000,-0.000,0.000,33
474,2.507,-0.993,5.005,-0.000,0.000,-0.000,33
475,2.507,-0.993,5.005,-0.000,0.000,-0.000,33
476,2.507,-0.993,5.005,-0.000,0.000,-0.000,33
477,2.507,-0.993,5.005,-0.000,0.000,-0.000,33
478,2.507,-0.993,5.005,-0.000,0.000,-0.000,33
479,2.507,-0.993,5.005,-0.000,0.000,-0.000,33
480,2.507,-0.993,5.005,-0.000,-0.000,0.000,33
481,2.507,-0.993,5.005,-0.000,-0.000,0.000,33
482,2.507,-0.993,5.005,-0.000,-0.000,0.000,33
483,2.507,-0.993,5.005,-0.000,-0.000,0.000,33
484,2.507,-0.993,5.005,-0.000,-0.000,0.000,33
485,2.507,-0.993,5.005,-0.000,0.000,-0.000,33
486,2.507,-0.993,5.005,-0.000,0.000,-0.000,33
487,2.507,-0.993,5.005,-0.000,0.000,-0.000,33
488,2.507,-0.993,5.005,-0.000,0.000,-0.000,33
489,2.507,-0.993,5.005,-0.000,0.000,-0.000,33
490,2.507,-0.993,5.005,-0.000,-0.000,0.000,33
491,2.507,-0.993,5.005,-0.000,-0.000,0.000,33
492,2.507,-0.993,5.005,-0.000,-0.000,0.000,33
493,2.507,-0.993,5.005,-0.000,-0.000,0.000,33
494,2.507,-0.993,5.005,-0.000,-0.000,0.000,33
495,2.507,-0.993,5.005,-0.000,-0.000,0.000,33
496,2.507,-0.993,5.005,-0.000,0.000,-0.000,33
497,2.507,-0.993,5.005,-0.000,0.000,-0.000,33
498,2.507,-0.993,5.005,-0.000,0.000,-0.000,33
499,2.507,-0.993,5.005,-0.000,0.000,-0.000,33
500,2.507,-0.993,5.005,-0.000,0.000,-0.000,33
501,2.507,-0.993,5.005,-0.000,-0.000,0.000,33
502,2.507,-0.993,5.005,-0.000,-0.000,0.000,33
503,2.507,-0.993,5.005,-0.000,-0.000,0.000,33
504,2.507,-0.993,5.005,-0.000,-0.000,0.000,33
505,2.507,-0.993,5.005,-0.000,-0.000,0.000,33
506,2.507,-0.993,5.005,-0.000,0.000,-0.000,33
507,2.507,-0.993,5.005,-0.000,0.000,-0.000,33
508,2.507,-0.993,5.005,-0.000,0.000,-0.000,33
509,2.507,-0.993,5.005,-0.000,0.000,-0.000,33
510,2.507,-0.993,5.005,-0.000,0.000,-0.000,33
511,2.507,-0.993,5.005,-0.000,0.000,-0.000,33
512,2.507,-0.993,5.005,-0.000,-0.000,0.000,33
513,2.507,-0.993,5.005,-0.000,-0.000,0.000,33
514,2.507,-0.993,5.005,-0.000,-0.000,0.000,33
515,2.507,-0.993,5.005,-0.000,-0.000,0.000,33
516,2.507,-0.993,5.005,-0.000,-0.000,0.000,33
517,2.507,-0.993,5.005,-0.000,-0.000,0.000,33
518,2.507,-0.993,5.005,-0.000,-0.000,0.000,33
519,2.507,-0.993,5.005,-0.000,-0.000,0.000,33
520,2.507,-0.993,5.005,-0.000,-0.000,-0.000,33
521,2.507,-0.993,5.005,-0.000,-0.000,-0.000,33
522,2.507,-0.993,5.005,-0.000,0.000,-0.000,33
523,2.507,-0.993,5.005,-0.000,0.000,-0.000,33
524,2.507,-0.993,5.005,-0.000,0.000,-0.000,33
525,2.507,-0.993,5.005,-0.000,0.000,-0.000,33
526,2.507,-0.993,5.005,-0.000,0.000,-0.000,33
527,2.507,-0.993,5.005,-0.000,0.000,-0.000,33
528,2.507,-0.993,5.005,-0.000,0.000,-0.000,33
529,2.507,-0.993,5.005,-0.000,0.000,-0.000,33
530,2.507,-0.993,5.005,-0.000,0.000,-0.000,33
531,2.507,-0.993,5.005,-0.000,0.000,-0.000,33
532,2.507,-0.993,5.005,-0.000,0.000,0.000,33
533,2.507,-0.993,5.005,-0.000,0.000,0.000,33
534,2.507,-0.993,5.005,-0.000,0.000,0.000,33
535,2.507,-0.993,5.005,-0.000,0.000,0.000,33
536,2.507,-0.993,5.005,-0.000,-0.000,0.000,33
537,2.507,-0.993,5.005,-0.000,-0.000,0.000,33
538,2.507,-0.993,5.005,-0.000,-0.000,0.000,33
539,2.507,-0.993,5.005,-0.000,-0.000,0.000,33
540,2.507,-0.993,5.005,-0.000,-0.000,0.000,33
541,2.507,-0.993,5.005,-0.000,-0.000,0.000,33
542,2.507,-0.993,5.005,-0.000,-0.000,0.000,33
543,2.507,-0.993,5.005,-0.000,-0.000,0.000,33
544,2.507,-0.993,5.005,-0.000,-0.000,0.000,33
545,2.507,-0.993,5.005,-0.000,-0.000,0.000,33
546,2.507,-0.993,5.005,-0.000,-0.000,0.000,33
547,2.507,-0.993,5.005,-0.000,-0.000,0.000,33
548,2.507,-0.993,5.005,-0.000,-0.000,0.000,33
549,2.507,-0.993,5.005,-0.000,-0.000,-0.000,33
550,2.507,-0.993,5.005,-0.000,-0.000,-0.000,33
551,2.507,-0.993,5.005,-0.000,0.000,-0.000,33
552,2.507,-0.993,5.005,-0.000,0.000,-0.000,33
553,2.507,-0.993,5.005,-0.000,0.000,-0.000,33
554,2.507,-0.993,5.005,-0.000,0.000,-0.000,33
555,2.507,-0.993,5.005,-0.000,0.000,-0.000,33
556,2.507,-0.993,5.005,-0.000,0.000,-0.000,33
557,2.507,-0.993,5.005,-0.000,0.000,-0.000,33
558,2.507,-0.993,5.005,-0.000,0.000,-0.000,33
559,2.507,-0.993,5.005,-0.000,0.000,-0.000,33
560,2.507,-0.993,5.005,-0.000,0.000,-0.000,33
561,2.507,-0.993,5.005,-0.000,0.000,-0.000,33
562,2.507,-0.993,5.005,-0.000,0.000,-0.000,33
563,2.507,-0.993,5.005,-0.000,0.000,-0.000,33
564,2.507,-0.993,5.005,-0.000,0.000,-0.000,33
565,2.507,-0.993,5.005,-0.000,-0.000,-0.000,33
566,2.507,-0.993,5.005,-0.000,-0.000,0.000,33
567,2.507,-0.993,5.005,-0.000,-0.000,0.000,33
568,2.507,-0.993,5.005,-0.000,-0.000,0.000,33
569,2.507,-0.993,5.005,-0.000,-0.000,0.000,33
570,2.507,-0.993,5.005,-0.000,-0.000,0.000,33
571,2.507,-0.993,5.005,-0.000,-0.000,0.000,33
572,2.507,-0.993,5.005,-0.000,-0.000,0.000,33
573,2.507,-0.993,5.005,-0.000,-0.000,0.000,33
574,2.507,-0.993,5.005,-0.000,-0.000,0.000,33
575,2.507,-0.993,5.005,-0.000,-0.000,0.000,33
576,2.507,-0.993,5.005,-0.000,-0.000,0.000,33
577,2.507,-0.993,5.005,-0.000,-0.000,0.000,33
578,2.507,-0.993,5.005,-0.000,-0.000,0.000,33
579,2.507,-0.993,5.005,-0.000,-0.000,0.000,33
580,2.507,-0.993,5.005,-0.000,0.000,0.000,33
581,2.507,-0.993,5.005,-0.000,0.000,0.000,33
582,2.507,-0.993,5.005,-0.000,0.000,0.000,33
583,2.507,-0.993,5.005,-0.000,0.000,-0.000,33
584,2.507,-0.993,5.005,-0.000,0.000,-0.000,33
585,2.507,-0.993,5.005,-0.000,0.000,-0.000,33
586,2.507,-0.993,5.005,-0.000,0.000,-0.000,33
587,2.507,-0.993,5.005,-0.000,0.000,-0.000,33
588,2.507,-0.993,5.005,-0.000,0.000,-0.000,33
589,2.507,-0.993,5.005,-0.000,0.000,-0.000,33
590,2.507,-0.993,5.005,-0.000,0.000,-0.000,33
591,2.507,-0.993,5.005,-0.000,0.000,-0.000,33
592,2.507,-0.993,5.005,-0.000,0.000,-0.000,33
593,2.507,-0.993,5.005,-0.000,0.000,-0.000,33
594,2.507,-0.993,5.005,-0.000,-0.000,-0.000,33
595,2.507,-0.993,5.005,-0.000,-0.000,-0.000,33
596,2.507,-0.993,5.005,-0.000,-0.000,-0.000,33
597,2.507,-0.993,5.005,-0.000,-0.000,-0.000,33
598,2.507,-0.993,5.005,-0.000,-0.000,-0.000,33
599,2.507,-0.993,5.005,-0.000,-0.000,-0.000,33
600,2.507,-0.993,5.005,-0.000,-0.000,0.000,33
601,2.507,-0.993,5.005,-0.000,-0.000,0.000,33
602,2.507,-0.993,5.005,-0.000,-0.000,0.000,33
603,2.507,-0.993,5.005,-0.000,-0.000,0.000,33
604,2.507,-0.993,5.005,-0.000,-0.000,0.000,33
605,2.507,-0.993,5.005,-0.000,-0.000,0.000,33
606,2.507,-0.993,5.005,-0.000,-0.000,0.000,33
607,2.507,-0.993,5.005,-0.000,-0.000,0.000,33
608,2.507,-0.993,5.005,-0.000,-0.000,0.000,33
609,2.507,-0.993,5.005,-0.000,-0.000,0.000,33
610,2.507,-0.993,5.005,-0.000,-0.000,0.000,33
611,2.507,-0.993,5.005,-0.000,0.000,0.000,33
612,2.507,-0.993,5.005,-0.000,0.000,0.000,33
613,2.507,-0.993,5.005,-0.000,0.000,0.000,33
614,2.507,-0.993,5.005,-0.000,0.000,0.000,33
615,2.507,-0.993,5.005,-0.000,0.000,0.000,33
616,2.507,-0.993,5.005,-0.000,0.000,0.000,33
617,2.507,-0.993,5.005,-0.000,0.000,-0.000,33
618,2.507,-0.993,5.005,-0.000,0.000,-0.000,33
619,2.507,-0.993,5.005,-0.000,0.000,-0.000,33
620,2.507,-0.993,5.005,-0.000,0.000,-0.000,33
621,2.507,-0.993,5.005,-0.000,0.000,-0.000,33
622,2.507,-0.993,5.005,-0.000,0.000,-0.000,33
623,2.507,-0.993,5.005,-0.000,0.000,-0.000,33
624,2.507,-0.993,5.005,-0.000,0.000,-0.000,33
625,2.507,-0.993,5.005,-0.000,0.000,-0.000,33
626,2.507,-0.993,5.005,-0.000,0.000,-0.000,33
627,2.507,-0.993,5.005,-0.000,0.000,-0.000,33
628,2.507,-0.993,5.005,-0.000,-0.000,-0.000,33
629,2.507,-0.993,5.005,-0.000,-0.000,-0.000,33
630,2.507,-0.993,5.005,-0.000,-0.000,-0.000,33
631,2.507,-0.993,5.005,-0.000,-0.000,-0.000,33
632,2.507,-0.993,5.005,-0.000,-0.000,-0.000,33
633,2.507,-0.993,5.005,-0.000,-0.000,-0.000,33
634,2.507,-0.993,5.005,-0.000,-0.000,0.000,33
635,2.507,-0.993,5.005,-0.000,-0.000,0.000,33
636,2.507,-0.993,5.005,-0.000,-0.000,0.000,33
637,2.507,-0.993,5.005,-0.000,-0.000,0.000,33
638,2.507,-0.993,5.005,-0.000,-0.000,0.000,33
639,2.507,-0.993,5.005,-0.000,-0.000,0.000,33
640,2.507,-0.993,5.005,-0.000,-0.000,0.000,33
641,2.507,-0.993,5.005,-0.000,-0.000,0.000,33
642,2.507,-0.993,5.005,-0.000,-0.000,0.000,33
643,2.507,-0.993,5.005,-0.000,0.000,0.000,33
644,2.507,-0.993,5.005,-0.000,0.000,0.000,33
645,2.507,-0.993,5.005,-0.000,0.000,0.000,33
646,2.507,-0.993,5.005,-0.000,0.000,0.000,33
647,2.507,-0.993,5.005,-0.000,0.000,0.000,33
648,2.507,-0.993,5.005,-0.000,0.000,0.000,33
649,2.507,-0.993,5.005,-0.000,0.000,0.000,33
650,2.507,-0.993,5.005,-0.000,0.000,0.000,33
651,2.507,-0.993,5.005,-0.000,0.000,-0.000,33
652,2.507,-0.993,5.005,-0.000,0.000,-0.000,33
653,2.507,-0.993,5.005,-0.000,0.000,-0.000,33
654,2.507,-0.993,5.005,-0.000,0.000,-0.000,33
655,2.507,-0.993,5.005,-0.000,0.000,-0.000,33
656,2.507,-0.993,5.005,-0.000,0.000,-0.000,33
657,2.507,-0.993,5.005,-0.000,-0.000,-0.000,33
658,2.507,-0.993,5.005,-0.000,-0.000,-0.000,33
659,2.507,-0.993,5.005,-0.000,-0.000,-0.000,33
660,2.507,-0.993,5.005,-0.000,-0.000,-0.000,33
661,2.507,-0.993,5.005,-0.000,-0.000,-0.000,33
662,2.507,-0.993,5.005,-0.000,-0.000,-0.000,33
663,2.507,-0.993,5.005,-0.000,-0.000,-0.000,33
664,2.507,-0.993,5.005,-0.000,-0.000,-0.000,33
665,2.507,-0.993,5.005,-0.000,-0.000,-0.000,33
666,2.507,-0.993,5.005,-0.000,-0.000,-0.000,33
667,2.507,-0.993,5.005,-0.000,-0.000,-0.000,33
668,2.507,-0.993,5.005,-0.000,-0.000,0.000,33
669,2.507,-0.993,5.005,-0.000,-0.000,0.000,33
670,2.507,-0.993,5.005,-0.000,-0.000,0.000,33
671,2.507,-0.993,5.005,-0.000,-0.000,0.000,33
672,2.507,-0.993,5.005,-0.000,-0.000,0.000,33
673,2.507,-0.993,5.005,-0.000,-0.000,0.000,33
674,2.507,-0.993,5.005,-0.000,-0.000,0.000,33
675,2.507,-0.993,5.005,-0.000,0.000,0.000,33
676,2.507,-0.993,5.005,-0.000,0.000,0.000,33
677,2.507,-0.993,5.005,-0.000,0.000,0.000,33
678,2.507,-0.993,5.005,-0.000,0.000,0.000,33
679,2.507,-0.993,5.005,-0.000,0.000,0.000,33
680,2.507,-0.993,5.005,-0.000,0.000,0.000,33
681,2.507,-0.993,5.005,-0.000,0.000,0.000,33
682,2.507,-0.993,5.005,-0.000,0.000,0.000,33
683,2.507,-0.993,5.005,-0.000,0.000,0.000,33
684,2.507,-0.993,5.005,-0.000,0.000,0.000,33
685,2.507,-0.993,5.005,-0.000,0.000,-0.000,33
686,2.507,-0.993,5.005,-0.000,0.000,-0.000,33
687,2.507,-0.993,5.005,-0.000,0.000,-0.000,33
688,2.507,-0.993,5.005,-0.000,0.000,-0.000,33
689,2.507,-0.993,5.005,-0.000,0.000,-0.000,33
690,2.507,-0.993,5.005,-0.000,0.000,-0.000,33
691,2.507,-0.993,5.005,-0.000,0.000,-0.000,33
692,2.507,-0.993,5.005,-0.000,-0.000,-0.000,33
693,2.507,-0.993,5.005,-0.000,-0.000,-0.000,33
694,2.507,-0.993,5.005,-0.000,-0.000,-0.000,33
695,2.507,-0.993,5.005,-0.000,-0.000,-0.000,33
696,2.507,-0.993,5.005,-0.000,-0.000,-0.000,33
697,2.507,-0.993,5.005,-0.000,-0.000,-0.000,33
698,2.507,-0.993,5.005,-0.000,-0.000,-0.000,33
699,2.507,-0.993,5.005,-0.000,-0.000,-0.000,33
700,2.507,-0.993,5.005,-0.000,-0.000,-0.000,33
701,2.507,-0.993,5.005,-0.000,-0.000,-0.000,33
702,2.507,-0.993,5.005,-0.000,-0.000,0.000,33
703,2.507,-0.993,5.005,-0.000,-0.000,0.000,33
704,2.507,-0.993,5.005,-0.000,-0.000,0.000,33
705,2.507,-0.993,5.005,-0.000,-0.000,0.000,33
706,2.507,-0.993,5.005,-0.000,0.000,0.000,33
707,2.507,-0.993,5.005,-0.000,0.000,0.000,33
708,2.507,-0.993,5.005,-0.000,0.000,0.000,33
709,2.507,-0.993,5.005,-0.000,0.000,0.000,33
710,2.507,-0.993,5.005,-0.000,0.000,0.000,33
711,2.507,-0.993,5.005,-0.000,0.000,0.000,33
712,2.507,-0.993,5.005,-0.000,0.000,0.000,33
713,2.507,-0.993,5.005,-0.000,0.000,0.000,33
714,2.507,-0.993,5.005,-0.000,0.000,0.000,33
715,2.507,-0.993,5.005,-0.000,0.000,0.000,33
716,2.507,-0.993,5.005,-0.000,0.000,0.000,33
717,2.507,-0.993,5.005,-0.000,0.000,0.000,33
718,2.507,-0.993,5.005,-0.000,0.000,0.000,33
719,2.507,-0.993,5.005,-0.000,0.000,-0.000,33
720,2.507,-0.993,5.005,-0.000,0.000,-0.000,33
721,2.507,-0.993,5.005,-0.000,-0.000,-0.000,33
722,2.507,-0.993,5.005,-0.000,-0.000,-0.000,33
723,2.507,-0.993,5.005,-0.000,-0.000,-0.000,33
724,2.507,-0.993,5.005,-0.000,-0.000,-0.000,33
725,2.507,-0.993,5.005,-0.000,-0.000,-0.000,33
726,2.507,-0.993,5.005,-0.000,-0.000,-0.000,33
727,2.507,-0.993,5.005,-0.000,-0.000,-0.000,33
728,2.507,-0.993,5.005,-0.000,-0.000,-0.000,33
729,2.507,-0.993,5.005,-0.000,-0.000,-0.000,33
730,2.507,-0.993,5.005,-0.000,-0.000,-0.000,33
731,2.507,-0.993,5.005,-0.000,-0.000,-0.000,33
732,2.507,-0.993,5.005,-0.000,-0.000,-0.000,33
733,2.507,-0.993,5.005,-0.000,-0.000,-0.000,33
734,2.507,-0.993,5.005,-0.000,-0.000,-0.000,33
735,2.507,-0.993,5.005,-0.000,0.000,-0.000,33
736,2.507,-0.993,5.005,-0.000,0.000,0.000,33
737,2.507,-0.993,5.005,-0.000,0.000,0.000,33
738,2.507,-0.993,5.005,-0.000,0.000,0.000,33
739,2.507,-0.993,5.005,-0.000,0.000,0.000,33
740,2.507,-0.993,5.005,-0.000,0.000,0.000,33
741,2.507,-0.993,5.005,-0.000,0.000,0.000,33
742,2.507,-0.993,5.005,-0.000,0.000,0.000,33
743,2.507,-0.993,5.005,-0.000,0.000,0.000,33
744,2.507,-0.993,5.005,-0.000,0.000,0.000,33
745,2.507,-0.993,5.005,-0.000,0.000,0.000,33
746,2.507,-0.993,5.005,-0.000,0.000,0.000,33
747,2.507,-0.993,5.005,-0.000,0.000,0.000,33
748,2.507,-0.993,5.005,-0.000,0.000,0.000,33
749,2.507,-0.993,5.005,-0.000,0.000,0.000,33
750,2.507,-0.993,5.005,-0.000,-0.000,0.000,33
751,2.507,-0.993,5.005,-0.000,-0.000,0.000,33
752,2.507,-0.993,5.005,-0.000,-0.000,0.000,33
753,2.507,-0.993,5.005,-0.000,-0.000,-0.000,33
754,2.507,-0.993,5.005,-0.000,-0.000,-0.000,33
755,2.507,-0.993,5.005,-0.000,-0.000,-0.000,33
756,2.507,-0.993,5.005,-0.000,-0.000,-0.000,33
757,2.507,-0.993,5.005,-0.000,-0.000,-0.000,33
758,2.507,-0.993,5.005,-0.000,-0.000,-0.000,33
759,2.507,-0.993,5.005,-0.000,-0.000,-0.000,33
760,2.507,-0.993,5.005,-0.000,-0.000,-0.000,33
761,2.507,-0.993,5.005,-0.000,-0.000,-0.000,33
762,2.507,-0.993,5.005,-0.000,-0.000,-0.000,33
763,2.507,-0.993,5.005,-0.000,-0.000,-0.000,33
764,2.507,-0.993,5.005,-0.000,0.000,-0.000,33
765,2.507,-0.993,5.005,-0.000,0.000,-0.000,33
766,2.507,-0.993,5.005,-0.000,0.000,-0.000,33
767,2.507,-0.993,5.005,-0.000,0.000,-0.000,33
768,2.507,-0.993,5.005,-0.000,0.000,-0.000,33
769,2.507,-0.993,5.005,-0.000,0.000,-0.000,33
770,2.507,-0.993,5.005,-0.000,0.000,-0.000,33
771,2.507,-0.993,5.005,-0.000,0.000,0.000,33
772,2.507,-0.993,5.005,-0.000,0.000,0.000,33
773,2.507,-0.993,5.005,-0.000,0.000,0.000,33
774,2.507,-0.993,5.005,-0.000,0.000,0.000,33
775,2.507,-0.993,5.005,-0.000,0.000,0.000,33
776,2.507,-0.993,5.005,-0.000,0.000,0.000,33
777,2.507,-0.993,5.005,-0.000,0.000,0.000,33
778,2.507,-0.993,5.005,-0.000,-0.000,0.000,33
779,2.507,-0.993,5.005,-0.000,-0.000,0.000,33
780,2.507,-0.993,5.005,-0.000,-0.000,0.000,33
781,2.507,-0.993,5.005,-0.000,-0.000,0.000,33
782,2.507,-0.993,5.005,-0.000,-0.000,0.000,33
783,2.507,-0.993,5.005,-0.000,-0.000,0.000,33
784,2.507,-0.993,5.005,-0.000,-0.000,0.000,33
785,2.507,-0.993,5.005,-0.000,-0.000,0.000,33
786,2.507,-0.993,5.005,-0.000,-0.000,0.000,33
787,2.507,-0.993,5.005,-0.000,-0.000,0.000,33
788,2.507,-0.993,5.005,-0.000,-0.000,-0.000,33
789,2.507,-0.993,5.005,-0.000,-0.000,-0.000,33
790,2.507,-0.993,5.005,-0.000,-0.000,-0.000,33
791,2.507,-0.993,5.005,-0.000,-0.000,-0.000,33
792,2.507,-0.993,5.005,-0.000,-0.000,-0.000,33
793,2.507,-0.993,5.005,-0.000,-0.000,-0.000,33
794,2.507,-0.993,5.005,-0.000,-0.000,-0.000,33
795,2.507,-0.993,5.005,-0.000,-0.000,-0.000,33
796,2.507,-0.993,5.005,-0.000,0.000,-0.000,33
797,2.507,-0.993,5.005,-0.000,0.000,-0.000,33
798,2.507,-0.993,5.005,-0.000,0.000,-0.000,33
799,2.507,-0.993,5.005,-0.000,0.000,-0.000,33
800,2.507,-0.993,5.005,-0.000,0.000,-0.000,33
801,2.507,-0.993,5.005,-0.000,0.000,-0.000,33
802,2.507,-0.993,5.005,-0.000,0.000,-0.000,33
803,2.507,-0.993,5.005,-0.000,0.000,-0.000,33
804,2.507,-0.993,5.005,-0.000,0.000,-0.000,33
805,2.507,-0.993,5.005,-0.000,0.000,0.000,33
806,2.507,-0.993,5.005,-0.000,0.000,0.000,33
807,2.507,-0.993,5.005,-0.000,0.000,0.000,33
808,2.507,-0.993,5.005,-0.000,0.000,0.000,33
809,2.507,-0.993,5.005,-0.000,0.000,0.000,33
810,2.507,-0.993,5.005,-0.000,0.000,0.000,33
811,2.507,-0.993,5.005,-0.000,0.000,0.000,33
812,2.507,-0.993,5.005,-0.000,0.000,0.000,33
813,2.507,-0.993,5.005,-0.000,-0.000,0.000,33
814,2.507,-0.993,5.005,-0.000,-0.000,0.000,33
815,2.507,-0.993,5.005,-0.000,-0.000,0.000,33
816,2.507,-0.993,5.005,-0.000,-0.000,0.000,33
817,2.507,-0.993,5.005,-0.000,-0.000,0.000,33
818,2.507,-0.993,5.005,-0.000,-0.000,0.000,33
819,2.507,-0.993,5.005,-0.000,-0.000,0.000,33
820,2.507,-0.993,5.005,-0.000,-0.000,0.000,33
821,2.507,-0.993,5.005,-0.000,-0.000,0.000,33
822,2.507,-0.993,5.005,-0.000,-0.000,-0.000,33
823,2.507,-0.993,5.005,-0.000,-0.000,-0.000,33
824,2.507,-0.993,5.005,-0.000,-0.000,-0.000,33
825,2.507,-0.993,5.005,-0.000,-0.000,-0.000,33
826,2.507,-0.993,5.005,-0.000,-0.000,-0.000,33
827,2.507,-0.993,5.005,-0.000,-0.000,-0.000,33
828,2.507,-0.993,5.005,-0.000,-0.000,-0.000,33
829,2.507,-0.993,5.005,-0.000,-0.000,-0.000,33
830,2.507,-0.993,5.005,-0.000,0.000,-0.000,33
831,2.507,-0.993,5.005,-0.000,0.000,-0.000,33
832,2.507,-0.993,5.005,-0.000,0.000,-0.000,33
833,2.507,-0.993,5.005,-0.000,0.000,-0.000,33
834,2.507,-0.993,5.005,-0.000,0.000,-0.000,33
835,2.507,-0.993,5.005,-0.000,0.000,-0.000,33
836,2.507,-0.993,5.005,-0.000,0.000,-0.000,33
837,2.507,-0.993,5.005,-0.000,0.000,-0.000,33
838,2.507,-0.993,5.005,-0.000,0.000,-0.000,33
839,2.507,-0.993,5.005,-0.000,0.000,0.000,33
840,2.507,-0.993,5.005,-0.000,0.000,0.000,33
841,2.507,-0.993,5.005,-0.000,0.000,0.000,33
842,2.507,-0.993,5.005,-0.000,0.000,0.000,33
843,2.507,-0.993,5.005,-0.000,0.000,0.000,33
844,2.507,-0.993,5.005,-0.000,0.000,0.000,33
845,2.507,-0.993,5.005,-0.000,0.000,0.000,33
846,2.507,-0.993,5.005,-0.000,0.000,0.000,33
847,2.507,-0.993,5.005,-0.000,-0.000,0.000,33
848,2.507,-0.993,5.005,-0.000,-0.000,0.000,33
849,2.507,-0.993,5.005,-0.000,-0.000,0.000,33
850,2.507,-0.993,5.005,-0.000,-0.000,0.000,33
851,2.507,-0.993,5.005,-0.000,-0.000,0.000,33
852,2.507,-0.993,5.005,-0.000,-0.000,0.000,33
853,2.507,-0.993,5.005,-0.000,-0.000,0.000,33
854,2.507,-0.993,5.005,-0.000,-0.000,0.000,33
855,2.507,-0.993,5.005,-0.000,-0.000,0.000,33
856,2.507,-0.993,5.005,-0.000,-0.000,-0.000,33
857,2.507,-0.993,5.005,-0.000,-0.000,-0.000,33
858,2.507,-0.993,5.005,-0.000,-0.000,-0.000,33
859,2.507,-0.993,5.005,-0.000,-0.000,-0.000,33
860,2.507,-0.993,5.005,-0.000,-0.000,-0.000,33
861,2.507,-0.993,5.005,-0.000,0.000,-0.000,33
862,2.507,-0.993,5.005,-0.000,0.000,-0.000,33
863,2.507,-0.993,5.005,-0.000,0.000,-0.000,33
864,2.507,-0.993,5.005,-0.000,0.000,-0.000,33
865,2.507,-0.993,5.005,-0.000,0.000,-0.000,33
866,2.507,-0.993,5.005,-0.000,0.000,-0.000,33
867,2.507,-0.993,5.005,-0.000,0.000,-0.000,33
868,2.507,-0.993,5.005,-0.000,0.000,-0.000,33
869,2.507,-0.993,5.005,-0.000,0.000,-0.000,33
870,2.507,-0.993,5.005,-0.000,0.000,-0.000,33
871,2.507,-0.993,5.005,-0.000,0.000,-0.000,33
872,2.507,-0.993,5.005,-0.000,0.000,-0.000,33
873,2.507,-0.993,5.005,-0.000,0.000,0.000,33
874,2.507,-0.993,5.005,-0.000,0.000,0.000,33
875,2.507,-0.993,5.005,-0.000,0.000,0.000,33
876,2.507,-0.993,5.005,-0.000,-0.000,0.000,33
877,2.507,-0.993,5.005,-0.000,-0.000,0.000,33
878,2.507,-0.993,5.005,-0.000,-0.000,0.000,33
879,2.507,-0.993,5.005,-0.000,-0.000,0.000,33
880,2.507,-0.993,5.005,-0.000,-0.000,0.000,33
881,2.507,-0.993,5.005,-0.000,-0.000,0.000,33
882,2.507,-0.993,5.005,-0.000,-0.000,0.000,33
883,2.507,-0.993,5.005,-0.000,-0.000,0.000,33
884,2.507,-0.993,5.005,-0.000,-0.000,0.000,33
885,2.507,-0.993,5.005,-0.000,-0.000,0.000,33
886,2.507,-0.993,5.005,-0.000,-0.000,0.000,33
887,2.507,-0.993,5.005,-0.000,-0.000,0.000,33
888,2.507,-0.993,5.005,-0.000,-0.000,0.000,33
889,2.507,-0.993,5.005,-0.000,-0.000,0.000,33
890,2.507,-0.993,5.005,-0.000,-0.000,-0.000,33
891,2.507,-0.993,5.005,-0.000,-0.000,-0.000,33
892,2.507,-0.993,5.005,-0.000,-0.000,-0.000,33
893,2.507,-0.993,5.005,-0.000,0.000,-0.000,33
894,2.507,-0.993,5.005,-0.000,0.000,-0.000,33
895,2.507,-0.993,5.005,-0.000,0.000,-0.000,33
896,2.507,-0.993,5.005,-0.000,0.000,-0.000,33
897,2.507,-0.993,5.005,-0.000,0.000,-0.000,33
898,2.507,-0.993,5.005,-0.000,0.000,-0.000,33
899,2.507,-0.993,5.005,-0.000,0.000,-0.000,33
900,2.507,-0.993,5.005,-0.000,0.000,-0.000,33
901,2.507,-0.993,5.005,-0.000,0.000,-0.000,33
902,2.507,-0.993,5.005,-0.000,0.000,-0.000,33
903,2.507,-0.993,5.005,-0.000,0.000,-0.000,33
904,2.507,-0.993,5.005,-0.000,0.000,-0.000,33
905,2.507,-0.993,5.005,-0.000,0.000,-0.000,33
906,2.507,-0.993,5.005,-0.000,0.000,-0.000,33
907,2.507,-0.993,5.005,-0.000,0.000,0.000,33
908,2.507,-0.993,5.005,-0.000,0.000,0.000,33
909,2.507,-0.993,5.005,-0.000,0.000,0.000,33
910,2.507,-0.993,5.005,-0.000,-0.000,0.000,33
911,2.507,-0.993,5.005,-0.000,-0.000,0.000,33
912,2.507,-0.993,5.005,-0.000,-0.000,0.000,33
913,2.507,-0.993,5.005,-0.000,-0.000,0.000,33
914,2.507,-0.993,5.005,-0.000,-0.000,0.000,33
915,2.507,-0.993,5.005,-0.000,-0.000,0.000,33
916,2.507,-0.993,5.005,-0.000,-0.000,0.000,33
917,2.507,-0.993,5.005,-0.000,-0.000,0.000,33
918,2.507,-0.993,5.005,-0.000,-0.000,0.000,33
919,2.507,-0.993,5.005,-0.000,-0.000,0.000,33
920,2.507,-0.993,5.005,-0.000,-0.000,0.000,33
921,2.507,-0.993,5.005,-0.000,-0.000,0.000,33
922,2.507,-0.993,5.005,-0.000,-0.000,0.000,33
923,2.507,-0.993,5.005,-0.000,-0.000,0.000,33
924,2.507,-0.993,5.005,-0.000,-0.000,-0.000,33
925,2.507,-0.993,5.005,-0.000,0.000,-0.000,33
926,2.507,-0.993,5.005,-0.000,0.000,-0.000,33
927,2.507,-0.993,5.005,-0.000,0.000,-0.000,33
928,2.507,-0.993,5.005,-0.000,0.000,-0.000,33
929,2.507,-0.993,5.005,-0.000,0.000,-0.000,33
930,2.507,-0.993,5.005,-0.000,0.000,-0.000,33
931,2.507,-0.993,5.005,-0.000,0.000,-0.000,33
932,2.507,-0.993,5.005,-0.000,0.000,-0.000,33
933,2.507,-0.993,5.005,-0.000,0.000,-0.000,33
934,2.507,-0.993,5.005,-0.000,0.000,-0.000,33
935,2.507,-0.993,5.005,-0.000,0.000,-0.000,33
936,2.507,-0.993,5.005,-0.000,0.000,-0.000,33
937,2.507,-0.993,5.005,-0.000,0.000,-0.000,33
938,2.507,-0.993,5.005,-0.000,0.000,-0.000,33
939,2.507,-0.993,5.005,-0.000,-0.000,-0.000,33
940,2.507,-0.993,5.005,-0.000,-0.000,-0.000,33
941,2.507,-0.993,5.005,-0.000,-0.000,0.000,33
942,2.507,-0.993,5.005,-0.000,-0.000,0.000,33
943,2.507,-0.993,5.005,-0.000,-0.000,0.000,33
944,2.507,-0.993,5.005,-0.000,-0.000,0.000,33
945,2.507,-0.993,5.005,-0.000,-0.000,0.000,33
946,2.507,-0.993,5.005,-0.000,-0.000,0.000,33
947,2.507,-0.993,5.005,-0.000,-0.000,0.000,33
948,2.507,-0.993,5.005,-0.000,-0.000,0.000,33
949,2.507,-0.993,5.005,-0.000,-0.000,0.000,33
950,2.507,-0.993,5.005,-0.000,-0.000,0.000,33
951,2.507,-0.993,5.005,-0.000,-0.000,0.000,33
952,2.507,-0.993,5.005,-0.000,-0.000,0.000,33
953,2.507,-0.993,5.005,-0.000,-0.000,0.000,33
954,2.507,-0.993,5.005,-0.000,-0.000,0.000,33
955,2.507,-0.993,5.005,-0.000,-0.000,0.000,33
956,2.507,-0.993,5.005,-0.000,0.000,0.000,33
957,2.507,-0.993,5.005,-0.000,0.000,0.000,33
958,2.507,-0.993,5.005,-0.000,0.000,-0.000,33
959,2.507,-0.993,5.005,-0.000,0.000,-0.000,33
960,2.507,-0.993,5.005,-0.000,0.000,-0.000,33
961,2.507,-0.993,5.005,-0.000,0.000,-0.000,33
962,2.507,-0.993,5.005,-0.000,0.000,-0.000,33
963,2.507,-0.993,5.005,-0.000,0.000,-0.000,33
964,2.507,-0.993,5.005,-0.000,0.000,-0.000,33
965,2.507,-0.993,5.005,-0.000,0.000,-0.000,33
966,2.507,-0.993,5.005,-0.000,0.000,-0.000,33
967,2.507,-0.993,5.005,-0.000,0.000,-0.000,33
968,2.507,-0.993,5.005,-0.000,0.000,-0.000,33
969,2.507,-0.993,5.005,-0.000,0.000,-0.000,33
970,2.507,-0.993,5.005,-0.000,0.000,-0.000,33
971,2.507,-0.993,5.005,-0.000,0.000,-0.000,33
972,2.507,-0.993,5.005,-0.000,0.000,-0.000,33
973,2.507,-0.993,5.005,-0.000,-0.000,-0.000,33
974,2.507,-0.993,5.005,-0.000,-0.000,-0.000,33
975,2.507,-0.993,5.005,-0.000,-0.000,0.000,33
976,2.507,-0.993,5.005,-0.000,-0.000,0.000,33
977,2.507,-0.993,5.005,-0.000,-0.000,0.000,33
978,2.507,-0.993,5.005,-0.000,-0.000,0.000,33
979,2.507,-0.993,5.005,-0.000,-0.000,0.000,33
980,2.507,-0.993,5.005,-0.000,-0.000,0.000,33
981,2.507,-0.993,5.005,-0.000,-0.000,0.000,33
982,2.507,-0.993,5.005,-0.000,-0.000,0.000,33
983,2.507,-0.993,5.005,-0.000,-0.000,0.000,33
984,2.507,-0.993,5.005,-0.000,-0.000,0.000,33
985,2.507,-0.993,5.005,-0.000,-0.000,0.000,33
986,2.507,-0.993,5.005,-0.000,-0.000,0.000,33
987,2.507,-0.993,5.005,-0.000,-0.000,0.000,33
988,2.507,-0.993,5.005,-0.000,-0.000,0.000,33
989,2.507,-0.993,5.005,-0.000,-0.000,0.000,33
990,2.507,-0.993,5.005,-0.000,-0.000,0.000,33
991,2.507,-0.993,5.005,-0.000,0.000,0.000,33
992,2.507,-0.993,5.005,-0.000,0.000,-0.000,33
993,2.507,-0.993,5.005,-0.000,0.000,-0.000,33
994,2.507,-0.993,5.005,-0.000,0.000,-0.000,33
995,2.507,-0.993,5.005,-0.000,0.000,-0.000,33
996,2.507,-0.993,5.005,-0.000,0.000,-0.000,33
997,2.507,-0.993,5.005,-0.000,0.000,-0.000,33
998,2.507,-0.993,5.005,-0.000,0.000,-0.000,33
999,2.507,-0.993,5.005,-0.000,0.000,-0.000,33
1000,2.507,-0.993,5.005,-0.000,0.000,-0.000,33
