1,-2.000,0.000,0.000,0.000,0.000,0.000,1
2,-2.000,0.000,0.153,0.000,0.000,0.000,1
3,-2.000,0.000,0.473,0.000,0.000,0.000,1
4,-2.000,0.000,0.808,0.000,0.000,0.000,1
5,-2.000,0.000,1.088,0.000,0.000,0.000,1
6,-2.000,0.000,1.290,0.000,0.000,0.000,1
7,-2.000,0.000,1.420,0.000,0.000,0.000,1
8,-2.000,0.000,1.493,0.000,0.000,0.000,1
9,-2.000,0.000,1.522,0.000,0.000,0.000,1
10,-2.000,0.000,1.534,0.000,0.000,0.000,1
11,-2.000,0.000,1.533,0.000,0.000,0.000,1
12,-2.000,0.000,1.527,0.000,0.000,0.000,1
13,-2.000,0.000,1.519,0.000,0.000,0.000,1
14,-2.000,0.000,1.512,0.000,0.000,0.000,1
15,-2.000,0.000,1.506,0.000,0.000,0.000,1
16,-2.000,0.000,1.506,0.000,0.000,0.000,1
17,-2.000,0.000,1.507,0.000,0.000,0.000,1
18,-2.000,0.000,1.507,0.000,0.000,0.000,1
19,-2.000,0.000,1.508,0.000,0.000,0.000,1
20,-2.000,0.000,1.508,0.000,0.000,0.000,1
21,-2.000,0.000,1.509,0.000,0.000,0.000,1
22,-2.000,0.000,1.509,0.000,0.000,0.000,1
23,-2.000,0.000,1.509,0.000,0.000,0.000,1
24,-2.000,0.000,1.509,0.000,0.000,0.000,1
25,-2.000,0.000,1.510,0.000,0.000,0.000,1
26,-2.000,0.000,1.510,0.000,0.000,0.000,1
27,-2.000,0.000,1.510,0.000,0.000,0.000,1
28,-2.000,0.000,1.510,0.000,0.000,0.000,1
29,-2.000,0.000,1.504,0.000,0.000,0.000,1
30,-2.000,0.000,1.503,0.000,0.000,0.000,1
31,-2.000,0.000,1.503,0.000,0.000,0.000,1
32,-2.000,0.000,1.503,0.000,0.000,0.000,1
33,-2.000,0.000,1.502,0.000,0.000,0.000,28.0
34,-2.000,0.000,1.502,0.000,0.000,0.000,28.0
35,-2.000,0.000,1.502,0.000,0.000,0.000,28.0
36,-2.000,0.000,1.501,0.000,0.000,0.000,28.0
37,-2.000,0.000,1.501,0.000,0.000,0.000,28.0
38,-2.000,0.000,1.501,0.000,0.000,0.000,28.0
39,-2.000,0.000,1.500,0.000,0.000,0.000,28.0
40,-2.000,0.000,1.500,0.000,0.000,0.000,28.0
41,-2.000,0.000,1.500,0.000,0.000,0.000,28.0
42,-2.000,0.000,1.500,0.000,0.000,0.000,28.0
43,-2.000,0.000,1.499,0.000,0.000,0.000,28.0
44,-2.000,0.000,1.499,0.000,0.000,0.000,28.0
45,-2.000,0.000,1.499,0.000,0.000,0.000,28.0
46,-2.000,0.000,1.499,0.000,0.000,0.000,28.0
47,-2.000,0.000,1.499,0.000,0.000,0.000,28.0
48,-2.000,0.000,1.499,0.000,0.000,0.000,28.0
49,-2.000,0.000,1.498,0.000,0.000,0.000,28.0
50,-2.000,0.000,1.498,0.000,0.000,0.000,28.0
51,-2.000,0.000,1.498,0.000,0.000,0.000,28.0
52,-2.000,0.000,1.498,0.000,0.000,0.000,28.0
53,-2.000,0.000,1.498,0.000,0.000,0.000,28.0
54,-2.000,0.000,1.498,0.000,0.000,0.000,28.0
55,-2.000,0.000,1.498,0.000,0.000,0.000,28.0
56,-2.000,0.000,1.498,0.000,0.000,0.000,28.0
57,-2.000,0.000,1.498,0.000,0.000,0.000,28.0
58,-2.000,0.000,1.498,0.000,0.000,0.000,28.0
59,-2.000,0.000,1.498,0.000,0.000,0.000,28.0
60,-2.000,0.000,1.498,0.000,0.000,0.000,28.0
61,-2.000,0.000,1.498,0.000,0.000,0.000,28.0
62,-2.000,0.000,1.498,0.000,0.000,0.000,28.0
63,-2.000,0.000,1.498,0.000,0.000,0.000,28.0
64,-2.000,0.000,1.498,0.000,0.000,0.000,28.0
65,-2.000,0.000,1.498,0.000,0.000,0.000,28.0
66,-2.000,0.000,1.497,0.000,0.000,0.000,28.0
67,-2.000,0.000,1.497,0.000,0.000,0.000,28.0
68,-2.000,0.000,1.497,0.000,0.000,0.000,28.0
69,-2.000,0.000,1.497,0.000,0.000,0.000,28.0
70,-2.000,0.000,1.497,0.000,0.000,0.000,28.0
71,-2.000,0.000,1.497,0.000,0.000,0.000,28.0
72,-2.000,0.000,1.497,0.000,0.000,0.000,28.0
73,-2.000,0.000,1.497,0.000,0.000,0.000,28.0
74,-2.000,0.000,1.497,0.000,0.000,0.000,28.0
75,-2.000,0.000,1.497,0.000,0.000,0.000,28.0
76,-2.000,0.000,1.497,0.000,0.000,0.000,28.0
77,-2.000,0.000,1.497,0.000,0.000,0.000,28.0
78,-2.000,0.000,1.497,0.000,0.000,0.000,28.0
79,-2.000,0.000,1.497,0.000,0.000,0.000,28.0
80,-2.000,0.000,1.497,0.000,0.000,0.000,28.0
81,-2.000,0.000,1.497,0.000,0.000,0.000,28.0
82,-2.000,0.000,1.497,0.000,0.000,0.000,28.0
83,-2.000,0.000,1.497,0.000,0.000,0.000,28.0
84,-2.000,0.000,1.497,0.000,0.000,0.000,28.0
85,-2.000,0.000,1.497,0.000,0.000,0.000,28.0
86,-2.000,0.000,1.497,0.000,0.000,0.000,28.0
87,-2.000,0.000,1.497,0.000,0.000,0.000,28.0
88,-2.000,0.000,1.497,0.000,0.000,0.000,28.0
89,-2.000,0.000,1.497,0.000,0.000,0.000,28.0
90,-2.000,0.000,1.497,0.000,0.000,0.000,28.0
91,-2.000,0.000,1.497,0.000,0.000,0.000,28.0
92,-2.000,0.000,1.497,0.000,0.000,0.000,28.0
93,-2.000,0.000,1.497,0.000,0.000,0.000,28.0
94,-2.000,0.000,1.497,0.000,0.000,0.000,28.0
95,-2.000,0.000,1.497,0.000,0.000,0.000,28.0
96,-2.000,0.000,1.497,0.000,0.000,0.000,28.0
97,-2.000,0.000,1.497,0.000,0.000,0.000,28.0
98,-2.000,0.000,1.497,0.000,0.000,0.000,28.0
99,-2.000,0.000,1.497,0.000,0.000,0.000,28.0
100,-2.000,0.000,1.497,0.000,0.000,0.000,28.0
101,-2.000,0.000,1.497,0.000,0.000,0.000,28.0
102,-2.000,0.000,1.497,0.000,0.000,0.000,28.0
103,-2.000,0.000,1.497,0.000,0.000,0.000,28.0
104,-2.000,0.000,1.497,0.000,0.000,0.000,28.0
105,-2.000,0.000,1.497,0.000,0.000,0.000,28.0
106,-2.000,0.000,1.497,0.000,0.000,0.000,28.0
107,-2.000,0.000,1.497,0.000,0.000,0.000,28.0
108,-2.000,0.000,1.497,0.000,0.000,0.000,28.0
109,-2.000,0.000,1.497,0.000,0.000,0.000,28.0
110,-2.000,0.000,1.497,0.000,0.000,0.000,28.0
111,-2.000,0.000,1.497,0.000,0.000,0.000,28.0
112,-2.000,0.000,1.497,0.000,0.000,0.000,28.0
113,-2.000,0.000,1.497,0.000,0.000,0.000,28.0
114,-2.000,0.000,1.497,0.000,0.000,0.000,28.0
115,-2.000,0.000,1.497,0.000,0.000,0.000,28.0
116,-2.000,0.000,1.497,0.000,0.000,0.000,28.0
117,-2.000,0.000,1.497,0.000,0.000,0.000,28.0
118,-2.000,0.000,1.497,0.000,0.000,0.000,28.0
119,-2.000,0.000,1.497,0.000,0.000,0.000,28.0
120,-2.000,0.000,1.497,0.000,0.000,0.000,28.0
121,-2.000,0.000,1.497,0.000,0.000,0.000,28.0
122,-2.000,0.000,1.497,0.000,0.000,0.000,28.0
123,-2.000,0.000,1.497,0.000,0.000,0.000,28.0
124,-2.000,0.000,1.497,0.000,0.000,0.000,28.0
125,-2.000,0.000,1.497,0.000,0.000,0.000,28.0
126,-2.000,0.000,1.497,0.000,0.000,0.000,28.0
127,-2.000,0.000,1.497,0.000,0.000,0.000,28.0
128,-2.000,0.000,1.497,0.000,0.000,0.000,28.0
129,-2.000,0.000,1.497,0.000,0.000,0.000,28.0
130,-2.000,0.000,1.497,0.000,0.000,0.000,28.0
131,-2.000,0.000,1.497,0.000,0.000,0.000,28.0
132,-2.000,0.000,1.497,0.000,0.000,0.000,28.0
133,-2.000,0.000,1.497,0.000,0.000,0.000,28.0
134,-2.000,0.000,1.497,0.000,0.000,0.000,28.0
135,-2.000,0.000,1.497,0.000,0.000,0.000,28.0
136,-2.000,0.000,1.497,0.000,0.000,0.000,28.0
137,-2.000,0.000,1.497,0.000,0.000,0.000,28.0
138,-2.000,0.000,1.497,0.000,0.000,0.000,28.0
139,-2.000,0.000,1.497,0.000,0.000,0.000,28.0
140,-2.000,0.000,1.497,0.000,0.000,0.000,28.0
141,-2.000,0.000,1.497,0.000,0.000,0.000,28.0
142,-2.000,0.000,1.497,0.000,0.000,0.000,28.0
143,-2.000,0.000,1.497,0.000,0.000,0.000,28.0
144,-2.000,0.000,1.497,0.000,0.000,0.000,28.0
145,-2.000,0.000,1.497,0.000,0.000,0.000,28.0
146,-2.000,0.000,1.497,0.000,0.000,0.000,28.0
147,-2.000,0.000,1.497,0.000,0.000,0.000,28.0
148,-2.000,0.000,1.497,0.000,0.000,0.000,28.0
149,-2.000,0.000,1.497,0.000,0.000,0.000,28.0
150,-2.000,0.000,1.497,0.000,0.000,0.000,28.0
151,-2.000,0.000,1.497,0.000,0.000,0.000,28.0
152,-2.000,0.000,1.497,0.000,0.000,0.000,28.0
153,-2.000,0.000,1.497,0.000,0.000,0.000,28.0
154,-2.000,0.000,1.497,0.000,0.000,0.000,28.0
155,-2.000,0.000,1.497,0.000,0.000,0.000,28.0
156,-2.000,0.000,1.497,0.000,0.000,0.000,28.0
157,-2.000,0.000,1.497,0.000,0.000,0.000,28.0
158,-2.000,0.000,1.497,0.000,0.000,0.000,28.0
159,-2.000,0.000,1.497,0.000,0.000,0.000,28.0
160,-2.000,0.000,1.497,0.000,0.000,0.000,28.0
161,-2.000,0.000,1.497,0.000,0.000,0.000,28.0
162,-2.000,0.000,1.497,0.000,0.000,0.000,28.0
163,-2.000,0.000,1.497,0.000,0.000,0.000,28.0
164,-2.000,0.000,1.497,0.000,0.000,0.000,28.0
165,-2.000,0.000,1.497,0.000,0.000,0.000,28.0
166,-2.000,0.000,1.497,0.000,0.000,0.000,28.0
167,-2.000,0.000,1.497,0.000,0.000,0.000,28.0
168,-2.000,0.000,1.497,0.000,0.000,0.000,28.0
169,-2.000,0.000,1.497,0.000,0.000,0.000,28.0
170,-2.000,0.000,1.497,0.000,0.000,0.000,28.0
171,-2.000,0.000,1.497,0.000,0.000,0.000,28.0
172,-2.000,0.000,1.497,0.000,0.000,0.000,28.0
173,-2.000,0.000,1.497,0.000,0.000,0.000,28.0
174,-2.000,0.000,1.497,0.000,0.000,0.000,28.0
175,-2.000,0.000,1.497,0.000,0.000,0.000,28.0
176,-2.000,0.000,1.497,0.000,0.000,0.000,28.0
177,-2.000,0.000,1.497,0.000,0.000,0.000,28.0
178,-2.000,0.000,1.497,0.000,0.000,0.000,28.0
179,-2.000,0.000,1.497,0.000,0.000,0.000,28.0
180,-2.000,0.000,1.497,0.000,0.000,0.000,28.0
181,-2.000,0.000,1.497,0.000,0.000,0.000,28.0
182,-2.000,0.000,1.497,0.000,0.000,0.000,28.0
183,-2.000,0.000,1.497,0.000,0.000,0.000,28.0
184,-2.000,0.000,1.497,0.000,0.000,0.000,28.0
185,-2.000,0.000,1.497,0.000,0.000,0.000,28.0
186,-2.000,0.000,1.497,0.000,0.000,0.000,28.0
187,-2.000,0.000,1.497,0.000,0.000,0.000,28.0
188,-2.000,0.000,1.497,0.000,0.000,0.000,28.0
189,-2.000,0.000,1.497,0.000,0.000,0.000,28.0
190,-2.000,0.000,1.497,0.000,0.000,0.000,28.0
191,-2.000,0.000,1.497,0.000,0.000,0.000,28.0
192,-2.000,0.000,1.497,0.000,0.000,0.000,28.0
193,-2.000,0.000,1.497,0.000,0.000,0.000,28.0
194,-2.000,0.000,1.497,0.000,0.000,0.000,28.0
195,-2.000,0.000,1.497,0.000,0.000,0.000,28.0
196,-2.000,0.000,1.497,0.000,0.000,0.000,28.0
197,-2.000,0.000,1.497,0.000,0.000,0.000,28.0
198,-2.000,0.000,1.497,0.000,0.000,0.000,28.0
199,-2.000,0.000,1.497,0.000,0.000,0.000,28.0
200,-2.000,0.000,1.497,0.000,0.000,0.000,28.0
201,-2.000,0.000,1.497,0.000,0.000,0.000,28.0
202,-2.000,0.000,1.497,0.000,0.000,0.000,28.0
203,-2.000,0.000,1.497,0.000,0.000,0.000,28.0
204,-2.000,0.000,1.497,0.000,0.000,0.000,28.0
205,-2.000,0.000,1.497,0.000,0.000,0.000,28.0
206,-2.000,0.000,1.497,0.000,0.000,0.000,28.0
207,-2.000,0.000,1.497,0.000,0.000,0.000,28.0
208,-2.000,0.000,1.497,0.000,0.000,0.000,28.0
209,-2.000,0.000,1.497,0.000,0.000,0.000,28.0
210,-2.000,0.000,1.497,0.000,0.000,0.000,28.0
211,-2.000,0.000,1.497,0.000,0.000,0.000,28.0
212,-2.000,0.000,1.497,0.000,0.000,0.000,28.0
213,-2.000,0.000,1.497,0.000,0.000,0.000,28.0
214,-2.000,0.000,1.497,0.000,0.000,0.000,28.0
215,-2.000,0.000,1.497,0.000,0.000,0.000,28.0
216,-2.000,0.000,1.497,0.000,0.000,0.000,28.0
217,-2.000,0.000,1.497,0.000,0.000,0.000,28.0
218,-2.000,0.000,1.497,0.000,0.000,0.000,28.0
219,-2.000,0.000,1.497,0.000,0.000,0.000,28.0
220,-2.000,0.000,1.497,0.000,0.000,0.000,28.0
221,-2.000,0.000,1.497,0.000,0.000,0.000,28.0
222,-2.000,0.000,1.497,0.000,0.000,0.000,28.0
223,-2.000,0.000,1.497,0.000,0.000,0.000,28.0
224,-2.000,0.000,1.497,0.000,0.000,0.000,28.0
225,-2.000,0.000,1.497,0.000,0.000,0.000,28.0
226,-2.000,0.000,1.497,0.000,0.000,0.000,28.0
227,-2.000,0.000,1.497,0.000,0.000,0.000,28.0
228,-2.000,0.000,1.497,0.000,0.000,0.000,28.0
229,-2.000,0.000,1.497,0.000,0.000,0.000,28.0
230,-2.000,0.000,1.497,0.000,0.000,0.000,28.0
231,-2.000,0.000,1.497,0.000,0.000,0.000,28.0
232,-2.000,0.000,1.497,0.000,0.000,0.000,28.0
233,-2.000,0.000,1.497,0.000,0.000,0.000,28.0
234,-2.000,0.000,1.497,0.000,0.000,0.000,28.0
235,-2.000,0.000,1.497,0.000,0.000,0.000,28.0
236,-2.000,0.000,1.497,0.000,0.000,0.000,28.0
237,-2.000,0.000,1.497,0.000,0.000,0.000,28.0
238,-2.000,0.000,1.497,0.000,0.000,0.000,28.0
239,-2.000,0.000,1.497,0.000,0.000,0.000,28.0
240,-2.000,0.000,1.497,0.000,0.000,0.000,28.0
241,-2.000,0.000,1.497,0.000,0.000,0.000,28.0
242,-2.000,0.000,1.497,0.000,0.000,0.000,28.0
243,-2.000,0.000,1.497,0.000,0.000,0.000,28.0
244,-2.000,0.000,1.497,0.000,0.000,0.000,28.0
245,-2.000,0.000,1.497,0.000,0.000,0.000,28.0
246,-2.000,0.000,1.497,0.000,0.000,0.000,28.0
247,-2.000,0.000,1.497,0.000,0.000,0.000,28.0
248,-2.000,0.000,1.497,0.000,0.000,0.000,28.0
249,-2.000,0.000,1.497,0.000,0.000,0.000,28.0
250,-2.000,0.000,1.497,0.000,0.000,0.000,28.0
251,-2.000,0.000,1.497,0.000,0.000,0.000,28.0
252,-2.000,0.000,1.497,0.000,0.000,0.000,28.0
253,-2.000,0.000,1.497,0.000,0.000,0.000,28.0
254,-2.000,0.000,1.497,0.000,0.000,0.000,28.0
255,-2.000,0.000,1.497,0.000,0.000,0.000,28.0
256,-2.000,0.000,1.497,0.000,0.000,0.000,28.0
257,-2.000,0.000,1.497,0.000,0.000,0.000,28.0
258,-2.000,0.000,1.497,0.000,0.000,0.000,28.0
259,-2.000,0.000,1.497,0.000,0.000,0.000,28.0
260,-2.000,0.000,1.497,0.000,0.000,0.000,28.0
261,-2.000,0.000,1.497,0.000,0.000,0.000,28.0
262,-2.000,0.000,1.497,0.000,0.000,0.000,28.0
263,-2.000,0.000,1.497,0.000,0.000,0.000,28.0
264,-2.000,0.000,1.497,0.000,0.000,0.000,28.0
265,-2.000,0.000,1.497,0.000,0.000,0.000,28.0
266,-2.000,0.000,1.497,0.000,0.000,0.000,28.0
267,-2.000,0.000,1.497,0.000,0.000,0.000,28.0
268,-2.000,0.000,1.497,0.000,0.000,0.000,28.0
269,-2.000,0.000,1.497,0.000,0.000,0.000,28.0
270,-2.000,0.000,1.497,0.000,0.000,0.000,28.0
271,-2.000,0.000,1.497,0.000,0.000,0.000,28.0
272,-2.000,0.000,1.497,0.000,0.000,0.000,28.0
273,-2.000,0.000,1.497,0.000,0.000,0.000,28.0
274,-2.000,0.000,1.497,0.000,0.000,0.000,28.0
275,-2.000,0.000,1.497,0.000,0.000,0.000,28.0
276,-2.000,0.000,1.497,0.000,0.000,0.000,28.0
277,-2.000,0.000,1.497,0.000,0.000,0.000,28.0
278,-2.000,0.000,1.497,0.000,0.000,0.000,28.0
279,-2.000,0.000,1.497,0.000,0.000,0.000,28.0
280,-2.000,0.000,1.497,0.000,0.000,0.000,28.0
281,-2.000,0.000,1.497,0.000,0.000,0.000,28.0
282,-2.000,0.000,1.497,0.000,0.000,0.000,28.0
283,-2.000,0.000,1.497,0.000,0.000,0.000,28.0
284,-2.000,0.000,1.497,0.000,0.000,0.000,28.0
285,-2.000,0.000,1.497,0.000,0.000,0.000,28.0
286,-2.000,0.000,1.497,0.000,0.000,0.000,28.0
287,-2.000,0.000,1.497,0.000,0.000,0.000,28.0
288,-2.000,0.000,1.497,0.000,0.000,0.000,28.0
289,-2.000,0.000,1.497,0.000,0.000,0.000,28.0
290,-2.000,0.000,1.497,0.000,0.000,0.000,28.0
291,-2.000,0.000,1.497,0.000,0.000,0.000,28.0
292,-2.000,0.000,1.497,0.000,0.000,0.000,28.0
293,-2.000,0.000,1.497,0.000,0.000,0.000,28.0
294,-2.000,0.000,1.497,0.000,0.000,0.000,28.0
295,-2.000,0.000,1.497,0.000,0.000,0.000,28.0
296,-2.000,0.000,1.497,0.000,0.000,0.000,28.0
297,-2.000,0.000,1.497,0.000,0.000,0.000,28.0
298,-2.000,0.000,1.497,0.000,0.000,0.000,28.0
299,-2.000,0.000,1.497,0.000,0.000,0.000,28.0
300,-2.000,0.000,1.497,0.000,0.000,0.000,28.0
301,-2.000,0.000,1.497,0.000,0.000,0.000,28.0
302,-2.000,0.000,1.497,0.000,0.000,0.000,28.0
303,-2.000,0.000,1.497,0.000,0.000,0.000,28.0
304,-2.000,0.000,1.497,0.000,0.000,0.000,28.0
305,-2.000,0.000,1.497,0.000,0.000,0.000,28.0
306,-2.000,0.000,1.497,0.000,0.000,0.000,28.0
307,-2.000,0.000,1.497,0.000,0.000,0.000,28.0
308,-2.000,0.000,1.497,0.000,0.000,0.000,28.0
309,-2.000,0.000,1.497,0.000,0.000,0.000,28.0
310,-2.000,0.000,1.497,0.000,0.000,0.000,28.0
311,-2.000,0.000,1.497,0.000,0.000,0.000,28.0
312,-2.000,0.000,1.497,0.000,0.000,0.000,28.0
313,-2.000,0.000,1.497,0.000,0.000,0.000,28.0
314,-2.000,0.000,1.497,0.000,0.000,0.000,28.0
315,-2.000,0.000,1.497,0.000,0.000,0.000,28.0
316,-2.000,0.000,1.497,0.000,0.000,0.000,28.0
317,-2.000,0.000,1.497,0.000,0.000,0.000,28.0
318,-2.000,0.000,1.497,0.000,0.000,0.000,28.0
319,-2.000,0.000,1.497,0.000,0.000,0.000,28.0
320,-2.000,0.000,1.497,0.000,0.000,0.000,28.0
321,-2.000,0.000,1.497,0.000,0.000,0.000,28.0
322,-2.000,0.000,1.497,0.000,0.000,0.000,28.0
323,-2.000,0.000,1.497,0.000,0.000,0.000,28.0
324,-2.000,0.000,1.497,0.000,0.000,0.000,28.0
325,-2.000,0.000,1.497,0.000,0.000,0.000,28.0
326,-2.000,0.000,1.497,0.000,0.000,0.000,28.0
327,-2.000,0.000,1.497,0.000,0.000,0.000,28.0
328,-2.000,0.000,1.497,0.000,0.000,0.000,28.0
329,-2.000,0.000,1.497,0.000,0.000,0.000,28.0
330,-2.000,0.000,1.497,0.000,0.000,0.000,28.0
331,-2.000,0.000,1.497,0.000,0.000,0.000,28.0
332,-2.000,0.000,1.497,0.000,0.000,0.000,28.0
333,-2.000,0.000,1.497,0.000,0.000,0.000,28.0
334,-2.000,0.000,1.497,0.000,0.000,0.000,28.0
335,-2.000,0.000,1.497,0.000,0.000,0.000,28.0
336,-2.000,0.000,1.497,0.000,0.000,0.000,28.0
337,-2.000,0.000,1.497,0.000,0.000,0.000,28.0
338,-2.000,0.000,1.497,0.000,0.000,0.000,28.0
339,-2.000,0.000,1.497,0.000,0.000,0.000,28.0
340,-2.000,0.000,1.497,0.000,0.000,0.000,28.0
341,-2.000,0.000,1.497,0.000,0.000,0.000,28.0
342,-2.000,0.000,1.497,0.000,0.000,0.000,28.0
343,-2.000,0.000,1.497,0.000,0.000,0.000,28.0
344,-2.000,0.000,1.497,0.000,0.000,0.000,28.0
345,-2.000,0.000,1.497,0.000,0.000,0.000,28.0
346,-2.000,0.000,1.497,0.000,0.000,0.000,28.0
347,-2.000,0.000,1.497,0.000,0.000,0.000,28.0
348,-2.000,0.000,1.497,0.000,0.000,0.000,28.0
349,-2.000,0.000,1.497,0.000,0.000,0.000,28.0
350,-2.000,0.000,1.497,0.000,0.000,0.000,28.0
351,-2.000,0.000,1.497,0.000,0.000,0.000,28.0
352,-2.000,0.000,1.497,0.000,0.000,0.000,28.0
353,-2.000,0.000,1.497,0.000,0.000,0.000,28.0
354,-2.000,0.000,1.497,0.000,0.000,0.000,28.0
355,-2.000,0.000,1.497,0.000,0.000,0.000,28.0
356,-2.000,0.000,1.497,0.000,0.000,0.000,28.0
357,-2.000,0.000,1.497,0.000,0.000,0.000,28.0
358,-2.000,0.000,1.497,0.000,0.000,0.000,28.0
359,-2.000,0.000,1.497,0.000,0.000,0.000,28.0
360,-2.000,0.000,1.497,0.000,0.000,0.000,28.0
361,-2.000,0.000,1.497,0.000,0.000,0.000,28.0
362,-2.000,0.000,1.497,0.000,0.000,0.000,28.0
363,-2.000,0.000,1.497,0.000,0.000,0.000,28.0
364,-2.000,0.000,1.497,0.000,0.000,0.000,28.0
365,-2.000,0.000,1.497,0.000,0.000,0.000,28.0
366,-2.000,0.000,1.497,0.000,0.000,0.000,28.0
367,-2.000,0.000,1.497,0.000,0.000,0.000,28.0
368,-2.000,0.000,1.497,0.000,0.000,0.000,28.0
369,-2.000,0.000,1.497,0.000,0.000,0.000,28.0
370,-2.000,0.000,1.497,0.000,0.000,0.000,28.0
371,-2.000,0.000,1.497,0.000,0.000,0.000,28.0
372,-2.000,0.000,1.497,0.000,0.000,0.000,28.0
373,-2.000,0.000,1.497,0.000,0.000,0.000,28.0
374,-2.000,0.000,1.497,0.000,0.000,0.000,28.0
375,-2.000,0.000,1.497,0.000,0.000,0.000,28.0
376,-2.000,0.000,1.497,0.000,0.000,0.000,28.0
377,-2.000,0.000,1.497,0.000,0.000,0.000,28.0
378,-2.000,0.000,1.497,0.000,0.000,0.000,28.0
379,-2.000,0.000,1.497,0.000,0.000,0.000,28.0
380,-2.000,0.000,1.497,0.000,0.000,0.000,28.0
381,-2.000,0.000,1.497,0.000,0.000,0.000,28.0
382,-2.000,0.000,1.497,0.000,0.000,0.000,28.0
383,-2.000,0.000,1.497,0.000,0.000,0.000,28.0
384,-2.000,0.000,1.497,0.000,0.000,0.000,28.0
385,-2.000,0.000,1.497,0.000,0.000,0.000,28.0
386,-2.000,0.000,1.497,0.000,0.000,0.000,28.0
387,-2.000,0.000,1.497,0.000,0.000,0.000,28.0
388,-2.000,0.000,1.497,0.000,0.000,0.000,28.0
389,-2.000,0.000,1.497,0.000,0.000,0.000,28.0
390,-2.000,0.000,1.497,0.000,0.000,0.000,28.0
391,-2.000,0.000,1.497,0.000,0.000,0.000,28.0
392,-2.000,0.000,1.497,0.000,0.000,0.000,28.0
393,-2.000,0.000,1.497,0.000,0.000,0.000,28.0
394,-2.000,0.000,1.497,0.000,0.000,0.000,28.0
395,-2.000,0.000,1.497,0.000,0.000,0.000,28.0
396,-2.000,0.000,1.497,0.000,0.000,0.000,28.0
397,-2.000,0.000,1.497,0.000,0.000,0.000,28.0
398,-2.000,0.000,1.497,0.000,0.000,0.000,28.0
399,-2.000,0.000,1.497,0.000,0.000,0.000,28.0
400,-2.000,0.000,1.497,0.000,0.000,0.000,28.0
401,-2.000,0.000,1.497,0.000,0.000,0.000,28.0
402,-2.000,0.000,1.497,0.000,0.000,0.000,28.0
403,-2.000,0.000,1.497,0.000,0.000,0.000,28.0
404,-2.000,0.000,1.497,0.000,0.000,0.000,28.0
405,-2.000,0.000,1.497,0.000,0.000,0.000,28.0
406,-2.000,0.000,1.497,0.000,0.000,0.000,28.0
407,-2.000,0.000,1.497,0.000,0.000,0.000,28.0
408,-2.000,0.000,1.497,0.000,0.000,0.000,28.0
409,-2.000,0.000,1.497,0.000,0.000,0.000,28.0
410,-2.000,0.000,1.497,0.000,0.000,0.000,28.0
411,-2.000,0.000,1.497,0.000,0.000,0.000,28.0
412,-2.000,0.000,1.497,0.000,0.000,0.000,28.0
413,-2.000,0.000,1.497,0.000,0.000,0.000,28.0
414,-2.000,0.000,1.497,0.000,0.000,0.000,28.0
415,-2.000,0.000,1.497,0.000,0.000,0.000,28.0
416,-2.000,0.000,1.497,0.000,0.000,0.000,28.0
417,-2.000,0.000,1.497,0.000,0.000,0.000,28.0
418,-2.000,-0.000,1.497,0.000,-0.219,0.000,31.0
419,-2.001,-0.000,1.497,0.000,-0.362,0.000,31.0
420,-2.003,-0.000,1.497,0.000,-0.377,0.000,31.0
421,-2.006,-0.000,1.497,0.000,-0.290,0.000,31.0
422,-2.010,-0.000,1.497,0.000,0.065,0.000,31.0
423,-2.014,-0.000,1.497,0.000,0.342,-0.000,31.0
424,-2.017,-0.000,1.497,0.000,0.232,-0.000,31.0
425,-2.019,-0.000,1.498,0.000,0.040,-0.000,31.0
426,-2.022,-0.000,1.498,0.000,-0.125,-0.000,31.0
427,-2.024,-0.000,1.498,0.000,-0.217,-0.000,31.0
428,-2.027,-0.000,1.498,0.000,-0.225,0.000,31.0
429,-2.031,-0.000,1.498,0.000,-0.168,0.000,31.0
430,-2.035,-0.000,1.498,0.000,-0.081,0.000,31.0
431,-2.040,-0.000,1.498,0.000,0.003,0.000,31.0
432,-2.045,-0.000,1.498,0.000,0.059,0.000,31.0
433,-2.050,-0.000,1.498,0.000,0.079,-0.000,31.0
434,-2.054,-0.000,1.498,0.000,0.067,-0.000,31.0
435,-2.058,-0.000,1.498,0.000,0.036,-0.000,31.0
436,-2.063,-0.000,1.498,0.000,0.002,-0.000,31.0
437,-2.067,-0.000,1.498,0.000,-0.023,-0.000,31.0
438,-2.071,-0.000,1.498,0.000,-0.035,0.000,31.0
439,-2.075,-0.000,1.498,0.000,-0.033,0.000,31.0
440,-2.079,-0.000,1.499,0.000,-0.021,0.000,31.0
441,-2.084,-0.000,1.499,0.000,-0.006,0.000,31.0
442,-2.088,-0.000,1.499,0.000,0.007,0.000,31.0
443,-2.093,-0.000,1.499,0.000,0.015,-0.000,31.0
444,-2.097,-0.000,1.499,0.000,0.016,-0.000,31.0
445,-2.102,-0.000,1.499,0.000,0.013,-0.000,31.0
446,-2.106,-0.000,1.499,0.000,0.007,-0.000,31.0
447,-2.110,-0.000,1.499,0.000,0.001,-0.000,31.0
448,-2.115,-0.000,1.499,0.000,-0.003,0.000,31.0
449,-2.119,-0.000,1.499,0.000,-0.004,0.000,31.0
450,-2.124,-0.000,1.499,0.000,-0.003,0.000,31.0
451,-2.128,-0.000,1.499,0.000,-0.001,0.000,31.0
452,-2.132,-0.000,1.499,0.000,0.002,0.000,31.0
453,-2.137,-0.000,1.499,0.000,0.004,0.000,31.0
454,-2.141,-0.000,1.499,0.000,0.005,-0.000,31.0
455,-2.146,-0.000,1.499,0.000,0.005,-0.000,31.0
456,-2.150,-0.000,1.499,0.000,0.004,-0.000,31.0
457,-2.154,-0.000,1.499,0.000,0.003,-0.000,31.0
458,-2.159,-0.000,1.499,0.000,0.002,-0.000,31.0
459,-2.163,-0.000,1.499,0.000,0.001,0.000,31.0
460,-2.168,-0.000,1.499,0.000,0.001,0.000,31.0
461,-2.172,-0.000,1.499,0.000,0.002,0.000,31.0
462,-2.176,-0.000,1.499,0.000,0.002,0.000,31.0
463,-2.181,-0.000,1.499,0.000,0.002,0.000,31.0
464,-2.185,-0.000,1.499,0.000,0.003,-0.000,31.0
465,-2.190,-0.000,1.499,0.000,0.003,-0.000,31.0
466,-2.194,-0.000,1.499,0.000,0.003,-0.000,31.0
467,-2.198,-0.000,1.499,0.000,0.003,-0.000,31.0
468,-2.203,-0.000,1.499,0.000,0.002,-0.000,31.0
469,-2.207,-0.000,1.499,0.000,0.002,0.000,31.0
470,-2.212,-0.000,1.499,0.000,0.002,0.000,31.0
471,-2.216,-0.000,1.499,0.000,0.002,0.000,31.0
472,-2.220,-0.000,1.499,0.000,0.002,0.000,31.0
473,-2.225,-0.000,1.499,0.000,0.002,0.000,31.0
474,-2.229,-0.000,1.499,0.000,0.002,0.000,31.0
475,-2.234,-0.000,1.499,0.000,0.002,-0.000,31.0
476,-2.238,-0.000,1.499,0.000,0.002,-0.000,31.0
477,-2.242,-0.000,1.499,0.000,0.002,-0.000,31.0
478,-2.247,-0.000,1.499,0.000,0.002,-0.000,31.0
479,-2.251,-0.000,1.499,0.000,0.002,-0.000,31.0
480,-2.256,-0.000,1.499,0.000,0.002,0.000,31.0
481,-2.260,-0.000,1.499,0.000,0.002,0.000,31.0
482,-2.265,-0.000,1.499,0.000,0.002,0.000,31.0
483,-2.269,-0.000,1.499,0.000,0.002,0.000,31.0
484,-2.273,-0.000,1.499,0.000,0.002,0.000,31.0
485,-2.278,-0.000,1.499,0.000,0.002,0.000,31.0
486,-2.282,-0.000,1.499,0.000,0.002,0.000,31.0
487,-2.287,-0.000,1.499,0.000,0.002,0.000,31.0
488,-2.291,-0.000,1.499,0.000,0.002,0.000,31.0
489,-2.295,-0.000,1.499,0.000,0.002,-0.000,31.0
490,-2.300,-0.000,1.499,0.000,0.002,-0.000,31.0
491,-2.304,-0.000,1.499,0.000,0.002,-0.000,31.0
492,-2.309,-0.000,1.499,0.000,0.002,-0.000,31.0
493,-2.313,-0.000,1.499,0.000,0.002,-0.000,31.0
494,-2.317,-0.000,1.499,0.000,0.002,-0.000,31.0
495,-2.322,-0.000,1.499,0.000,0.002,-0.000,31.0
496,-2.326,-0.000,1.499,0.000,0.002,0.000,31.0
497,-2.331,-0.000,1.499,0.000,0.002,0.000,31.0
498,-2.335,-0.000,1.499,0.000,0.002,0.000,31.0
499,-2.339,-0.000,1.499,0.000,0.002,0.000,31.0
500,-2.344,-0.000,1.499,0.000,0.002,0.000,31.0
501,-2.348,-0.000,1.499,0.000,0.002,0.000,31.0
502,-2.353,-0.000,1.499,0.000,0.002,-0.000,31.0
503,-2.357,-0.000,1.499,0.000,0.002,-0.000,31.0
504,-2.361,-0.000,1.499,0.000,0.002,-0.000,31.0
505,-2.366,-0.000,1.499,0.000,0.002,-0.000,31.0
506,-2.370,-0.000,1.499,0.000,0.002,-0.000,31.0
507,-2.375,-0.000,1.499,0.000,0.002,0.000,31.0
508,-2.379,-0.000,1.499,0.000,0.002,0.000,31.0
509,-2.383,-0.000,1.499,0.000,0.002,0.000,31.0
510,-2.388,-0.000,1.499,0.000,0.002,0.000,31.0
511,-2.392,-0.000,1.499,0.000,0.002,0.000,31.0
512,-2.397,-0.000,1.499,0.000,0.002,0.000,31.0
513,-2.401,-0.000,1.499,0.000,0.002,0.000,31.0
514,-2.405,-0.000,1.499,0.000,0.002,-0.000,31.0
515,-2.410,-0.000,1.499,0.000,0.002,-0.000,31.0
516,-2.414,-0.000,1.499,0.000,0.002,0.000,31.0
517,-2.419,-0.000,1.499,0.000,0.002,0.000,31.0
518,-2.423,-0.000,1.499,0.000,0.002,0.000,31.0
519,-2.427,-0.000,1.499,0.000,0.002,0.000,31.0
520,-2.432,-0.000,1.499,0.000,0.002,0.000,31.0
521,-2.436,-0.000,1.499,0.000,0.002,0.000,31.0
522,-2.441,-0.000,1.499,0.000,0.002,0.000,31.0
523,-2.445,-0.000,1.499,0.000,0.002,0.000,31.0
524,-2.449,-0.000,1.499,0.000,0.002,0.000,31.0
525,-2.454,-0.000,1.499,0.000,0.002,0.000,31.0
526,-2.458,-0.000,1.499,0.000,0.002,0.000,31.0
527,-2.463,-0.000,1.499,0.000,0.002,0.000,31.0
528,-2.467,-0.000,1.499,0.000,0.002,0.000,31.0
529,-2.471,-0.000,1.499,0.000,0.002,0.000,31.0
530,-2.476,-0.000,1.499,0.000,0.002,0.000,31.0
531,-2.480,-0.000,1.499,0.000,0.002,0.000,31.0
532,-2.485,-0.000,1.499,0.000,0.002,0.000,31.0
533,-2.489,-0.000,1.499,0.000,0.002,0.000,31.0
534,-2.493,-0.000,1.499,0.000,0.002,0.000,31.0
535,-2.498,-0.000,1.499,0.000,0.002,0.000,31.0
536,-2.502,-0.000,1.499,0.000,0.002,0.000,31.0
537,-2.507,-0.000,1.499,0.000,0.002,0.000,31.0
538,-2.511,-0.000,1.499,0.000,0.002,0.000,31.0
539,-2.516,-0.000,1.499,0.000,0.002,0.000,31.0
540,-2.520,-0.000,1.499,0.000,0.002,0.000,31.0
541,-2.524,-0.000,1.499,0.000,0.002,0.000,31.0
542,-2.529,-0.000,1.499,0.000,0.002,0.000,31.0
543,-2.533,-0.000,1.499,0.000,0.002,0.000,31.0
544,-2.538,-0.000,1.499,0.000,0.002,0.000,31.0
545,-2.542,-0.000,1.499,0.000,0.002,0.000,31.0
546,-2.546,-0.000,1.499,0.000,0.002,0.000,31.0
547,-2.551,-0.000,1.499,0.000,0.002,0.000,31.0
548,-2.555,-0.000,1.499,0.000,0.002,0.000,31.0
549,-2.560,-0.000,1.499,0.000,0.002,0.000,31.0
550,-2.564,-0.000,1.499,0.000,0.002,0.000,31.0
551,-2.568,-0.000,1.499,0.000,0.002,0.000,31.0
552,-2.573,-0.000,1.499,0.000,0.002,0.000,31.0
553,-2.577,-0.000,1.499,0.000,0.002,0.000,31.0
554,-2.582,-0.000,1.499,0.000,0.002,0.000,31.0
555,-2.586,-0.000,1.499,0.000,0.002,0.000,31.0
556,-2.590,-0.000,1.499,0.000,0.002,0.000,31.0
557,-2.595,-0.000,1.499,0.000,0.002,0.000,31.0
558,-2.599,-0.000,1.499,0.000,0.002,0.000,31.0
559,-2.604,-0.000,1.499,0.000,0.002,0.000,31.0
560,-2.608,-0.000,1.499,0.000,0.002,0.000,31.0
561,-2.612,-0.000,1.499,0.000,0.002,0.000,31.0
562,-2.617,-0.000,1.499,0.000,0.002,0.000,31.0
563,-2.621,-0.000,1.499,0.000,0.002,0.000,31.0
564,-2.626,-0.000,1.499,0.000,0.002,0.000,31.0
565,-2.630,-0.000,1.499,0.000,0.002,0.000,31.0
566,-2.634,-0.000,1.499,0.000,0.002,0.000,31.0
567,-2.639,-0.000,1.499,0.000,0.002,0.000,31.0
568,-2.643,-0.000,1.499,0.000,0.002,0.000,31.0
569,-2.648,-0.000,1.499,0.000,0.002,0.000,31.0
570,-2.652,-0.000,1.499,0.000,0.002,0.000,31.0
571,-2.656,-0.000,1.499,0.000,0.004,-0.000,31.0
572,-2.661,-0.000,1.499,0.000,0.007,-0.000,31.0
573,-2.665,-0.000,1.499,0.000,0.012,-0.000,31.0
574,-2.670,-0.000,1.499,0.000,0.016,-0.000,31.0
575,-2.674,-0.000,1.499,0.000,0.019,-0.000,31.0
576,-2.678,-0.000,1.499,0.000,0.020,-0.000,31.0
577,-2.682,-0.000,1.499,0.000,0.020,-0.000,31.0
578,-2.686,-0.000,1.499,0.000,0.018,-0.000,31.0
579,-2.691,-0.000,1.499,0.000,0.017,0.000,31.0
580,-2.695,-0.000,1.499,0.000,0.015,0.000,31.0
581,-2.699,-0.000,1.499,0.000,0.015,0.000,31.0
582,-2.702,-0.000,1.499,0.000,0.015,0.000,31.0
583,-2.706,-0.000,1.499,0.000,0.015,0.000,31.0
584,-2.710,-0.000,1.498,0.000,0.016,0.000,31.0
585,-2.714,-0.000,1.498,0.000,0.016,-0.000,31.0
586,-2.718,-0.000,1.498,0.000,0.016,-0.000,31.0
587,-2.721,-0.000,1.498,0.000,0.016,-0.000,31.0
588,-2.725,-0.000,1.498,0.000,0.016,-0.000,31.0
589,-2.729,-0.000,1.498,0.000,0.016,-0.000,31.0
590,-2.732,-0.000,1.498,0.000,0.015,0.000,31.0
591,-2.736,-0.000,1.498,0.000,0.015,0.000,31.0
592,-2.739,-0.000,1.498,0.000,0.015,0.000,31.0
593,-2.743,-0.000,1.498,0.000,0.014,0.000,31.0
594,-2.746,-0.000,1.498,0.000,0.014,0.000,31.0
595,-2.749,-0.000,1.498,0.000,0.014,0.000,31.0
596,-2.753,-0.000,1.498,0.000,0.014,0.000,31.0
597,-2.756,-0.000,1.498,0.000,0.014,0.000,31.0
598,-2.759,-0.000,1.498,0.000,0.014,0.000,31.0
599,-2.762,-0.000,1.498,0.000,0.014,0.000,31.0
600,-2.765,-0.000,1.498,0.000,0.013,0.000,31.0
601,-2.768,-0.000,1.498,0.000,0.013,0.000,31.0
602,-2.771,-0.000,1.498,0.000,0.013,0.000,31.0
603,-2.774,-0.000,1.498,0.000,0.013,0.000,31.0
604,-2.777,0.000,1.498,0.000,0.013,0.000,31.0
605,-2.780,0.000,1.498,0.000,0.013,0.000,31.0
606,-2.783,0.000,1.498,0.000,0.012,0.000,31.0
607,-2.786,0.000,1.498,0.000,0.012,0.000,31.0
608,-2.789,0.000,1.498,0.000,0.012,0.000,31.0
609,-2.791,0.000,1.498,0.000,0.012,0.000,31.0
610,-2.794,0.000,1.498,0.000,0.012,0.000,31.0
611,-2.797,0.000,1.498,0.000,0.012,0.000,31.0
612,-2.800,0.000,1.498,0.000,0.011,0.000,31.0
613,-2.802,0.000,1.498,0.000,0.011,0.000,31.0
614,-2.805,0.000,1.498,0.000,0.011,0.000,31.0
615,-2.807,0.000,1.498,0.000,0.011,0.000,31.0
616,-2.810,0.000,1.498,0.000,0.011,0.000,31.0
617,-2.812,0.000,1.498,0.000,0.011,0.000,31.0
618,-2.815,0.000,1.498,0.000,0.011,0.000,31.0
619,-2.817,0.000,1.498,0.000,0.010,0.000,31.0
620,-2.820,0.000,1.498,0.000,0.010,0.000,31.0
621,-2.822,0.000,1.498,0.000,0.010,0.000,31.0
622,-2.824,0.000,1.498,0.000,0.010,0.000,31.0
623,-2.827,0.000,1.498,0.000,0.010,0.000,31.0
624,-2.829,0.000,1.498,0.000,0.010,0.000,31.0
625,-2.831,0.000,1.498,0.000,0.010,0.000,31.0
626,-2.833,0.000,1.498,0.000,0.010,0.000,31.0
627,-2.836,0.000,1.498,0.000,0.009,0.000,31.0
628,-2.838,0.000,1.498,0.000,0.009,0.000,31.0
629,-2.840,0.000,1.498,0.000,0.009,0.000,31.0
630,-2.842,0.000,1.498,0.000,0.009,0.000,31.0
631,-2.844,0.000,1.498,0.000,0.009,0.000,31.0
632,-2.846,0.000,1.498,0.000,0.009,0.000,31.0
633,-2.848,0.000,1.498,0.000,0.009,0.000,31.0
634,-2.850,0.000,1.498,0.000,0.009,0.000,31.0
635,-2.852,0.000,1.498,0.000,0.008,0.000,31.0
636,-2.854,0.000,1.498,0.000,0.008,0.000,31.0
637,-2.856,0.000,1.498,0.000,0.008,0.000,31.0
638,-2.858,0.000,1.498,0.000,0.008,0.000,31.0
639,-2.860,0.000,1.498,0.000,0.008,0.000,31.0
640,-2.861,0.000,1.498,0.000,0.008,0.000,31.0
641,-2.863,0.000,1.498,0.000,0.008,0.000,31.0
642,-2.865,0.000,1.498,0.000,0.008,0.000,31.0
643,-2.867,0.000,1.498,0.000,0.008,0.000,31.0
644,-2.869,0.000,1.498,0.000,0.008,0.000,31.0
645,-2.870,0.000,1.498,0.000,0.007,0.000,31.0
646,-2.872,0.000,1.498,0.000,0.007,0.000,31.0
647,-2.874,0.000,1.498,0.000,0.007,0.000,31.0
648,-2.875,0.000,1.498,0.000,0.007,0.000,31.0
649,-2.877,0.000,1.498,0.000,0.007,0.000,31.0
650,-2.879,0.000,1.498,0.000,0.007,0.000,31.0
651,-2.880,0.000,1.498,0.000,0.007,0.000,31.0
652,-2.882,0.000,1.498,0.000,0.007,0.000,31.0
653,-2.883,0.000,1.498,0.000,0.007,0.000,31.0
654,-2.885,0.000,1.498,0.000,0.007,0.000,31.0
655,-2.886,0.000,1.498,0.000,0.007,0.000,31.0
656,-2.888,0.000,1.498,0.000,0.006,0.000,31.0
657,-2.889,0.000,1.498,0.000,0.006,0.000,31.0
658,-2.891,0.000,1.498,0.000,0.006,0.000,31.0
659,-2.892,0.000,1.498,0.000,0.006,0.000,31.0
660,-2.894,0.000,1.498,0.000,0.006,0.000,31.0
661,-2.895,0.000,1.498,0.000,0.006,0.000,31.0
662,-2.896,0.000,1.498,0.000,0.006,0.000,31.0
663,-2.898,0.000,1.498,0.000,0.006,0.000,31.0
664,-2.899,0.000,1.498,0.000,0.006,0.000,31.0
665,-2.900,0.000,1.498,0.000,0.006,0.000,31.0
666,-2.902,0.000,1.498,0.000,0.006,0.000,31.0
667,-2.903,0.000,1.498,0.000,0.006,0.000,31.0
668,-2.904,0.000,1.498,0.000,0.005,0.000,31.0
669,-2.905,0.000,1.498,0.000,0.005,0.000,31.0
670,-2.907,0.000,1.498,0.000,0.005,0.000,31.0
671,-2.908,0.000,1.498,0.000,0.005,0.000,31.0
672,-2.909,0.000,1.498,0.000,0.005,0.000,31.0
673,-2.910,0.000,1.498,0.000,0.005,0.000,31.0
674,-2.911,0.000,1.498,0.000,0.005,0.000,31.0
675,-2.913,0.000,1.498,0.000,0.005,0.000,31.0
676,-2.914,0.000,1.498,0.000,0.005,0.000,31.0
677,-2.915,0.000,1.498,0.000,0.005,0.000,31.0
678,-2.916,0.000,1.498,0.000,0.005,0.000,31.0
679,-2.917,0.000,1.498,0.000,0.005,0.000,31.0
680,-2.918,0.000,1.498,0.000,0.005,0.000,31.0
681,-2.919,0.000,1.498,0.000,0.005,0.000,31.0
682,-2.920,0.000,1.498,0.000,0.005,0.000,31.0
683,-2.921,0.000,1.498,0.000,0.004,0.000,31.0
684,-2.922,0.000,1.498,0.000,0.004,0.000,31.0
685,-2.923,0.000,1.498,0.000,0.004,0.000,31.0
686,-2.924,0.000,1.498,0.000,0.004,0.000,31.0
687,-2.925,0.000,1.498,0.000,0.004,0.000,31.0
688,-2.926,0.000,1.498,0.000,0.004,0.000,31.0
689,-2.927,0.000,1.498,0.000,0.004,0.000,31.0
690,-2.928,0.000,1.498,0.000,0.004,0.000,31.0
691,-2.929,0.000,1.498,0.000,0.004,0.000,31.0
692,-2.930,0.000,1.498,0.000,0.004,0.000,31.0
693,-2.931,0.000,1.498,0.000,0.004,0.000,31.0
694,-2.932,0.000,1.498,0.000,0.004,0.000,31.0
695,-2.933,0.000,1.498,0.000,0.004,0.000,31.0
696,-2.934,0.000,1.498,0.000,0.004,0.000,31.0
697,-2.935,0.000,1.498,0.000,0.004,0.000,31.0
698,-2.935,0.000,1.498,0.000,0.004,0.000,31.0
699,-2.936,0.000,1.497,0.000,0.004,0.000,31.0
700,-2.937,0.000,1.497,0.000,0.004,0.000,31.0
701,-2.938,0.000,1.497,0.000,0.004,0.000,31.0
702,-2.939,0.000,1.497,0.000,0.004,0.000,31.0
703,-2.940,0.000,1.497,0.000,0.003,0.000,31.0
704,-2.940,0.000,1.497,0.000,0.003,0.000,31.0
705,-2.941,0.000,1.497,0.000,0.003,0.000,31.0
706,-2.942,0.000,1.497,0.000,0.003,0.000,31.0
707,-2.943,0.000,1.497,0.000,0.003,0.000,31.0
708,-2.943,0.000,1.497,0.000,0.003,0.000,31.0
709,-2.944,0.000,1.497,0.000,0.003,0.000,31.0
710,-2.945,0.000,1.497,0.000,0.003,0.000,31.0
711,-2.946,0.000,1.497,0.000,0.003,0.000,31.0
712,-2.946,0.000,1.497,0.000,0.003,0.000,31.0
713,-2.947,0.000,1.497,0.000,0.003,0.000,31.0
714,-2.948,0.000,1.497,0.000,0.003,0.000,31.0
715,-2.948,0.000,1.497,0.000,0.003,0.000,31.0
716,-2.949,0.000,1.497,0.000,0.003,0.000,31.0
717,-2.950,0.000,1.497,0.000,0.003,0.000,31.0
718,-2.950,0.000,1.497,0.000,0.003,0.000,31.0
719,-2.951,0.000,1.497,0.000,0.003,0.000,31.0
720,-2.952,0.000,1.497,0.000,0.003,0.000,31.0
721,-2.952,0.000,1.497,0.000,0.003,0.000,31.0
722,-2.953,0.000,1.497,0.000,0.003,0.000,31.0
723,-2.954,0.000,1.497,0.000,0.003,0.000,31.0
724,-2.954,0.000,1.497,0.000,0.003,0.000,31.0
725,-2.955,0.000,1.497,0.000,0.003,0.000,31.0
726,-2.955,0.000,1.497,0.000,0.003,0.000,31.0
727,-2.956,0.000,1.497,0.000,0.003,0.000,31.0
728,-2.957,0.000,1.497,0.000,0.002,0.000,31.0
729,-2.957,0.000,1.497,0.000,0.002,0.000,31.0
730,-2.958,0.000,1.497,0.000,0.002,0.000,31.0
731,-2.958,0.000,1.497,0.000,0.002,0.000,31.0
732,-2.959,0.000,1.497,0.000,0.002,0.000,31.0
733,-2.959,0.000,1.497,0.000,0.002,0.000,31.0
734,-2.960,0.000,1.497,0.000,0.002,0.000,31.0
735,-2.960,0.000,1.497,0.000,0.002,0.000,31.0
736,-2.961,0.000,1.497,0.000,0.002,0.000,31.0
737,-2.961,0.000,1.497,0.000,0.002,0.000,31.0
738,-2.962,0.000,1.497,0.000,0.002,0.000,31.0
739,-2.962,0.000,1.497,0.000,0.002,0.000,31.0
740,-2.963,0.000,1.497,0.000,0.002,-0.000,31.0
741,-2.963,0.000,1.497,0.000,0.002,-0.000,31.0
742,-2.964,0.000,1.497,0.000,0.002,-0.000,31.0
743,-2.964,0.000,1.497,0.000,0.002,-0.000,31.0
744,-2.965,0.000,1.497,0.000,0.002,-0.000,31.0
745,-2.965,0.000,1.497,0.000,0.002,-0.000,31.0
746,-2.966,0.000,1.497,0.000,0.002,-0.000,31.0
747,-2.966,0.000,1.497,0.000,0.002,-0.000,31.0
748,-2.967,0.000,1.497,0.000,0.002,-0.000,31.0
749,-2.967,0.000,1.497,0.000,0.002,-0.000,31.0
750,-2.967,0.000,1.497,0.000,0.002,-0.000,31.0
751,-2.968,0.000,1.497,0.000,0.002,-0.000,31.0
752,-2.968,0.000,1.497,0.000,0.002,-0.000,31.0
753,-2.969,0.000,1.497,0.000,0.002,-0.000,31.0
754,-2.969,0.000,1.497,0.000,0.002,-0.000,31.0
755,-2.970,0.000,1.497,0.000,0.002,-0.000,31.0
756,-2.970,0.000,1.497,0.000,0.002,-0.000,31.0
757,-2.970,0.000,1.497,0.000,0.002,-0.000,31.0
758,-2.971,0.000,1.497,0.000,0.002,-0.000,31.0
759,-2.971,0.000,1.497,0.000,0.002,-0.000,31.0
760,-2.971,0.000,1.497,0.000,0.002,-0.000,31.0
761,-2.972,0.000,1.497,0.000,0.002,-0.000,31.0
762,-2.972,0.000,1.497,0.000,0.002,-0.000,31.0
763,-2.973,0.000,1.497,0.000,0.002,0.000,31.0
764,-2.973,0.000,1.497,0.000,0.002,0.000,31.0
765,-2.973,0.000,1.497,0.000,0.002,0.000,31.0
766,-2.974,0.000,1.497,0.000,0.002,0.000,31.0
767,-2.974,0.000,1.497,0.000,0.001,0.000,31.0
768,-2.974,0.000,1.497,0.000,0.001,-0.000,31.0
769,-2.975,0.000,1.497,0.000,0.001,-0.000,31.0
770,-2.975,0.000,1.497,0.000,0.001,-0.000,31.0
771,-2.975,0.000,1.497,0.000,0.001,-0.000,31.0
772,-2.976,0.000,1.497,0.000,0.001,-0.000,31.0
773,-2.976,0.000,1.497,0.000,0.001,-0.000,31.0
774,-2.976,0.000,1.497,0.000,0.001,0.000,31.0
775,-2.977,0.000,1.497,0.000,0.001,0.000,31.0
776,-2.977,0.000,1.497,0.000,0.001,0.000,31.0
777,-2.977,0.000,1.497,0.000,0.001,0.000,31.0
778,-2.978,0.000,1.497,0.000,0.001,0.000,31.0
779,-2.978,0.000,1.497,0.000,0.001,-0.000,31.0
780,-2.978,0.000,1.497,0.000,0.001,-0.000,31.0
781,-2.978,0.000,1.497,0.000,0.001,-0.000,31.0
782,-2.979,0.000,1.497,0.000,0.001,-0.000,31.0
783,-2.979,0.000,1.497,0.000,0.001,-0.000,31.0
784,-2.979,0.000,1.497,0.000,0.001,-0.000,31.0
785,-2.979,0.000,1.497,0.000,0.001,0.000,31.0
786,-2.980,0.000,1.497,0.000,0.001,0.000,31.0
787,-2.980,0.000,1.497,0.000,0.001,0.000,31.0
788,-2.980,0.000,1.497,0.000,0.001,0.000,31.0
789,-2.981,0.000,1.497,0.000,0.001,-0.000,31.0
790,-2.981,0.000,1.497,0.000,0.001,-0.000,31.0
791,-2.981,0.000,1.497,0.000,0.001,-0.000,31.0
792,-2.981,0.000,1.497,0.000,0.001,-0.000,31.0
793,-2.982,0.000,1.497,0.000,0.001,-0.000,31.0
794,-2.982,0.000,1.497,0.000,0.001,-0.000,31.0
795,-2.982,0.000,1.497,0.000,0.001,-0.000,31.0
796,-2.982,0.000,1.497,0.000,0.001,0.000,31.0
797,-2.982,0.000,1.497,0.000,0.001,0.000,31.0
798,-2.983,0.000,1.497,0.000,0.001,0.000,31.0
799,-2.983,0.000,1.497,0.000,0.001,-0.000,31.0
800,-2.983,0.000,1.497,0.000,0.001,-0.000,31.0
801,-2.983,0.000,1.497,0.000,0.001,-0.000,31.0
802,-2.984,0.000,1.497,0.000,0.001,-0.000,31.0
803,-2.984,0.000,1.497,0.000,0.001,-0.000,31.0
804,-2.984,0.000,1.497,0.000,0.001,-0.000,31.0
805,-2.984,0.000,1.497,0.000,0.001,-0.000,31.0
806,-2.984,0.000,1.497,0.000,0.001,-0.000,31.0
807,-2.985,0.000,1.497,0.000,0.001,-0.000,31.0
808,-2.985,0.000,1.497,0.000,0.001,-0.000,31.0
809,-2.985,0.000,1.497,0.000,0.001,-0.000,31.0
810,-2.985,0.000,1.497,0.000,0.001,-0.000,31.0
811,-2.985,0.000,1.497,0.000,0.001,-0.000,31.0
812,-2.986,0.000,1.497,0.000,0.001,-0.000,31.0
813,-2.986,0.000,1.497,0.000,0.001,-0.000,31.0
814,-2.986,0.000,1.497,0.000,0.001,-0.000,31.0
815,-2.986,0.000,1.497,0.000,0.001,-0.000,31.0
816,-2.986,0.000,1.497,0.000,0.001,-0.000,31.0
817,-2.987,0.000,1.497,0.000,0.001,-0.000,31.0
818,-2.987,0.000,1.497,0.000,0.001,-0.000,31.0
819,-2.987,0.000,1.497,0.000,0.001,-0.000,31.0
820,-2.987,0.000,1.497,0.000,0.001,-0.000,31.0
821,-2.987,0.000,1.497,0.000,0.001,-0.000,31.0
822,-2.987,0.000,1.497,0.000,0.001,-0.000,31.0
823,-2.988,0.000,1.497,0.000,0.001,-0.000,31.0
824,-2.988,0.000,1.497,0.000,0.001,-0.000,31.0
825,-2.988,0.000,1.497,0.000,0.001,-0.000,31.0
826,-2.988,0.000,1.497,0.000,0.001,-0.000,31.0
827,-2.988,0.000,1.497,0.000,0.001,-0.000,31.0
828,-2.988,0.000,1.497,0.000,0.001,-0.000,31.0
829,-2.989,0.000,1.497,0.000,0.001,-0.000,31.0
830,-2.989,0.000,1.497,0.000,0.001,-0.000,31.0
831,-2.989,0.000,1.497,0.000,0.001,-0.000,31.0
832,-2.989,0.000,1.497,0.000,0.001,-0.000,31.0
833,-2.989,0.000,1.497,0.000,0.001,-0.000,31.0
834,-2.989,0.000,1.497,0.000,0.001,-0.000,31.0
835,-2.989,0.000,1.497,0.000,0.001,-0.000,31.0
836,-2.990,0.000,1.497,0.000,0.001,-0.000,31.0
837,-2.990,0.000,1.497,0.000,0.001,-0.000,31.0
838,-2.990,0.000,1.497,0.000,0.001,-0.000,31.0
839,-2.990,0.000,1.497,0.000,0.001,-0.000,31.0
840,-2.990,0.000,1.497,0.000,0.001,-0.000,31.0
841,-2.990,0.000,1.497,0.000,0.007,-0.000,31.0
842,-2.990,0.000,1.497,0.000,0.011,-0.000,31.0
843,-2.990,0.000,1.497,0.000,0.011,-0.000,31.0
844,-2.990,0.000,1.497,0.000,0.008,-0.000,31.0
845,-2.990,0.000,1.497,0.000,0.004,-0.000,31.0
846,-2.990,0.000,1.497,0.000,0.001,-0.000,31.0
847,-2.990,0.000,1.497,0.000,-0.002,0.000,31.0
848,-2.990,0.000,1.497,0.000,-0.003,0.000,31.0
849,-2.990,0.000,1.497,0.000,-0.003,0.000,31.0
850,-2.990,0.000,1.497,0.000,-0.001,0.000,31.0
851,-2.990,0.000,1.497,0.000,0.000,-0.000,31.0
852,-2.990,0.000,1.497,0.000,0.001,-0.000,31.0
853,-2.990,0.000,1.497,0.000,0.002,-0.000,31.0
854,-2.990,0.000,1.497,0.000,0.002,-0.000,31.0
855,-2.990,0.000,1.497,0.000,0.001,-0.000,31.0
856,-2.990,0.000,1.497,0.000,0.000,-0.000,31.0
857,-2.990,0.000,1.497,0.000,-0.000,0.000,31.0
858,-2.990,0.000,1.497,0.000,-0.001,0.000,31.0
859,-2.990,0.000,1.497,0.000,-0.001,0.000,31.0
860,-2.990,0.000,1.497,0.000,-0.000,0.000,31.0
861,-2.990,0.000,1.497,0.000,-0.000,0.000,31.0
862,-2.990,0.000,1.497,0.000,0.000,-0.000,31.0
863,-2.990,0.000,1.497,0.000,0.000,-0.000,31.0
864,-2.990,0.000,1.497,0.000,0.000,-0.000,31.0
865,-2.990,0.000,1.497,0.000,0.000,-0.000,31.0
866,-2.990,0.000,1.497,0.000,0.000,-0.000,31.0
867,-2.990,0.000,1.497,0.000,0.000,-0.000,31.0
868,-2.990,0.000,1.497,0.000,-0.000,0.000,31.0
869,-2.990,0.000,1.497,0.000,-0.000,0.000,31.0
870,-2.990,0.000,1.497,0.000,-0.000,0.000,31.0
871,-2.990,0.000,1.497,0.000,-0.000,0.000,31.0
872,-2.990,0.000,1.497,0.000,-0.000,0.000,31.0
873,-2.990,0.000,1.497,0.000,0.000,-0.000,31.0
874,-2.990,0.000,1.497,0.000,0.000,-0.000,31.0
875,-2.990,0.000,1.497,0.000,0.000,-0.000,31.0
876,-2.990,0.000,1.497,0.000,0.000,-0.000,31.0
877,-2.990,0.000,1.497,0.000,0.000,-0.000,31.0
878,-2.990,0.000,1.497,0.000,-0.000,0.000,31.0
879,-2.990,0.000,1.497,0.000,-0.000,0.000,31.0
880,-2.990,0.000,1.497,0.000,-0.000,0.000,31.0
881,-2.990,0.000,1.497,0.000,-0.000,0.000,31.0
882,-2.990,0.000,1.497,0.000,-0.000,0.000,31.0
883,-2.990,0.000,1.497,0.000,-0.000,0.000,31.0
884,-2.990,0.000,1.497,0.000,0.000,-0.000,31.0
885,-2.990,0.000,1.497,0.000,0.000,-0.000,31.0
886,-2.990,0.000,1.497,0.000,0.000,-0.000,31.0
887,-2.990,0.000,1.497,0.000,0.000,-0.000,31.0
888,-2.990,0.000,1.497,0.000,0.000,-0.000,31.0
889,-2.990,0.000,1.497,0.000,-0.000,0.000,31.0
890,-2.990,0.000,1.497,0.000,-0.000,0.000,31.0
891,-2.990,0.000,1.497,0.000,-0.000,0.000,31.0
892,-2.990,0.000,1.497,0.000,-0.000,0.000,31.0
893,-2.990,0.000,1.497,0.000,-0.000,0.000,31.0
894,-2.990,0.000,1.497,0.000,0.000,-0.000,31.0
895,-2.990,0.000,1.497,0.000,0.000,-0.000,31.0
896,-2.990,0.000,1.497,0.000,0.000,-0.000,31.0
897,-2.990,0.000,1.497,0.000,0.000,-0.000,31.0
898,-2.990,0.000,1.497,0.000,0.000,-0.000,31.0
899,-2.990,0.000,1.497,0.000,0.000,-0.000,31.0
900,-2.990,0.000,1.497,0.000,-0.000,0.000,31.0
901,-2.990,0.000,1.497,0.000,-0.000,0.000,31.0
902,-2.990,0.000,1.497,0.000,-0.000,0.000,31.0
903,-2.990,0.000,1.497,0.000,-0.000,0.000,31.0
904,-2.990,0.000,1.497,0.000,-0.000,0.000,31.0
905,-2.990,0.000,1.497,0.000,0.000,-0.000,31.0
906,-2.990,0.000,1.497,0.000,0.000,-0.000,31.0
907,-2.990,0.000,1.497,0.000,0.000,-0.000,31.0
908,-2.990,0.000,1.497,0.000,0.000,-0.000,31.0
909,-2.990,0.000,1.497,0.000,0.000,-0.000,31.0
910,-2.990,0.000,1.497,0.000,-0.000,0.000,31.0
911,-2.990,0.000,1.497,0.000,-0.000,0.000,31.0
912,-2.990,0.000,1.497,0.000,-0.000,0.000,31.0
913,-2.990,0.000,1.497,0.000,-0.000,0.000,31.0
914,-2.990,0.000,1.497,0.000,-0.000,0.000,31.0
915,-2.990,0.000,1.497,0.000,-0.000,0.000,31.0
916,-2.990,0.000,1.497,0.000,0.000,-0.000,31.0
917,-2.990,0.000,1.497,0.000,0.000,-0.000,31.0
918,-2.990,0.000,1.497,0.000,0.000,-0.000,31.0
919,-2.990,0.000,1.497,0.000,0.000,-0.000,31.0
920,-2.990,0.000,1.497,0.000,0.000,-0.000,31.0
921,-2.990,0.000,1.497,0.000,-0.000,0.000,31.0
922,-2.990,0.000,1.497,0.000,-0.000,0.000,31.0
923,-2.990,0.000,1.497,0.000,-0.000,0.000,31.0
924,-2.990,0.000,1.497,0.000,-0.000,0.000,31.0
925,-2.990,0.000,1.497,0.000,-0.000,0.000,31.0
926,-2.990,0.000,1.497,0.000,0.000,0.000,31.0
927,-2.990,0.000,1.497,0.000,0.000,0.000,31.0
928,-2.990,0.000,1.497,0.000,0.000,0.000,31.0
929,-2.990,0.000,1.497,0.000,0.000,0.000,31.0
930,-2.990,0.000,1.497,0.000,0.000,0.000,31.0
931,-2.990,0.000,1.497,0.000,0.000,0.000,31.0
932,-2.990,0.000,1.497,0.000,-0.000,0.000,31.0
933,-2.990,0.000,1.497,0.000,-0.000,0.000,31.0
934,-2.990,0.000,1.497,0.000,-0.000,0.000,31.0
935,-2.990,0.000,1.497,0.000,-0.000,0.000,31.0
936,-2.990,0.000,1.497,0.000,-0.000,0.000,31.0
937,-2.990,0.000,1.497,0.000,0.000,0.000,31.0
938,-2.990,0.000,1.497,0.000,0.000,-0.000,31.0
939,-2.990,0.000,1.497,0.000,0.000,-0.000,31.0
940,-2.990,0.000,1.497,0.000,0.000,-0.000,31.0
941,-2.990,0.000,1.497,0.000,0.000,-0.000,31.0
942,-2.990,0.000,1.497,0.000,-0.000,-0.000,31.0
943,-2.990,0.000,1.497,0.000,-0.000,-0.000,31.0
944,-2.990,0.000,1.497,0.000,-0.000,-0.000,31.0
945,-2.990,0.000,1.497,0.000,-0.000,-0.000,31.0
946,-2.990,0.000,1.497,0.000,-0.000,-0.000,31.0
947,-2.990,0.000,1.497,0.000,-0.000,-0.000,31.0
948,-2.990,0.000,1.497,0.000,0.000,-0.000,31.0
949,-2.990,0.000,1.497,0.000,0.000,-0.000,31.0
950,-2.990,0.000,1.497,0.000,0.000,-0.000,31.0
951,-2.990,0.000,1.497,0.000,0.000,-0.000,31.0
952,-2.990,0.000,1.497,0.000,0.000,-0.000,31.0
953,-2.990,0.000,1.497,0.000,-0.000,-0.000,31.0
954,-2.990,0.000,1.497,0.000,-0.000,-0.000,31.0
955,-2.990,0.000,1.497,0.000,-0.000,-0.000,31.0
956,-2.990,0.000,1.497,0.000,-0.000,0.000,31.0
957,-2.990,0.000,1.497,0.000,-0.000,0.000,31.0
958,-2.990,0.000,1.497,0.000,0.000,0.000,31.0
959,-2.990,0.000,1.497,0.000,0.000,0.000,31.0
960,-2.990,0.000,1.497,0.000,0.000,-0.000,31.0
961,-2.990,0.000,1.497,0.000,0.000,-0.000,31.0
962,-2.990,0.000,1.497,0.000,0.000,-0.000,31.0
963,-2.990,0.000,1.497,0.000,0.000,-0.000,31.0
964,-2.990,0.000,1.497,0.000,-0.000,-0.000,31.0
965,-2.990,0.000,1.497,0.000,-0.000,-0.000,31.0
966,-2.990,0.000,1.497,0.000,-0.000,-0.000,31.0
967,-2.990,0.000,1.497,0.000,-0.000,-0.000,31.0
968,-2.990,0.000,1.497,0.000,-0.000,-0.000,31.0
969,-2.990,0.000,1.497,0.000,0.000,-0.000,31.0
970,-2.990,0.000,1.497,0.000,0.000,-0.000,31.0
971,-2.990,0.000,1.497,0.000,0.000,-0.000,31.0
972,-2.990,0.000,1.497,0.000,0.000,-0.000,31.0
973,-2.990,0.000,1.497,0.000,0.000,-0.000,31.0
974,-2.990,0.000,1.497,0.000,-0.000,-0.000,31.0
975,-2.990,0.000,1.497,0.000,-0.000,-0.000,31.0
976,-2.990,0.000,1.497,0.000,-0.000,-0.000,31.0
977,-2.990,0.000,1.497,0.000,-0.000,-0.000,31.0
978,-2.990,0.000,1.497,0.000,-0.000,-0.000,31.0
979,-2.990,0.000,1.497,0.000,-0.000,-0.000,31.0
980,-2.990,0.000,1.497,0.000,0.000,-0.000,31.0
981,-2.990,0.000,1.497,0.000,0.000,-0.000,31.0
982,-2.990,0.000,1.497,0.000,0.000,-0.000,31.0
983,-2.990,0.000,1.497,0.000,0.000,-0.000,31.0
984,-2.990,0.000,1.497,0.000,0.000,-0.000,31.0
985,-2.990,0.000,1.497,0.000,-0.000,-0.000,31.0
986,-2.990,0.000,1.497,0.000,-0.000,-0.000,31.0
987,-2.990,0.000,1.497,0.000,-0.000,-0.000,31.0
988,-2.990,0.000,1.497,0.000,-0.000,-0.000,31.0
989,-2.990,0.000,1.497,0.000,-0.000,-0.000,31.0
990,-2.990,0.000,1.497,0.000,0.000,-0.000,31.0
991,-2.990,0.000,1.497,0.000,0.000,-0.000,31.0
992,-2.990,0.000,1.497,0.000,0.000,-0.000,31.0
993,-2.990,0.000,1.497,0.000,0.000,-0.000,31.0
994,-2.990,0.000,1.497,0.000,0.000,-0.000,31.0
995,-2.990,0.000,1.497,0.000,0.000,-0.000,31.0
996,-2.990,0.000,1.497,0.000,-0.000,-0.000,31.0
997,-2.990,0.000,1.497,0.000,-0.000,-0.000,31.0
998,-2.990,0.000,1.497,0.000,-0.000,-0.000,31.0
999,-2.990,0.000,1.497,0.000,-0.000,-0.000,31.0
1000,-2.990,0.000,1.497,0.000,-0.000,-0.000,31.0
