1,0.752,-1.008,0.000,0.000,0.000,0.000,1
2,0.752,-1.008,0.260,0.000,0.000,0.000,1
3,0.752,-1.008,1.005,0.000,0.000,0.000,1
4,0.752,-1.008,1.899,0.000,0.000,0.000,1
5,0.752,-1.008,2.694,0.000,0.000,0.000,1
6,0.752,-1.008,3.319,0.000,0.000,0.000,1
7,0.752,-1.008,3.770,0.000,0.000,0.000,1
8,0.752,-1.008,4.049,0.000,0.000,0.000,1
9,0.752,-1.008,4.170,0.000,0.000,0.000,1
10,0.752,-1.008,4.192,0.000,0.000,0.000,1
11,0.752,-1.008,4.166,0.000,0.000,0.000,1
12,0.752,-1.008,4.123,0.000,0.000,0.000,1
13,0.752,-1.008,4.081,0.000,0.000,0.000,1
14,0.752,-1.008,4.047,0.000,0.000,0.000,1
15,0.752,-1.008,4.023,0.000,0.000,0.000,1
16,0.752,-1.008,4.008,0.000,0.000,0.000,1
17,0.752,-1.008,4.004,0.000,0.000,0.000,1
18,0.752,-1.008,4.002,0.000,0.000,0.000,1
19,0.752,-1.008,3.999,0.000,0.000,0.000,1
20,0.752,-1.008,3.997,0.000,0.000,0.000,1
21,0.752,-1.008,3.995,0.000,0.000,0.000,1
22,0.752,-1.008,3.993,0.000,0.000,0.000,8
23,0.752,-1.008,3.992,-0.000,-0.219,-0.001,8
24,0.751,-1.008,3.990,-0.000,-0.143,-0.001,8
25,0.750,-1.008,3.989,-0.000,-0.015,-0.000,8
26,0.748,-1.008,3.994,-0.000,-0.044,-0.175,8
27,0.747,-1.008,3.995,-0.000,0.052,-0.113,8
28,0.746,-1.007,3.995,-0.000,0.125,-0.010,8
29,0.745,-1.006,3.995,-0.000,0.199,-0.141,10
30,0.745,-1.004,3.995,-0.000,0.313,-0.031,10
31,0.745,-1.003,3.996,-0.000,0.334,0.089,10
32,0.747,-1.001,3.996,-0.000,0.265,0.155,10
33,0.750,-1.000,3.996,-0.000,0.147,0.161,10
34,0.754,-1.000,3.996,-0.000,0.027,0.121,10
35,0.757,-1.000,3.996,-0.000,-0.062,0.059,10
36,0.761,-1.000,3.996,-0.000,-0.102,-0.001,10
37,0.764,-1.001,3.996,-0.000,-0.097,-0.042,10
38,0.767,-1.001,3.997,-0.000,-0.062,-0.057,10
39,0.769,-1.001,3.997,-0.000,-0.017,-0.049,10
40,0.772,-1.001,3.997,-0.000,0.020,-0.027,10
41,0.774,-1.001,3.997,-0.000,0.040,-0.002,10
42,0.777,-1.000,3.997,-0.000,0.041,0.018,10
43,0.780,-1.000,3.997,-0.000,0.027,0.027,10
44,0.782,-1.000,3.997,-0.000,0.006,0.026,10
45,0.785,-1.000,3.997,-0.000,-0.013,0.018,10
46,0.788,-1.000,3.997,-0.000,-0.026,0.007,10
47,0.791,-1.000,3.997,-0.000,-0.030,-0.003,10
48,0.794,-1.000,3.998,-0.000,-0.027,-0.009,10
49,0.797,-1.000,3.998,-0.000,-0.019,-0.010,10
50,0.799,-1.000,3.998,-0.000,-0.011,-0.008,10
51,0.802,-1.000,3.998,-0.000,-0.005,-0.004,10
52,0.804,-1.000,3.998,-0.000,-0.002,0.001,10
53,0.807,-1.000,3.998,-0.000,-0.003,0.004,10
54,0.809,-1.000,3.998,-0.000,-0.005,0.005,10
55,0.812,-1.000,3.998,-0.000,-0.009,0.004,10
56,0.814,-1.000,3.998,-0.000,-0.012,0.003,10
57,0.817,-1.000,3.998,-0.000,-0.013,0.001,10
58,0.819,-1.000,3.998,-0.000,-0.014,-0.001,10
59,0.821,-1.000,3.998,-0.000,-0.013,-0.002,10
60,0.824,-1.000,3.998,-0.000,-0.011,-0.002,10
61,0.826,-1.000,3.998,-0.000,-0.010,-0.001,10
62,0.828,-1.000,3.998,-0.000,-0.009,-0.000,10
63,0.831,-1.000,3.998,-0.000,-0.008,0.000,10
64,0.833,-1.000,3.998,-0.000,-0.008,0.001,10
65,0.835,-1.000,3.998,-0.000,-0.009,0.001,10
66,0.837,-1.000,3.998,-0.000,-0.009,0.001,10
67,0.839,-1.000,3.998,-0.000,-0.010,0.000,10
68,0.841,-1.000,3.998,-0.000,-0.010,0.000,10
69,0.844,-1.000,3.998,-0.000,-0.010,-0.000,10
70,0.846,-1.000,3.998,-0.000,-0.009,-0.000,10
71,0.848,-1.000,3.998,-0.000,-0.009,-0.000,10
72,0.850,-1.000,3.998,-0.000,-0.009,-0.000,10
73,0.852,-1.000,3.998,-0.000,-0.008,-0.000,10
74,0.853,-1.000,3.998,-0.000,-0.008,0.000,10
75,0.855,-1.000,3.998,-0.000,-0.008,0.000,10
76,0.857,-1.000,3.998,-0.000,-0.008,0.000,10
77,0.859,-1.000,3.998,-0.000,-0.008,0.000,10
78,0.861,-1.000,3.998,-0.000,-0.008,0.000,10
79,0.863,-1.000,3.998,-0.000,-0.008,-0.000,10
80,0.865,-1.000,3.998,-0.000,-0.008,-0.000,10
81,0.866,-1.000,3.998,-0.000,-0.008,-0.000,10
82,0.868,-1.000,3.998,-0.000,-0.008,-0.000,10
83,0.870,-1.000,3.998,-0.000,-0.007,-0.000,10
84,0.872,-1.000,3.998,-0.000,-0.007,0.000,10
85,0.873,-1.000,3.998,-0.000,-0.007,0.000,10
86,0.875,-1.000,3.998,-0.000,-0.007,0.000,10
87,0.877,-1.000,3.998,-0.000,-0.007,0.000,10
88,0.878,-1.000,3.998,-0.000,-0.007,0.000,10
89,0.880,-1.000,3.998,-0.000,-0.007,0.000,10
90,0.881,-1.000,3.998,-0.000,-0.007,0.000,10
91,0.883,-1.000,3.998,-0.000,-0.007,-0.000,10
92,0.884,-1.000,3.998,-0.000,-0.007,-0.000,10
93,0.886,-1.000,3.998,-0.000,-0.007,-0.000,10
94,0.887,-1.000,3.998,-0.000,-0.006,0.000,10
95,0.889,-1.000,3.998,-0.000,-0.006,0.000,10
96,0.890,-1.000,3.998,-0.000,-0.006,0.000,10
97,0.892,-1.000,3.998,-0.000,-0.006,0.000,10
98,0.893,-1.000,3.998,-0.000,-0.006,0.000,10
99,0.895,-1.000,3.998,-0.000,-0.006,0.000,10
100,0.896,-1.000,3.998,-0.000,-0.006,0.000,10
101,0.897,-1.000,3.998,-0.000,-0.006,0.000,10
102,0.899,-1.000,3.998,-0.000,-0.006,0.000,10
103,0.900,-1.000,3.998,-0.000,-0.006,0.000,10
104,0.901,-1.000,3.998,-0.000,-0.006,0.000,10
105,0.903,-1.000,3.998,-0.000,-0.006,0.000,10
106,0.904,-1.000,3.998,-0.000,-0.005,0.000,10
107,0.905,-1.000,3.998,-0.000,-0.005,0.000,10
108,0.906,-1.000,3.998,-0.000,-0.005,0.000,10
109,0.908,-1.000,3.998,-0.000,-0.005,0.000,10
110,0.909,-1.000,3.998,-0.000,-0.005,0.000,10
111,0.910,-1.000,3.998,-0.000,-0.005,0.000,10
112,0.911,-1.000,3.998,-0.000,-0.005,0.000,10
113,0.912,-1.000,3.998,-0.000,-0.005,0.000,10
114,0.913,-1.000,3.998,-0.000,-0.005,0.000,10
115,0.915,-1.000,3.998,-0.000,-0.005,0.000,10
116,0.916,-1.000,3.998,-0.000,-0.005,0.000,10
117,0.917,-1.000,3.998,-0.000,-0.005,0.000,10
118,0.918,-1.000,3.998,-0.000,-0.005,0.000,10
119,0.919,-1.000,3.998,-0.000,-0.005,0.000,10
120,0.920,-1.000,3.998,-0.000,-0.005,0.000,10
121,0.921,-1.000,3.998,-0.000,-0.005,0.000,10
122,0.922,-1.000,3.998,-0.000,-0.004,0.000,10
123,0.923,-1.000,3.998,-0.000,-0.004,0.000,10
124,0.924,-1.000,3.998,-0.000,-0.004,0.000,10
125,0.925,-1.000,3.998,-0.000,-0.004,0.000,10
126,0.926,-1.000,3.998,-0.000,-0.004,0.000,10
127,0.927,-1.000,3.998,-0.000,-0.004,0.000,10
128,0.928,-1.000,3.998,-0.000,-0.004,0.000,10
129,0.929,-1.000,3.998,-0.000,-0.004,0.000,10
130,0.930,-1.000,3.998,-0.000,-0.004,0.000,10
131,0.931,-1.000,3.998,-0.000,-0.004,0.000,10
132,0.932,-1.000,3.998,-0.000,-0.004,0.000,10
133,0.933,-1.000,3.998,-0.000,-0.004,0.000,10
134,0.934,-1.000,3.998,-0.000,-0.004,0.000,10
135,0.934,-1.000,3.998,-0.000,-0.004,0.000,10
136,0.935,-1.000,3.998,-0.000,-0.004,0.000,10
137,0.936,-1.000,3.998,-0.000,-0.004,0.000,10
138,0.937,-1.000,3.998,-0.000,-0.004,0.000,10
139,0.938,-1.000,3.998,-0.000,-0.004,0.000,10
140,0.939,-1.000,3.998,-0.000,-0.004,0.000,10
141,0.939,-1.000,3.998,-0.000,-0.003,0.000,10
142,0.940,-1.000,3.998,-0.000,-0.003,0.000,10
143,0.941,-1.000,3.998,-0.000,-0.003,0.000,10
144,0.942,-1.000,3.998,-0.000,-0.003,0.000,10
145,0.943,-1.000,3.998,-0.000,-0.003,0.000,10
146,0.943,-1.000,3.998,-0.000,-0.003,0.000,10
147,0.944,-1.000,3.998,-0.000,-0.003,0.000,10
148,0.945,-1.000,3.998,-0.000,-0.003,0.000,10
149,0.945,-1.000,3.998,-0.000,-0.003,0.000,10
150,0.946,-1.000,3.998,-0.000,-0.003,0.000,10
151,0.947,-1.000,3.998,-0.000,-0.003,0.000,10
152,0.948,-1.000,3.998,-0.000,-0.003,0.000,10
153,0.948,-1.000,3.998,-0.000,-0.003,0.000,10
154,0.949,-1.000,3.998,-0.000,-0.003,0.000,10
155,0.950,-1.000,3.998,-0.000,-0.003,0.000,10
156,0.950,-1.000,3.998,-0.000,-0.003,0.000,10
157,0.951,-1.000,3.998,-0.000,-0.003,0.000,10
158,0.952,-1.000,3.998,-0.000,-0.003,0.000,10
159,0.952,-1.000,3.998,-0.000,-0.003,0.000,10
160,0.953,-1.000,3.998,-0.000,-0.003,0.000,10
161,0.953,-1.000,3.998,-0.000,-0.003,0.000,10
162,0.954,-1.000,3.998,-0.000,-0.003,0.000,10
163,0.955,-1.000,3.998,-0.000,-0.003,0.000,10
164,0.955,-1.000,3.998,-0.000,-0.003,0.000,10
165,0.956,-1.000,3.998,-0.000,-0.003,0.000,10
166,0.956,-1.000,3.998,-0.000,-0.002,0.000,10
167,0.957,-1.000,3.998,-0.000,-0.002,0.000,10
168,0.958,-1.000,3.998,-0.000,-0.002,0.000,10
169,0.958,-1.000,3.998,-0.000,-0.002,0.000,10
170,0.959,-1.000,3.998,-0.000,-0.002,0.000,10
171,0.959,-1.000,3.998,-0.000,-0.002,0.000,10
172,0.960,-1.000,3.998,-0.000,-0.002,0.000,10
173,0.960,-1.000,3.998,-0.000,-0.002,0.000,10
174,0.961,-1.000,3.998,-0.000,-0.002,0.000,10
175,0.961,-1.000,3.998,-0.000,-0.002,0.000,10
176,0.962,-1.000,3.998,-0.000,-0.002,0.000,10
177,0.962,-1.000,3.998,-0.000,-0.002,0.000,10
178,0.963,-1.000,3.998,-0.000,-0.002,0.000,10
179,0.963,-1.000,3.998,-0.000,-0.002,0.000,10
180,0.964,-1.000,3.998,-0.000,-0.002,0.000,10
181,0.964,-1.000,3.998,-0.000,-0.002,0.000,10
182,0.965,-1.000,3.998,-0.000,-0.002,0.000,10
183,0.965,-1.000,3.998,-0.000,-0.002,0.000,10
184,0.966,-1.000,3.998,-0.000,-0.002,0.000,10
185,0.966,-1.000,3.998,-0.000,-0.002,0.000,10
186,0.966,-1.000,3.998,-0.000,-0.002,0.000,10
187,0.967,-1.000,3.998,-0.000,-0.002,0.000,10
188,0.967,-1.000,3.998,-0.000,-0.002,0.000,10
189,0.968,-1.000,3.998,-0.000,-0.002,0.000,10
190,0.968,-1.000,3.998,-0.000,-0.002,0.000,10
191,0.969,-1.000,3.998,-0.000,-0.002,0.000,10
192,0.969,-1.000,3.998,-0.000,-0.002,0.000,10
193,0.969,-1.000,3.998,-0.000,-0.002,0.000,10
194,0.970,-1.000,3.998,-0.000,-0.002,0.000,10
195,0.970,-1.000,3.998,-0.000,-0.002,0.000,10
196,0.971,-1.000,3.998,-0.000,-0.002,0.000,10
197,0.971,-1.000,3.998,-0.000,-0.002,0.000,10
198,0.971,-1.000,3.998,-0.000,-0.002,0.000,10
199,0.972,-1.000,3.998,-0.000,-0.002,0.000,10
200,0.972,-1.000,3.998,-0.000,-0.002,0.000,10
201,0.973,-1.000,3.998,-0.000,-0.002,0.000,10
202,0.973,-1.000,3.998,-0.000,-0.002,0.000,10
203,0.973,-1.000,3.998,-0.000,-0.002,0.000,10
204,0.974,-1.000,3.998,-0.000,-0.002,0.000,10
205,0.974,-1.000,3.998,-0.000,-0.001,0.000,10
206,0.974,-1.000,3.998,-0.000,-0.001,0.000,10
207,0.975,-1.000,3.998,-0.000,-0.001,0.000,10
208,0.975,-1.000,3.998,-0.000,-0.001,0.000,10
209,0.975,-1.000,3.998,-0.000,-0.001,0.000,10
210,0.976,-1.000,3.998,-0.000,-0.001,0.000,10
211,0.976,-1.000,3.998,-0.000,-0.001,0.000,10
212,0.976,-1.000,3.998,-0.000,-0.001,0.000,10
213,0.977,-1.000,3.998,-0.000,-0.001,0.000,10
214,0.977,-1.000,3.998,-0.000,-0.001,0.000,10
215,0.977,-1.000,3.998,-0.000,-0.001,0.000,10
216,0.977,-1.000,3.998,-0.000,-0.001,0.000,10
217,0.978,-1.000,3.998,-0.000,-0.001,0.000,10
218,0.978,-1.000,3.998,-0.000,-0.001,0.000,10
219,0.978,-1.000,3.998,-0.000,-0.001,0.000,10
220,0.979,-1.000,3.998,-0.000,-0.001,0.000,10
221,0.979,-1.000,3.998,-0.000,-0.001,0.000,10
222,0.979,-1.000,3.998,-0.000,-0.001,0.000,10
223,0.979,-1.000,3.998,-0.000,-0.001,0.000,10
224,0.980,-1.000,3.998,-0.000,-0.001,0.000,10
225,0.980,-1.000,3.998,-0.000,-0.001,0.000,10
226,0.980,-1.000,3.998,-0.000,-0.001,0.000,10
227,0.980,-1.000,3.998,-0.000,-0.001,0.000,10
228,0.981,-1.000,3.998,-0.000,-0.001,0.000,10
229,0.981,-1.000,3.998,-0.000,-0.001,0.000,10
230,0.981,-1.000,3.998,-0.000,-0.001,0.000,10
231,0.981,-1.000,3.998,-0.000,-0.001,0.000,10
232,0.982,-1.000,3.998,-0.000,-0.001,0.000,10
233,0.982,-1.000,3.998,-0.000,-0.001,0.000,10
234,0.982,-1.000,3.998,-0.000,-0.001,0.000,10
235,0.982,-1.000,3.998,-0.000,-0.001,0.000,10
236,0.983,-1.000,3.998,-0.000,-0.001,0.000,10
237,0.983,-1.000,3.998,-0.000,-0.001,0.000,10
238,0.983,-1.000,3.998,-0.000,-0.001,0.000,10
239,0.983,-1.000,3.998,-0.000,-0.001,0.000,10
240,0.984,-1.000,3.998,-0.000,-0.001,0.000,10
241,0.984,-1.000,3.998,-0.000,-0.001,0.000,10
242,0.984,-1.000,3.998,-0.000,-0.001,0.000,10
243,0.984,-1.000,3.998,-0.000,-0.001,0.000,10
244,0.984,-1.000,3.998,-0.000,-0.001,0.000,10
245,0.985,-1.000,3.998,-0.000,-0.001,0.000,10
246,0.985,-1.000,3.998,-0.000,-0.001,0.000,10
247,0.985,-1.000,3.998,-0.000,-0.001,0.000,10
248,0.985,-1.000,3.998,-0.000,-0.001,0.000,10
249,0.985,-1.000,3.998,-0.000,-0.001,0.000,10
250,0.986,-1.000,3.998,-0.000,-0.001,0.000,10
251,0.986,-1.000,3.998,-0.000,-0.001,0.000,10
252,0.986,-1.000,3.998,-0.000,-0.001,0.000,10
253,0.986,-1.000,3.998,-0.000,-0.001,0.000,10
254,0.986,-1.000,3.998,-0.000,-0.001,0.000,10
255,0.987,-1.000,3.998,-0.000,-0.001,0.000,10
256,0.987,-1.000,3.998,-0.000,-0.001,0.000,10
257,0.987,-1.000,3.998,-0.000,-0.001,0.000,10
258,0.987,-1.000,3.998,-0.000,-0.001,0.000,10
259,0.987,-1.000,3.998,-0.000,-0.001,0.000,10
260,0.987,-1.000,3.998,-0.000,-0.001,0.000,10
261,0.988,-1.000,3.998,-0.000,-0.001,0.000,10
262,0.988,-1.000,3.998,-0.000,-0.001,0.000,10
263,0.988,-1.000,3.998,-0.000,-0.001,0.000,10
264,0.988,-1.000,3.998,-0.000,-0.001,0.000,10
265,0.988,-1.000,3.998,-0.000,-0.001,0.000,10
266,0.988,-1.000,3.998,-0.000,-0.001,0.000,10
267,0.988,-1.000,3.998,-0.000,-0.001,0.000,10
268,0.989,-1.000,3.998,-0.000,-0.001,0.000,10
269,0.989,-1.000,3.998,-0.000,-0.001,0.000,10
270,0.989,-1.000,3.998,-0.000,-0.001,0.000,10
271,0.989,-1.000,3.998,-0.000,-0.001,0.000,10
272,0.989,-1.000,3.998,-0.000,-0.001,0.000,10
273,0.989,-1.000,3.998,-0.000,-0.001,0.000,10
274,0.989,-1.000,3.998,-0.000,-0.001,0.000,10
275,0.990,-1.000,3.998,-0.000,-0.001,0.000,10
276,0.990,-1.000,3.998,-0.000,-0.001,0.000,10
277,0.990,-1.000,3.998,-0.000,-0.001,0.000,10
278,0.990,-1.000,3.998,-0.000,-0.001,0.000,10
279,0.990,-1.000,3.998,-0.000,-0.007,0.000,10
280,0.990,-1.000,3.998,-0.000,-0.011,0.000,10
281,0.990,-1.000,3.998,-0.000,-0.011,0.000,10
282,0.990,-1.000,3.998,-0.000,-0.008,0.000,10
283,0.990,-1.000,3.998,-0.000,-0.004,0.000,10
284,0.990,-1.000,3.998,-0.000,-0.001,0.000,10
285,0.990,-1.000,3.998,-0.000,0.002,-0.000,10
286,0.990,-1.000,3.998,-0.000,0.003,-0.000,10
287,0.990,-1.000,3.998,-0.000,0.003,-0.000,10
288,0.990,-1.000,3.998,-0.000,0.001,-0.000,10
289,0.990,-1.000,3.998,-0.000,-0.000,0.000,10
290,0.990,-1.000,3.998,-0.000,-0.001,0.000,10
291,0.990,-1.000,3.998,-0.000,-0.002,0.000,10
292,0.990,-1.000,3.998,-0.000,-0.002,0.000,10
293,0.990,-1.000,3.998,-0.000,-0.001,0.000,10
294,0.990,-1.000,3.998,-0.000,-0.000,0.000,10
295,0.990,-1.000,3.998,-0.000,0.000,-0.000,10
296,0.990,-1.000,3.998,-0.000,0.001,-0.000,10
297,0.990,-1.000,3.998,-0.000,0.001,-0.000,10
298,0.990,-1.000,3.998,-0.000,0.000,-0.000,10
299,0.990,-1.000,3.998,-0.000,0.000,-0.000,10
300,0.990,-1.000,3.998,-0.000,-0.000,0.000,10
301,0.990,-1.000,3.998,-0.000,-0.000,0.000,10
302,0.990,-1.000,3.998,-0.000,-0.000,0.000,10
303,0.990,-1.000,3.998,-0.000,-0.000,0.000,10
304,0.990,-1.000,3.998,-0.000,-0.000,0.000,10
305,0.990,-1.000,3.998,-0.000,-0.000,0.000,10
306,0.990,-1.000,3.998,-0.000,0.000,-0.000,10
307,0.990,-1.000,3.998,-0.000,0.000,-0.000,10
308,0.990,-1.000,3.998,-0.000,0.000,-0.000,10
309,0.990,-1.000,3.998,-0.000,0.000,-0.000,10
310,0.990,-1.000,3.998,-0.000,0.000,-0.000,10
311,0.990,-1.000,3.998,-0.000,-0.000,0.000,10
312,0.990,-1.000,3.998,-0.000,-0.000,0.000,10
313,0.990,-1.000,3.998,-0.000,-0.000,0.000,10
314,0.990,-1.000,3.998,-0.000,-0.000,0.000,10
315,0.990,-1.000,3.998,-0.000,-0.000,0.000,10
316,0.990,-1.000,3.998,-0.000,0.000,-0.000,10
317,0.990,-1.000,3.998,-0.000,0.000,-0.000,10
318,0.990,-1.000,3.998,-0.000,0.000,-0.000,10
319,0.990,-1.000,3.998,-0.000,0.000,-0.000,10
320,0.990,-1.000,3.998,-0.000,0.000,-0.000,10
321,0.990,-1.000,3.998,-0.000,0.000,-0.000,10
322,0.990,-1.000,3.998,-0.000,-0.000,0.000,10
323,0.990,-1.000,3.998,-0.000,-0.000,0.000,10
324,0.990,-1.000,3.998,-0.000,-0.000,0.000,10
325,0.990,-1.000,3.998,-0.000,-0.000,0.000,10
326,0.990,-1.000,3.998,-0.000,-0.000,0.000,10
327,0.990,-1.000,3.998,-0.000,0.000,-0.000,10
328,0.990,-1.000,3.998,-0.000,0.000,-0.000,10
329,0.990,-1.000,3.998,-0.000,0.000,-0.000,10
330,0.990,-1.000,3.998,-0.000,0.000,-0.000,10
331,0.990,-1.000,3.998,-0.000,0.000,-0.000,10
332,0.990,-1.000,3.998,-0.000,-0.000,0.000,10
333,0.990,-1.000,3.998,-0.000,-0.000,0.000,10
334,0.990,-1.000,3.998,-0.000,-0.000,0.000,10
335,0.990,-1.000,3.998,-0.000,-0.000,0.000,10
336,0.990,-1.000,3.998,-0.000,-0.000,0.000,10
337,0.990,-1.000,3.998,-0.000,-0.000,0.000,10
338,0.990,-1.000,3.998,-0.000,0.000,-0.000,10
339,0.990,-1.000,3.998,-0.000,0.000,-0.000,10
340,0.990,-1.000,3.998,-0.000,0.000,-0.000,10
341,0.990,-1.000,3.998,-0.000,0.000,-0.000,10
342,0.990,-1.000,3.998,-0.000,0.000,-0.000,10
343,0.990,-1.000,3.998,-0.000,-0.000,0.000,10
344,0.990,-1.000,3.998,-0.000,-0.000,0.000,10
345,0.990,-1.000,3.998,-0.000,-0.000,0.000,10
346,0.990,-1.000,3.998,-0.000,-0.000,0.000,10
347,0.990,-1.000,3.998,-0.000,-0.000,0.000,10
348,0.990,-1.000,3.998,-0.000,0.000,-0.000,10
349,0.990,-1.000,3.998,-0.000,0.000,-0.000,10
350,0.990,-1.000,3.998,-0.000,0.000,-0.000,10
351,0.990,-1.000,3.998,-0.000,0.000,-0.000,10
352,0.990,-1.000,3.998,-0.000,0.000,-0.000,10
353,0.990,-1.000,3.998,-0.000,0.000,-0.000,10
354,0.990,-1.000,3.998,-0.000,-0.000,0.000,10
355,0.990,-1.000,3.998,-0.000,-0.000,0.000,10
356,0.990,-1.000,3.998,-0.000,-0.000,0.000,10
357,0.990,-1.000,3.998,-0.000,-0.000,0.000,10
358,0.990,-1.000,3.998,-0.000,-0.000,0.000,10
359,0.990,-1.000,3.998,-0.000,0.000,-0.000,10
360,0.990,-1.000,3.998,-0.000,0.000,-0.000,10
361,0.990,-1.000,3.998,-0.000,0.000,-0.000,10
362,0.990,-1.000,3.998,-0.000,0.000,-0.000,10
363,0.990,-1.000,3.998,-0.000,0.000,-0.000,10
364,0.990,-1.000,3.998,-0.000,-0.000,0.000,10
365,0.990,-1.000,3.998,-0.000,-0.000,0.000,10
366,0.990,-1.000,3.998,-0.000,-0.000,0.000,10
367,0.990,-1.000,3.998,-0.000,-0.000,0.000,10
368,0.990,-1.000,3.998,-0.000,-0.000,0.000,10
369,0.990,-1.000,3.998,-0.000,-0.000,0.000,10
370,0.990,-1.000,3.998,-0.000,0.000,-0.000,10
371,0.990,-1.000,3.998,-0.000,0.000,-0.000,10
372,0.990,-1.000,3.998,-0.000,0.000,-0.000,10
373,0.990,-1.000,3.998,-0.000,0.000,-0.000,10
374,0.990,-1.000,3.998,-0.000,0.000,-0.000,10
375,0.990,-1.000,3.998,-0.000,-0.000,0.000,10
376,0.990,-1.000,3.998,-0.000,-0.000,0.000,10
377,0.990,-1.000,3.998,-0.000,-0.000,0.000,10
378,0.990,-1.000,3.998,-0.000,-0.000,0.000,10
379,0.990,-1.000,3.998,-0.000,-0.000,0.000,10
380,0.990,-1.000,3.998,-0.000,0.000,-0.000,10
381,0.990,-1.000,3.998,-0.000,0.000,-0.000,10
382,0.990,-1.000,3.998,-0.000,0.000,-0.000,10
383,0.990,-1.000,3.998,-0.000,0.000,-0.000,10
384,0.990,-1.000,3.998,-0.000,0.000,-0.000,10
385,0.990,-1.000,3.998,-0.000,0.000,-0.000,10
386,0.990,-1.000,3.998,-0.000,-0.000,0.000,10
387,0.990,-1.000,3.998,-0.000,-0.000,0.000,10
388,0.990,-1.000,3.998,-0.000,-0.000,0.000,10
389,0.990,-1.000,3.998,-0.000,-0.000,0.000,10
390,0.990,-1.000,3.998,-0.000,-0.000,0.000,10
391,0.990,-1.000,3.998,-0.000,0.000,-0.000,10
392,0.990,-1.000,3.998,-0.000,0.000,-0.000,10
393,0.990,-1.000,3.998,-0.000,0.000,-0.000,10
394,0.990,-1.000,3.998,-0.000,0.000,-0.000,10
395,0.990,-1.000,3.998,-0.000,0.000,-0.000,10
396,0.990,-1.000,3.998,-0.000,-0.000,-0.000,10
397,0.990,-1.000,3.998,-0.000,-0.000,0.000,10
398,0.990,-1.000,3.998,-0.000,-0.000,0.000,10
399,0.990,-1.000,3.998,-0.000,-0.000,0.000,10
400,0.990,-1.000,3.998,-0.000,-0.000,0.000,10
401,0.990,-1.000,3.998,-0.000,-0.000,0.000,10
402,0.990,-1.000,3.998,-0.000,0.000,0.000,10
403,0.990,-1.000,3.998,-0.000,0.000,0.000,10
404,0.990,-1.000,3.998,-0.000,0.000,0.000,10
405,0.990,-1.000,3.998,-0.000,0.000,0.000,10
406,0.990,-1.000,3.998,-0.000,0.000,-0.000,10
407,0.990,-1.000,3.998,-0.000,-0.000,-0.000,10
408,0.990,-1.000,3.998,-0.000,-0.000,-0.000,10
409,0.990,-1.000,3.998,-0.000,-0.000,-0.000,10
410,0.990,-1.000,3.998,-0.000,-0.000,-0.000,10
411,0.990,-1.000,3.998,-0.000,-0.000,-0.000,10
412,0.990,-1.000,3.998,-0.000,0.000,-0.000,10
413,0.990,-1.000,3.998,-0.000,0.000,-0.000,10
414,0.990,-1.000,3.998,-0.000,0.000,-0.000,10
415,0.990,-1.000,3.998,-0.000,0.000,-0.000,10
416,0.990,-1.000,3.998,-0.000,0.000,-0.000,10
417,0.990,-1.000,3.998,-0.000,0.000,-0.000,10
418,0.990,-1.000,3.998,-0.000,-0.000,-0.000,10
419,0.990,-1.000,3.998,-0.000,-0.000,-0.000,10
420,0.990,-1.000,3.998,-0.000,-0.000,0.000,10
421,0.990,-1.000,3.998,-0.000,-0.000,0.000,10
422,0.990,-1.000,3.998,-0.000,-0.000,0.000,10
423,0.990,-1.000,3.998,-0.000,0.000,0.000,10
424,0.990,-1.000,3.998,-0.000,0.000,0.000,10
425,0.990,-1.000,3.998,-0.000,0.000,0.000,10
426,0.990,-1.000,3.998,-0.000,0.000,0.000,10
427,0.990,-1.000,3.998,-0.000,0.000,0.000,10
428,0.990,-1.000,3.998,-0.000,-0.000,0.000,10
429,0.990,-1.000,3.998,-0.000,-0.000,0.000,10
430,0.990,-1.000,3.998,-0.000,-0.000,0.000,10
431,0.990,-1.000,3.998,-0.000,-0.000,0.000,10
432,0.990,-1.000,3.998,-0.000,-0.000,0.000,10
433,0.990,-1.000,3.998,-0.000,-0.000,0.000,10
434,0.990,-1.000,3.998,-0.000,0.000,0.000,10
435,0.990,-1.000,3.998,-0.000,0.000,0.000,10
436,0.990,-1.000,3.998,-0.000,0.000,0.000,10
437,0.990,-1.000,3.998,-0.000,0.000,0.000,10
438,0.990,-1.000,3.998,-0.000,0.000,-0.000,10
439,0.990,-1.000,3.998,-0.000,-0.000,-0.000,10
440,0.990,-1.000,3.998,-0.000,-0.000,-0.000,10
441,0.990,-1.000,3.998,-0.000,-0.000,-0.000,10
442,0.990,-1.000,3.998,-0.000,-0.000,-0.000,10
443,0.990,-1.000,3.998,-0.000,-0.000,-0.000,10
444,0.990,-1.000,3.998,-0.000,-0.000,-0.000,10
445,0.990,-1.000,3.998,-0.000,-0.000,-0.000,10
446,0.990,-1.000,3.998,-0.000,-0.000,-0.000,10
447,0.990,-1.000,3.998,-0.000,-0.000,-0.000,10
448,0.990,-1.000,3.998,-0.000,-0.000,-0.000,10
449,0.990,-1.000,3.998,-0.000,0.000,-0.000,10
450,0.990,-1.000,3.998,-0.000,0.000,-0.000,10
451,0.990,-1.000,3.998,-0.000,0.000,-0.000,10
452,0.990,-1.000,3.998,-0.000,0.000,-0.000,10
453,0.990,-1.000,3.998,-0.000,0.000,-0.000,10
454,0.990,-1.000,3.998,-0.000,0.000,-0.000,10
455,0.990,-1.000,3.998,-0.000,0.000,0.000,10
456,0.990,-1.000,3.998,-0.000,0.000,0.000,10
457,0.990,-1.000,3.998,-0.000,0.000,0.000,10
458,0.990,-1.000,3.998,-0.000,0.000,0.000,10
459,0.990,-1.000,3.998,-0.000,0.000,0.000,10
460,0.990,-1.000,3.998,-0.000,0.000,0.000,10
461,0.990,-1.000,3.998,-0.000,0.000,0.000,10
462,0.990,-1.000,3.998,-0.000,0.000,0.000,10
463,0.990,-1.000,3.998,-0.000,-0.000,0.000,10
464,0.990,-1.000,3.998,-0.000,-0.000,0.000,10
465,0.990,-1.000,3.998,-0.000,-0.000,0.000,10
466,0.990,-1.000,3.998,-0.000,-0.000,0.000,10
467,0.990,-1.000,3.998,-0.000,-0.000,0.000,10
468,0.990,-1.000,3.998,-0.000,-0.000,0.000,10
469,0.990,-1.000,3.998,-0.000,-0.000,-0.000,10
470,0.990,-1.000,3.998,-0.000,-0.000,-0.000,10
471,0.990,-1.000,3.998,-0.000,-0.000,-0.000,10
472,0.990,-1.000,3.998,-0.000,-0.000,-0.000,10
473,0.990,-1.000,3.998,-0.000,-0.000,-0.000,10
474,0.990,-1.000,3.998,-0.000,-0.000,-0.000,10
475,0.990,-1.000,3.998,-0.000,-0.000,-0.000,10
476,0.990,-1.000,3.998,-0.000,-0.000,-0.000,10
477,0.990,-1.000,3.998,-0.000,0.000,-0.000,10
478,0.990,-1.000,3.998,-0.000,0.000,-0.000,10
479,0.990,-1.000,3.998,-0.000,0.000,-0.000,10
480,0.990,-1.000,3.998,-0.000,0.000,-0.000,10
481,0.990,-1.000,3.998,-0.000,0.000,-0.000,10
482,0.990,-1.000,3.998,-0.000,0.000,-0.000,10
483,0.990,-1.000,3.998,-0.000,0.000,-0.000,10
484,0.990,-1.000,3.998,-0.000,0.000,0.000,10
485,0.990,-1.000,3.998,-0.000,0.000,0.000,10
486,0.990,-1.000,3.998,-0.000,0.000,0.000,10
487,0.990,-1.000,3.998,-0.000,0.000,0.000,10
488,0.990,-1.000,3.998,-0.000,0.000,0.000,10
489,0.990,-1.000,3.998,-0.000,0.000,0.000,10
490,0.990,-1.000,3.998,-0.000,0.000,0.000,10
491,0.990,-1.000,3.998,-0.000,-0.000,0.000,10
492,0.990,-1.000,3.998,-0.000,-0.000,0.000,10
493,0.990,-1.000,3.998,-0.000,-0.000,0.000,10
494,0.990,-1.000,3.998,-0.000,-0.000,0.000,10
495,0.990,-1.000,3.998,-0.000,-0.000,0.000,10
496,0.990,-1.000,3.998,-0.000,-0.000,0.000,10
497,0.990,-1.000,3.998,-0.000,-0.000,0.000,10
498,0.990,-1.000,3.998,-0.000,-0.000,-0.000,10
499,0.990,-1.000,3.998,-0.000,-0.000,-0.000,10
500,0.990,-1.000,3.998,-0.000,-0.000,-0.000,10
501,0.990,-1.000,3.998,-0.000,-0.000,-0.000,10
502,0.990,-1.000,3.998,-0.000,-0.000,-0.000,10
503,0.990,-1.000,3.998,-0.000,-0.000,-0.000,10
504,0.990,-1.000,3.998,-0.000,0.000,-0.000,10
505,0.990,-1.000,3.998,-0.000,0.000,-0.000,10
506,0.990,-1.000,3.998,-0.000,0.000,-0.000,10
507,0.990,-1.000,3.998,-0.000,0.000,-0.000,10
508,0.990,-1.000,3.998,-0.000,0.000,-0.000,10
509,0.990,-1.000,3.998,-0.000,0.000,-0.000,10
510,0.990,-1.000,3.998,-0.000,0.000,-0.000,10
511,0.990,-1.000,3.998,-0.000,0.000,-0.000,10
512,0.990,-1.000,3.998,-0.000,0.000,-0.000,10
513,0.990,-1.000,3.998,-0.000,0.000,0.000,10
514,0.990,-1.000,3.998,-0.000,0.000,0.000,10
515,0.990,-1.000,3.998,-0.000,0.000,0.000,10
516,0.990,-1.000,3.998,-0.000,0.000,0.000,10
517,0.990,-1.000,3.998,-0.000,0.000,0.000,10
518,0.990,-1.000,3.998,-0.000,-0.000,0.000,10
519,0.990,-1.000,3.998,-0.000,-0.000,0.000,10
520,0.990,-1.000,3.998,-0.000,-0.000,0.000,10
521,0.990,-1.000,3.998,-0.000,-0.000,0.000,10
522,0.990,-1.000,3.998,-0.000,-0.000,0.000,10
523,0.990,-1.000,3.998,-0.000,-0.000,0.000,10
524,0.990,-1.000,3.998,-0.000,-0.000,0.000,10
525,0.990,-1.000,3.998,-0.000,-0.000,0.000,10
526,0.990,-1.000,3.998,-0.000,-0.000,0.000,10
527,0.990,-1.000,3.998,-0.000,-0.000,-0.000,10
528,0.990,-1.000,3.998,-0.000,-0.000,-0.000,10
529,0.990,-1.000,3.998,-0.000,-0.000,-0.000,10
530,0.990,-1.000,3.998,-0.000,-0.000,-0.000,10
531,0.990,-1.000,3.998,-0.000,-0.000,-0.000,10
532,0.990,-1.000,3.998,-0.000,0.000,-0.000,10
533,0.990,-1.000,3.998,-0.000,0.000,-0.000,10
534,0.990,-1.000,3.998,-0.000,0.000,-0.000,10
535,0.990,-1.000,3.998,-0.000,0.000,-0.000,10
536,0.990,-1.000,3.998,-0.000,0.000,-0.000,10
537,0.990,-1.000,3.998,-0.000,0.000,-0.000,10
538,0.990,-1.000,3.998,-0.000,0.000,-0.000,10
539,0.990,-1.000,3.998,-0.000,0.000,-0.000,10
540,0.990,-1.000,3.998,-0.000,0.000,-0.000,10
541,0.990,-1.000,3.998,-0.000,0.000,-0.000,10
542,0.990,-1.000,3.998,-0.000,0.000,0.000,10
543,0.990,-1.000,3.998,-0.000,0.000,0.000,10
544,0.990,-1.000,3.998,-0.000,0.000,0.000,10
545,0.990,-1.000,3.998,-0.000,0.000,0.000,10
546,0.990,-1.000,3.998,-0.000,-0.000,0.000,10
547,0.990,-1.000,3.998,-0.000,-0.000,0.000,10
548,0.990,-1.000,3.998,-0.000,-0.000,0.000,10
549,0.990,-1.000,3.998,-0.000,-0.000,0.000,10
550,0.990,-1.000,3.998,-0.000,-0.000,0.000,10
551,0.990,-1.000,3.998,-0.000,-0.000,0.000,10
552,0.990,-1.000,3.998,-0.000,-0.000,0.000,10
553,0.990,-1.000,3.998,-0.000,-0.000,0.000,10
554,0.990,-1.000,3.998,-0.000,-0.000,0.000,10
555,0.990,-1.000,3.998,-0.000,-0.000,0.000,10
556,0.990,-1.000,3.998,-0.000,-0.000,-0.000,10
557,0.990,-1.000,3.998,-0.000,-0.000,-0.000,10
558,0.990,-1.000,3.998,-0.000,-0.000,-0.000,10
559,0.990,-1.000,3.998,-0.000,-0.000,-0.000,10
560,0.990,-1.000,3.998,-0.000,0.000,-0.000,10
561,0.990,-1.000,3.998,-0.000,0.000,-0.000,10
562,0.990,-1.000,3.998,-0.000,0.000,-0.000,10
563,0.990,-1.000,3.998,-0.000,0.000,-0.000,10
564,0.990,-1.000,3.998,-0.000,0.000,-0.000,10
565,0.990,-1.000,3.998,-0.000,0.000,-0.000,10
566,0.990,-1.000,3.998,-0.000,0.000,-0.000,10
567,0.990,-1.000,3.998,-0.000,0.000,-0.000,10
568,0.990,-1.000,3.998,-0.000,0.000,-0.000,10
569,0.990,-1.000,3.998,-0.000,0.000,-0.000,10
570,0.990,-1.000,3.998,-0.000,0.000,-0.000,10
571,0.990,-1.000,3.998,-0.000,0.000,0.000,10
572,0.990,-1.000,3.998,-0.000,0.000,0.000,10
573,0.990,-1.000,3.998,-0.000,0.000,0.000,10
574,0.990,-1.000,3.998,-0.000,-0.000,0.000,10
575,0.990,-1.000,3.998,-0.000,-0.000,0.000,10
576,0.990,-1.000,3.998,-0.000,-0.000,0.000,10
577,0.990,-1.000,3.998,-0.000,-0.000,0.000,10
578,0.990,-1.000,3.998,-0.000,-0.000,0.000,10
579,0.990,-1.000,3.998,-0.000,-0.000,0.000,10
580,0.990,-1.000,3.998,-0.000,-0.000,0.000,10
581,0.990,-1.000,3.998,-0.000,-0.000,0.000,10
582,0.990,-1.000,3.998,-0.000,-0.000,0.000,10
583,0.990,-1.000,3.998,-0.000,-0.000,0.000,10
584,0.990,-1.000,3.998,-0.000,-0.000,0.000,10
585,0.990,-1.000,3.998,-0.000,-0.000,-0.000,10
586,0.990,-1.000,3.998,-0.000,-0.000,-0.000,10
587,0.990,-1.000,3.998,-0.000,-0.000,-0.000,10
588,0.990,-1.000,3.998,-0.000,0.000,-0.000,10
589,0.990,-1.000,3.998,-0.000,0.000,-0.000,10
590,0.990,-1.000,3.998,-0.000,0.000,-0.000,10
591,0.990,-1.000,3.998,-0.000,0.000,-0.000,10
592,0.990,-1.000,3.998,-0.000,0.000,-0.000,10
593,0.990,-1.000,3.998,-0.000,0.000,-0.000,10
594,0.990,-1.000,3.998,-0.000,0.000,-0.000,10
595,0.990,-1.000,3.998,-0.000,0.000,-0.000,10
596,0.990,-1.000,3.998,-0.000,0.000,-0.000,10
597,0.990,-1.000,3.998,-0.000,0.000,-0.000,10
598,0.990,-1.000,3.998,-0.000,0.000,-0.000,10
599,0.990,-1.000,3.998,-0.000,0.000,-0.000,10
600,0.990,-1.000,3.998,-0.000,0.000,0.000,10
601,0.990,-1.000,3.998,-0.000,-0.000,0.000,10
602,0.990,-1.000,3.998,-0.000,-0.000,0.000,10
603,0.990,-1.000,3.998,-0.000,-0.000,0.000,10
604,0.990,-1.000,3.998,-0.000,-0.000,0.000,10
605,0.990,-1.000,3.998,-0.000,-0.000,0.000,10
606,0.990,-1.000,3.998,-0.000,-0.000,0.000,10
607,0.990,-1.000,3.998,-0.000,-0.000,0.000,10
608,0.990,-1.000,3.998,-0.000,-0.000,0.000,10
609,0.990,-1.000,3.998,-0.000,-0.000,0.000,10
610,0.990,-1.000,3.998,-0.000,-0.000,0.000,10
611,0.990,-1.000,3.998,-0.000,-0.000,0.000,10
612,0.990,-1.000,3.998,-0.000,-0.000,0.000,10
613,0.990,-1.000,3.998,-0.000,-0.000,0.000,10
614,0.990,-1.000,3.998,-0.000,-0.000,-0.000,10
615,0.990,-1.000,3.998,-0.000,0.000,-0.000,10
616,0.990,-1.000,3.998,-0.000,0.000,-0.000,10
617,0.990,-1.000,3.998,-0.000,0.000,-0.000,10
618,0.990,-1.000,3.998,-0.000,0.000,-0.000,10
619,0.990,-1.000,3.998,-0.000,0.000,-0.000,10
620,0.990,-1.000,3.998,-0.000,0.000,-0.000,10
621,0.990,-1.000,3.998,-0.000,0.000,-0.000,10
622,0.990,-1.000,3.998,-0.000,0.000,-0.000,10
623,0.990,-1.000,3.998,-0.000,0.000,-0.000,10
624,0.990,-1.000,3.998,-0.000,0.000,-0.000,10
625,0.990,-1.000,3.998,-0.000,0.000,-0.000,10
626,0.990,-1.000,3.998,-0.000,0.000,-0.000,10
627,0.990,-1.000,3.998,-0.000,0.000,-0.000,10
628,0.990,-1.000,3.998,-0.000,0.000,-0.000,10
629,0.990,-1.000,3.998,-0.000,-0.000,0.000,10
630,0.990,-1.000,3.998,-0.000,-0.000,0.000,10
631,0.990,-1.000,3.998,-0.000,-0.000,0.000,10
632,0.990,-1.000,3.998,-0.000,-0.000,0.000,10
633,0.990,-1.000,3.998,-0.000,-0.000,0.000,10
634,0.990,-1.000,3.998,-0.000,-0.000,0.000,10
635,0.990,-1.000,3.998,-0.000,-0.000,0.000,10
636,0.990,-1.000,3.998,-0.000,-0.000,0.000,10
637,0.990,-1.000,3.998,-0.000,-0.000,0.000,10
638,0.990,-1.000,3.998,-0.000,-0.000,0.000,10
639,0.990,-1.000,3.998,-0.000,-0.000,0.000,10
640,0.990,-1.000,3.998,-0.000,-0.000,0.000,10
641,0.990,-1.000,3.998,-0.000,-0.000,0.000,10
642,0.990,-1.000,3.998,-0.000,-0.000,0.000,10
643,0.990,-1.000,3.998,-0.000,0.000,-0.000,10
644,0.990,-1.000,3.998,-0.000,0.000,-0.000,10
645,0.990,-1.000,3.998,-0.000,0.000,-0.000,10
646,0.990,-1.000,3.998,-0.000,0.000,-0.000,10
647,0.990,-1.000,3.998,-0.000,0.000,-0.000,10
648,0.990,-1.000,3.998,-0.000,0.000,-0.000,10
649,0.990,-1.000,3.998,-0.000,0.000,-0.000,10
650,0.990,-1.000,3.998,-0.000,0.000,-0.000,10
651,0.990,-1.000,3.998,-0.000,0.000,-0.000,10
652,0.990,-1.000,3.998,-0.000,0.000,-0.000,10
653,0.990,-1.000,3.998,-0.000,0.000,-0.000,10
654,0.990,-1.000,3.998,-0.000,0.000,-0.000,10
655,0.990,-1.000,3.998,-0.000,0.000,-0.000,10
656,0.990,-1.000,3.998,-0.000,0.000,-0.000,10
657,0.990,-1.000,3.998,-0.000,-0.000,-0.000,10
658,0.990,-1.000,3.998,-0.000,-0.000,0.000,10
659,0.990,-1.000,3.998,-0.000,-0.000,0.000,10
660,0.990,-1.000,3.998,-0.000,-0.000,0.000,10
661,0.990,-1.000,3.998,-0.000,-0.000,0.000,10
662,0.990,-1.000,3.998,-0.000,-0.000,0.000,10
663,0.990,-1.000,3.998,-0.000,-0.000,0.000,10
664,0.990,-1.000,3.998,-0.000,-0.000,0.000,10
665,0.990,-1.000,3.998,-0.000,-0.000,0.000,10
666,0.990,-1.000,3.998,-0.000,-0.000,0.000,10
667,0.990,-1.000,3.998,-0.000,-0.000,0.000,10
668,0.990,-1.000,3.998,-0.000,-0.000,0.000,10
669,0.990,-1.000,3.998,-0.000,-0.000,0.000,10
670,0.990,-1.000,3.998,-0.000,-0.000,0.000,10
671,0.990,-1.000,3.998,-0.000,0.000,0.000,10
672,0.990,-1.000,3.998,-0.000,0.000,-0.000,10
673,0.990,-1.000,3.998,-0.000,0.000,-0.000,10
674,0.990,-1.000,3.998,-0.000,0.000,-0.000,10
675,0.990,-1.000,3.998,-0.000,0.000,-0.000,10
676,0.990,-1.000,3.998,-0.000,0.000,-0.000,10
677,0.990,-1.000,3.998,-0.000,0.000,-0.000,10
678,0.990,-1.000,3.998,-0.000,0.000,-0.000,10
679,0.990,-1.000,3.998,-0.000,0.000,-0.000,10
680,0.990,-1.000,3.998,-0.000,0.000,-0.000,10
681,0.990,-1.000,3.998,-0.000,0.000,-0.000,10
682,0.990,-1.000,3.998,-0.000,0.000,-0.000,10
683,0.990,-1.000,3.998,-0.000,0.000,-0.000,10
684,0.990,-1.000,3.998,-0.000,-0.000,-0.000,10
685,0.990,-1.000,3.998,-0.000,-0.000,-0.000,10
686,0.990,-1.000,3.998,-0.000,-0.000,-0.000,10
687,0.990,-1.000,3.998,-0.000,-0.000,0.000,10
688,0.990,-1.000,3.998,-0.000,-0.000,0.000,10
689,0.990,-1.000,3.998,-0.000,-0.000,0.000,10
690,0.990,-1.000,3.998,-0.000,-0.000,0.000,10
691,0.990,-1.000,3.998,-0.000,-0.000,0.000,10
692,0.990,-1.000,3.998,-0.000,-0.000,0.000,10
693,0.990,-1.000,3.998,-0.000,-0.000,0.000,10
694,0.990,-1.000,3.998,-0.000,-0.000,0.000,10
695,0.990,-1.000,3.998,-0.000,-0.000,0.000,10
696,0.990,-1.000,3.998,-0.000,-0.000,0.000,10
697,0.990,-1.000,3.998,-0.000,-0.000,0.000,10
698,0.990,-1.000,3.998,-0.000,0.000,0.000,10
699,0.990,-1.000,3.998,-0.000,0.000,0.000,10
700,0.990,-1.000,3.998,-0.000,0.000,0.000,10
