1,-7.100,1.000,0.000,0.000,0.000,0.000,1
2,-7.100,1.000,0.153,0.000,0.000,0.000,1
3,-7.100,1.000,0.473,0.000,0.000,0.000,1
4,-7.100,1.000,0.808,0.000,0.000,0.000,1
5,-7.100,1.000,1.088,0.000,0.000,0.000,1
6,-7.100,1.000,1.290,0.000,0.000,0.000,1
7,-7.100,1.000,1.420,0.000,0.000,0.000,1
8,-7.100,1.000,1.493,0.000,0.000,0.000,1
9,-7.100,1.000,1.522,0.000,0.000,0.000,1
10,-7.100,1.000,1.534,0.000,0.000,0.000,1
11,-7.100,1.000,1.533,0.000,0.000,0.000,1
12,-7.100,1.000,1.527,0.000,0.000,0.000,1
13,-7.100,1.000,1.519,0.000,0.000,0.000,1
14,-7.100,1.000,1.512,0.000,0.000,0.000,1
15,-7.100,1.000,1.506,0.000,0.000,0.000,1
16,-7.100,1.000,1.506,0.000,0.000,0.000,1
17,-7.100,1.000,1.507,0.000,0.000,0.000,1
18,-7.100,1.000,1.507,0.000,0.000,0.000,1
19,-7.100,1.000,1.508,0.000,0.000,0.000,1
20,-7.100,1.000,1.508,0.000,0.000,0.000,1
21,-7.100,1.000,1.509,0.000,0.000,0.000,1
22,-7.100,1.000,1.509,0.000,0.000,0.000,1
23,-7.100,1.000,1.509,0.000,0.000,0.000,1
24,-7.100,1.000,1.509,0.000,0.000,0.000,1
25,-7.100,1.000,1.510,0.000,0.000,0.000,1
26,-7.100,1.000,1.510,0.000,0.000,0.000,1
27,-7.100,1.000,1.510,0.000,0.000,0.000,1
28,-7.100,1.000,1.510,0.000,0.000,0.000,1
29,-7.100,1.000,1.504,0.000,0.000,0.000,1
30,-7.100,1.000,1.503,0.000,0.000,0.000,1
31,-7.100,1.000,1.502,0.000,0.000,0.000,1
32,-7.100,1.000,1.501,0.000,0.000,0.000,1
33,-7.100,1.000,1.500,0.000,0.000,0.000,1
34,-7.100,1.000,1.499,0.000,0.000,0.000,1
35,-7.100,1.000,1.499,0.000,0.000,0.000,1
36,-7.100,1.000,1.498,0.000,0.000,0.000,1
37,-7.100,1.000,1.497,0.000,0.000,0.000,1
38,-7.100,1.000,1.497,0.000,0.000,0.000,1
39,-7.100,1.000,1.496,0.000,0.000,0.000,1
40,-7.100,1.000,1.496,0.000,0.000,0.000,1
41,-7.100,1.000,1.495,0.000,0.000,0.000,1
42,-7.100,1.000,1.495,0.000,0.000,0.000,1
43,-7.100,1.000,1.495,0.000,0.000,0.000,1
44,-7.100,1.000,1.494,0.000,0.000,0.000,1
45,-7.100,1.000,1.494,0.000,0.000,0.000,1
46,-7.100,1.000,1.494,0.000,0.000,0.000,1
47,-7.100,1.000,1.494,0.000,0.000,0.000,1
48,-7.100,1.000,1.494,-0.000,0.027,0.027,40.0
49,-7.100,1.000,1.494,-0.000,0.046,0.047,40.0
50,-7.100,1.000,1.494,-0.000,0.047,0.051,40.0
51,-7.099,0.999,1.494,-0.000,0.033,0.040,40.0
52,-7.099,0.999,1.494,-0.000,0.012,0.023,40.0
53,-7.098,0.998,1.494,-0.000,-0.005,0.005,40.0
54,-7.098,0.997,1.494,-0.000,-0.014,-0.007,40.0
55,-7.097,0.997,1.494,-0.000,-0.013,-0.010,40.0
56,-7.097,0.996,1.494,-0.000,-0.006,-0.007,40.0
57,-7.096,0.996,1.494,-0.000,0.003,0.001,40.0
58,-7.096,0.995,1.494,-0.000,0.009,0.008,40.0
59,-7.095,0.994,1.494,-0.000,0.009,0.011,40.0
60,-7.095,0.994,1.494,-0.000,0.006,0.010,40.0
61,-7.094,0.993,1.494,-0.000,0.004,0.007,40.0
62,-7.094,0.992,1.494,-0.000,0.002,0.005,40.0
63,-7.093,0.991,1.494,-0.000,0.003,0.004,40.0
64,-7.092,0.991,1.494,-0.000,0.006,0.004,40.0
65,-7.092,0.990,1.495,-0.000,0.007,0.006,40.0
66,-7.091,0.989,1.495,-0.000,0.007,0.006,40.0
67,-7.091,0.988,1.495,-0.000,0.003,0.004,40.0
68,-7.090,0.987,1.495,-0.000,-0.001,0.002,40.0
69,-7.089,0.987,1.495,-0.000,-0.002,0.000,40.0
70,-7.089,0.986,1.496,-0.000,-0.001,0.001,40.0
71,-7.088,0.985,1.496,-0.000,0.003,0.002,40.0
72,-7.087,0.984,1.496,-0.000,0.008,0.005,40.0
73,-7.087,0.983,1.496,-0.000,0.011,0.008,40.0
74,-7.086,0.982,1.496,-0.000,0.010,0.009,40.0
75,-7.085,0.981,1.497,-0.000,0.005,0.006,40.0
76,-7.084,0.980,1.497,-0.000,-0.001,0.002,40.0
77,-7.084,0.979,1.497,-0.000,-0.004,-0.000,40.0
78,-7.083,0.978,1.498,-0.000,-0.002,-0.001,40.0
79,-7.082,0.977,1.498,-0.000,0.002,0.001,40.0
80,-7.081,0.977,1.498,-0.000,0.007,0.004,40.0
81,-7.080,0.976,1.498,-0.000,0.011,0.007,40.0
82,-7.080,0.974,1.499,-0.000,0.010,0.008,40.0
83,-7.079,0.973,1.499,-0.000,0.005,0.006,40.0
84,-7.078,0.972,1.499,-0.000,-0.001,0.002,40.0
85,-7.077,0.971,1.499,-0.000,-0.004,-0.000,40.0
86,-7.076,0.970,1.500,-0.000,-0.003,-0.000,40.0
87,-7.075,0.969,1.500,-0.000,0.001,0.001,40.0
88,-7.074,0.968,1.500,-0.000,0.007,0.003,40.0
89,-7.073,0.967,1.501,-0.000,0.010,0.006,40.0
90,-7.072,0.966,1.501,-0.000,0.010,0.007,40.0
91,-7.072,0.965,1.501,-0.000,0.005,0.005,40.0
92,-7.071,0.964,1.502,-0.000,-0.001,0.002,40.0
93,-7.070,0.962,1.502,-0.000,-0.004,-0.000,40.0
94,-7.069,0.961,1.502,-0.000,-0.004,-0.000,40.0
95,-7.068,0.960,1.503,-0.000,0.001,0.001,40.0
96,-7.067,0.959,1.503,-0.000,0.006,0.003,40.0
97,-7.066,0.958,1.503,-0.000,0.010,0.006,40.0
98,-7.065,0.956,1.504,-0.000,0.010,0.007,40.0
99,-7.063,0.955,1.504,-0.000,0.005,0.005,40.0
100,-7.062,0.954,1.504,-0.000,-0.001,0.002,40.0
101,-7.061,0.953,1.505,-0.000,-0.005,-0.000,40.0
102,-7.060,0.951,1.505,-0.000,-0.004,-0.000,40.0
103,-7.059,0.950,1.505,-0.000,0.000,0.001,40.0
104,-7.058,0.949,1.506,-0.000,0.006,0.003,40.0
105,-7.057,0.947,1.506,-0.000,0.010,0.006,40.0
106,-7.056,0.946,1.506,-0.000,0.010,0.006,40.0
107,-7.055,0.945,1.507,-0.000,0.005,0.005,40.0
108,-7.054,0.943,1.507,-0.000,-0.002,0.002,40.0
109,-7.052,0.942,1.507,-0.000,-0.006,-0.000,40.0
110,-7.051,0.941,1.508,-0.000,-0.005,-0.000,40.0
111,-7.050,0.939,1.508,-0.000,-0.000,0.001,40.0
112,-7.049,0.938,1.508,-0.000,0.006,0.002,40.0
113,-7.048,0.936,1.509,-0.000,0.010,0.005,40.0
114,-7.046,0.935,1.509,-0.000,0.011,0.006,40.0
115,-7.045,0.934,1.509,-0.000,0.005,0.004,40.0
116,-7.044,0.932,1.510,-0.000,-0.002,0.002,40.0
117,-7.043,0.931,1.504,-0.000,-0.006,-0.000,40.0
118,-7.041,0.929,1.503,-0.000,-0.006,-0.000,40.0
119,-7.040,0.928,1.502,-0.000,-0.001,0.001,40.0
120,-7.039,0.926,1.502,-0.000,0.006,0.002,40.0
121,-7.038,0.925,1.501,-0.000,0.010,0.005,40.0
122,-7.036,0.923,1.501,-0.000,0.106,0.074,40.0
123,-7.035,0.922,1.500,-0.000,0.166,0.118,40.0
124,-7.033,0.919,1.500,-0.000,0.154,0.105,40.0
125,-7.030,0.917,1.501,-0.000,0.082,0.046,40.0
126,-7.027,0.914,1.500,-0.000,-0.116,0.096,40.0
127,-7.024,0.911,1.500,-0.000,-0.277,0.104,40.0
128,-7.023,0.908,1.500,-0.000,-0.351,0.056,40.0
129,-7.022,0.904,1.500,-0.000,-0.270,-0.162,40.0
130,-7.022,0.901,1.500,-0.000,-0.315,-0.191,45.0
131,-7.024,0.899,1.500,-0.000,-0.301,-0.142,45.0
132,-7.026,0.897,1.500,0.000,-0.223,-0.064,45.0
133,-7.029,0.895,1.500,0.000,-0.118,0.011,45.0
134,-7.033,0.893,1.499,0.000,-0.021,0.061,45.0
135,-7.037,0.891,1.499,-0.000,0.043,0.078,45.0
136,-7.041,0.889,1.499,-0.000,0.066,0.066,45.0
137,-7.044,0.887,1.499,-0.000,0.055,0.036,45.0
138,-7.047,0.884,1.499,-0.000,0.024,0.003,45.0
139,-7.051,0.882,1.499,-0.000,-0.010,-0.022,45.0
140,-7.054,0.879,1.499,-0.000,-0.035,-0.034,45.0
141,-7.057,0.877,1.499,-0.000,-0.045,-0.033,45.0
142,-7.061,0.874,1.499,-0.000,-0.041,-0.022,45.0
143,-7.064,0.872,1.499,-0.000,-0.026,-0.008,45.0
144,-7.068,0.870,1.499,-0.000,-0.009,0.004,45.0
145,-7.072,0.868,1.499,-0.000,0.006,0.011,45.0
146,-7.076,0.866,1.499,-0.000,0.014,0.012,45.0
147,-7.080,0.863,1.499,-0.000,0.015,0.009,45.0
148,-7.083,0.861,1.499,-0.000,0.012,0.004,45.0
149,-7.087,0.859,1.499,-0.000,0.005,-0.002,45.0
150,-7.091,0.856,1.499,-0.000,-0.001,-0.006,45.0
151,-7.094,0.854,1.499,-0.000,-0.004,-0.007,45.0
152,-7.098,0.852,1.499,-0.000,-0.006,-0.006,45.0
153,-7.102,0.849,1.499,-0.000,-0.004,-0.004,45.0
154,-7.105,0.847,1.499,-0.000,-0.001,-0.002,45.0
155,-7.109,0.845,1.499,-0.000,0.001,0.000,45.0
156,-7.113,0.842,1.499,-0.000,0.004,0.001,45.0
157,-7.117,0.840,1.499,-0.000,0.005,0.001,45.0
158,-7.121,0.838,1.499,-0.000,0.004,0.000,45.0
159,-7.124,0.835,1.499,-0.000,0.003,-0.001,45.0
160,-7.128,0.833,1.499,-0.000,0.002,-0.002,45.0
161,-7.132,0.831,1.499,-0.000,0.001,-0.002,45.0
162,-7.135,0.828,1.499,-0.000,0.001,-0.002,45.0
163,-7.139,0.826,1.499,-0.000,0.001,-0.002,45.0
164,-7.143,0.824,1.499,-0.000,0.001,-0.002,45.0
165,-7.147,0.821,1.499,-0.000,0.002,-0.001,45.0
166,-7.150,0.819,1.499,-0.000,0.002,-0.001,45.0
167,-7.154,0.817,1.499,-0.000,0.002,-0.001,45.0
168,-7.158,0.814,1.499,-0.000,0.002,-0.001,45.0
169,-7.162,0.812,1.499,-0.000,0.002,-0.001,45.0
170,-7.165,0.810,1.499,-0.000,0.002,-0.001,45.0
171,-7.169,0.808,1.499,-0.000,0.002,-0.001,45.0
172,-7.173,0.805,1.499,-0.000,0.002,-0.001,45.0
173,-7.177,0.803,1.499,-0.000,0.002,-0.001,45.0
174,-7.180,0.801,1.499,-0.000,0.002,-0.001,45.0
175,-7.184,0.798,1.499,-0.000,0.002,-0.001,45.0
176,-7.188,0.796,1.499,-0.000,0.002,-0.001,45.0
177,-7.192,0.794,1.499,-0.000,0.002,-0.001,45.0
178,-7.195,0.791,1.499,-0.000,0.002,-0.001,45.0
179,-7.199,0.789,1.499,-0.000,0.002,-0.001,45.0
180,-7.203,0.787,1.499,-0.000,0.002,-0.001,45.0
181,-7.207,0.784,1.499,-0.000,0.002,-0.001,45.0
182,-7.210,0.782,1.499,-0.000,0.002,-0.001,45.0
183,-7.214,0.780,1.499,-0.000,0.002,-0.001,45.0
184,-7.218,0.777,1.499,-0.000,0.002,-0.001,45.0
185,-7.222,0.775,1.499,-0.000,0.002,-0.001,45.0
186,-7.225,0.773,1.499,-0.000,0.002,-0.001,45.0
187,-7.229,0.770,1.498,-0.000,0.002,-0.001,45.0
188,-7.233,0.768,1.498,-0.000,0.002,-0.001,45.0
189,-7.237,0.766,1.498,-0.000,0.002,-0.001,45.0
190,-7.240,0.764,1.498,-0.000,0.002,-0.001,45.0
191,-7.244,0.761,1.498,-0.000,0.002,-0.001,45.0
192,-7.248,0.759,1.498,-0.000,0.002,-0.001,45.0
193,-7.252,0.757,1.498,-0.000,0.002,-0.001,45.0
194,-7.255,0.754,1.498,-0.000,0.002,-0.001,45.0
195,-7.259,0.752,1.498,-0.000,0.002,-0.001,45.0
196,-7.263,0.750,1.498,-0.000,0.002,-0.001,45.0
197,-7.267,0.747,1.498,-0.000,0.002,-0.001,45.0
198,-7.270,0.745,1.498,-0.000,0.002,-0.001,45.0
199,-7.274,0.743,1.498,-0.000,0.002,-0.001,45.0
200,-7.278,0.740,1.498,-0.000,0.002,-0.001,45.0
201,-7.282,0.738,1.498,-0.000,0.002,-0.001,45.0
202,-7.285,0.736,1.498,-0.000,0.002,-0.001,45.0
203,-7.289,0.733,1.498,-0.000,0.002,-0.001,45.0
204,-7.293,0.731,1.498,-0.000,0.002,-0.001,45.0
205,-7.297,0.729,1.498,-0.000,0.002,-0.001,45.0
206,-7.300,0.727,1.498,-0.000,0.002,-0.001,45.0
207,-7.304,0.724,1.498,-0.000,0.002,-0.001,45.0
208,-7.308,0.722,1.498,-0.000,0.002,-0.001,45.0
209,-7.312,0.720,1.498,-0.000,0.002,-0.001,45.0
210,-7.315,0.717,1.498,-0.000,0.002,-0.001,45.0
211,-7.319,0.715,1.498,-0.000,0.002,-0.001,45.0
212,-7.323,0.713,1.498,-0.000,0.002,-0.001,45.0
213,-7.326,0.710,1.498,-0.000,0.002,-0.001,45.0
214,-7.330,0.708,1.498,-0.000,0.002,-0.001,45.0
215,-7.334,0.706,1.498,-0.000,0.002,-0.001,45.0
216,-7.338,0.703,1.498,-0.000,0.002,-0.001,45.0
217,-7.341,0.701,1.498,-0.000,0.002,-0.001,45.0
218,-7.345,0.699,1.498,-0.000,0.002,-0.001,45.0
219,-7.349,0.696,1.498,-0.000,0.002,-0.001,45.0
220,-7.353,0.694,1.498,-0.000,0.002,-0.001,45.0
221,-7.356,0.692,1.498,-0.000,0.002,-0.001,45.0
222,-7.360,0.689,1.498,-0.000,0.002,-0.001,45.0
223,-7.364,0.687,1.498,-0.000,0.002,-0.001,45.0
224,-7.368,0.685,1.498,-0.000,0.002,-0.001,45.0
225,-7.371,0.683,1.498,-0.000,0.002,-0.001,45.0
226,-7.375,0.680,1.498,-0.000,0.004,-0.002,45.0
227,-7.379,0.678,1.498,-0.000,0.007,-0.004,45.0
228,-7.383,0.676,1.498,-0.000,0.011,-0.007,45.0
229,-7.386,0.673,1.498,-0.000,0.014,-0.009,45.0
230,-7.390,0.671,1.498,-0.000,0.016,-0.010,45.0
231,-7.394,0.669,1.498,-0.000,0.017,-0.010,45.0
232,-7.397,0.667,1.498,-0.000,0.016,-0.010,45.0
233,-7.401,0.664,1.498,-0.000,0.015,-0.009,45.0
234,-7.404,0.662,1.498,-0.000,0.014,-0.009,45.0
235,-7.408,0.660,1.498,-0.000,0.013,-0.008,45.0
236,-7.411,0.658,1.498,-0.000,0.013,-0.008,45.0
237,-7.414,0.656,1.498,-0.000,0.013,-0.008,45.0
238,-7.418,0.654,1.498,-0.000,0.013,-0.008,45.0
239,-7.421,0.652,1.498,-0.000,0.014,-0.008,45.0
240,-7.424,0.650,1.498,-0.000,0.014,-0.009,45.0
241,-7.427,0.648,1.498,-0.000,0.014,-0.009,45.0
242,-7.430,0.646,1.498,-0.000,0.014,-0.009,45.0
243,-7.433,0.644,1.498,-0.000,0.014,-0.008,45.0
244,-7.436,0.642,1.498,-0.000,0.013,-0.008,45.0
245,-7.439,0.640,1.498,-0.000,0.013,-0.008,45.0
246,-7.442,0.639,1.498,-0.000,0.013,-0.008,45.0
247,-7.445,0.637,1.498,-0.000,0.012,-0.008,45.0
248,-7.448,0.635,1.498,-0.000,0.012,-0.008,45.0
249,-7.451,0.633,1.498,-0.000,0.012,-0.008,45.0
250,-7.454,0.632,1.498,-0.000,0.012,-0.007,45.0
251,-7.457,0.630,1.498,-0.000,0.012,-0.007,45.0
252,-7.459,0.628,1.498,-0.000,0.012,-0.007,45.0
253,-7.462,0.626,1.498,-0.000,0.012,-0.007,45.0
254,-7.465,0.625,1.498,-0.000,0.012,-0.007,45.0
255,-7.468,0.623,1.498,-0.000,0.011,-0.007,45.0
256,-7.470,0.622,1.498,-0.000,0.011,-0.007,45.0
257,-7.473,0.620,1.498,-0.000,0.011,-0.007,45.0
258,-7.475,0.618,1.498,-0.000,0.011,-0.007,45.0
259,-7.478,0.617,1.498,-0.000,0.011,-0.007,45.0
260,-7.480,0.615,1.498,-0.000,0.011,-0.007,45.0
261,-7.483,0.614,1.498,-0.000,0.011,-0.007,45.0
262,-7.485,0.612,1.498,-0.000,0.010,-0.006,45.0
263,-7.487,0.611,1.498,-0.000,0.010,-0.006,45.0
264,-7.490,0.609,1.498,-0.000,0.010,-0.006,45.0
265,-7.492,0.608,1.498,-0.000,0.010,-0.006,45.0
266,-7.494,0.607,1.498,-0.000,0.010,-0.006,45.0
267,-7.497,0.605,1.498,-0.000,0.010,-0.006,45.0
268,-7.499,0.604,1.498,-0.000,0.010,-0.006,45.0
269,-7.501,0.602,1.498,-0.000,0.009,-0.006,45.0
270,-7.503,0.601,1.498,-0.000,0.009,-0.006,45.0
271,-7.505,0.600,1.498,-0.000,0.009,-0.006,45.0
272,-7.507,0.598,1.498,-0.000,0.009,-0.006,45.0
273,-7.510,0.597,1.498,-0.000,0.009,-0.006,45.0
274,-7.512,0.596,1.498,-0.000,0.009,-0.005,45.0
275,-7.514,0.595,1.498,-0.000,0.009,-0.005,45.0
276,-7.516,0.593,1.498,-0.000,0.009,-0.005,45.0
277,-7.518,0.592,1.498,-0.000,0.009,-0.005,45.0
278,-7.520,0.591,1.498,-0.000,0.008,-0.005,45.0
279,-7.521,0.590,1.498,-0.000,0.008,-0.005,45.0
280,-7.523,0.589,1.498,-0.000,0.008,-0.005,45.0
281,-7.525,0.587,1.498,-0.000,0.008,-0.005,45.0
282,-7.527,0.586,1.498,-0.000,0.008,-0.005,45.0
283,-7.529,0.585,1.498,-0.000,0.008,-0.005,45.0
284,-7.531,0.584,1.498,-0.000,0.008,-0.005,45.0
285,-7.533,0.583,1.498,-0.000,0.008,-0.005,45.0
286,-7.534,0.582,1.498,-0.000,0.008,-0.005,45.0
287,-7.536,0.581,1.498,-0.000,0.007,-0.005,45.0
288,-7.538,0.580,1.498,-0.000,0.007,-0.005,45.0
289,-7.539,0.579,1.497,-0.000,0.007,-0.004,45.0
290,-7.541,0.578,1.497,-0.000,0.007,-0.004,45.0
291,-7.543,0.577,1.497,-0.000,0.007,-0.004,45.0
292,-7.544,0.576,1.497,-0.000,0.007,-0.004,45.0
293,-7.546,0.575,1.497,-0.000,0.007,-0.004,45.0
294,-7.548,0.574,1.497,-0.000,0.007,-0.004,45.0
295,-7.549,0.573,1.497,-0.000,0.007,-0.004,45.0
296,-7.551,0.572,1.497,-0.000,0.007,-0.004,45.0
297,-7.552,0.571,1.497,-0.000,0.007,-0.004,45.0
298,-7.554,0.570,1.497,-0.000,0.006,-0.004,45.0
299,-7.555,0.569,1.497,-0.000,0.006,-0.004,45.0
300,-7.557,0.568,1.497,-0.000,0.006,-0.004,45.0
301,-7.558,0.567,1.497,-0.000,0.006,-0.004,45.0
302,-7.559,0.566,1.497,-0.000,0.006,-0.004,45.0
303,-7.561,0.565,1.497,-0.000,0.006,-0.004,45.0
304,-7.562,0.565,1.497,-0.000,0.006,-0.004,45.0
305,-7.564,0.564,1.497,-0.000,0.006,-0.004,45.0
306,-7.565,0.563,1.497,-0.000,0.006,-0.004,45.0
307,-7.566,0.562,1.497,-0.000,0.006,-0.004,45.0
308,-7.568,0.561,1.497,-0.000,0.006,-0.004,45.0
309,-7.569,0.560,1.497,-0.000,0.006,-0.003,45.0
310,-7.570,0.560,1.497,-0.000,0.006,-0.003,45.0
311,-7.571,0.559,1.497,-0.000,0.005,-0.003,45.0
312,-7.573,0.558,1.497,-0.000,0.005,-0.003,45.0
313,-7.574,0.557,1.497,-0.000,0.005,-0.003,45.0
314,-7.575,0.557,1.497,-0.000,0.005,-0.003,45.0
315,-7.576,0.556,1.497,-0.000,0.005,-0.003,45.0
316,-7.578,0.555,1.497,-0.000,0.005,-0.003,45.0
317,-7.579,0.554,1.497,-0.000,0.005,-0.003,45.0
318,-7.580,0.554,1.497,-0.000,0.005,-0.003,45.0
319,-7.581,0.553,1.497,-0.000,0.005,-0.003,45.0
320,-7.582,0.552,1.497,-0.000,0.005,-0.003,45.0
321,-7.583,0.552,1.497,-0.000,0.005,-0.003,45.0
322,-7.584,0.551,1.497,-0.000,0.005,-0.003,45.0
323,-7.585,0.550,1.497,-0.000,0.005,-0.003,45.0
324,-7.586,0.550,1.497,-0.000,0.005,-0.003,45.0
325,-7.587,0.549,1.497,-0.000,0.005,-0.003,45.0
326,-7.589,0.548,1.497,-0.000,0.004,-0.003,45.0
327,-7.590,0.548,1.497,-0.000,0.004,-0.003,45.0
328,-7.591,0.547,1.497,-0.000,0.004,-0.003,45.0
329,-7.592,0.546,1.497,-0.000,0.004,-0.003,45.0
330,-7.593,0.546,1.497,-0.000,0.004,-0.003,45.0
331,-7.593,0.545,1.497,-0.000,0.004,-0.003,45.0
332,-7.594,0.545,1.497,-0.000,0.004,-0.003,45.0
333,-7.595,0.544,1.497,-0.000,0.004,-0.003,45.0
334,-7.596,0.543,1.497,-0.000,0.004,-0.002,45.0
335,-7.597,0.543,1.497,-0.000,0.004,-0.002,45.0
336,-7.598,0.542,1.497,-0.000,0.004,-0.002,45.0
337,-7.599,0.542,1.497,-0.000,0.004,-0.002,45.0
338,-7.600,0.541,1.497,-0.000,0.004,-0.002,45.0
339,-7.601,0.541,1.497,-0.000,0.004,-0.002,45.0
340,-7.602,0.540,1.497,-0.000,0.004,-0.002,45.0
341,-7.603,0.540,1.497,-0.000,0.004,-0.002,45.0
342,-7.603,0.539,1.497,-0.000,0.004,-0.002,45.0
343,-7.604,0.539,1.497,-0.000,0.004,-0.002,45.0
344,-7.605,0.538,1.497,-0.000,0.004,-0.002,45.0
345,-7.606,0.538,1.497,-0.000,0.003,-0.002,45.0
346,-7.607,0.537,1.497,-0.000,0.003,-0.002,45.0
347,-7.607,0.537,1.497,-0.000,0.003,-0.002,45.0
348,-7.608,0.536,1.497,-0.000,0.003,-0.002,45.0
349,-7.609,0.536,1.497,-0.000,0.003,-0.002,45.0
350,-7.610,0.535,1.497,-0.000,0.003,-0.002,45.0
351,-7.610,0.535,1.497,-0.000,0.003,-0.002,45.0
352,-7.611,0.534,1.497,-0.000,0.003,-0.002,45.0
353,-7.612,0.534,1.497,-0.000,0.003,-0.002,45.0
354,-7.613,0.533,1.497,-0.000,0.003,-0.002,45.0
355,-7.613,0.533,1.497,-0.000,0.003,-0.002,45.0
356,-7.614,0.533,1.497,-0.000,0.003,-0.002,45.0
357,-7.615,0.532,1.497,-0.000,0.003,-0.002,45.0
358,-7.615,0.532,1.497,-0.000,0.003,-0.002,45.0
359,-7.616,0.531,1.497,-0.000,0.003,-0.002,45.0
360,-7.617,0.531,1.497,-0.000,0.003,-0.002,45.0
361,-7.617,0.530,1.497,-0.000,0.003,-0.002,45.0
362,-7.618,0.530,1.497,-0.000,0.003,-0.002,45.0
363,-7.619,0.530,1.497,-0.000,0.003,-0.002,45.0
364,-7.619,0.529,1.497,-0.000,0.003,-0.002,45.0
365,-7.620,0.529,1.497,-0.000,0.003,-0.002,45.0
366,-7.621,0.529,1.497,-0.000,0.003,-0.002,45.0
367,-7.621,0.528,1.497,-0.000,0.003,-0.002,45.0
368,-7.622,0.528,1.497,-0.000,0.003,-0.002,45.0
369,-7.622,0.527,1.497,-0.000,0.003,-0.002,45.0
370,-7.623,0.527,1.497,-0.000,0.003,-0.002,45.0
371,-7.623,0.527,1.497,-0.000,0.002,-0.002,45.0
372,-7.624,0.526,1.497,-0.000,0.002,-0.002,45.0
373,-7.625,0.526,1.497,-0.000,0.002,-0.001,45.0
374,-7.625,0.526,1.497,-0.000,0.002,-0.001,45.0
375,-7.626,0.525,1.497,-0.000,0.002,-0.001,45.0
376,-7.626,0.525,1.497,-0.000,0.002,-0.001,45.0
377,-7.627,0.525,1.497,-0.000,0.002,-0.001,45.0
378,-7.627,0.524,1.497,-0.000,0.002,-0.001,45.0
379,-7.628,0.524,1.497,-0.000,0.002,-0.001,45.0
380,-7.628,0.524,1.497,-0.000,0.002,-0.001,45.0
381,-7.629,0.523,1.497,-0.000,0.002,-0.001,45.0
382,-7.629,0.523,1.497,-0.000,0.002,-0.001,45.0
383,-7.630,0.523,1.497,-0.000,0.002,-0.001,45.0
384,-7.630,0.523,1.497,-0.000,0.002,-0.001,45.0
385,-7.631,0.522,1.497,-0.000,0.002,-0.001,45.0
386,-7.631,0.522,1.497,-0.000,0.002,-0.001,45.0
387,-7.632,0.522,1.497,-0.000,0.002,-0.001,45.0
388,-7.632,0.521,1.497,-0.000,0.002,-0.001,45.0
389,-7.633,0.521,1.497,-0.000,0.002,-0.001,45.0
390,-7.633,0.521,1.497,-0.000,0.002,-0.001,45.0
391,-7.633,0.521,1.497,-0.000,0.002,-0.001,45.0
392,-7.634,0.520,1.497,-0.000,0.002,-0.001,45.0
393,-7.634,0.520,1.497,-0.000,0.002,-0.001,45.0
394,-7.635,0.520,1.497,-0.000,0.002,-0.001,45.0
395,-7.635,0.519,1.497,-0.000,0.002,-0.001,45.0
396,-7.636,0.519,1.497,-0.000,0.002,-0.001,45.0
397,-7.636,0.519,1.497,-0.000,0.002,-0.001,45.0
398,-7.636,0.519,1.497,-0.000,0.002,-0.001,45.0
399,-7.637,0.518,1.497,-0.000,0.002,-0.001,45.0
400,-7.637,0.518,1.497,-0.000,0.002,-0.001,45.0
401,-7.638,0.518,1.497,-0.000,0.002,-0.001,45.0
402,-7.638,0.518,1.497,-0.000,0.002,-0.001,45.0
403,-7.638,0.518,1.497,-0.000,0.002,-0.001,45.0
404,-7.639,0.517,1.497,-0.000,0.002,-0.001,45.0
405,-7.639,0.517,1.497,-0.000,0.002,-0.001,45.0
406,-7.639,0.517,1.497,-0.000,0.002,-0.001,45.0
407,-7.640,0.517,1.497,-0.000,0.002,-0.001,45.0
408,-7.640,0.516,1.497,-0.000,0.002,-0.001,45.0
409,-7.640,0.516,1.497,-0.000,0.001,-0.001,45.0
410,-7.641,0.516,1.497,-0.000,0.001,-0.001,45.0
411,-7.641,0.516,1.497,-0.000,0.001,-0.001,45.0
412,-7.641,0.516,1.497,-0.000,0.001,-0.001,45.0
413,-7.642,0.515,1.497,-0.000,0.001,-0.001,45.0
414,-7.642,0.515,1.497,-0.000,0.001,-0.001,45.0
415,-7.642,0.515,1.497,-0.000,0.001,-0.001,45.0
416,-7.643,0.515,1.497,-0.000,0.001,-0.001,45.0
417,-7.643,0.515,1.497,-0.000,0.001,-0.001,45.0
418,-7.643,0.514,1.497,-0.000,0.001,-0.001,45.0
419,-7.644,0.514,1.497,-0.000,0.001,-0.001,45.0
420,-7.644,0.514,1.497,-0.000,0.001,-0.001,45.0
421,-7.644,0.514,1.497,-0.000,0.001,-0.001,45.0
422,-7.645,0.514,1.497,-0.000,0.001,-0.001,45.0
423,-7.645,0.513,1.497,-0.000,0.001,-0.001,45.0
424,-7.645,0.513,1.497,-0.000,0.001,-0.001,45.0
425,-7.645,0.513,1.497,-0.000,0.001,-0.001,45.0
426,-7.646,0.513,1.497,-0.000,0.001,-0.001,45.0
427,-7.646,0.513,1.497,-0.000,0.001,-0.001,45.0
428,-7.646,0.513,1.497,-0.000,0.001,-0.001,45.0
429,-7.647,0.512,1.497,-0.000,0.001,-0.001,45.0
430,-7.647,0.512,1.497,-0.000,0.001,-0.001,45.0
431,-7.647,0.512,1.497,-0.000,0.001,-0.001,45.0
432,-7.647,0.512,1.497,-0.000,0.001,-0.001,45.0
433,-7.648,0.512,1.497,-0.000,0.001,-0.001,45.0
434,-7.648,0.512,1.497,-0.000,0.001,-0.001,45.0
435,-7.648,0.511,1.497,-0.000,0.001,-0.001,45.0
436,-7.648,0.511,1.497,-0.000,0.001,-0.001,45.0
437,-7.649,0.511,1.497,-0.000,0.001,-0.001,45.0
438,-7.649,0.511,1.497,-0.000,0.001,-0.001,45.0
439,-7.649,0.511,1.497,-0.000,0.001,-0.001,45.0
440,-7.649,0.511,1.497,-0.000,0.001,-0.001,45.0
441,-7.649,0.511,1.497,-0.000,0.001,-0.001,45.0
442,-7.650,0.510,1.497,-0.000,0.001,-0.001,45.0
443,-7.650,0.510,1.497,-0.000,0.001,-0.001,45.0
444,-7.650,0.510,1.497,-0.000,0.001,-0.001,45.0
445,-7.650,0.510,1.497,-0.000,0.001,-0.001,45.0
446,-7.651,0.510,1.497,-0.000,0.001,-0.001,45.0
447,-7.651,0.510,1.497,-0.000,0.001,-0.001,45.0
448,-7.651,0.510,1.497,-0.000,0.001,-0.001,45.0
449,-7.651,0.510,1.497,-0.000,0.001,-0.001,45.0
450,-7.651,0.509,1.497,-0.000,0.001,-0.001,45.0
451,-7.652,0.509,1.497,-0.000,0.001,-0.001,45.0
452,-7.652,0.509,1.497,-0.000,0.001,-0.001,45.0
453,-7.652,0.509,1.497,-0.000,0.001,-0.001,45.0
454,-7.652,0.509,1.497,-0.000,0.001,-0.001,45.0
455,-7.652,0.509,1.497,-0.000,0.001,-0.001,45.0
456,-7.653,0.509,1.497,-0.000,0.001,-0.000,45.0
457,-7.653,0.509,1.497,-0.000,0.001,-0.000,45.0
458,-7.653,0.508,1.497,-0.000,0.001,-0.000,45.0
459,-7.653,0.508,1.497,-0.000,0.001,-0.000,45.0
460,-7.653,0.508,1.497,-0.000,0.001,-0.000,45.0
461,-7.653,0.508,1.497,-0.000,0.001,-0.000,45.0
462,-7.654,0.508,1.497,-0.000,0.001,-0.000,45.0
463,-7.654,0.508,1.497,-0.000,0.001,-0.000,45.0
464,-7.654,0.508,1.497,-0.000,0.001,-0.000,45.0
465,-7.654,0.508,1.497,-0.000,0.001,-0.000,45.0
466,-7.654,0.508,1.497,-0.000,0.001,-0.000,45.0
467,-7.654,0.508,1.497,-0.000,0.001,-0.000,45.0
468,-7.655,0.507,1.497,-0.000,0.001,-0.000,45.0
469,-7.655,0.507,1.497,-0.000,0.001,-0.000,45.0
470,-7.655,0.507,1.497,-0.000,0.001,-0.000,45.0
471,-7.655,0.507,1.497,-0.000,0.001,-0.000,45.0
472,-7.655,0.507,1.497,-0.000,0.001,-0.000,45.0
473,-7.655,0.507,1.497,-0.000,0.001,-0.000,45.0
474,-7.656,0.507,1.497,-0.000,0.001,-0.000,45.0
475,-7.656,0.507,1.497,-0.000,0.001,-0.000,45.0
476,-7.656,0.507,1.497,-0.000,0.001,-0.000,45.0
477,-7.656,0.507,1.497,-0.000,0.001,-0.000,45.0
478,-7.656,0.507,1.497,-0.000,0.001,-0.000,45.0
479,-7.656,0.506,1.497,-0.000,0.001,-0.000,45.0
480,-7.656,0.506,1.497,-0.000,0.001,-0.000,45.0
481,-7.657,0.506,1.497,-0.000,0.001,-0.000,45.0
482,-7.657,0.506,1.497,-0.000,0.001,-0.000,45.0
483,-7.657,0.506,1.497,-0.000,0.001,-0.000,45.0
484,-7.657,0.506,1.497,-0.000,0.001,-0.000,45.0
485,-7.657,0.506,1.497,-0.000,0.001,-0.000,45.0
486,-7.657,0.506,1.497,-0.000,0.001,-0.000,45.0
487,-7.657,0.506,1.497,-0.000,0.001,-0.000,45.0
488,-7.657,0.506,1.497,-0.000,0.001,-0.000,45.0
489,-7.658,0.506,1.497,-0.000,0.001,-0.000,45.0
490,-7.658,0.506,1.497,-0.000,0.001,-0.000,45.0
491,-7.658,0.505,1.497,-0.000,0.001,-0.000,45.0
492,-7.658,0.505,1.497,-0.000,0.001,-0.000,45.0
493,-7.658,0.505,1.497,-0.000,0.000,-0.000,45.0
494,-7.658,0.505,1.497,-0.000,0.000,-0.000,45.0
495,-7.658,0.505,1.497,-0.000,0.000,-0.000,45.0
496,-7.658,0.505,1.497,-0.000,0.006,-0.004,45.0
497,-7.658,0.505,1.497,-0.000,0.009,-0.006,45.0
498,-7.658,0.505,1.497,-0.000,0.009,-0.006,45.0
499,-7.659,0.505,1.497,-0.000,0.007,-0.004,45.0
500,-7.659,0.505,1.497,-0.000,0.004,-0.002,45.0
501,-7.659,0.505,1.497,-0.000,0.000,-0.000,45.0
502,-7.659,0.505,1.497,-0.000,-0.002,0.001,45.0
503,-7.659,0.505,1.497,-0.000,-0.003,0.002,45.0
504,-7.659,0.505,1.497,-0.000,-0.002,0.001,45.0
505,-7.659,0.505,1.497,-0.000,-0.001,0.001,45.0
506,-7.659,0.505,1.497,-0.000,0.000,-0.000,45.0
507,-7.659,0.505,1.497,-0.000,0.001,-0.001,45.0
508,-7.659,0.505,1.497,-0.000,0.001,-0.001,45.0
509,-7.659,0.505,1.497,-0.000,0.001,-0.001,45.0
510,-7.659,0.505,1.497,-0.000,0.001,-0.001,45.0
511,-7.659,0.505,1.497,-0.000,0.000,-0.000,45.0
512,-7.659,0.505,1.497,-0.000,-0.000,0.000,45.0
513,-7.659,0.505,1.497,-0.000,-0.000,0.000,45.0
514,-7.659,0.505,1.497,-0.000,-0.001,0.000,45.0
515,-7.659,0.505,1.497,-0.000,-0.000,0.000,45.0
516,-7.659,0.505,1.497,-0.000,-0.000,0.000,45.0
517,-7.659,0.505,1.497,-0.000,0.000,-0.000,45.0
518,-7.659,0.505,1.497,-0.000,0.000,-0.000,45.0
519,-7.659,0.505,1.497,-0.000,0.000,-0.000,45.0
520,-7.659,0.505,1.497,-0.000,0.000,-0.000,45.0
521,-7.659,0.505,1.497,-0.000,0.000,-0.000,45.0
522,-7.659,0.505,1.497,-0.000,0.000,-0.000,45.0
523,-7.659,0.505,1.497,-0.000,-0.000,0.000,45.0
524,-7.659,0.505,1.497,-0.000,-0.000,0.000,45.0
525,-7.659,0.505,1.497,-0.000,-0.000,0.000,45.0
526,-7.659,0.505,1.497,-0.000,-0.000,0.000,45.0
527,-7.659,0.505,1.497,-0.000,-0.000,0.000,45.0
528,-7.659,0.505,1.497,-0.000,0.000,-0.000,45.0
529,-7.659,0.505,1.497,-0.000,0.000,-0.000,45.0
530,-7.659,0.505,1.497,-0.000,0.000,-0.000,45.0
531,-7.659,0.505,1.497,-0.000,0.000,-0.000,45.0
532,-7.659,0.505,1.497,-0.000,0.000,-0.000,45.0
533,-7.659,0.505,1.497,-0.000,-0.000,0.000,45.0
534,-7.659,0.505,1.497,-0.000,-0.000,0.000,45.0
535,-7.659,0.505,1.497,-0.000,-0.000,0.000,45.0
536,-7.659,0.505,1.497,-0.000,-0.000,0.000,45.0
537,-7.659,0.505,1.497,-0.000,-0.000,0.000,45.0
538,-7.659,0.505,1.497,-0.000,-0.000,0.000,45.0
539,-7.659,0.505,1.497,-0.000,0.000,-0.000,45.0
540,-7.659,0.505,1.497,-0.000,0.000,-0.000,45.0
541,-7.659,0.505,1.497,-0.000,0.000,-0.000,45.0
542,-7.659,0.505,1.497,-0.000,0.000,-0.000,45.0
543,-7.659,0.505,1.497,-0.000,0.000,-0.000,45.0
544,-7.659,0.505,1.497,-0.000,-0.000,0.000,45.0
545,-7.659,0.505,1.497,-0.000,-0.000,0.000,45.0
546,-7.659,0.505,1.497,-0.000,-0.000,0.000,45.0
547,-7.659,0.505,1.497,-0.000,-0.000,0.000,45.0
548,-7.659,0.505,1.497,-0.000,-0.000,0.000,45.0
549,-7.659,0.505,1.497,-0.000,0.000,-0.000,45.0
550,-7.659,0.505,1.497,-0.000,0.000,-0.000,45.0
551,-7.659,0.505,1.497,-0.000,0.000,-0.000,45.0
552,-7.659,0.505,1.497,-0.000,0.000,-0.000,45.0
553,-7.659,0.505,1.497,-0.000,0.000,-0.000,45.0
554,-7.659,0.505,1.497,-0.000,0.000,-0.000,45.0
555,-7.659,0.505,1.497,-0.000,-0.000,0.000,45.0
556,-7.659,0.505,1.497,-0.000,-0.000,0.000,45.0
557,-7.659,0.505,1.497,-0.000,-0.000,0.000,45.0
558,-7.659,0.505,1.497,-0.000,-0.000,0.000,45.0
559,-7.659,0.505,1.497,-0.000,-0.000,0.000,45.0
560,-7.659,0.505,1.497,-0.000,0.000,-0.000,45.0
561,-7.659,0.505,1.497,-0.000,0.000,-0.000,45.0
562,-7.659,0.505,1.497,-0.000,0.000,-0.000,45.0
563,-7.659,0.505,1.497,-0.000,0.000,-0.000,45.0
564,-7.659,0.505,1.497,-0.000,0.000,-0.000,45.0
565,-7.659,0.505,1.497,-0.000,-0.000,0.000,45.0
566,-7.659,0.505,1.497,-0.000,-0.000,0.000,45.0
567,-7.659,0.505,1.497,-0.000,-0.000,0.000,45.0
568,-7.659,0.505,1.497,-0.000,-0.000,0.000,45.0
569,-7.659,0.505,1.497,-0.000,-0.000,0.000,45.0
570,-7.659,0.505,1.497,-0.000,-0.000,0.000,45.0
571,-7.659,0.505,1.497,-0.000,0.000,-0.000,45.0
572,-7.659,0.505,1.497,-0.000,0.000,-0.000,45.0
573,-7.659,0.505,1.497,-0.000,0.000,-0.000,45.0
574,-7.659,0.505,1.497,-0.000,0.000,-0.000,45.0
575,-7.659,0.505,1.497,-0.000,0.000,-0.000,45.0
576,-7.659,0.505,1.497,-0.000,-0.000,0.000,45.0
577,-7.659,0.505,1.497,-0.000,-0.000,0.000,45.0
578,-7.659,0.505,1.497,-0.000,-0.000,0.000,45.0
579,-7.659,0.505,1.497,-0.000,-0.000,0.000,45.0
580,-7.659,0.505,1.497,-0.000,-0.000,0.000,45.0
581,-7.659,0.505,1.497,-0.000,0.000,-0.000,45.0
582,-7.659,0.505,1.497,-0.000,0.000,-0.000,45.0
583,-7.659,0.505,1.497,-0.000,0.000,-0.000,45.0
584,-7.659,0.505,1.497,-0.000,0.000,-0.000,45.0
585,-7.659,0.505,1.497,-0.000,0.000,-0.000,45.0
586,-7.659,0.505,1.497,-0.000,0.000,-0.000,45.0
587,-7.659,0.505,1.497,-0.000,-0.000,0.000,45.0
588,-7.659,0.505,1.497,-0.000,-0.000,0.000,45.0
589,-7.659,0.505,1.497,-0.000,-0.000,0.000,45.0
590,-7.659,0.505,1.497,-0.000,-0.000,0.000,45.0
591,-7.659,0.505,1.497,-0.000,-0.000,0.000,45.0
592,-7.659,0.505,1.497,-0.000,0.000,-0.000,45.0
593,-7.659,0.505,1.497,-0.000,0.000,-0.000,45.0
594,-7.659,0.505,1.497,-0.000,0.000,-0.000,45.0
595,-7.659,0.505,1.497,-0.000,0.000,-0.000,45.0
596,-7.659,0.505,1.497,-0.000,0.000,-0.000,45.0
597,-7.659,0.505,1.497,-0.000,-0.000,0.000,45.0
598,-7.659,0.505,1.497,-0.000,-0.000,0.000,45.0
599,-7.659,0.505,1.497,-0.000,-0.000,0.000,45.0
600,-7.659,0.505,1.497,-0.000,-0.000,0.000,45.0
601,-7.659,0.505,1.497,-0.000,-0.000,0.000,45.0
602,-7.659,0.505,1.497,-0.000,-0.000,0.000,45.0
603,-7.659,0.505,1.497,-0.000,0.000,-0.000,45.0
604,-7.659,0.505,1.497,-0.000,0.000,-0.000,45.0
605,-7.659,0.505,1.497,-0.000,0.000,-0.000,45.0
606,-7.659,0.505,1.497,-0.000,0.000,-0.000,45.0
607,-7.659,0.505,1.497,-0.000,0.000,-0.000,45.0
608,-7.659,0.505,1.497,-0.000,-0.000,0.000,45.0
609,-7.659,0.505,1.497,-0.000,-0.000,0.000,45.0
610,-7.659,0.505,1.497,-0.000,-0.000,0.000,45.0
611,-7.659,0.505,1.497,-0.000,-0.000,0.000,45.0
612,-7.659,0.505,1.497,-0.000,-0.000,0.000,45.0
613,-7.659,0.505,1.497,-0.000,0.000,-0.000,45.0
614,-7.659,0.505,1.497,-0.000,0.000,-0.000,45.0
615,-7.659,0.505,1.497,-0.000,0.000,-0.000,45.0
616,-7.659,0.505,1.497,-0.000,0.000,-0.000,45.0
617,-7.659,0.505,1.497,-0.000,0.000,-0.000,45.0
618,-7.659,0.505,1.497,-0.000,0.000,-0.000,45.0
619,-7.659,0.505,1.497,-0.000,-0.000,0.000,45.0
620,-7.659,0.505,1.497,-0.000,-0.000,0.000,45.0
621,-7.659,0.505,1.497,-0.000,-0.000,0.000,45.0
622,-7.659,0.505,1.497,-0.000,-0.000,0.000,45.0
623,-7.659,0.505,1.497,-0.000,-0.000,0.000,45.0
624,-7.659,0.505,1.497,-0.000,0.000,-0.000,45.0
625,-7.659,0.505,1.497,-0.000,0.000,-0.000,45.0
626,-7.659,0.505,1.497,-0.000,0.000,-0.000,45.0
627,-7.659,0.505,1.497,-0.000,0.000,-0.000,45.0
628,-7.659,0.505,1.497,-0.000,0.000,-0.000,45.0
629,-7.659,0.505,1.497,-0.000,-0.000,0.000,45.0
630,-7.659,0.505,1.497,-0.000,-0.000,0.000,45.0
631,-7.659,0.505,1.497,-0.000,-0.000,0.000,45.0
632,-7.659,0.505,1.497,-0.000,-0.000,0.000,45.0
633,-7.659,0.505,1.497,-0.000,-0.000,0.000,45.0
634,-7.659,0.505,1.497,-0.000,-0.000,0.000,45.0
635,-7.659,0.505,1.497,-0.000,0.000,-0.000,45.0
636,-7.659,0.505,1.497,-0.000,0.000,-0.000,45.0
637,-7.659,0.505,1.497,-0.000,0.000,-0.000,45.0
638,-7.659,0.505,1.497,-0.000,0.000,-0.000,45.0
639,-7.659,0.505,1.497,-0.000,0.000,-0.000,45.0
640,-7.659,0.505,1.497,-0.000,-0.000,0.000,45.0
641,-7.659,0.505,1.497,-0.000,-0.000,0.000,45.0
642,-7.659,0.505,1.497,-0.000,-0.000,0.000,45.0
643,-7.659,0.505,1.497,-0.000,-0.000,0.000,45.0
644,-7.659,0.505,1.497,-0.000,-0.000,0.000,45.0
645,-7.659,0.505,1.497,-0.000,-0.000,-0.000,45.0
646,-7.659,0.505,1.497,-0.000,0.000,-0.000,45.0
647,-7.659,0.505,1.497,-0.000,0.000,-0.000,45.0
648,-7.659,0.505,1.497,-0.000,0.000,-0.000,45.0
649,-7.659,0.505,1.497,-0.000,0.000,-0.000,45.0
650,-7.659,0.505,1.497,-0.000,0.000,-0.000,45.0
651,-7.659,0.505,1.497,-0.000,-0.000,0.000,45.0
652,-7.659,0.505,1.497,-0.000,-0.000,0.000,45.0
653,-7.659,0.505,1.497,-0.000,-0.000,0.000,45.0
654,-7.659,0.505,1.497,-0.000,-0.000,0.000,45.0
655,-7.659,0.505,1.497,-0.000,-0.000,0.000,45.0
656,-7.659,0.505,1.497,-0.000,-0.000,0.000,45.0
657,-7.659,0.505,1.497,-0.000,0.000,0.000,45.0
658,-7.659,0.505,1.497,-0.000,0.000,0.000,45.0
659,-7.659,0.505,1.497,-0.000,0.000,0.000,45.0
660,-7.659,0.505,1.497,-0.000,0.000,0.000,45.0
661,-7.659,0.505,1.497,-0.000,0.000,-0.000,45.0
662,-7.659,0.505,1.497,-0.000,0.000,-0.000,45.0
663,-7.659,0.505,1.497,-0.000,0.000,-0.000,45.0
664,-7.659,0.505,1.497,-0.000,0.000,-0.000,45.0
665,-7.659,0.505,1.497,-0.000,0.000,-0.000,45.0
666,-7.659,0.505,1.497,-0.000,0.000,-0.000,45.0
667,-7.659,0.505,1.497,-0.000,0.000,-0.000,45.0
668,-7.659,0.505,1.497,-0.000,-0.000,-0.000,45.0
669,-7.659,0.505,1.497,-0.000,-0.000,-0.000,45.0
670,-7.659,0.505,1.497,-0.000,-0.000,-0.000,45.0
671,-7.659,0.505,1.497,-0.000,-0.000,-0.000,45.0
672,-7.659,0.505,1.497,-0.000,-0.000,-0.000,45.0
673,-7.659,0.505,1.497,-0.000,-0.000,-0.000,45.0
674,-7.659,0.505,1.497,-0.000,-0.000,-0.000,45.0
675,-7.659,0.505,1.497,-0.000,-0.000,0.000,45.0
676,-7.659,0.505,1.497,-0.000,-0.000,0.000,45.0
677,-7.659,0.505,1.497,-0.000,-0.000,0.000,45.0
678,-7.659,0.505,1.497,-0.000,-0.000,0.000,45.0
679,-7.659,0.505,1.497,-0.000,-0.000,0.000,45.0
680,-7.659,0.505,1.497,-0.000,-0.000,0.000,45.0
681,-7.659,0.505,1.497,-0.000,-0.000,0.000,45.0
682,-7.659,0.505,1.497,-0.000,0.000,0.000,45.0
683,-7.659,0.505,1.497,-0.000,0.000,0.000,45.0
684,-7.659,0.505,1.497,-0.000,0.000,0.000,45.0
685,-7.659,0.505,1.497,-0.000,0.000,0.000,45.0
686,-7.659,0.505,1.497,-0.000,0.000,0.000,45.0
687,-7.659,0.505,1.497,-0.000,0.000,0.000,45.0
688,-7.659,0.505,1.497,-0.000,0.000,0.000,45.0
689,-7.659,0.505,1.497,-0.000,0.000,0.000,45.0
690,-7.659,0.505,1.497,-0.000,0.000,0.000,45.0
691,-7.659,0.505,1.497,-0.000,0.000,0.000,45.0
692,-7.659,0.505,1.497,-0.000,0.000,-0.000,45.0
693,-7.659,0.505,1.497,-0.000,0.000,-0.000,45.0
694,-7.659,0.505,1.497,-0.000,0.000,-0.000,45.0
695,-7.659,0.505,1.497,-0.000,0.000,-0.000,45.0
696,-7.659,0.505,1.497,-0.000,0.000,-0.000,45.0
697,-7.659,0.505,1.497,-0.000,-0.000,-0.000,45.0
698,-7.659,0.505,1.497,-0.000,-0.000,-0.000,45.0
699,-7.659,0.505,1.497,-0.000,-0.000,-0.000,45.0
700,-7.659,0.505,1.497,-0.000,-0.000,-0.000,45.0
701,-7.659,0.505,1.497,-0.000,-0.000,-0.000,45.0
702,-7.659,0.505,1.497,-0.000,-0.000,-0.000,45.0
703,-7.659,0.505,1.497,-0.000,-0.000,-0.000,45.0
704,-7.659,0.505,1.497,-0.000,-0.000,-0.000,45.0
705,-7.659,0.505,1.497,-0.000,-0.000,-0.000,45.0
706,-7.659,0.505,1.497,-0.000,-0.000,-0.000,45.0
707,-7.659,0.505,1.497,-0.000,-0.000,-0.000,45.0
708,-7.659,0.505,1.497,-0.000,-0.000,-0.000,45.0
709,-7.659,0.505,1.497,-0.000,-0.000,0.000,45.0
710,-7.659,0.505,1.497,-0.000,-0.000,0.000,45.0
711,-7.659,0.505,1.497,-0.000,0.000,0.000,45.0
712,-7.659,0.505,1.497,-0.000,0.000,0.000,45.0
713,-7.659,0.505,1.497,-0.000,0.000,0.000,45.0
714,-7.659,0.505,1.497,-0.000,0.000,0.000,45.0
715,-7.659,0.505,1.497,-0.000,0.000,0.000,45.0
716,-7.659,0.505,1.497,-0.000,0.000,0.000,45.0
717,-7.659,0.505,1.497,-0.000,0.000,0.000,45.0
718,-7.659,0.505,1.497,-0.000,0.000,0.000,45.0
719,-7.659,0.505,1.497,-0.000,0.000,0.000,45.0
720,-7.659,0.505,1.497,-0.000,0.000,0.000,45.0
721,-7.659,0.505,1.497,-0.000,0.000,0.000,45.0
722,-7.659,0.505,1.497,-0.000,0.000,0.000,45.0
723,-7.659,0.505,1.497,-0.000,0.000,0.000,45.0
724,-7.659,0.505,1.497,-0.000,0.000,0.000,45.0
725,-7.659,0.505,1.497,-0.000,-0.000,0.000,45.0
726,-7.659,0.505,1.497,-0.000,-0.000,-0.000,45.0
727,-7.659,0.505,1.497,-0.000,-0.000,-0.000,45.0
728,-7.659,0.505,1.497,-0.000,-0.000,-0.000,45.0
729,-7.659,0.505,1.497,-0.000,-0.000,-0.000,45.0
730,-7.659,0.505,1.497,-0.000,-0.000,-0.000,45.0
731,-7.659,0.505,1.497,-0.000,-0.000,-0.000,45.0
732,-7.659,0.505,1.497,-0.000,-0.000,-0.000,45.0
733,-7.659,0.505,1.497,-0.000,-0.000,-0.000,45.0
734,-7.659,0.505,1.497,-0.000,-0.000,-0.000,45.0
735,-7.659,0.505,1.497,-0.000,-0.000,-0.000,45.0
736,-7.659,0.505,1.497,-0.000,-0.000,-0.000,45.0
737,-7.659,0.505,1.497,-0.000,-0.000,-0.000,45.0
738,-7.659,0.505,1.497,-0.000,-0.000,-0.000,45.0
739,-7.659,0.505,1.497,-0.000,-0.000,-0.000,45.0
740,-7.659,0.505,1.497,-0.000,0.000,-0.000,45.0
741,-7.659,0.505,1.497,-0.000,0.000,-0.000,45.0
742,-7.659,0.505,1.497,-0.000,0.000,-0.000,45.0
743,-7.659,0.505,1.497,-0.000,0.000,0.000,45.0
744,-7.659,0.505,1.497,-0.000,0.000,0.000,45.0
745,-7.659,0.505,1.497,-0.000,0.000,0.000,45.0
746,-7.659,0.505,1.497,-0.000,0.000,0.000,45.0
747,-7.659,0.505,1.497,-0.000,0.000,0.000,45.0
748,-7.659,0.505,1.497,-0.000,0.000,0.000,45.0
749,-7.659,0.505,1.497,-0.000,0.000,0.000,45.0
750,-7.659,0.505,1.497,-0.000,0.000,0.000,45.0
751,-7.659,0.505,1.497,-0.000,0.000,0.000,45.0
752,-7.659,0.505,1.497,-0.000,0.000,0.000,45.0
753,-7.659,0.505,1.497,-0.000,0.000,0.000,45.0
754,-7.659,0.505,1.497,-0.000,-0.000,0.000,45.0
755,-7.659,0.505,1.497,-0.000,-0.000,0.000,45.0
756,-7.659,0.505,1.497,-0.000,-0.000,0.000,45.0
757,-7.659,0.505,1.497,-0.000,-0.000,0.000,45.0
758,-7.659,0.505,1.497,-0.000,-0.000,0.000,45.0
759,-7.659,0.505,1.497,-0.000,-0.000,0.000,45.0
760,-7.659,0.505,1.497,-0.000,-0.000,-0.000,45.0
761,-7.659,0.505,1.497,-0.000,-0.000,-0.000,45.0
762,-7.659,0.505,1.497,-0.000,-0.000,-0.000,45.0
763,-7.659,0.505,1.497,-0.000,-0.000,-0.000,45.0
764,-7.659,0.505,1.497,-0.000,-0.000,-0.000,45.0
765,-7.659,0.505,1.497,-0.000,-0.000,-0.000,45.0
766,-7.659,0.505,1.497,-0.000,-0.000,-0.000,45.0
767,-7.659,0.505,1.497,-0.000,-0.000,-0.000,45.0
768,-7.659,0.505,1.497,-0.000,-0.000,-0.000,45.0
769,-7.659,0.505,1.497,-0.000,0.000,-0.000,45.0
770,-7.659,0.505,1.497,-0.000,0.000,-0.000,45.0
771,-7.659,0.505,1.497,-0.000,0.000,-0.000,45.0
772,-7.659,0.505,1.497,-0.000,0.000,-0.000,45.0
773,-7.659,0.505,1.497,-0.000,0.000,-0.000,45.0
774,-7.659,0.505,1.497,-0.000,0.000,-0.000,45.0
775,-7.659,0.505,1.497,-0.000,0.000,-0.000,45.0
776,-7.659,0.505,1.497,-0.000,0.000,-0.000,45.0
777,-7.659,0.505,1.497,-0.000,0.000,0.000,45.0
778,-7.659,0.505,1.497,-0.000,0.000,0.000,45.0
779,-7.659,0.505,1.497,-0.000,0.000,0.000,45.0
780,-7.659,0.505,1.497,-0.000,0.000,0.000,45.0
781,-7.659,0.505,1.497,-0.000,0.000,0.000,45.0
782,-7.659,0.505,1.497,-0.000,0.000,0.000,45.0
783,-7.659,0.505,1.497,-0.000,-0.000,0.000,45.0
784,-7.659,0.505,1.497,-0.000,-0.000,0.000,45.0
785,-7.659,0.505,1.497,-0.000,-0.000,0.000,45.0
786,-7.659,0.505,1.497,-0.000,-0.000,0.000,45.0
787,-7.659,0.505,1.497,-0.000,-0.000,0.000,45.0
788,-7.659,0.505,1.497,-0.000,-0.000,0.000,45.0
789,-7.659,0.505,1.497,-0.000,-0.000,0.000,45.0
790,-7.659,0.505,1.497,-0.000,-0.000,0.000,45.0
791,-7.659,0.505,1.497,-0.000,-0.000,0.000,45.0
792,-7.659,0.505,1.497,-0.000,-0.000,0.000,45.0
793,-7.659,0.505,1.497,-0.000,-0.000,0.000,45.0
794,-7.659,0.505,1.497,-0.000,-0.000,-0.000,45.0
795,-7.659,0.505,1.497,-0.000,-0.000,-0.000,45.0
796,-7.659,0.505,1.497,-0.000,-0.000,-0.000,45.0
797,-7.659,0.505,1.497,-0.000,0.000,-0.000,45.0
798,-7.659,0.505,1.497,-0.000,0.000,-0.000,45.0
799,-7.659,0.505,1.497,-0.000,0.000,-0.000,45.0
800,-7.659,0.505,1.497,-0.000,0.000,-0.000,45.0
801,-7.659,0.505,1.497,-0.000,0.000,-0.000,45.0
802,-7.659,0.505,1.497,-0.000,0.000,-0.000,45.0
803,-7.659,0.505,1.497,-0.000,0.000,-0.000,45.0
804,-7.659,0.505,1.497,-0.000,0.000,-0.000,45.0
805,-7.659,0.505,1.497,-0.000,0.000,-0.000,45.0
806,-7.659,0.505,1.497,-0.000,0.000,-0.000,45.0
807,-7.659,0.505,1.497,-0.000,0.000,-0.000,45.0
808,-7.659,0.505,1.497,-0.000,0.000,-0.000,45.0
809,-7.659,0.505,1.497,-0.000,0.000,-0.000,45.0
810,-7.659,0.505,1.497,-0.000,0.000,-0.000,45.0
811,-7.659,0.505,1.497,-0.000,0.000,0.000,45.0
812,-7.659,0.505,1.497,-0.000,-0.000,0.000,45.0
813,-7.659,0.505,1.497,-0.000,-0.000,0.000,45.0
814,-7.659,0.505,1.497,-0.000,-0.000,0.000,45.0
815,-7.659,0.505,1.497,-0.000,-0.000,0.000,45.0
816,-7.659,0.505,1.497,-0.000,-0.000,0.000,45.0
817,-7.659,0.505,1.497,-0.000,-0.000,0.000,45.0
818,-7.659,0.505,1.497,-0.000,-0.000,0.000,45.0
819,-7.659,0.505,1.497,-0.000,-0.000,0.000,45.0
820,-7.659,0.505,1.497,-0.000,-0.000,0.000,45.0
821,-7.659,0.505,1.497,-0.000,-0.000,0.000,45.0
822,-7.659,0.505,1.497,-0.000,-0.000,0.000,45.0
823,-7.659,0.505,1.497,-0.000,-0.000,0.000,45.0
824,-7.659,0.505,1.497,-0.000,-0.000,0.000,45.0
825,-7.659,0.505,1.497,-0.000,-0.000,0.000,45.0
826,-7.659,0.505,1.497,-0.000,0.000,0.000,45.0
827,-7.659,0.505,1.497,-0.000,0.000,0.000,45.0
828,-7.659,0.505,1.497,-0.000,0.000,-0.000,45.0
829,-7.659,0.505,1.497,-0.000,0.000,-0.000,45.0
830,-7.659,0.505,1.497,-0.000,0.000,-0.000,45.0
831,-7.659,0.505,1.497,-0.000,0.000,-0.000,45.0
832,-7.659,0.505,1.497,-0.000,0.000,-0.000,45.0
833,-7.659,0.505,1.497,-0.000,0.000,-0.000,45.0
834,-7.659,0.505,1.497,-0.000,0.000,-0.000,45.0
835,-7.659,0.505,1.497,-0.000,0.000,-0.000,45.0
836,-7.659,0.505,1.497,-0.000,0.000,-0.000,45.0
837,-7.659,0.505,1.497,-0.000,0.000,-0.000,45.0
838,-7.659,0.505,1.497,-0.000,0.000,-0.000,45.0
839,-7.659,0.505,1.497,-0.000,0.000,-0.000,45.0
840,-7.659,0.505,1.497,-0.000,-0.000,-0.000,45.0
841,-7.659,0.505,1.497,-0.000,-0.000,-0.000,45.0
842,-7.659,0.505,1.497,-0.000,-0.000,-0.000,45.0
843,-7.659,0.505,1.497,-0.000,-0.000,-0.000,45.0
844,-7.659,0.505,1.497,-0.000,-0.000,-0.000,45.0
845,-7.659,0.505,1.497,-0.000,-0.000,0.000,45.0
846,-7.659,0.505,1.497,-0.000,-0.000,0.000,45.0
847,-7.659,0.505,1.497,-0.000,-0.000,0.000,45.0
848,-7.659,0.505,1.497,-0.000,-0.000,0.000,45.0
849,-7.659,0.505,1.497,-0.000,-0.000,0.000,45.0
850,-7.659,0.505,1.497,-0.000,-0.000,0.000,45.0
851,-7.659,0.505,1.497,-0.000,-0.000,0.000,45.0
852,-7.659,0.505,1.497,-0.000,-0.000,0.000,45.0
853,-7.659,0.505,1.497,-0.000,-0.000,0.000,45.0
854,-7.659,0.505,1.497,-0.000,-0.000,0.000,45.0
855,-7.659,0.505,1.497,-0.000,0.000,0.000,45.0
856,-7.659,0.505,1.497,-0.000,0.000,0.000,45.0
857,-7.659,0.505,1.497,-0.000,0.000,0.000,45.0
858,-7.659,0.505,1.497,-0.000,0.000,0.000,45.0
859,-7.659,0.505,1.497,-0.000,0.000,0.000,45.0
860,-7.659,0.505,1.497,-0.000,0.000,0.000,45.0
861,-7.659,0.505,1.497,-0.000,0.000,0.000,45.0
862,-7.659,0.505,1.497,-0.000,0.000,-0.000,45.0
863,-7.659,0.505,1.497,-0.000,0.000,-0.000,45.0
864,-7.659,0.505,1.497,-0.000,0.000,-0.000,45.0
865,-7.659,0.505,1.497,-0.000,0.000,-0.000,45.0
866,-7.659,0.505,1.497,-0.000,0.000,-0.000,45.0
867,-7.659,0.505,1.497,-0.000,0.000,-0.000,45.0
868,-7.659,0.505,1.497,-0.000,0.000,-0.000,45.0
869,-7.659,0.505,1.497,-0.000,-0.000,-0.000,45.0
870,-7.659,0.505,1.497,-0.000,-0.000,-0.000,45.0
871,-7.659,0.505,1.497,-0.000,-0.000,-0.000,45.0
872,-7.659,0.505,1.497,-0.000,-0.000,-0.000,45.0
873,-7.659,0.505,1.497,-0.000,-0.000,-0.000,45.0
874,-7.659,0.505,1.497,-0.000,-0.000,-0.000,45.0
875,-7.659,0.505,1.497,-0.000,-0.000,-0.000,45.0
876,-7.659,0.505,1.497,-0.000,-0.000,-0.000,45.0
877,-7.659,0.505,1.497,-0.000,-0.000,-0.000,45.0
878,-7.659,0.505,1.497,-0.000,-0.000,-0.000,45.0
879,-7.659,0.505,1.497,-0.000,-0.000,0.000,45.0
880,-7.659,0.505,1.497,-0.000,-0.000,0.000,45.0
881,-7.659,0.505,1.497,-0.000,-0.000,0.000,45.0
882,-7.659,0.505,1.497,-0.000,-0.000,0.000,45.0
883,-7.659,0.505,1.497,-0.000,0.000,0.000,45.0
884,-7.659,0.505,1.497,-0.000,0.000,0.000,45.0
885,-7.659,0.505,1.497,-0.000,0.000,0.000,45.0
886,-7.659,0.505,1.497,-0.000,0.000,0.000,45.0
887,-7.659,0.505,1.497,-0.000,0.000,0.000,45.0
888,-7.659,0.505,1.497,-0.000,0.000,0.000,45.0
889,-7.659,0.505,1.497,-0.000,0.000,0.000,45.0
890,-7.659,0.505,1.497,-0.000,0.000,0.000,45.0
891,-7.659,0.505,1.497,-0.000,0.000,0.000,45.0
892,-7.659,0.505,1.497,-0.000,0.000,0.000,45.0
893,-7.659,0.505,1.497,-0.000,0.000,0.000,45.0
894,-7.659,0.505,1.497,-0.000,0.000,0.000,45.0
895,-7.659,0.505,1.497,-0.000,0.000,0.000,45.0
896,-7.659,0.505,1.497,-0.000,0.000,-0.000,45.0
897,-7.659,0.505,1.497,-0.000,0.000,-0.000,45.0
898,-7.659,0.505,1.497,-0.000,-0.000,-0.000,45.0
899,-7.659,0.505,1.497,-0.000,-0.000,-0.000,45.0
900,-7.659,0.505,1.497,-0.000,-0.000,-0.000,45.0
901,-7.659,0.505,1.497,-0.000,-0.000,-0.000,45.0
902,-7.659,0.505,1.497,-0.000,-0.000,-0.000,45.0
903,-7.659,0.505,1.497,-0.000,-0.000,-0.000,45.0
904,-7.659,0.505,1.497,-0.000,-0.000,-0.000,45.0
905,-7.659,0.505,1.497,-0.000,-0.000,-0.000,45.0
906,-7.659,0.505,1.497,-0.000,-0.000,-0.000,45.0
907,-7.659,0.505,1.497,-0.000,-0.000,-0.000,45.0
908,-7.659,0.505,1.497,-0.000,-0.000,-0.000,45.0
909,-7.659,0.505,1.497,-0.000,-0.000,-0.000,45.0
910,-7.659,0.505,1.497,-0.000,-0.000,-0.000,45.0
911,-7.659,0.505,1.497,-0.000,-0.000,-0.000,45.0
912,-7.659,0.505,1.497,-0.000,0.000,-0.000,45.0
913,-7.659,0.505,1.497,-0.000,0.000,0.000,45.0
914,-7.659,0.505,1.497,-0.000,0.000,0.000,45.0
915,-7.659,0.505,1.497,-0.000,0.000,0.000,45.0
916,-7.659,0.505,1.497,-0.000,0.000,0.000,45.0
917,-7.659,0.505,1.497,-0.000,0.000,0.000,45.0
918,-7.659,0.505,1.497,-0.000,0.000,0.000,45.0
919,-7.659,0.505,1.497,-0.000,0.000,0.000,45.0
920,-7.659,0.505,1.497,-0.000,0.000,0.000,45.0
921,-7.659,0.505,1.497,-0.000,0.000,0.000,45.0
922,-7.659,0.505,1.497,-0.000,0.000,0.000,45.0
923,-7.659,0.505,1.497,-0.000,0.000,0.000,45.0
924,-7.659,0.505,1.497,-0.000,0.000,0.000,45.0
925,-7.659,0.505,1.497,-0.000,0.000,0.000,45.0
926,-7.659,0.505,1.497,-0.000,-0.000,0.000,45.0
927,-7.659,0.505,1.497,-0.000,-0.000,0.000,45.0
928,-7.659,0.505,1.497,-0.000,-0.000,0.000,45.0
929,-7.659,0.505,1.497,-0.000,-0.000,0.000,45.0
930,-7.659,0.505,1.497,-0.000,-0.000,-0.000,45.0
931,-7.659,0.505,1.497,-0.000,-0.000,-0.000,45.0
932,-7.659,0.505,1.497,-0.000,-0.000,-0.000,45.0
933,-7.659,0.505,1.497,-0.000,-0.000,-0.000,45.0
934,-7.659,0.505,1.497,-0.000,-0.000,-0.000,45.0
935,-7.659,0.505,1.497,-0.000,-0.000,-0.000,45.0
936,-7.659,0.505,1.497,-0.000,-0.000,-0.000,45.0
937,-7.659,0.505,1.497,-0.000,-0.000,-0.000,45.0
938,-7.659,0.505,1.497,-0.000,-0.000,-0.000,45.0
939,-7.659,0.505,1.497,-0.000,-0.000,-0.000,45.0
940,-7.659,0.505,1.497,-0.000,-0.000,-0.000,45.0
941,-7.659,0.505,1.497,-0.000,0.000,-0.000,45.0
942,-7.659,0.505,1.497,-0.000,0.000,-0.000,45.0
943,-7.659,0.505,1.497,-0.000,0.000,-0.000,45.0
944,-7.659,0.505,1.497,-0.000,0.000,-0.000,45.0
945,-7.659,0.505,1.497,-0.000,0.000,-0.000,45.0
946,-7.659,0.505,1.497,-0.000,0.000,-0.000,45.0
947,-7.659,0.505,1.497,-0.000,0.000,0.000,45.0
948,-7.659,0.505,1.497,-0.000,0.000,0.000,45.0
949,-7.659,0.505,1.497,-0.000,0.000,0.000,45.0
950,-7.659,0.505,1.497,-0.000,0.000,0.000,45.0
951,-7.659,0.505,1.497,-0.000,0.000,0.000,45.0
952,-7.659,0.505,1.497,-0.000,0.000,0.000,45.0
953,-7.659,0.505,1.497,-0.000,0.000,0.000,45.0
954,-7.659,0.505,1.497,-0.000,0.000,0.000,45.0
955,-7.659,0.505,1.497,-0.000,-0.000,0.000,45.0
956,-7.659,0.505,1.497,-0.000,-0.000,0.000,45.0
957,-7.659,0.505,1.497,-0.000,-0.000,0.000,45.0
958,-7.659,0.505,1.497,-0.000,-0.000,0.000,45.0
959,-7.659,0.505,1.497,-0.000,-0.000,0.000,45.0
960,-7.659,0.505,1.497,-0.000,-0.000,0.000,45.0
961,-7.659,0.505,1.497,-0.000,-0.000,0.000,45.0
962,-7.659,0.505,1.497,-0.000,-0.000,0.000,45.0
963,-7.659,0.505,1.497,-0.000,-0.000,0.000,45.0
964,-7.659,0.505,1.497,-0.000,-0.000,-0.000,45.0
965,-7.659,0.505,1.497,-0.000,-0.000,-0.000,45.0
966,-7.659,0.505,1.497,-0.000,-0.000,-0.000,45.0
967,-7.659,0.505,1.497,-0.000,-0.000,-0.000,45.0
968,-7.659,0.505,1.497,-0.000,-0.000,-0.000,45.0
969,-7.659,0.505,1.497,-0.000,0.000,-0.000,45.0
970,-7.659,0.505,1.497,-0.000,0.000,-0.000,45.0
971,-7.659,0.505,1.497,-0.000,0.000,-0.000,45.0
972,-7.659,0.505,1.497,-0.000,0.000,-0.000,45.0
973,-7.659,0.505,1.497,-0.000,0.000,-0.000,45.0
974,-7.659,0.505,1.497,-0.000,0.000,-0.000,45.0
975,-7.659,0.505,1.497,-0.000,0.000,-0.000,45.0
976,-7.659,0.505,1.497,-0.000,0.000,-0.000,45.0
977,-7.659,0.505,1.497,-0.000,0.000,-0.000,45.0
978,-7.659,0.505,1.497,-0.000,0.000,-0.000,45.0
979,-7.659,0.505,1.497,-0.000,0.000,-0.000,45.0
980,-7.659,0.505,1.497,-0.000,0.000,-0.000,45.0
981,-7.659,0.505,1.497,-0.000,0.000,0.000,45.0
982,-7.659,0.505,1.497,-0.000,0.000,0.000,45.0
983,-7.659,0.505,1.497,-0.000,-0.000,0.000,45.0
984,-7.659,0.505,1.497,-0.000,-0.000,0.000,45.0
985,-7.659,0.505,1.497,-0.000,-0.000,0.000,45.0
986,-7.659,0.505,1.497,-0.000,-0.000,0.000,45.0
987,-7.659,0.505,1.497,-0.000,-0.000,0.000,45.0
988,-7.659,0.505,1.497,-0.000,-0.000,0.000,45.0
989,-7.659,0.505,1.497,-0.000,-0.000,0.000,45.0
990,-7.659,0.505,1.497,-0.000,-0.000,0.000,45.0
991,-7.659,0.505,1.497,-0.000,-0.000,0.000,45.0
992,-7.659,0.505,1.497,-0.000,-0.000,0.000,45.0
993,-7.659,0.505,1.497,-0.000,-0.000,0.000,45.0
994,-7.659,0.505,1.497,-0.000,-0.000,0.000,45.0
995,-7.659,0.505,1.497,-0.000,-0.000,0.000,45.0
996,-7.659,0.505,1.497,-0.000,-0.000,0.000,45.0
997,-7.659,0.505,1.497,-0.000,-0.000,0.000,45.0
998,-7.659,0.505,1.497,-0.000,0.000,-0.000,45.0
999,-7.659,0.505,1.497,-0.000,0.000,-0.000,45.0
1000,-7.659,0.505,1.497,-0.000,0.000,-0.000,45.0
