1,-1.000,0.500,0.000,0.000,0.000,0.000,1
2,-1.000,0.500,0.153,0.000,0.000,0.000,1
3,-1.000,0.500,0.473,0.000,0.000,0.000,1
4,-1.000,0.500,0.808,0.000,0.000,0.000,1
5,-1.000,0.500,1.088,0.000,0.000,0.000,1
6,-1.000,0.500,1.290,0.000,0.000,0.000,1
7,-1.000,0.500,1.420,0.000,0.000,0.000,1
8,-1.000,0.500,1.493,0.000,0.000,0.000,1
9,-1.000,0.500,1.522,0.000,0.000,0.000,1
10,-1.000,0.500,1.534,0.000,0.000,0.000,1
11,-1.000,0.500,1.533,0.000,0.000,0.000,1
12,-1.000,0.500,1.527,0.000,0.000,0.000,1
13,-1.000,0.500,1.519,0.000,0.000,0.000,1
14,-1.000,0.500,1.512,0.000,0.000,0.000,1
15,-1.000,0.500,1.506,0.000,0.000,0.000,1
16,-1.000,0.500,1.506,0.000,0.000,0.000,1
17,-1.000,0.500,1.507,0.000,0.000,0.000,1
18,-1.000,0.500,1.507,0.000,0.000,0.000,1
19,-1.000,0.500,1.508,0.000,0.000,0.000,1
20,-1.000,0.500,1.508,0.000,0.000,0.000,1
21,-1.000,0.500,1.509,0.000,0.000,0.000,1
22,-1.000,0.500,1.509,0.000,0.000,0.000,1
23,-1.000,0.500,1.509,0.000,0.000,0.000,1
24,-1.000,0.500,1.509,0.000,0.000,0.000,1
25,-1.000,0.500,1.510,0.000,0.000,0.000,1
26,-1.000,0.500,1.510,0.000,0.000,0.000,1
27,-1.000,0.500,1.510,0.000,0.000,0.000,1
28,-1.000,0.500,1.510,0.000,0.000,0.000,1
29,-1.000,0.500,1.504,0.000,0.000,0.000,1
30,-1.000,0.500,1.503,-0.000,0.008,0.009,19.0
31,-1.000,0.500,1.502,-0.000,0.014,0.015,19.0
32,-1.000,0.500,1.501,-0.000,0.013,0.016,19.0
33,-1.000,0.500,1.500,-0.000,0.010,0.012,19.0
34,-1.000,0.500,1.499,-0.000,0.006,0.007,19.0
35,-0.999,0.499,1.498,-0.000,0.004,0.002,19.0
36,-0.999,0.499,1.498,-0.000,0.005,-0.001,19.0
37,-0.999,0.499,1.497,-0.000,0.008,-0.002,19.0
38,-0.999,0.499,1.497,-0.000,0.012,-0.000,19.0
39,-0.999,0.499,1.496,-0.000,0.015,0.001,19.0
40,-0.998,0.498,1.496,-0.000,0.017,0.003,19.0
41,-0.998,0.498,1.496,-0.000,0.017,0.004,19.0
42,-0.997,0.498,1.495,-0.000,0.015,0.005,19.0
43,-0.997,0.498,1.495,-0.000,0.013,0.004,19.0
44,-0.996,0.497,1.495,-0.000,0.011,0.003,19.0
45,-0.996,0.497,1.495,-0.000,0.010,0.002,19.0
46,-0.995,0.497,1.494,-0.000,0.010,0.002,19.0
47,-0.995,0.497,1.494,-0.000,0.011,0.002,19.0
48,-0.994,0.496,1.494,-0.000,0.012,0.002,19.0
49,-0.993,0.496,1.494,-0.000,0.013,0.002,19.0
50,-0.992,0.496,1.494,-0.000,0.014,0.002,19.0
51,-0.991,0.495,1.494,-0.000,0.014,0.003,19.0
52,-0.991,0.495,1.494,-0.000,0.013,0.003,19.0
53,-0.990,0.495,1.494,-0.000,0.012,0.003,19.0
54,-0.989,0.494,1.494,-0.000,0.012,0.002,19.0
55,-0.988,0.494,1.494,-0.000,0.011,0.002,19.0
56,-0.987,0.494,1.494,-0.000,0.011,0.002,19.0
57,-0.985,0.493,1.494,-0.000,0.011,0.002,19.0
58,-0.984,0.493,1.494,-0.000,0.011,0.002,19.0
59,-0.983,0.492,1.494,-0.000,0.011,0.002,19.0
60,-0.982,0.492,1.494,-0.000,0.011,0.002,19.0
61,-0.981,0.492,1.495,-0.000,0.011,0.002,19.0
62,-0.979,0.491,1.495,-0.000,0.011,0.002,19.0
63,-0.978,0.491,1.495,-0.000,0.004,-0.007,16.0
64,-0.977,0.490,1.495,-0.000,-0.001,-0.013,16.0
65,-0.975,0.490,1.495,-0.000,-0.002,-0.013,16.0
66,-0.974,0.490,1.495,-0.000,0.000,-0.010,16.0
67,-0.973,0.489,1.495,-0.000,0.003,-0.005,16.0
68,-0.971,0.489,1.495,-0.000,0.005,0.002,16.0
69,-0.970,0.489,1.496,-0.000,0.005,0.006,16.0
70,-0.968,0.489,1.496,-0.000,0.003,0.007,16.0
71,-0.967,0.488,1.496,-0.000,-0.070,-0.010,13.0
72,-0.966,0.488,1.496,-0.000,-0.118,-0.023,13.0
73,-0.965,0.488,1.496,-0.000,-0.124,-0.027,13.0
74,-0.965,0.488,1.496,-0.000,-0.096,-0.023,13.0
75,-0.965,0.488,1.496,-0.000,-0.045,-0.011,13.0
76,-0.965,0.488,1.496,-0.000,0.005,0.002,13.0
77,-0.965,0.488,1.496,-0.000,0.037,0.010,13.0
78,-0.965,0.488,1.496,-0.000,0.039,0.009,10.0
79,-0.965,0.488,1.496,-0.000,0.025,0.004,10.0
80,-0.964,0.488,1.496,-0.000,0.005,-0.001,10.0
81,-0.964,0.488,1.496,-0.000,-0.012,-0.005,10.0
82,-0.964,0.488,1.497,-0.000,-0.022,-0.007,10.0
83,-0.964,0.488,1.497,-0.000,-0.016,-0.002,10.0
84,-0.964,0.487,1.497,-0.000,-0.006,0.005,10.0
85,-0.964,0.487,1.497,-0.000,0.004,0.009,10.0
86,-0.964,0.487,1.497,-0.000,0.010,0.010,10.0
87,-0.964,0.487,1.497,-0.000,0.003,0.001,7.0
88,-0.963,0.487,1.497,-0.000,-0.004,-0.006,7.0
89,-0.963,0.487,1.497,-0.000,-0.009,-0.010,7.0
90,-0.963,0.487,1.497,-0.000,-0.010,-0.011,7.0
91,-0.963,0.487,1.497,-0.000,-0.001,-0.005,7.0
92,-0.963,0.487,1.497,-0.000,0.010,0.003,7.0
93,-0.963,0.487,1.497,-0.000,0.015,0.008,7.0
94,-0.963,0.487,1.497,-0.000,0.015,0.010,7.0
95,-0.963,0.487,1.497,-0.000,0.011,0.008,7.0
96,-0.963,0.487,1.497,-0.000,-0.005,0.000,4.0
97,-0.962,0.487,1.497,-0.000,-0.017,-0.007,4.0
98,-0.962,0.487,1.497,-0.000,-0.021,-0.010,4.0
99,-0.962,0.487,1.497,-0.000,-0.010,-0.007,4.0
100,-0.962,0.487,1.497,-0.000,0.005,-0.001,4.0
101,-0.962,0.487,1.497,-0.000,0.017,0.005,4.0
102,-0.962,0.487,1.497,-0.000,0.021,0.011,4.0
103,-0.962,0.486,1.497,-0.000,0.018,0.015,4.0
104,-0.962,0.486,1.497,-0.000,0.208,0.067,4.0
105,-0.961,0.486,1.497,-0.000,0.329,0.097,4.0
106,-0.959,0.485,1.497,-0.000,0.328,0.092,1
107,-0.956,0.484,1.497,-0.000,0.223,0.058,1
108,-0.952,0.483,1.497,-0.000,-0.116,0.182,1
109,-0.948,0.481,1.497,-0.000,-0.400,0.246,1
110,-0.946,0.479,1.497,-0.000,-0.538,0.216,1
111,-0.945,0.475,1.497,0.000,-0.408,-0.051,1
112,-0.946,0.472,1.497,0.000,-0.315,-0.440,27.0
113,-0.948,0.470,1.497,0.000,-0.184,-0.641,27.0
114,-0.951,0.471,1.497,0.000,-0.050,-0.618,27.0
115,-0.954,0.473,1.498,0.000,0.049,-0.435,27.0
116,-0.956,0.477,1.498,0.000,0.223,-0.011,27.0
117,-0.958,0.481,1.498,0.000,0.174,0.148,27.0
118,-0.960,0.485,1.498,0.000,0.061,0.182,27.0
119,-0.961,0.488,1.498,0.000,-0.047,0.136,27.0
120,-0.963,0.490,1.498,0.000,-0.117,0.051,27.0
121,-0.964,0.493,1.498,0.000,-0.137,-0.034,27.0
122,-0.966,0.495,1.498,0.000,-0.112,-0.091,27.0
123,-0.969,0.498,1.499,0.000,-0.063,-0.109,27.0
124,-0.972,0.501,1.499,0.000,-0.011,-0.093,27.0
125,-0.975,0.505,1.499,0.000,0.029,-0.055,27.0
126,-0.978,0.508,1.499,0.000,0.047,-0.013,27.0
127,-0.980,0.512,1.499,0.000,0.045,0.019,27.0
128,-0.983,0.516,1.499,0.000,0.029,0.035,27.0
129,-0.985,0.520,1.499,0.000,0.008,0.035,27.0
130,-0.987,0.523,1.499,0.000,-0.010,0.024,27.0
131,-0.990,0.526,1.499,0.000,-0.020,0.008,27.0
132,-0.992,0.530,1.499,0.000,-0.021,-0.006,27.0
133,-0.995,0.533,1.499,0.000,-0.015,-0.014,27.0
134,-0.998,0.537,1.499,0.000,-0.006,-0.016,27.0
135,-1.000,0.540,1.499,0.000,0.003,-0.012,27.0
136,-1.003,0.544,1.500,0.000,0.008,-0.005,27.0
137,-1.005,0.548,1.500,0.000,0.010,0.002,27.0
138,-1.008,0.551,1.500,0.000,0.009,0.006,27.0
139,-1.011,0.555,1.500,0.000,0.005,0.008,27.0
140,-1.013,0.558,1.500,0.000,0.002,0.007,27.0
141,-1.016,0.562,1.500,0.000,-0.001,0.005,27.0
142,-1.018,0.565,1.500,0.000,-0.003,0.002,27.0
143,-1.021,0.569,1.500,0.000,-0.002,0.000,27.0
144,-1.023,0.572,1.500,0.000,-0.001,-0.001,27.0
145,-1.026,0.576,1.500,0.000,0.001,-0.001,27.0
146,-1.029,0.580,1.500,0.000,0.002,-0.000,27.0
147,-1.031,0.583,1.500,0.000,0.003,0.001,27.0
148,-1.034,0.587,1.500,0.000,0.003,0.002,27.0
149,-1.036,0.590,1.500,0.000,0.003,0.003,27.0
150,-1.039,0.594,1.500,0.000,0.002,0.003,27.0
151,-1.042,0.597,1.500,0.000,0.001,0.003,27.0
152,-1.044,0.601,1.500,0.000,0.001,0.002,27.0
153,-1.047,0.605,1.500,0.000,0.001,0.002,27.0
154,-1.049,0.608,1.500,0.000,0.001,0.002,27.0
155,-1.052,0.612,1.500,0.000,0.001,0.001,27.0
156,-1.054,0.615,1.500,0.000,0.001,0.001,27.0
157,-1.057,0.619,1.500,0.000,0.002,0.002,27.0
158,-1.060,0.622,1.500,0.000,0.002,0.002,27.0
159,-1.062,0.626,1.500,0.000,0.002,0.002,27.0
160,-1.065,0.630,1.500,0.000,0.002,0.002,27.0
161,-1.067,0.633,1.500,0.000,0.001,0.002,27.0
162,-1.070,0.637,1.500,0.000,0.001,0.002,27.0
163,-1.073,0.640,1.500,0.000,0.001,0.002,27.0
164,-1.075,0.644,1.500,0.000,0.001,0.002,27.0
165,-1.078,0.647,1.500,0.000,0.001,0.002,27.0
166,-1.080,0.651,1.500,0.000,0.001,0.002,27.0
167,-1.083,0.654,1.500,0.000,0.001,0.002,27.0
168,-1.085,0.658,1.500,0.000,0.001,0.002,27.0
169,-1.088,0.662,1.500,0.000,0.001,0.002,27.0
170,-1.091,0.665,1.500,0.000,0.001,0.002,27.0
171,-1.093,0.669,1.500,0.000,0.001,0.002,27.0
172,-1.096,0.672,1.500,0.000,0.001,0.002,27.0
173,-1.098,0.676,1.500,0.000,0.001,0.002,27.0
174,-1.101,0.679,1.500,0.000,0.001,0.002,27.0
175,-1.104,0.683,1.500,0.000,0.001,0.002,27.0
176,-1.106,0.687,1.500,0.000,0.001,0.002,27.0
177,-1.109,0.690,1.500,0.000,0.001,0.002,27.0
178,-1.111,0.694,1.500,0.000,0.001,0.002,27.0
179,-1.114,0.697,1.500,0.000,0.001,0.002,27.0
180,-1.116,0.701,1.500,0.000,0.001,0.002,27.0
181,-1.119,0.704,1.500,0.000,0.001,0.002,27.0
182,-1.122,0.708,1.500,0.000,0.001,0.002,27.0
183,-1.124,0.712,1.500,0.000,0.001,0.002,27.0
184,-1.127,0.715,1.500,0.000,0.001,0.002,27.0
185,-1.129,0.719,1.500,0.000,0.001,0.002,27.0
186,-1.132,0.722,1.500,0.000,0.002,0.003,27.0
187,-1.135,0.726,1.500,0.000,0.005,0.006,27.0
188,-1.137,0.729,1.500,0.000,0.005,0.010,27.0
189,-1.140,0.733,1.500,0.000,0.008,0.013,27.0
190,-1.142,0.736,1.500,0.000,0.011,0.015,27.0
191,-1.145,0.740,1.500,0.000,0.013,0.016,27.0
192,-1.147,0.743,1.500,0.000,0.013,0.016,27.0
193,-1.150,0.746,1.500,0.000,0.012,0.015,27.0
194,-1.152,0.750,1.500,0.000,0.011,0.013,27.0
195,-1.154,0.753,1.500,0.000,0.009,0.012,27.0
196,-1.157,0.756,1.500,0.000,0.009,0.012,27.0
197,-1.159,0.759,1.500,0.000,0.008,0.012,27.0
198,-1.161,0.763,1.500,0.000,0.006,0.012,27.0
199,-1.164,0.766,1.500,0.000,0.007,0.013,27.0
200,-1.166,0.769,1.500,0.000,0.009,0.013,27.0
201,-1.168,0.772,1.500,0.000,0.011,0.013,27.0
202,-1.170,0.775,1.500,0.000,0.011,0.013,27.0
203,-1.172,0.778,1.500,0.000,0.011,0.013,27.0
204,-1.174,0.781,1.500,0.000,0.010,0.013,27.0
205,-1.176,0.783,1.500,0.000,0.009,0.012,27.0
206,-1.179,0.786,1.500,0.000,0.009,0.012,27.0
207,-1.181,0.789,1.500,0.000,0.006,0.012,27.0
208,-1.183,0.792,1.500,0.000,0.007,0.012,27.0
209,-1.185,0.795,1.500,0.000,0.008,0.011,27.0
210,-1.187,0.797,1.500,0.000,0.009,0.011,27.0
211,-1.188,0.800,1.500,0.000,0.010,0.011,27.0
212,-1.190,0.803,1.499,0.000,0.010,0.011,27.0
213,-1.192,0.805,1.499,0.000,0.009,0.011,27.0
214,-1.194,0.808,1.499,0.000,0.009,0.011,27.0
215,-1.196,0.810,1.499,0.000,0.008,0.011,27.0
216,-1.198,0.813,1.499,0.000,0.006,0.011,27.0
217,-1.199,0.815,1.499,0.000,0.006,0.010,27.0
218,-1.201,0.818,1.499,0.000,0.007,0.010,27.0
219,-1.203,0.820,1.499,0.000,0.008,0.010,27.0
220,-1.205,0.822,1.499,0.000,0.008,0.010,27.0
221,-1.206,0.825,1.499,0.000,0.008,0.010,27.0
222,-1.208,0.827,1.499,0.000,0.008,0.010,27.0
223,-1.210,0.829,1.499,0.000,0.008,0.010,27.0
224,-1.211,0.831,1.499,0.000,0.007,0.010,27.0
225,-1.213,0.834,1.499,0.000,0.007,0.010,27.0
226,-1.214,0.836,1.499,0.000,0.005,0.009,27.0
227,-1.216,0.838,1.499,0.000,0.005,0.009,27.0
228,-1.218,0.840,1.499,0.000,0.006,0.009,27.0
229,-1.219,0.842,1.499,0.000,0.007,0.009,27.0
230,-1.221,0.844,1.499,0.000,0.008,0.009,27.0
231,-1.222,0.846,1.499,0.000,0.008,0.009,27.0
232,-1.224,0.848,1.499,0.000,0.007,0.009,27.0
233,-1.225,0.850,1.499,0.000,0.007,0.009,27.0
234,-1.226,0.852,1.499,0.000,0.074,0.102,27.0
235,-1.228,0.854,1.499,0.000,0.050,0.069,27.0
236,-1.229,0.855,1.499,0.000,0.010,0.015,27.0
237,-1.230,0.857,1.499,0.000,-0.022,-0.029,27.0
238,-1.231,0.858,1.499,0.000,-0.038,-0.052,27.0
239,-1.232,0.860,1.499,0.000,-0.037,-0.051,27.0
240,-1.233,0.861,1.499,0.000,-0.024,-0.034,27.0
241,-1.234,0.863,1.499,0.000,-0.007,-0.010,27.0
242,-1.236,0.865,1.499,0.000,0.009,0.012,27.0
243,-1.237,0.867,1.499,0.000,0.019,0.026,27.0
244,-1.238,0.869,1.499,0.000,0.022,0.030,27.0
245,-1.240,0.871,1.499,0.000,0.018,0.025,27.0
246,-1.241,0.872,1.499,0.000,0.012,0.016,27.0
247,-1.242,0.874,1.499,0.000,0.005,0.007,27.0
248,-1.243,0.875,1.499,0.000,-0.000,-0.000,27.0
249,-1.244,0.877,1.499,0.000,-0.003,-0.003,27.0
250,-1.245,0.879,1.499,0.000,-0.002,-0.003,27.0
251,-1.247,0.880,1.499,0.000,0.001,0.001,27.0
252,-1.248,0.882,1.499,0.000,0.004,0.005,27.0
253,-1.249,0.883,1.499,0.000,0.006,0.008,27.0
254,-1.250,0.885,1.499,0.000,0.008,0.010,27.0
255,-1.251,0.886,1.499,0.000,0.008,0.010,27.0
256,-1.252,0.888,1.499,0.000,0.007,0.009,27.0
257,-1.253,0.889,1.499,0.000,0.005,0.008,27.0
258,-1.254,0.891,1.499,0.000,0.004,0.006,27.0
259,-1.255,0.892,1.499,0.000,0.003,0.005,27.0
260,-1.256,0.894,1.499,0.000,0.003,0.004,27.0
261,-1.257,0.895,1.499,0.000,0.003,0.004,27.0
262,-1.258,0.896,1.499,0.000,0.004,0.005,27.0
263,-1.259,0.898,1.499,0.000,0.004,0.006,27.0
264,-1.260,0.899,1.499,0.000,0.005,0.006,27.0
265,-1.261,0.900,1.499,0.000,0.005,0.006,27.0
266,-1.262,0.902,1.499,0.000,0.005,0.006,27.0
267,-1.263,0.903,1.499,0.000,0.004,0.006,27.0
268,-1.264,0.904,1.499,0.000,0.004,0.006,27.0
269,-1.265,0.906,1.499,0.000,0.004,0.005,27.0
270,-1.266,0.907,1.499,0.000,0.004,0.005,27.0
271,-1.267,0.908,1.499,0.000,0.004,0.005,27.0
272,-1.268,0.909,1.499,0.000,0.004,0.005,27.0
273,-1.268,0.910,1.499,0.000,0.004,0.005,27.0
274,-1.269,0.912,1.499,0.000,0.004,0.005,27.0
275,-1.270,0.913,1.499,0.000,0.004,0.005,27.0
276,-1.271,0.914,1.499,0.000,0.004,0.005,27.0
277,-1.272,0.915,1.499,0.000,0.004,0.005,27.0
278,-1.273,0.916,1.499,0.000,0.004,0.005,27.0
279,-1.273,0.917,1.499,0.000,0.003,0.005,27.0
280,-1.274,0.918,1.499,0.000,0.003,0.005,27.0
281,-1.275,0.919,1.499,0.000,0.003,0.005,27.0
282,-1.276,0.920,1.499,0.000,0.003,0.004,27.0
283,-1.276,0.921,1.499,0.000,0.003,0.004,27.0
284,-1.277,0.922,1.499,0.000,0.003,0.004,27.0
285,-1.278,0.923,1.499,0.000,0.003,0.004,27.0
286,-1.279,0.924,1.499,0.000,0.003,0.004,27.0
287,-1.279,0.925,1.499,0.000,0.003,0.004,27.0
288,-1.280,0.926,1.499,0.000,0.003,0.004,27.0
289,-1.281,0.927,1.499,0.000,0.003,0.004,27.0
290,-1.281,0.928,1.499,0.000,0.003,0.004,27.0
291,-1.282,0.929,1.499,0.000,0.003,0.004,27.0
292,-1.283,0.930,1.499,0.000,0.003,0.004,27.0
293,-1.283,0.931,1.499,0.000,0.003,0.004,27.0
294,-1.284,0.932,1.499,0.000,0.003,0.004,27.0
295,-1.285,0.933,1.499,0.000,0.003,0.004,27.0
296,-1.285,0.934,1.499,0.000,0.003,0.004,27.0
297,-1.286,0.935,1.499,0.000,0.003,0.004,27.0
298,-1.287,0.936,1.499,0.000,0.003,0.004,27.0
299,-1.287,0.936,1.499,0.000,0.003,0.004,27.0
300,-1.288,0.937,1.499,0.000,0.003,0.004,27.0
301,-1.288,0.938,1.499,0.000,0.003,0.004,27.0
302,-1.289,0.939,1.499,0.000,0.003,0.003,27.0
303,-1.290,0.940,1.499,0.000,0.002,0.003,27.0
304,-1.290,0.940,1.499,0.000,0.002,0.003,27.0
305,-1.291,0.941,1.499,0.000,0.002,0.003,27.0
306,-1.291,0.942,1.499,0.000,0.002,0.003,27.0
307,-1.292,0.943,1.499,0.000,0.002,0.003,27.0
308,-1.292,0.943,1.499,0.000,0.002,0.003,27.0
309,-1.293,0.944,1.499,0.000,0.002,0.003,27.0
310,-1.293,0.945,1.499,0.000,0.002,0.003,27.0
311,-1.294,0.946,1.499,0.000,0.002,0.003,27.0
312,-1.295,0.946,1.499,0.000,0.002,0.003,27.0
313,-1.295,0.947,1.499,0.000,0.002,0.003,27.0
314,-1.296,0.948,1.499,0.000,0.002,0.003,27.0
315,-1.296,0.948,1.499,0.000,0.002,0.003,27.0
316,-1.297,0.949,1.499,0.000,0.002,0.003,27.0
317,-1.297,0.950,1.499,0.000,0.002,0.003,27.0
318,-1.297,0.950,1.499,0.000,0.002,0.003,27.0
319,-1.298,0.951,1.499,0.000,0.002,0.003,27.0
320,-1.298,0.952,1.499,0.000,0.002,0.003,27.0
321,-1.299,0.952,1.499,0.000,0.002,0.003,27.0
322,-1.299,0.953,1.499,0.000,0.002,0.003,27.0
323,-1.300,0.954,1.499,0.000,0.002,0.003,27.0
324,-1.300,0.954,1.499,0.000,0.002,0.003,27.0
325,-1.301,0.955,1.499,0.000,0.002,0.003,27.0
326,-1.301,0.955,1.499,0.000,0.002,0.003,27.0
327,-1.301,0.956,1.499,0.000,0.002,0.003,27.0
328,-1.302,0.957,1.499,0.000,0.002,0.002,27.0
329,-1.302,0.957,1.499,0.000,0.002,0.002,27.0
330,-1.303,0.958,1.499,0.000,0.002,0.002,27.0
331,-1.303,0.958,1.499,0.000,0.002,0.002,27.0
332,-1.304,0.959,1.499,0.000,0.002,0.002,27.0
333,-1.304,0.959,1.499,0.000,0.002,0.002,27.0
334,-1.304,0.960,1.499,0.000,0.002,0.002,27.0
335,-1.305,0.960,1.499,0.000,0.002,0.002,27.0
336,-1.305,0.961,1.499,0.000,0.002,0.002,27.0
337,-1.305,0.961,1.499,0.000,0.002,0.002,27.0
338,-1.306,0.962,1.499,0.000,0.002,0.002,27.0
339,-1.306,0.962,1.499,0.000,0.002,0.002,27.0
340,-1.307,0.963,1.499,0.000,0.002,0.002,27.0
341,-1.307,0.963,1.499,0.000,0.002,0.002,27.0
342,-1.307,0.964,1.499,0.000,0.001,0.002,27.0
343,-1.308,0.964,1.499,0.000,0.001,0.002,27.0
344,-1.308,0.965,1.499,0.000,0.001,0.002,27.0
345,-1.308,0.965,1.499,0.000,0.001,0.002,27.0
346,-1.309,0.966,1.499,0.000,0.001,0.002,27.0
347,-1.309,0.966,1.499,0.000,0.001,0.002,27.0
348,-1.309,0.967,1.499,0.000,0.001,0.002,27.0
349,-1.310,0.967,1.499,0.000,0.001,0.002,27.0
350,-1.310,0.968,1.499,0.000,0.001,0.002,27.0
351,-1.310,0.968,1.499,0.000,0.001,0.002,27.0
352,-1.310,0.968,1.499,0.000,0.001,0.002,27.0
353,-1.311,0.969,1.499,0.000,0.001,0.002,27.0
354,-1.311,0.969,1.499,0.000,0.001,0.002,27.0
355,-1.311,0.970,1.499,0.000,0.001,0.002,27.0
356,-1.312,0.970,1.499,0.000,0.001,0.002,27.0
357,-1.312,0.970,1.499,0.000,0.001,0.002,27.0
358,-1.312,0.971,1.499,0.000,0.001,0.002,27.0
359,-1.312,0.971,1.499,0.000,0.001,0.002,27.0
360,-1.313,0.972,1.499,0.000,0.001,0.002,27.0
361,-1.313,0.972,1.499,0.000,0.001,0.002,27.0
362,-1.313,0.972,1.499,0.000,0.001,0.002,27.0
363,-1.314,0.973,1.499,0.000,0.001,0.002,27.0
364,-1.314,0.973,1.499,0.000,0.001,0.002,27.0
365,-1.314,0.973,1.499,0.000,0.001,0.002,27.0
366,-1.314,0.974,1.499,0.000,0.001,0.002,27.0
367,-1.315,0.974,1.499,0.000,0.001,0.001,27.0
368,-1.315,0.974,1.499,0.000,0.001,0.001,27.0
369,-1.315,0.975,1.499,0.000,0.001,0.001,27.0
370,-1.315,0.975,1.499,0.000,0.001,0.001,27.0
371,-1.315,0.975,1.499,0.000,0.001,0.001,27.0
372,-1.316,0.976,1.499,0.000,0.001,0.001,27.0
373,-1.316,0.976,1.499,0.000,0.001,0.001,27.0
374,-1.316,0.976,1.499,0.000,0.001,0.001,27.0
375,-1.316,0.977,1.499,0.000,0.001,0.001,27.0
376,-1.317,0.977,1.499,0.000,0.001,0.001,27.0
377,-1.317,0.977,1.499,0.000,0.001,0.001,27.0
378,-1.317,0.978,1.499,0.000,0.001,0.001,27.0
379,-1.317,0.978,1.499,0.000,0.001,0.001,27.0
380,-1.317,0.978,1.499,0.000,0.001,0.001,27.0
381,-1.318,0.978,1.499,0.000,0.001,0.001,27.0
382,-1.318,0.979,1.499,0.000,0.001,0.001,27.0
383,-1.318,0.979,1.499,0.000,0.001,0.001,27.0
384,-1.318,0.979,1.499,0.000,0.001,0.001,27.0
385,-1.319,0.980,1.499,0.000,0.001,0.001,27.0
386,-1.319,0.980,1.499,0.000,0.001,0.001,27.0
387,-1.319,0.980,1.499,0.000,0.001,0.001,27.0
388,-1.319,0.980,1.499,0.000,0.001,0.001,27.0
389,-1.319,0.981,1.499,0.000,0.001,0.001,27.0
390,-1.319,0.981,1.499,0.000,0.001,0.001,27.0
391,-1.320,0.981,1.499,0.000,0.001,0.001,27.0
392,-1.320,0.981,1.499,0.000,0.001,0.001,27.0
393,-1.320,0.982,1.499,0.000,0.001,0.001,27.0
394,-1.320,0.982,1.499,0.000,0.001,0.001,27.0
395,-1.320,0.982,1.499,0.000,0.001,0.001,27.0
396,-1.321,0.982,1.499,0.000,0.001,0.001,27.0
397,-1.321,0.983,1.499,0.000,0.001,0.001,27.0
398,-1.321,0.983,1.499,0.000,0.001,0.001,27.0
399,-1.321,0.983,1.499,0.000,0.001,0.001,27.0
400,-1.321,0.983,1.499,0.000,0.001,0.001,27.0
401,-1.321,0.983,1.499,0.000,0.001,0.001,27.0
402,-1.321,0.984,1.499,0.000,0.001,0.001,27.0
403,-1.322,0.984,1.499,0.000,0.001,0.001,27.0
404,-1.322,0.984,1.499,0.000,0.001,0.001,27.0
405,-1.322,0.984,1.499,0.000,0.001,0.001,27.0
406,-1.322,0.984,1.499,0.000,0.001,0.001,27.0
407,-1.322,0.985,1.499,0.000,0.001,0.001,27.0
408,-1.322,0.985,1.499,0.000,0.001,0.001,27.0
409,-1.323,0.985,1.499,0.000,0.001,0.001,27.0
410,-1.323,0.985,1.499,0.000,0.001,0.001,27.0
411,-1.323,0.985,1.499,0.000,0.001,0.001,27.0
412,-1.323,0.986,1.499,0.000,0.001,0.001,27.0
413,-1.323,0.986,1.499,0.000,0.001,0.001,27.0
414,-1.323,0.986,1.499,0.000,0.001,0.001,27.0
415,-1.323,0.986,1.499,0.000,0.001,0.001,27.0
416,-1.323,0.986,1.499,0.000,0.001,0.001,27.0
417,-1.324,0.987,1.499,0.000,0.001,0.001,27.0
418,-1.324,0.987,1.499,0.000,0.001,0.001,27.0
419,-1.324,0.987,1.499,0.000,0.001,0.001,27.0
420,-1.324,0.987,1.499,0.000,0.001,0.001,27.0
421,-1.324,0.987,1.499,0.000,0.001,0.001,27.0
422,-1.324,0.987,1.499,0.000,0.001,0.001,27.0
423,-1.324,0.988,1.499,0.000,0.001,0.001,27.0
424,-1.324,0.988,1.499,0.000,0.001,0.001,27.0
425,-1.325,0.988,1.499,0.000,0.001,0.001,27.0
426,-1.325,0.988,1.499,0.000,0.000,0.001,27.0
427,-1.325,0.988,1.499,0.000,0.000,0.001,27.0
428,-1.325,0.988,1.499,0.000,0.000,0.001,27.0
429,-1.325,0.989,1.499,0.000,0.000,0.001,27.0
430,-1.325,0.989,1.499,0.000,0.000,0.001,27.0
431,-1.325,0.989,1.499,0.000,0.000,0.001,27.0
432,-1.325,0.989,1.499,0.000,0.000,0.001,27.0
433,-1.325,0.989,1.499,0.000,0.000,0.001,27.0
434,-1.326,0.989,1.499,0.000,0.000,0.001,27.0
435,-1.326,0.989,1.499,0.000,0.000,0.001,27.0
436,-1.326,0.990,1.499,0.000,0.000,0.001,27.0
437,-1.326,0.990,1.499,0.000,0.000,0.001,27.0
438,-1.326,0.990,1.499,0.000,0.000,0.001,27.0
439,-1.326,0.990,1.499,0.000,0.000,0.001,27.0
440,-1.326,0.990,1.499,0.000,0.000,0.001,27.0
441,-1.326,0.990,1.499,0.000,0.000,0.001,27.0
442,-1.326,0.990,1.499,0.000,0.000,0.001,27.0
443,-1.326,0.990,1.499,0.000,0.000,0.001,27.0
444,-1.327,0.991,1.499,0.000,0.000,0.001,27.0
445,-1.327,0.991,1.499,0.000,0.000,0.001,27.0
446,-1.327,0.991,1.499,0.000,0.000,0.001,27.0
447,-1.327,0.991,1.499,0.000,0.000,0.001,27.0
448,-1.327,0.991,1.499,0.000,0.000,0.001,27.0
449,-1.327,0.991,1.499,0.000,0.000,0.001,27.0
450,-1.327,0.991,1.499,0.000,0.000,0.000,27.0
451,-0.000,4.000,1.499,-0.000,0.000,0.000,27.0
452,-0.000,4.000,1.499,-0.000,0.000,0.000,27.0
453,-0.000,4.000,1.499,-0.000,0.000,0.000,27.0
454,-0.000,4.000,1.499,-0.000,0.004,0.006,1
455,-0.000,4.001,1.499,-0.000,0.007,0.009,1
456,-0.000,4.001,1.499,-0.000,0.007,0.010,1
457,-0.000,4.001,1.499,-0.000,0.005,0.007,1
458,-0.000,4.001,1.499,-0.000,0.003,0.004,1
459,-0.000,4.001,1.499,-0.000,0.000,0.001,1
460,-0.000,4.001,1.499,-0.000,-0.001,-0.002,1
461,-0.000,4.001,1.499,-0.000,-0.002,-0.003,1
462,-0.000,4.001,1.499,-0.000,-0.002,-0.002,1
463,-0.000,4.001,1.499,-0.000,-0.001,-0.001,1
464,-0.000,4.001,1.499,-0.000,0.000,0.000,1
465,-0.000,4.001,1.499,-0.000,0.001,0.001,1
466,-0.000,4.001,1.499,-0.000,0.001,0.002,1
467,-0.000,4.001,1.499,-0.000,0.001,0.001,1
468,-0.000,4.001,1.499,-0.000,0.001,0.001,1
469,-0.000,4.001,1.499,-0.000,0.000,0.000,1
470,-0.000,4.001,1.499,-0.000,-0.000,-0.000,1
471,-0.000,4.001,1.499,-0.000,-0.000,-0.000,1
472,-0.000,4.001,1.499,-0.000,-0.000,-0.001,1
473,-0.000,4.001,1.499,-0.000,-0.000,-0.000,1
474,-0.000,4.001,1.499,-0.000,-0.000,-0.000,1
475,-0.000,4.001,1.499,-0.000,0.000,0.000,1
476,-0.000,4.001,1.499,-0.000,0.000,0.000,1
477,-0.000,4.001,1.499,-0.000,0.000,0.000,1
478,-0.000,4.001,1.499,-0.000,0.000,0.000,1
479,-0.000,4.001,1.499,-0.000,0.000,0.000,1
480,-0.000,4.001,1.499,-0.000,0.000,0.000,1
481,-0.000,4.001,1.499,-0.000,-0.000,-0.000,1
482,-0.000,4.001,1.499,-0.000,-0.000,-0.000,1
483,-0.000,4.001,1.499,-0.000,-0.000,-0.000,1
484,-0.000,4.001,1.499,-0.000,-0.000,-0.000,1
485,-0.000,4.001,1.499,-0.000,-0.000,-0.000,1
486,-0.000,4.001,1.499,-0.000,0.000,0.000,1
487,-0.000,4.001,1.499,-0.000,0.000,0.000,1
488,-0.000,4.001,1.499,-0.000,0.000,0.000,1
489,-0.000,4.001,1.499,-0.000,0.000,0.000,1
490,-0.000,4.001,1.499,-0.000,0.000,0.000,1
491,-0.000,4.001,1.499,-0.000,-0.000,-0.000,1
492,-0.000,4.001,1.499,-0.000,-0.000,-0.000,1
493,-0.000,4.001,1.499,-0.000,-0.000,-0.000,1
494,-0.000,4.001,1.499,-0.000,-0.000,-0.000,1
495,-0.000,4.001,1.499,-0.000,-0.000,-0.000,1
496,-0.000,4.001,1.499,-0.000,-0.000,-0.000,1
497,-0.000,4.001,1.499,-0.000,0.000,0.000,1
498,-0.000,4.001,1.499,-0.000,0.000,0.000,1
499,-0.000,4.001,1.499,-0.000,0.000,0.000,1
500,-0.000,4.001,1.499,-0.000,0.000,0.000,1
501,-0.000,4.001,1.499,-0.000,0.000,0.000,1
502,-0.000,4.001,1.499,-0.000,-0.000,-0.000,1
503,-0.000,4.001,1.499,-0.000,-0.000,-0.000,1
504,-0.000,4.001,1.499,-0.000,-0.000,-0.000,1
505,-0.000,4.001,1.499,-0.000,-0.000,-0.000,1
506,-0.000,4.001,1.499,-0.000,-0.000,-0.000,1
507,-0.000,4.001,1.499,-0.000,0.000,0.000,1
508,-0.000,4.001,1.499,-0.000,0.000,0.000,1
509,-0.000,4.001,1.499,-0.000,0.000,0.000,1
510,-0.000,4.001,1.499,-0.000,0.000,0.000,1
511,-0.000,4.001,1.499,-0.000,0.000,0.000,1
512,-0.000,4.001,1.499,-0.000,0.000,0.000,1
513,-0.000,4.001,1.499,-0.000,-0.000,-0.000,1
514,-0.000,4.001,1.499,-0.000,-0.000,-0.000,1
515,-0.000,4.001,1.499,-0.000,-0.000,-0.000,1
516,-0.000,4.001,1.499,-0.000,-0.000,-0.000,1
517,-0.000,4.001,1.499,-0.000,-0.000,-0.000,1
518,-0.000,4.001,1.499,-0.000,0.000,0.000,1
519,-0.000,4.001,1.499,-0.000,0.000,0.000,1
520,-0.000,4.001,1.499,-0.000,0.000,0.000,1
521,-0.554,-1.868,1.499,-0.000,-0.000,-0.000,1
522,-0.554,-1.868,1.499,-0.000,-0.000,-0.000,1
523,-0.554,-1.868,1.499,-0.000,-0.000,0.000,1
524,-0.554,-1.868,1.499,-0.000,-0.000,0.000,1
525,-0.554,-1.868,1.499,-0.000,-0.000,0.000,1
526,-0.554,-1.868,1.499,0.000,0.063,-0.209,1
527,-0.554,-1.867,1.499,0.000,0.104,-0.346,1
528,-0.553,-1.866,1.499,0.000,0.109,-0.361,1
529,-0.552,-1.863,1.499,0.000,0.084,-0.278,1
530,-0.551,-1.859,1.499,0.000,0.044,-0.147,1
531,-0.550,-1.854,1.499,0.000,0.006,-0.019,1
532,-0.548,-1.849,1.499,0.000,-0.021,0.070,1
533,-0.547,-1.845,1.499,0.000,-0.032,0.106,1
534,-0.546,-1.841,1.499,0.000,-0.028,0.093,1
535,-0.545,-1.837,1.500,0.000,-0.015,0.051,1
536,-0.544,-1.833,1.500,0.000,-0.001,0.002,1
537,-0.542,-1.829,1.500,0.000,0.011,-0.036,1
538,-0.541,-1.826,1.500,0.000,0.016,-0.055,1
539,-0.540,-1.822,1.500,0.000,0.016,-0.052,1
540,-0.539,-1.817,1.500,0.000,0.011,-0.035,1
541,-0.538,-1.813,1.500,0.000,0.004,-0.013,1
542,-0.536,-1.809,1.500,0.000,-0.002,0.007,1
543,-0.535,-1.804,1.500,0.000,-0.006,0.019,1
544,-0.534,-1.800,1.500,0.000,-0.007,0.022,1
545,-0.532,-1.796,1.500,0.000,-0.005,0.017,1
546,-0.531,-1.792,1.500,0.000,-0.003,0.009,1
547,-0.530,-1.788,1.500,0.000,-0.000,0.001,1
548,-0.529,-1.784,1.500,0.000,-0.010,0.032,1
549,-0.527,-1.780,1.500,0.000,-0.028,0.093,1
550,-0.526,-1.776,1.500,0.000,-0.024,0.043,23.0
551,-0.525,-1.772,1.500,0.000,-0.013,-0.017,23.0
552,-0.524,-1.769,1.500,0.000,-0.002,-0.057,23.0
553,-0.523,-1.765,1.500,0.000,0.006,-0.070,23.0
554,-0.522,-1.761,1.500,0.000,0.010,-0.059,23.0
555,-0.521,-1.756,1.501,0.000,0.009,-0.033,23.0
556,-0.520,-1.752,1.501,0.000,0.005,-0.005,23.0
557,-0.519,-1.748,1.501,0.000,0.001,0.016,23.0
558,-0.518,-1.743,1.501,0.000,-0.003,0.027,23.0
559,-0.517,-1.739,1.501,0.000,-0.005,0.026,23.0
560,-0.516,-1.735,1.501,0.000,-0.005,0.018,23.0
561,-0.515,-1.730,1.501,0.000,-0.004,0.007,23.0
562,-0.514,-1.726,1.501,0.000,-0.002,-0.003,23.0
563,-0.513,-1.722,1.501,0.000,-0.000,-0.009,23.0
564,-0.512,-1.718,1.501,0.000,0.001,-0.009,23.0
565,-0.510,-1.714,1.501,0.000,0.001,-0.007,23.0
566,-0.509,-1.709,1.501,0.000,0.001,-0.002,23.0
567,-0.508,-1.705,1.501,0.000,0.000,0.003,23.0
568,-0.507,-1.701,1.501,0.000,-0.001,0.006,23.0
569,-0.506,-1.696,1.501,0.000,-0.001,0.007,23.0
570,-0.505,-1.692,1.501,0.000,-0.001,0.006,23.0
571,-0.504,-1.688,1.501,0.000,-0.001,0.004,23.0
572,-0.503,-1.684,1.501,0.000,-0.001,0.002,23.0
573,-0.502,-1.679,1.501,0.000,-0.001,0.001,23.0
574,-0.501,-1.675,1.501,0.000,-0.000,0.000,23.0
575,-0.500,-1.671,1.501,0.000,-0.000,0.000,23.0
576,-0.499,-1.666,1.501,0.000,-0.000,0.001,23.0
577,-0.498,-1.662,1.501,0.000,-0.000,0.002,23.0
578,-0.497,-1.658,1.501,0.000,-0.000,0.003,23.0
579,-0.496,-1.654,1.501,0.000,-0.001,0.003,23.0
580,-0.495,-1.649,1.501,0.000,-0.001,0.003,23.0
581,-0.493,-1.645,1.501,0.000,-0.001,0.003,23.0
582,-0.492,-1.641,1.501,0.000,-0.001,0.003,23.0
583,-0.491,-1.637,1.501,0.000,-0.001,0.002,23.0
584,-0.490,-1.632,1.501,0.000,-0.001,0.002,23.0
585,-0.489,-1.628,1.501,0.000,-0.001,0.002,23.0
586,-0.488,-1.624,1.501,0.000,-0.001,0.002,23.0
587,-0.487,-1.619,1.501,0.000,-0.001,0.002,23.0
588,-0.486,-1.615,1.501,0.000,-0.001,0.002,23.0
589,-0.485,-1.611,1.501,0.000,-0.001,0.002,23.0
590,-0.484,-1.607,1.501,0.000,-0.001,0.002,23.0
591,-0.483,-1.602,1.501,0.000,-0.001,0.002,23.0
592,-0.482,-1.598,1.501,0.000,-0.001,0.002,23.0
593,-0.481,-1.594,1.501,0.000,-0.001,0.002,23.0
594,-0.480,-1.590,1.501,0.000,-0.001,0.002,23.0
595,-0.479,-1.585,1.501,0.000,-0.001,0.002,23.0
596,-0.478,-1.581,1.501,0.000,-0.001,0.002,23.0
597,-0.476,-1.577,1.501,0.000,-0.001,0.002,23.0
598,-0.475,-1.572,1.501,0.000,-0.001,0.002,23.0
599,-0.474,-1.568,1.501,0.000,-0.001,0.002,23.0
600,-0.473,-1.564,1.501,0.000,-0.001,0.002,23.0
601,-0.472,-1.560,1.501,0.000,-0.001,0.002,23.0
602,-0.471,-1.555,1.501,0.000,-0.001,0.002,23.0
603,-0.470,-1.551,1.501,0.000,-0.001,0.002,23.0
604,-0.469,-1.547,1.501,0.000,-0.001,0.002,23.0
605,-0.468,-1.543,1.501,0.000,-0.001,0.002,23.0
606,-0.467,-1.538,1.501,0.000,-0.001,0.002,23.0
607,-0.466,-1.534,1.501,0.000,-0.001,0.002,23.0
608,-0.465,-1.530,1.501,0.000,-0.001,0.002,23.0
609,-0.464,-1.525,1.501,0.000,-0.001,0.002,23.0
610,-0.463,-1.521,1.501,0.000,-0.001,0.002,23.0
611,-0.462,-1.517,1.501,0.000,-0.001,0.002,23.0
612,-0.461,-1.513,1.501,0.000,-0.001,0.002,23.0
613,-0.460,-1.508,1.501,0.000,-0.001,0.002,23.0
614,-0.458,-1.504,1.501,0.000,-0.001,0.002,23.0
615,-0.457,-1.500,1.501,0.000,-0.001,0.002,23.0
616,-0.456,-1.495,1.501,0.000,-0.001,0.002,23.0
617,-0.455,-1.491,1.501,0.000,-0.001,0.002,23.0
618,-0.454,-1.487,1.501,0.000,-0.001,0.002,23.0
619,-0.453,-1.483,1.501,0.000,-0.001,0.002,23.0
620,-0.452,-1.478,1.501,0.000,-0.001,0.002,23.0
621,-0.451,-1.474,1.501,0.000,-0.001,0.002,23.0
622,-0.450,-1.470,1.501,0.000,-0.001,0.002,23.0
623,-0.449,-1.466,1.501,0.000,-0.001,0.002,23.0
624,-0.448,-1.461,1.501,0.000,-0.001,0.002,23.0
625,-0.447,-1.457,1.501,0.000,-0.001,0.002,23.0
626,-0.446,-1.453,1.501,0.000,-0.001,0.002,23.0
627,-0.445,-1.448,1.501,0.000,-0.001,0.002,23.0
628,-0.444,-1.444,1.501,0.000,-0.001,0.002,23.0
629,-0.443,-1.440,1.500,0.000,-0.001,0.002,23.0
630,-0.441,-1.436,1.500,0.000,-0.001,0.002,23.0
631,-0.440,-1.431,1.500,0.000,-0.001,0.002,23.0
632,-0.439,-1.427,1.500,0.000,-0.001,0.002,23.0
633,-0.438,-1.423,1.500,0.000,-0.001,0.002,23.0
634,-0.437,-1.419,1.500,0.000,-0.001,0.002,23.0
635,-0.436,-1.414,1.500,0.000,-0.001,0.002,23.0
636,-0.435,-1.410,1.500,0.000,-0.001,0.002,23.0
637,-0.434,-1.406,1.500,0.000,-0.001,0.002,23.0
638,-0.433,-1.401,1.500,0.000,-0.001,0.002,23.0
639,-0.432,-1.397,1.500,0.000,-0.001,0.002,23.0
640,-0.431,-1.393,1.500,0.000,-0.001,0.002,23.0
641,-0.430,-1.389,1.500,0.000,-0.001,0.002,23.0
642,-0.429,-1.384,1.500,0.000,-0.001,0.002,23.0
643,-0.428,-1.380,1.500,0.000,-0.001,0.002,23.0
644,-0.427,-1.376,1.500,0.000,-0.001,0.002,23.0
645,-0.426,-1.372,1.500,0.000,-0.001,0.002,23.0
646,-0.425,-1.367,1.500,0.000,-0.001,0.002,23.0
647,-0.423,-1.363,1.500,0.000,-0.001,0.002,23.0
648,-0.422,-1.359,1.500,0.000,-0.001,0.002,23.0
649,-0.421,-1.354,1.500,0.000,-0.001,0.002,23.0
650,-0.420,-1.350,1.500,0.000,-0.001,0.002,23.0
651,-0.419,-1.346,1.500,0.000,-0.001,0.002,23.0
652,-0.418,-1.342,1.500,0.000,-0.001,0.002,23.0
653,-0.417,-1.337,1.500,0.000,-0.001,0.002,23.0
654,-0.416,-1.333,1.500,0.000,-0.001,0.004,23.0
655,-0.415,-1.329,1.500,0.000,-0.002,0.007,23.0
656,-0.414,-1.325,1.500,0.000,-0.003,0.012,23.0
657,-0.413,-1.320,1.500,0.000,-0.004,0.016,23.0
658,-0.412,-1.316,1.500,0.000,-0.005,0.018,23.0
659,-0.411,-1.312,1.500,0.000,-0.005,0.019,23.0
660,-0.410,-1.308,1.500,0.000,-0.005,0.019,23.0
661,-0.409,-1.304,1.500,0.000,-0.004,0.018,23.0
662,-0.408,-1.300,1.500,0.000,-0.004,0.016,23.0
663,-0.407,-1.296,1.500,0.000,-0.004,0.015,23.0
664,-0.406,-1.292,1.500,0.000,-0.004,0.014,23.0
665,-0.405,-1.288,1.500,0.000,-0.004,0.014,23.0
666,-0.404,-1.285,1.500,0.000,-0.004,0.015,23.0
667,-0.403,-1.281,1.500,0.000,-0.004,0.015,23.0
668,-0.402,-1.277,1.500,0.000,-0.004,0.016,23.0
669,-0.401,-1.274,1.500,0.000,-0.004,0.016,23.0
670,-0.400,-1.270,1.500,0.000,-0.004,0.016,23.0
671,-0.400,-1.267,1.500,0.000,-0.004,0.016,23.0
672,-0.399,-1.263,1.500,0.000,-0.004,0.015,23.0
673,-0.398,-1.260,1.500,0.000,-0.004,0.015,23.0
674,-0.397,-1.256,1.500,0.000,-0.004,0.014,23.0
675,-0.396,-1.253,1.500,0.000,-0.004,0.014,23.0
676,-0.395,-1.250,1.500,0.000,-0.003,0.014,23.0
677,-0.394,-1.246,1.500,0.000,-0.003,0.014,23.0
678,-0.394,-1.243,1.500,0.000,-0.003,0.014,23.0
679,-0.393,-1.240,1.500,0.000,-0.003,0.014,23.0
680,-0.392,-1.237,1.500,0.000,-0.003,0.014,23.0
681,-0.391,-1.234,1.500,0.000,-0.003,0.013,23.0
682,-0.391,-1.231,1.500,0.000,-0.003,0.013,23.0
683,-0.390,-1.228,1.500,0.000,-0.003,0.013,23.0
684,-0.389,-1.225,1.500,0.000,-0.003,0.013,23.0
685,-0.388,-1.222,1.500,0.000,-0.003,0.013,23.0
686,-0.388,-1.219,1.500,0.000,-0.003,0.012,23.0
687,-0.387,-1.216,1.500,0.000,-0.003,0.012,23.0
688,-0.386,-1.213,1.500,0.000,-0.003,0.012,23.0
689,-0.386,-1.210,1.500,0.000,-0.003,0.012,23.0
690,-0.385,-1.208,1.500,0.000,-0.003,0.012,23.0
691,-0.384,-1.205,1.500,0.000,-0.003,0.012,23.0
692,-0.384,-1.202,1.500,0.000,-0.003,0.012,23.0
693,-0.383,-1.199,1.500,0.000,-0.003,0.011,23.0
694,-0.382,-1.197,1.500,0.000,-0.003,0.011,23.0
695,-0.382,-1.194,1.500,0.000,-0.003,0.011,23.0
696,-0.381,-1.192,1.500,0.000,-0.003,0.011,23.0
697,-0.380,-1.189,1.500,0.000,-0.003,0.011,23.0
698,-0.380,-1.187,1.500,0.000,-0.003,0.011,23.0
699,-0.379,-1.184,1.500,0.000,-0.003,0.011,23.0
700,-0.378,-1.182,1.500,0.000,-0.003,0.010,23.0
701,-0.378,-1.180,1.500,0.000,-0.003,0.010,23.0
702,-0.377,-1.177,1.500,0.000,-0.003,0.010,23.0
703,-0.377,-1.175,1.500,0.000,-0.002,0.010,23.0
704,-0.376,-1.173,1.500,0.000,-0.002,0.010,23.0
705,-0.376,-1.170,1.500,0.000,-0.002,0.010,23.0
706,-0.375,-1.168,1.500,0.000,-0.002,0.010,23.0
707,-0.375,-1.166,1.500,0.000,-0.002,0.009,23.0
708,-0.374,-1.164,1.500,0.000,-0.002,0.009,23.0
709,-0.373,-1.162,1.500,0.000,-0.002,0.009,23.0
710,-0.373,-1.159,1.500,0.000,-0.002,0.009,23.0
711,-0.372,-1.157,1.500,0.000,-0.002,0.009,23.0
712,-0.372,-1.155,1.500,0.000,-0.002,0.009,23.0
713,-0.371,-1.153,1.500,0.000,-0.002,0.009,23.0
714,-0.371,-1.151,1.500,0.000,-0.002,0.009,23.0
715,-0.370,-1.149,1.500,0.000,-0.002,0.009,23.0
716,-0.370,-1.147,1.500,0.000,-0.002,0.008,23.0
717,-0.369,-1.145,1.500,0.000,-0.002,0.008,23.0
718,-0.369,-1.144,1.500,0.000,-0.002,0.008,23.0
719,-0.368,-1.142,1.500,0.000,-0.002,0.008,23.0
720,-0.368,-1.140,1.500,0.000,-0.002,0.008,23.0
721,-0.368,-1.138,1.500,0.000,-0.002,0.008,23.0
722,-0.367,-1.136,1.500,0.000,-0.002,0.008,23.0
723,-0.367,-1.134,1.500,0.000,-0.002,0.008,23.0
724,-0.366,-1.133,1.499,0.000,-0.002,0.008,23.0
725,-0.366,-1.131,1.499,0.000,-0.002,0.007,23.0
726,-0.365,-1.129,1.499,0.000,-0.002,0.007,23.0
727,-0.365,-1.127,1.499,0.000,-0.002,0.007,23.0
728,-0.365,-1.126,1.499,0.000,-0.002,0.007,23.0
729,-0.364,-1.124,1.499,0.000,-0.002,0.007,23.0
730,-0.364,-1.123,1.499,0.000,-0.002,0.007,23.0
731,-0.363,-1.121,1.499,0.000,-0.002,0.007,23.0
732,-0.363,-1.119,1.499,0.000,-0.002,0.007,23.0
733,-0.363,-1.118,1.499,0.000,-0.002,0.007,23.0
734,-0.362,-1.116,1.499,0.000,-0.002,0.007,23.0
735,-0.362,-1.115,1.499,0.000,-0.002,0.007,23.0
736,-0.361,-1.113,1.499,0.000,-0.002,0.006,23.0
737,-0.361,-1.112,1.499,0.000,-0.002,0.006,23.0
738,-0.361,-1.110,1.499,0.000,-0.002,0.006,23.0
739,-0.360,-1.109,1.499,0.000,-0.002,0.006,23.0
740,-0.360,-1.107,1.499,0.000,-0.002,0.006,23.0
741,-0.360,-1.106,1.499,0.000,-0.002,0.006,23.0
742,-0.359,-1.105,1.499,0.000,-0.001,0.006,23.0
743,-0.359,-1.103,1.499,0.000,-0.001,0.006,23.0
744,-0.359,-1.102,1.499,0.000,-0.001,0.006,23.0
745,-0.358,-1.101,1.499,0.000,-0.001,0.006,23.0
746,-0.358,-1.099,1.499,0.000,-0.001,0.006,23.0
747,-0.358,-1.098,1.499,0.000,-0.001,0.006,23.0
748,-0.357,-1.097,1.499,0.000,-0.001,0.006,23.0
749,-0.357,-1.095,1.499,0.000,-0.001,0.005,23.0
750,-0.357,-1.094,1.499,0.000,-0.001,0.005,23.0
751,-0.356,-1.093,1.499,0.000,-0.001,0.005,23.0
752,-0.356,-1.092,1.499,0.000,-0.001,0.005,23.0
753,-0.356,-1.090,1.499,0.000,-0.001,0.005,23.0
754,-0.356,-1.089,1.499,0.000,-0.001,0.005,23.0
755,-0.355,-1.088,1.499,0.000,-0.001,0.005,23.0
756,-0.355,-1.087,1.499,0.000,-0.001,0.005,23.0
757,-0.355,-1.086,1.499,0.000,-0.001,0.005,23.0
758,-0.354,-1.085,1.499,0.000,-0.001,0.005,23.0
759,-0.354,-1.084,1.499,0.000,-0.001,0.005,23.0
760,-0.354,-1.083,1.499,0.000,-0.001,0.005,23.0
761,-0.354,-1.081,1.499,0.000,-0.001,0.005,23.0
762,-0.353,-1.080,1.499,0.000,-0.001,0.005,23.0
763,-0.353,-1.079,1.499,0.000,-0.001,0.005,23.0
764,-0.353,-1.078,1.499,0.000,-0.001,0.004,23.0
765,-0.353,-1.077,1.499,0.000,-0.001,0.004,23.0
766,-0.352,-1.076,1.499,0.000,-0.001,0.004,23.0
767,-0.352,-1.075,1.499,0.000,-0.001,0.004,23.0
768,-0.352,-1.074,1.499,0.000,-0.001,0.004,23.0
769,-0.352,-1.073,1.499,0.000,-0.001,0.004,23.0
770,-0.351,-1.072,1.499,0.000,-0.001,0.004,23.0
771,-0.351,-1.071,1.499,0.000,-0.001,0.004,23.0
772,-0.351,-1.070,1.499,0.000,-0.001,0.004,23.0
773,-0.351,-1.070,1.499,0.000,-0.001,0.004,23.0
774,-0.350,-1.069,1.499,0.000,-0.001,0.004,23.0
775,-0.350,-1.068,1.499,0.000,-0.001,0.004,23.0
776,-0.350,-1.067,1.499,0.000,-0.001,0.004,23.0
777,-0.350,-1.066,1.499,0.000,-0.001,0.004,23.0
778,-0.349,-1.065,1.499,0.000,-0.001,0.004,23.0
779,-0.349,-1.064,1.499,0.000,-0.001,0.004,23.0
780,-0.349,-1.063,1.499,0.000,-0.001,0.004,23.0
781,-0.349,-1.063,1.499,0.000,-0.001,0.004,23.0
782,-0.349,-1.062,1.499,0.000,-0.001,0.004,23.0
783,-0.348,-1.061,1.499,0.000,-0.001,0.003,23.0
784,-0.348,-1.060,1.499,0.000,-0.001,0.003,23.0
785,-0.348,-1.059,1.499,0.000,-0.001,0.003,23.0
786,-0.348,-1.059,1.499,0.000,-0.001,0.003,23.0
787,-0.348,-1.058,1.499,0.000,-0.001,0.003,23.0
788,-0.347,-1.057,1.499,0.000,-0.001,0.003,23.0
789,-0.347,-1.056,1.499,0.000,-0.001,0.003,23.0
790,-0.347,-1.056,1.499,0.000,-0.001,0.003,23.0
791,-0.347,-1.055,1.499,0.000,-0.001,0.003,23.0
792,-0.347,-1.054,1.499,0.000,-0.001,0.003,23.0
793,-0.347,-1.053,1.499,0.000,-0.001,0.003,23.0
794,-0.346,-1.053,1.499,0.000,-0.001,0.003,23.0
795,-0.346,-1.052,1.499,0.000,-0.001,0.003,23.0
796,-0.346,-1.051,1.499,0.000,-0.001,0.003,23.0
797,-0.346,-1.051,1.499,0.000,-0.001,0.003,23.0
798,-0.346,-1.050,1.499,0.000,-0.001,0.003,23.0
799,-0.346,-1.049,1.499,0.000,-0.001,0.003,23.0
800,-0.345,-1.049,1.499,0.000,-0.001,0.003,23.0
801,-0.345,-1.048,1.499,0.000,-0.001,0.003,23.0
802,-0.345,-1.047,1.499,0.000,-0.001,0.003,23.0
803,-0.345,-1.047,1.499,0.000,-0.001,0.003,23.0
804,-0.345,-1.046,1.499,0.000,-0.001,0.003,23.0
805,-0.345,-1.046,1.499,0.000,-0.001,0.003,23.0
806,-0.345,-1.045,1.499,0.000,-0.001,0.003,23.0
807,-0.344,-1.044,1.499,0.000,-0.001,0.003,23.0
808,-0.344,-1.044,1.499,0.000,-0.001,0.003,23.0
809,-0.344,-1.043,1.499,0.000,-0.001,0.002,23.0
810,-0.344,-1.043,1.499,0.000,-0.001,0.002,23.0
811,-0.344,-1.042,1.499,0.000,-0.001,0.002,23.0
812,-0.344,-1.042,1.499,0.000,-0.001,0.002,23.0
813,-0.344,-1.041,1.499,0.000,-0.001,0.002,23.0
814,-0.343,-1.041,1.499,0.000,-0.001,0.002,23.0
815,-0.343,-1.040,1.499,0.000,-0.001,0.002,23.0
816,-0.343,-1.039,1.499,0.000,-0.001,0.002,23.0
817,-0.343,-1.039,1.499,0.000,-0.001,0.002,23.0
818,-0.343,-1.038,1.499,0.000,-0.001,0.002,23.0
819,-0.343,-1.038,1.499,0.000,-0.001,0.002,23.0
820,-0.343,-1.037,1.499,0.000,-0.001,0.002,23.0
821,-0.343,-1.037,1.499,0.000,-0.001,0.002,23.0
822,-0.342,-1.036,1.499,0.000,-0.001,0.002,23.0
823,-0.342,-1.036,1.499,0.000,-0.001,0.002,23.0
824,-0.342,-1.036,1.499,0.000,-0.001,0.002,23.0
825,-0.342,-1.035,1.499,0.000,-0.000,0.002,23.0
826,-0.342,-1.035,1.499,0.000,-0.000,0.002,23.0
827,-0.342,-1.034,1.499,0.000,-0.000,0.002,23.0
828,-0.342,-1.034,1.499,0.000,-0.000,0.002,23.0
829,-0.342,-1.033,1.499,0.000,-0.000,0.002,23.0
830,-0.341,-1.033,1.499,0.000,-0.000,0.002,23.0
831,-0.341,-1.032,1.499,0.000,-0.000,0.002,23.0
832,-0.341,-1.032,1.499,0.000,-0.000,0.002,23.0
833,-0.341,-1.032,1.499,0.000,-0.000,0.002,23.0
834,-0.341,-1.031,1.499,0.000,-0.000,0.002,23.0
835,-0.341,-1.031,1.499,0.000,-0.000,0.002,23.0
836,-0.341,-1.030,1.499,0.000,-0.000,0.002,23.0
837,-0.341,-1.030,1.499,0.000,-0.000,0.002,23.0
838,-0.341,-1.030,1.499,0.000,-0.000,0.002,23.0
839,-0.341,-1.029,1.499,0.000,-0.000,0.002,23.0
840,-0.340,-1.029,1.499,0.000,-0.000,0.002,23.0
841,-0.340,-1.028,1.499,0.000,-0.000,0.002,23.0
842,-0.340,-1.028,1.499,0.000,-0.000,0.002,23.0
843,-0.340,-1.028,1.499,0.000,-0.000,0.002,23.0
844,-0.340,-1.027,1.499,0.000,-0.000,0.002,23.0
845,-0.340,-1.027,1.499,0.000,-0.000,0.002,23.0
846,-0.340,-1.027,1.499,0.000,-0.000,0.002,23.0
847,-0.340,-1.026,1.499,0.000,-0.000,0.001,23.0
848,-0.340,-1.026,1.499,0.000,-0.000,0.001,23.0
849,-0.340,-1.026,1.499,0.000,-0.000,0.001,23.0
850,-0.340,-1.025,1.499,0.000,-0.000,0.001,23.0
851,-0.340,-1.025,1.499,0.000,-0.000,0.001,23.0
852,-0.339,-1.025,1.499,0.000,-0.000,0.001,23.0
853,-0.339,-1.024,1.499,0.000,-0.000,0.001,23.0
854,-0.339,-1.024,1.499,0.000,-0.000,0.001,23.0
855,-0.339,-1.024,1.499,0.000,-0.000,0.001,23.0
856,-0.339,-1.023,1.499,0.000,-0.000,0.001,23.0
857,-0.339,-1.023,1.499,0.000,-0.000,0.001,23.0
858,-0.339,-1.023,1.499,0.000,-0.000,0.001,23.0
859,-0.339,-1.022,1.499,0.000,-0.000,0.001,23.0
860,-0.339,-1.022,1.499,0.000,-0.000,0.001,23.0
861,-0.339,-1.022,1.499,0.000,-0.000,0.001,23.0
862,-0.339,-1.022,1.499,0.000,-0.000,0.001,23.0
863,-0.339,-1.021,1.499,0.000,-0.000,0.001,23.0
864,-0.339,-1.021,1.499,0.000,-0.000,0.001,23.0
865,-0.338,-1.021,1.499,0.000,-0.000,0.001,23.0
866,-0.338,-1.020,1.499,0.000,-0.000,0.001,23.0
867,-0.338,-1.020,1.499,0.000,-0.000,0.001,23.0
868,-0.338,-1.020,1.499,0.000,-0.000,0.001,23.0
869,-0.338,-1.020,1.499,0.000,-0.000,0.001,23.0
870,-0.338,-1.019,1.499,0.000,-0.000,0.001,23.0
871,-0.338,-1.019,1.499,0.000,-0.000,0.001,23.0
872,-0.338,-1.019,1.499,0.000,-0.000,0.001,23.0
873,-0.338,-1.019,1.499,0.000,-0.000,0.001,23.0
874,-0.338,-1.018,1.499,0.000,-0.000,0.001,23.0
875,-0.338,-1.018,1.499,0.000,-0.000,0.001,23.0
876,-0.338,-1.018,1.499,0.000,-0.000,0.001,23.0
877,-0.338,-1.018,1.499,0.000,-0.000,0.001,23.0
878,-0.338,-1.017,1.499,0.000,-0.000,0.001,23.0
879,-0.338,-1.017,1.499,0.000,-0.000,0.001,23.0
880,-0.338,-1.017,1.499,0.000,-0.000,0.001,23.0
881,-0.337,-1.017,1.499,0.000,-0.000,0.001,23.0
882,-0.337,-1.017,1.499,0.000,-0.000,0.001,23.0
883,-0.337,-1.016,1.499,0.000,-0.000,0.001,23.0
884,-0.337,-1.016,1.499,0.000,-0.000,0.001,23.0
885,-0.337,-1.016,1.499,0.000,-0.000,0.001,23.0
886,-0.337,-1.016,1.499,0.000,-0.000,0.001,23.0
887,-0.337,-1.015,1.499,0.000,-0.000,0.001,23.0
888,-0.337,-1.015,1.499,0.000,-0.000,0.001,23.0
889,-0.337,-1.015,1.499,0.000,-0.000,0.001,23.0
890,-0.337,-1.015,1.499,0.000,-0.000,0.001,23.0
891,-0.337,-1.015,1.499,0.000,-0.000,0.001,23.0
892,-0.337,-1.014,1.499,0.000,-0.000,0.001,23.0
893,-0.337,-1.014,1.499,0.000,-0.000,0.001,23.0
894,-0.337,-1.014,1.499,0.000,-0.000,0.001,23.0
895,-0.337,-1.014,1.499,0.000,-0.000,0.001,23.0
896,-0.337,-1.014,1.499,0.000,-0.000,0.001,23.0
897,-0.337,-1.014,1.499,0.000,-0.000,0.001,23.0
898,-0.337,-1.013,1.499,0.000,-0.000,0.001,23.0
899,-0.337,-1.013,1.499,0.000,-0.000,0.001,23.0
900,-0.337,-1.013,1.499,0.000,-0.000,0.001,23.0
901,-0.337,-1.013,1.499,0.000,-0.000,0.001,23.0
902,-0.336,-1.013,1.499,0.000,-0.000,0.001,23.0
903,-0.336,-1.013,1.499,0.000,-0.000,0.001,23.0
904,-0.336,-1.012,1.499,0.000,-0.000,0.001,23.0
905,-0.336,-1.012,1.499,0.000,-0.000,0.001,23.0
906,-0.336,-1.012,1.499,0.000,-0.000,0.001,23.0
907,-0.336,-1.012,1.499,0.000,-0.000,0.001,23.0
908,-0.336,-1.012,1.499,0.000,-0.000,0.001,23.0
909,-0.336,-1.012,1.499,0.000,-0.000,0.001,23.0
910,-0.336,-1.011,1.499,0.000,-0.000,0.001,23.0
911,-0.336,-1.011,1.499,0.000,-0.000,0.001,23.0
912,-0.336,-1.011,1.499,0.000,-0.000,0.001,23.0
913,-0.336,-1.011,1.499,0.000,-0.000,0.001,23.0
914,-0.336,-1.011,1.499,0.000,-0.000,0.001,23.0
915,-0.336,-1.011,1.499,0.000,-0.000,0.001,23.0
916,-0.336,-1.011,1.499,0.000,-0.000,0.001,23.0
917,-0.336,-1.010,1.499,0.000,-0.000,0.001,23.0
918,-0.336,-1.010,1.499,0.000,-0.000,0.001,23.0
919,-0.336,-1.010,1.499,0.000,-0.000,0.001,23.0
920,-0.336,-1.010,1.499,0.000,-0.000,0.001,23.0
921,-0.336,-1.010,1.499,0.000,-0.000,0.001,23.0
922,-0.336,-1.010,1.499,0.000,-0.000,0.001,23.0
923,-0.336,-1.010,1.499,0.000,-0.000,0.001,23.0
924,-0.336,-1.010,1.499,0.000,-0.002,0.007,23.0
925,-0.336,-1.009,1.499,0.000,-0.003,0.010,23.0
926,-0.336,-1.009,1.499,0.000,-0.003,0.011,23.0
927,-0.336,-1.009,1.499,0.000,-0.002,0.008,23.0
928,-0.336,-1.009,1.499,0.000,-0.001,0.004,23.0
929,-0.336,-1.009,1.499,0.000,-0.000,0.001,23.0
930,-0.336,-1.009,1.499,0.000,0.001,-0.002,23.0
931,-0.336,-1.009,1.499,0.000,0.001,-0.003,23.0
932,-0.336,-1.009,1.499,0.000,0.001,-0.003,23.0
933,-0.336,-1.009,1.499,0.000,0.000,-0.001,23.0
934,-0.336,-1.009,1.499,0.000,-0.000,0.000,23.0
935,-0.336,-1.009,1.499,0.000,-0.000,0.001,23.0
936,-0.336,-1.009,1.499,0.000,-0.000,0.002,23.0
937,-0.336,-1.009,1.499,0.000,-0.000,0.002,23.0
938,-0.336,-1.009,1.499,0.000,-0.000,0.001,23.0
939,-0.336,-1.009,1.499,0.000,-0.000,0.000,23.0
940,-0.336,-1.009,1.499,0.000,0.000,-0.000,23.0
941,-0.336,-1.009,1.499,0.000,0.000,-0.001,23.0
942,-0.336,-1.009,1.499,0.000,0.000,-0.001,23.0
943,-0.336,-1.009,1.499,0.000,0.000,-0.000,23.0
944,-0.336,-1.009,1.499,0.000,0.000,-0.000,23.0
945,-0.336,-1.009,1.499,0.000,-0.000,0.000,23.0
946,-0.336,-1.009,1.499,0.000,-0.000,0.000,23.0
947,-0.336,-1.009,1.499,0.000,-0.000,0.000,23.0
948,-0.336,-1.009,1.499,0.000,-0.000,0.000,23.0
949,-0.336,-1.009,1.499,0.000,-0.000,0.000,23.0
950,-0.336,-1.009,1.499,0.000,-0.000,0.000,23.0
951,-0.336,-1.009,1.499,0.000,0.000,-0.000,23.0
952,-0.336,-1.009,1.499,0.000,0.000,-0.000,23.0
953,-0.336,-1.009,1.499,0.000,0.000,-0.000,23.0
954,-0.336,-1.009,1.499,0.000,0.000,-0.000,23.0
955,-0.336,-1.009,1.499,0.000,0.000,-0.000,23.0
956,-0.336,-1.009,1.499,0.000,-0.000,0.000,23.0
957,-0.336,-1.009,1.499,0.000,-0.000,0.000,23.0
958,-0.336,-1.009,1.499,0.000,-0.000,0.000,23.0
959,-0.336,-1.009,1.499,0.000,-0.000,0.000,23.0
960,-0.336,-1.009,1.499,0.000,-0.000,0.000,23.0
961,-0.336,-1.009,1.499,0.000,0.000,-0.000,23.0
962,-0.336,-1.009,1.499,0.000,0.000,-0.000,23.0
963,-0.336,-1.009,1.499,0.000,0.000,-0.000,23.0
964,-0.336,-1.009,1.499,0.000,0.000,-0.000,23.0
965,-0.336,-1.009,1.499,0.000,0.000,-0.000,23.0
966,-0.336,-1.009,1.499,0.000,0.000,-0.000,23.0
967,-0.336,-1.009,1.499,0.000,-0.000,0.000,23.0
968,-0.336,-1.009,1.499,0.000,-0.000,0.000,23.0
969,-0.336,-1.009,1.499,0.000,-0.000,0.000,23.0
970,-0.336,-1.009,1.499,0.000,-0.000,0.000,23.0
971,-0.336,-1.009,1.499,0.000,-0.000,0.000,23.0
972,-0.336,-1.009,1.499,0.000,0.000,-0.000,23.0
973,-0.336,-1.009,1.499,0.000,0.000,-0.000,23.0
974,-0.336,-1.009,1.499,0.000,0.000,-0.000,23.0
975,-0.336,-1.009,1.499,0.000,0.000,-0.000,23.0
976,-0.336,-1.009,1.499,0.000,0.000,-0.000,23.0
977,-0.336,-1.009,1.499,0.000,-0.000,0.000,23.0
978,-0.336,-1.009,1.499,0.000,-0.000,0.000,23.0
979,-0.336,-1.009,1.499,0.000,-0.000,0.000,23.0
980,-0.336,-1.009,1.499,0.000,-0.000,0.000,23.0
981,-0.336,-1.009,1.499,0.000,-0.000,0.000,23.0
982,-0.336,-1.009,1.499,0.000,-0.000,0.000,23.0
983,-0.336,-1.009,1.499,0.000,0.000,-0.000,23.0
984,-0.336,-1.009,1.499,0.000,0.000,-0.000,23.0
985,-0.336,-1.009,1.499,0.000,0.000,-0.000,23.0
986,-0.336,-1.009,1.499,0.000,0.000,-0.000,23.0
987,-0.336,-1.009,1.499,0.000,0.000,-0.000,23.0
988,-0.336,-1.009,1.499,0.000,-0.000,0.000,23.0
989,-0.336,-1.009,1.499,0.000,-0.000,0.000,23.0
990,-0.336,-1.009,1.499,0.000,-0.000,0.000,23.0
991,-0.336,-1.009,1.499,0.000,-0.000,0.000,23.0
992,-0.336,-1.009,1.499,0.000,-0.000,0.000,23.0
993,-0.336,-1.009,1.499,0.000,-0.000,-0.000,23.0
994,-0.336,-1.009,1.499,0.000,0.000,-0.000,23.0
995,-0.336,-1.009,1.499,0.000,0.000,-0.000,23.0
996,-0.336,-1.009,1.499,0.000,0.000,-0.000,23.0
997,-0.336,-1.009,1.499,0.000,0.000,-0.000,23.0
998,-0.336,-1.009,1.499,0.000,-0.000,-0.000,23.0
999,-0.336,-1.009,1.499,0.000,-0.000,0.000,23.0
1000,-0.336,-1.009,1.499,0.000,-0.000,0.000,23.0
1001,-0.336,-1.009,1.499,0.000,-0.000,0.000,23.0
1002,-0.336,-1.009,1.499,0.000,-0.000,0.000,23.0
1003,-0.336,-1.009,1.499,0.000,-0.000,0.000,23.0
1004,-0.336,-1.009,1.499,0.000,-0.000,-0.000,23.0
1005,-0.336,-1.009,1.499,0.000,-0.000,-0.000,23.0
1006,-0.336,-1.009,1.499,0.000,-0.000,-0.000,23.0
1007,-0.336,-1.009,1.499,0.000,-0.000,-0.000,23.0
1008,-0.336,-1.009,1.499,0.000,-0.000,-0.000,23.0
1009,-0.336,-1.009,1.499,0.000,-0.000,0.000,23.0
1010,-0.336,-1.009,1.499,0.000,-0.000,0.000,23.0
1011,-0.336,-1.009,1.499,0.000,-0.000,0.000,23.0
1012,-0.336,-1.009,1.499,0.000,-0.000,0.000,23.0
1013,-0.336,-1.009,1.499,0.000,-0.000,0.000,23.0
1014,-0.336,-1.009,1.499,0.000,-0.000,0.000,23.0
1015,-0.336,-1.009,1.499,0.000,-0.000,-0.000,23.0
1016,-0.336,-1.009,1.499,0.000,-0.000,-0.000,23.0
1017,-0.336,-1.009,1.499,0.000,-0.000,-0.000,23.0
1018,-0.336,-1.009,1.499,0.000,-0.000,-0.000,23.0
1019,-0.336,-1.009,1.499,0.000,-0.000,-0.000,23.0
1020,-0.336,-1.009,1.499,0.000,-0.000,0.000,23.0
1021,-0.336,-1.009,1.499,0.000,-0.000,0.000,23.0
1022,-0.336,-1.009,1.499,0.000,-0.000,0.000,23.0
1023,-0.336,-1.009,1.499,0.000,-0.000,0.000,23.0
1024,-0.336,-1.009,1.499,0.000,-0.000,0.000,23.0
1025,-0.336,-1.009,1.499,0.000,-0.000,0.000,23.0
1026,-0.336,-1.009,1.499,0.000,-0.000,0.000,23.0
1027,-0.336,-1.009,1.499,0.000,-0.000,0.000,23.0
1028,-0.336,-1.009,1.499,0.000,-0.000,0.000,23.0
1029,-0.336,-1.009,1.499,0.000,-0.000,0.000,23.0
1030,-0.336,-1.009,1.499,0.000,-0.000,0.000,23.0
1031,-0.336,-1.009,1.499,0.000,-0.000,0.000,23.0
1032,-0.336,-1.009,1.499,0.000,-0.000,0.000,23.0
1033,-0.336,-1.009,1.499,0.000,-0.000,0.000,23.0
1034,-0.336,-1.009,1.499,0.000,-0.000,0.000,23.0
1035,-0.336,-1.009,1.499,0.000,-0.000,0.000,23.0
1036,-0.336,-1.009,1.499,0.000,-0.000,0.000,23.0
1037,-0.336,-1.009,1.499,0.000,-0.000,0.000,23.0
1038,-0.336,-1.009,1.499,0.000,-0.000,0.000,23.0
1039,-0.336,-1.009,1.499,0.000,-0.000,0.000,23.0
1040,-0.336,-1.009,1.499,0.000,-0.000,0.000,23.0
1041,-0.336,-1.009,1.499,0.000,-0.000,0.000,23.0
1042,-0.336,-1.009,1.499,0.000,-0.000,0.000,23.0
1043,-0.336,-1.009,1.499,0.000,-0.000,0.000,23.0
1044,-0.336,-1.009,1.499,0.000,-0.000,0.000,23.0
1045,-0.336,-1.009,1.499,0.000,-0.000,0.000,23.0
1046,-0.336,-1.009,1.499,0.000,-0.000,0.000,23.0
1047,-0.336,-1.009,1.499,0.000,-0.000,0.000,23.0
1048,-0.336,-1.009,1.499,0.000,-0.000,0.000,23.0
1049,-0.336,-1.009,1.499,0.000,-0.000,0.000,23.0
1050,-0.336,-1.009,1.499,0.000,-0.000,0.000,23.0
1051,-0.336,-1.009,1.499,0.000,-0.000,0.000,23.0
1052,-0.336,-1.009,1.499,0.000,-0.000,0.000,23.0
1053,-0.336,-1.009,1.499,0.000,-0.000,0.000,23.0
1054,-0.336,-1.009,1.499,0.000,-0.000,0.000,23.0
1055,-0.336,-1.009,1.499,0.000,-0.000,0.000,23.0
1056,-0.336,-1.009,1.499,0.000,-0.000,0.000,23.0
1057,-0.336,-1.009,1.499,0.000,-0.000,0.000,23.0
1058,-0.336,-1.009,1.499,0.000,-0.000,0.000,23.0
1059,-0.336,-1.009,1.499,0.000,-0.000,0.000,23.0
1060,-0.336,-1.009,1.499,0.000,-0.000,0.000,23.0
1061,-0.336,-1.009,1.499,0.000,-0.000,0.000,23.0
1062,-0.336,-1.009,1.499,0.000,-0.000,0.000,23.0
1063,-0.336,-1.009,1.499,0.000,-0.000,0.000,23.0
1064,-0.336,-1.009,1.499,0.000,-0.000,0.000,23.0
1065,-0.336,-1.009,1.499,0.000,-0.000,0.000,23.0
1066,-0.336,-1.009,1.499,0.000,-0.000,0.000,23.0
1067,-0.336,-1.009,1.499,0.000,-0.000,0.000,23.0
1068,-0.336,-1.009,1.499,0.000,-0.000,0.000,23.0
1069,-0.336,-1.009,1.499,0.000,-0.000,0.000,23.0
1070,-0.336,-1.009,1.499,0.000,-0.000,0.000,23.0
1071,-0.336,-1.009,1.499,0.000,-0.000,0.000,23.0
1072,-0.336,-1.009,1.499,0.000,-0.000,0.000,23.0
1073,-0.336,-1.009,1.499,0.000,-0.000,0.000,23.0
1074,-0.336,-1.009,1.499,0.000,-0.000,0.000,23.0
1075,-0.336,-1.009,1.499,0.000,-0.000,0.000,23.0
1076,-0.336,-1.009,1.499,0.000,-0.000,0.000,23.0
1077,-0.336,-1.009,1.499,0.000,-0.000,0.000,23.0
1078,-0.336,-1.009,1.499,0.000,-0.000,0.000,23.0
1079,-0.336,-1.009,1.499,0.000,-0.000,0.000,23.0
1080,-0.336,-1.009,1.499,0.000,-0.000,0.000,23.0
1081,-0.336,-1.009,1.499,0.000,-0.000,0.000,23.0
1082,-0.336,-1.009,1.499,0.000,-0.000,0.000,23.0
1083,-0.336,-1.009,1.499,0.000,-0.000,0.000,23.0
1084,-0.336,-1.009,1.499,0.000,-0.000,0.000,23.0
1085,-0.336,-1.009,1.499,0.000,-0.000,0.000,23.0
1086,-0.336,-1.009,1.499,0.000,-0.000,0.000,23.0
1087,-0.336,-1.009,1.499,0.000,-0.000,0.000,23.0
1088,-0.336,-1.009,1.499,0.000,-0.000,0.000,23.0
1089,-0.336,-1.009,1.499,0.000,-0.000,0.000,23.0
1090,-0.336,-1.009,1.499,0.000,-0.000,0.000,23.0
1091,-0.336,-1.009,1.499,0.000,-0.000,0.000,23.0
1092,-0.336,-1.009,1.499,0.000,-0.000,0.000,23.0
1093,-0.336,-1.009,1.499,0.000,-0.000,0.000,23.0
1094,-0.336,-1.009,1.499,0.000,-0.000,0.000,23.0
1095,-0.336,-1.009,1.499,0.000,-0.000,0.000,23.0
1096,-0.336,-1.009,1.499,0.000,-0.000,0.000,23.0
1097,-0.336,-1.009,1.499,0.000,-0.000,0.000,23.0
1098,-0.336,-1.009,1.499,0.000,-0.000,0.000,23.0
1099,-0.336,-1.009,1.499,0.000,-0.000,0.000,23.0
1100,-0.336,-1.009,1.499,0.000,-0.000,0.000,23.0
1101,-0.336,-1.009,1.499,0.000,-0.000,0.000,23.0
1102,-0.336,-1.009,1.499,0.000,-0.000,0.000,23.0
1103,-0.336,-1.009,1.499,0.000,-0.000,0.000,23.0
1104,-0.336,-1.009,1.499,0.000,-0.000,0.000,23.0
1105,-0.336,-1.009,1.499,0.000,-0.000,0.000,23.0
1106,-0.336,-1.009,1.499,0.000,-0.000,0.000,23.0
1107,-0.336,-1.009,1.499,0.000,-0.000,0.000,23.0
1108,-0.336,-1.009,1.499,0.000,-0.000,0.000,23.0
1109,-0.336,-1.009,1.499,0.000,-0.000,0.000,23.0
1110,-0.336,-1.009,1.499,0.000,-0.000,0.000,23.0
1111,-0.336,-1.009,1.499,0.000,-0.000,0.000,23.0
1112,-0.336,-1.009,1.499,0.000,-0.000,0.000,23.0
1113,-0.336,-1.009,1.499,0.000,-0.000,0.000,23.0
1114,-0.336,-1.009,1.499,0.000,-0.000,0.000,23.0
1115,-0.336,-1.009,1.499,0.000,-0.000,0.000,23.0
1116,-0.336,-1.009,1.499,0.000,-0.000,0.000,23.0
1117,-0.336,-1.009,1.499,0.000,-0.000,0.000,23.0
1118,-0.336,-1.009,1.499,0.000,-0.000,0.000,23.0
1119,-0.336,-1.009,1.499,0.000,-0.000,0.000,23.0
1120,-0.336,-1.009,1.499,0.000,-0.000,0.000,23.0
1121,-0.336,-1.009,1.499,0.000,-0.000,0.000,23.0
1122,-0.336,-1.009,1.499,0.000,-0.000,0.000,23.0
1123,-0.336,-1.009,1.499,0.000,-0.000,0.000,23.0
1124,-0.336,-1.009,1.499,0.000,-0.000,0.000,23.0
1125,-0.336,-1.009,1.499,0.000,-0.000,0.000,23.0
1126,-0.336,-1.009,1.499,0.000,-0.000,0.000,23.0
1127,-0.336,-1.009,1.499,0.000,-0.000,0.000,23.0
1128,-0.336,-1.009,1.499,0.000,-0.000,0.000,23.0
1129,-0.336,-1.009,1.499,0.000,-0.000,0.000,23.0
1130,-0.336,-1.009,1.499,0.000,-0.000,0.000,23.0
1131,-0.336,-1.009,1.499,0.000,-0.000,0.000,23.0
1132,-0.336,-1.009,1.499,0.000,-0.000,0.000,23.0
1133,-0.336,-1.009,1.499,0.000,-0.000,0.000,23.0
1134,-0.336,-1.009,1.499,0.000,-0.000,0.000,23.0
1135,-0.336,-1.009,1.499,0.000,-0.000,0.000,23.0
1136,-0.336,-1.009,1.499,0.000,-0.000,0.000,23.0
1137,-0.336,-1.009,1.499,0.000,-0.000,0.000,23.0
1138,-0.336,-1.009,1.499,0.000,-0.000,0.000,23.0
1139,-0.336,-1.009,1.499,0.000,-0.000,0.000,23.0
1140,-0.336,-1.009,1.499,0.000,-0.000,0.000,23.0
1141,-0.336,-1.009,1.499,0.000,-0.000,0.000,23.0
1142,-0.336,-1.009,1.499,0.000,-0.000,0.000,23.0
1143,-0.336,-1.009,1.499,0.000,-0.000,0.000,23.0
1144,-0.336,-1.009,1.499,0.000,-0.000,0.000,23.0
1145,-0.336,-1.009,1.499,0.000,-0.000,0.000,23.0
1146,-0.336,-1.009,1.499,0.000,-0.000,0.000,23.0
1147,-0.336,-1.009,1.499,0.000,-0.000,0.000,23.0
1148,-0.336,-1.009,1.499,0.000,-0.000,0.000,23.0
1149,-0.336,-1.009,1.499,0.000,-0.000,0.000,23.0
1150,-0.336,-1.009,1.499,0.000,-0.000,0.000,23.0
1151,-0.336,-1.009,1.499,0.000,-0.000,0.000,23.0
1152,-0.336,-1.009,1.499,0.000,-0.000,0.000,23.0
1153,-0.336,-1.009,1.499,0.000,-0.000,0.000,23.0
1154,-0.336,-1.009,1.499,0.000,-0.000,0.000,23.0
1155,-0.336,-1.009,1.499,0.000,-0.000,0.000,23.0
1156,-0.336,-1.009,1.499,0.000,-0.000,0.000,23.0
1157,-0.336,-1.009,1.499,0.000,-0.000,0.000,23.0
1158,-0.336,-1.009,1.499,0.000,-0.000,0.000,23.0
1159,-0.336,-1.009,1.499,0.000,-0.000,0.000,23.0
1160,-0.336,-1.009,1.499,0.000,-0.000,0.000,23.0
1161,-0.336,-1.009,1.499,0.000,-0.000,0.000,23.0
1162,-0.336,-1.009,1.499,0.000,-0.000,0.000,23.0
1163,-0.336,-1.009,1.499,0.000,-0.000,0.000,23.0
1164,-0.336,-1.009,1.499,0.000,-0.000,0.000,23.0
1165,-0.336,-1.009,1.499,0.000,-0.000,0.000,23.0
1166,-0.336,-1.009,1.499,0.000,-0.000,0.000,23.0
1167,-0.336,-1.009,1.499,0.000,-0.000,0.000,23.0
1168,-0.336,-1.009,1.499,0.000,-0.000,0.000,23.0
1169,-0.336,-1.009,1.499,0.000,-0.000,0.000,23.0
1170,-0.336,-1.009,1.499,0.000,-0.000,0.000,23.0
1171,-0.336,-1.009,1.499,0.000,-0.000,0.000,23.0
1172,-0.336,-1.009,1.499,0.000,-0.000,0.000,23.0
1173,-0.336,-1.009,1.499,0.000,-0.000,0.000,23.0
1174,-0.336,-1.009,1.499,0.000,-0.000,0.000,23.0
1175,-0.336,-1.009,1.499,0.000,-0.000,0.000,23.0
1176,-0.336,-1.009,1.499,0.000,-0.000,0.000,23.0
1177,-0.336,-1.009,1.499,0.000,-0.000,0.000,23.0
1178,-0.336,-1.009,1.499,0.000,-0.000,0.000,23.0
1179,-0.336,-1.009,1.499,0.000,-0.000,0.000,23.0
1180,-0.336,-1.009,1.499,0.000,-0.000,0.000,23.0
1181,-0.336,-1.009,1.499,0.000,-0.000,0.000,23.0
1182,-0.336,-1.009,1.499,0.000,-0.000,0.000,23.0
1183,-0.336,-1.009,1.499,0.000,-0.000,0.000,23.0
1184,-0.336,-1.009,1.499,0.000,-0.000,0.000,23.0
1185,-0.336,-1.009,1.499,0.000,-0.000,0.000,23.0
1186,-0.336,-1.009,1.499,0.000,-0.000,0.000,23.0
1187,-0.336,-1.009,1.499,0.000,-0.000,0.000,23.0
1188,-0.336,-1.009,1.499,0.000,-0.000,0.000,23.0
1189,-0.336,-1.009,1.499,0.000,-0.000,0.000,23.0
1190,-0.336,-1.009,1.499,0.000,-0.000,0.000,23.0
1191,-0.336,-1.009,1.499,0.000,-0.000,0.000,23.0
1192,-0.336,-1.009,1.499,0.000,-0.000,0.000,23.0
1193,-0.336,-1.009,1.499,0.000,-0.000,0.000,23.0
1194,-0.336,-1.009,1.499,0.000,-0.000,0.000,23.0
1195,-0.336,-1.009,1.499,0.000,-0.000,0.000,23.0
1196,-0.336,-1.009,1.499,0.000,-0.000,0.000,23.0
1197,-0.336,-1.009,1.499,0.000,-0.000,0.000,23.0
1198,-0.336,-1.009,1.499,0.000,-0.000,0.000,23.0
1199,-0.336,-1.009,1.499,0.000,-0.000,0.000,23.0
1200,-0.336,-1.009,1.499,0.000,-0.000,0.000,23.0
1201,-0.336,-1.009,1.499,0.000,-0.000,0.000,23.0
1202,-0.336,-1.009,1.499,0.000,-0.000,0.000,23.0
1203,-0.336,-1.009,1.499,0.000,-0.000,0.000,23.0
1204,-0.336,-1.009,1.499,0.000,-0.000,0.000,23.0
1205,-0.336,-1.009,1.499,0.000,-0.000,0.000,23.0
1206,-0.336,-1.009,1.499,0.000,-0.000,0.000,23.0
1207,-0.336,-1.009,1.499,0.000,-0.000,0.000,23.0
1208,-0.336,-1.009,1.499,0.000,-0.000,0.000,23.0
1209,-0.336,-1.009,1.499,0.000,-0.000,0.000,23.0
1210,-0.336,-1.009,1.499,0.000,-0.000,0.000,23.0
1211,-0.336,-1.009,1.499,0.000,-0.000,0.000,23.0
1212,-0.336,-1.009,1.499,0.000,-0.000,0.000,23.0
1213,-0.336,-1.009,1.499,0.000,-0.000,0.000,23.0
1214,-0.336,-1.009,1.499,0.000,-0.000,0.000,23.0
1215,-0.336,-1.009,1.499,0.000,-0.000,0.000,23.0
1216,-0.336,-1.009,1.499,0.000,-0.000,0.000,23.0
1217,-0.336,-1.009,1.499,0.000,-0.000,0.000,23.0
1218,-0.336,-1.009,1.499,0.000,-0.000,0.000,23.0
1219,-0.336,-1.009,1.499,0.000,-0.000,0.000,23.0
1220,-0.336,-1.009,1.499,0.000,-0.000,0.000,23.0
1221,-0.336,-1.009,1.499,0.000,-0.000,0.000,23.0
1222,-0.336,-1.009,1.499,0.000,-0.000,0.000,23.0
1223,-0.336,-1.009,1.499,0.000,-0.000,0.000,23.0
1224,-0.336,-1.009,1.499,0.000,-0.000,0.000,23.0
1225,-0.336,-1.009,1.499,0.000,-0.000,0.000,23.0
1226,-0.336,-1.009,1.499,0.000,-0.000,0.000,23.0
1227,-0.336,-1.009,1.499,0.000,-0.000,0.000,23.0
1228,-0.336,-1.009,1.499,0.000,-0.000,0.000,23.0
1229,-0.336,-1.009,1.499,0.000,-0.000,0.000,23.0
1230,-0.336,-1.009,1.499,0.000,-0.000,0.000,23.0
1231,-0.336,-1.009,1.499,0.000,-0.000,0.000,23.0
1232,-0.336,-1.009,1.499,0.000,-0.000,0.000,23.0
1233,-0.336,-1.009,1.499,0.000,-0.000,0.000,23.0
1234,-0.336,-1.009,1.499,0.000,-0.000,0.000,23.0
1235,-0.336,-1.009,1.499,0.000,-0.000,0.000,23.0
1236,-0.336,-1.009,1.499,0.000,-0.000,0.000,23.0
1237,-0.336,-1.009,1.499,0.000,-0.000,0.000,23.0
1238,-0.336,-1.009,1.499,0.000,-0.000,0.000,23.0
1239,-0.336,-1.009,1.499,0.000,-0.000,0.000,23.0
1240,-0.336,-1.009,1.499,0.000,-0.000,0.000,23.0
1241,-0.336,-1.009,1.499,0.000,-0.000,0.000,23.0
1242,-0.336,-1.009,1.499,0.000,-0.000,0.000,23.0
1243,-0.336,-1.009,1.499,0.000,-0.000,0.000,23.0
1244,-0.336,-1.009,1.499,0.000,-0.000,0.000,23.0
1245,-0.336,-1.009,1.499,0.000,-0.000,0.000,23.0
1246,-0.336,-1.009,1.499,0.000,-0.000,0.000,23.0
1247,-0.336,-1.009,1.499,0.000,-0.000,0.000,23.0
1248,-0.336,-1.009,1.499,0.000,-0.000,0.000,23.0
1249,-0.336,-1.009,1.499,0.000,-0.000,0.000,23.0
1250,-0.336,-1.009,1.499,0.000,-0.000,0.000,23.0
1251,-0.336,-1.009,1.499,0.000,-0.000,0.000,23.0
1252,-0.336,-1.009,1.499,0.000,-0.000,0.000,23.0
1253,-0.336,-1.009,1.499,0.000,-0.000,0.000,23.0
1254,-0.336,-1.009,1.499,0.000,-0.000,0.000,23.0
1255,-0.336,-1.009,1.499,0.000,-0.000,0.000,23.0
1256,-0.336,-1.009,1.499,0.000,-0.000,0.000,23.0
1257,-0.336,-1.009,1.499,0.000,-0.000,0.000,23.0
1258,-0.336,-1.009,1.499,0.000,-0.000,0.000,23.0
1259,-0.336,-1.009,1.499,0.000,-0.000,0.000,23.0
1260,-0.336,-1.009,1.499,0.000,-0.000,0.000,23.0
1261,-0.336,-1.009,1.499,0.000,-0.000,0.000,23.0
1262,-0.336,-1.009,1.499,0.000,-0.000,0.000,23.0
1263,-0.336,-1.009,1.499,0.000,-0.000,0.000,23.0
1264,-0.336,-1.009,1.499,0.000,-0.000,0.000,23.0
1265,-0.336,-1.009,1.499,0.000,-0.000,0.000,23.0
1266,-0.336,-1.009,1.499,0.000,-0.000,0.000,23.0
1267,-0.336,-1.009,1.499,0.000,-0.000,0.000,23.0
1268,-0.336,-1.009,1.499,0.000,-0.000,0.000,23.0
1269,-0.336,-1.009,1.499,0.000,-0.000,0.000,23.0
1270,-0.336,-1.009,1.499,0.000,-0.000,0.000,23.0
1271,-0.336,-1.009,1.499,0.000,-0.000,0.000,23.0
1272,-0.336,-1.009,1.499,0.000,-0.000,0.000,23.0
1273,-0.336,-1.009,1.499,0.000,-0.000,0.000,23.0
1274,-0.336,-1.009,1.499,0.000,-0.000,0.000,23.0
1275,-0.336,-1.009,1.499,0.000,-0.000,0.000,23.0
1276,-0.336,-1.009,1.499,0.000,-0.000,0.000,23.0
1277,-0.336,-1.009,1.499,0.000,-0.000,0.000,23.0
1278,-0.336,-1.009,1.499,0.000,-0.000,0.000,23.0
1279,-0.336,-1.009,1.499,0.000,-0.000,0.000,23.0
1280,-0.336,-1.009,1.499,0.000,-0.000,0.000,23.0
1281,-0.336,-1.009,1.499,0.000,-0.000,0.000,23.0
1282,-0.336,-1.009,1.499,0.000,-0.000,0.000,23.0
1283,-0.336,-1.009,1.499,0.000,-0.000,0.000,23.0
1284,-0.336,-1.009,1.499,0.000,-0.000,0.000,23.0
1285,-0.336,-1.009,1.499,0.000,-0.000,0.000,23.0
1286,-0.336,-1.009,1.499,0.000,-0.000,0.000,23.0
1287,-0.336,-1.009,1.499,0.000,-0.000,0.000,23.0
1288,-0.336,-1.009,1.499,0.000,-0.000,0.000,23.0
1289,-0.336,-1.009,1.499,0.000,-0.000,0.000,23.0
1290,-0.336,-1.009,1.499,0.000,-0.000,0.000,23.0
1291,-0.336,-1.009,1.499,0.000,-0.000,0.000,23.0
1292,-0.336,-1.009,1.499,0.000,-0.000,0.000,23.0
1293,-0.336,-1.009,1.499,0.000,-0.000,0.000,23.0
1294,-0.336,-1.009,1.499,0.000,-0.000,0.000,23.0
1295,-0.336,-1.009,1.499,0.000,-0.000,0.000,23.0
1296,-0.336,-1.009,1.499,0.000,-0.000,0.000,23.0
1297,-0.336,-1.009,1.499,0.000,-0.000,0.000,23.0
1298,-0.336,-1.009,1.499,0.000,-0.000,0.000,23.0
1299,-0.336,-1.009,1.499,0.000,-0.000,0.000,23.0
1300,-0.336,-1.009,1.499,0.000,-0.000,0.000,23.0
1301,-0.336,-1.009,1.499,0.000,-0.000,0.000,23.0
1302,-0.336,-1.009,1.499,0.000,-0.000,0.000,23.0
1303,-0.336,-1.009,1.499,0.000,-0.000,0.000,23.0
1304,-0.336,-1.009,1.499,0.000,-0.000,0.000,23.0
1305,-0.336,-1.009,1.499,0.000,-0.000,0.000,23.0
1306,-0.336,-1.009,1.499,0.000,-0.000,0.000,23.0
1307,-0.336,-1.009,1.499,0.000,-0.000,0.000,23.0
1308,-0.336,-1.009,1.499,0.000,-0.000,0.000,23.0
1309,-0.336,-1.009,1.499,0.000,-0.000,0.000,23.0
1310,-0.336,-1.009,1.499,0.000,-0.000,0.000,23.0
1311,-0.336,-1.009,1.499,0.000,-0.000,0.000,23.0
1312,-0.336,-1.009,1.499,0.000,-0.000,0.000,23.0
1313,-0.336,-1.009,1.499,0.000,-0.000,0.000,23.0
1314,-0.336,-1.009,1.499,0.000,-0.000,0.000,23.0
1315,-0.336,-1.009,1.499,0.000,-0.000,0.000,23.0
1316,-0.336,-1.009,1.499,0.000,-0.000,0.000,23.0
1317,-0.336,-1.009,1.499,0.000,-0.000,0.000,23.0
1318,-0.336,-1.009,1.499,0.000,-0.000,0.000,23.0
1319,-0.336,-1.009,1.499,0.000,-0.000,0.000,23.0
1320,-0.336,-1.009,1.499,0.000,-0.000,0.000,23.0
1321,-0.336,-1.009,1.499,0.000,-0.000,0.000,23.0
1322,-0.336,-1.009,1.499,0.000,-0.000,0.000,23.0
1323,-0.336,-1.009,1.499,0.000,-0.000,0.000,23.0
1324,-0.336,-1.009,1.499,0.000,-0.000,0.000,23.0
1325,-0.336,-1.009,1.499,0.000,-0.000,0.000,23.0
1326,-0.336,-1.009,1.499,0.000,-0.000,0.000,23.0
1327,-0.336,-1.009,1.499,0.000,-0.000,0.000,23.0
1328,-0.336,-1.009,1.499,0.000,-0.000,0.000,23.0
1329,-0.336,-1.009,1.499,0.000,-0.000,0.000,23.0
1330,-0.336,-1.009,1.499,0.000,-0.000,0.000,23.0
1331,-0.336,-1.009,1.499,0.000,-0.000,0.000,23.0
1332,-0.336,-1.009,1.499,0.000,-0.000,0.000,23.0
1333,-0.336,-1.009,1.499,0.000,-0.000,0.000,23.0
1334,-0.336,-1.009,1.499,0.000,-0.000,0.000,23.0
1335,-0.336,-1.009,1.499,0.000,-0.000,0.000,23.0
1336,-0.336,-1.009,1.499,0.000,-0.000,0.000,23.0
1337,-0.336,-1.009,1.499,0.000,-0.000,0.000,23.0
1338,-0.336,-1.009,1.499,0.000,-0.000,0.000,23.0
1339,-0.336,-1.009,1.499,0.000,-0.000,0.000,23.0
1340,-0.336,-1.009,1.499,0.000,-0.000,0.000,23.0
1341,-0.336,-1.009,1.499,0.000,-0.000,0.000,23.0
1342,-0.336,-1.009,1.499,0.000,-0.000,0.000,23.0
1343,-0.336,-1.009,1.499,0.000,-0.000,0.000,23.0
1344,-0.336,-1.009,1.499,0.000,-0.000,0.000,23.0
1345,-0.336,-1.009,1.499,0.000,-0.000,0.000,23.0
1346,-0.336,-1.009,1.499,0.000,-0.000,0.000,23.0
1347,-0.336,-1.009,1.499,0.000,-0.000,0.000,23.0
1348,-0.336,-1.009,1.499,0.000,-0.000,0.000,23.0
1349,-0.336,-1.009,1.499,0.000,-0.000,0.000,23.0
1350,-0.336,-1.009,1.499,0.000,-0.000,0.000,23.0
1351,-0.336,-1.009,1.499,0.000,-0.000,0.000,23.0
1352,-0.336,-1.009,1.499,0.000,-0.000,0.000,23.0
1353,-0.336,-1.009,1.499,0.000,-0.000,0.000,23.0
1354,-0.336,-1.009,1.499,0.000,-0.000,0.000,23.0
1355,-0.336,-1.009,1.499,0.000,-0.000,0.000,23.0
1356,-0.336,-1.009,1.499,0.000,-0.000,0.000,23.0
1357,-0.336,-1.009,1.499,0.000,-0.000,0.000,23.0
1358,-0.336,-1.009,1.499,0.000,-0.000,0.000,23.0
1359,-0.336,-1.009,1.499,0.000,-0.000,0.000,23.0
1360,-0.336,-1.009,1.499,0.000,-0.000,0.000,23.0
1361,-0.336,-1.009,1.499,0.000,-0.000,0.000,23.0
1362,-0.336,-1.009,1.499,0.000,-0.000,0.000,23.0
1363,-0.336,-1.009,1.499,0.000,-0.000,0.000,23.0
1364,-0.336,-1.009,1.499,0.000,-0.000,0.000,23.0
1365,-0.336,-1.009,1.499,0.000,-0.000,0.000,23.0
1366,-0.336,-1.009,1.499,0.000,-0.000,0.000,23.0
1367,-0.336,-1.009,1.499,0.000,-0.000,0.000,23.0
1368,-0.336,-1.009,1.499,0.000,-0.000,0.000,23.0
1369,-0.336,-1.009,1.499,0.000,-0.000,0.000,23.0
1370,-0.336,-1.009,1.499,0.000,-0.000,0.000,23.0
1371,-0.336,-1.009,1.499,0.000,-0.000,0.000,23.0
1372,-0.336,-1.009,1.499,0.000,-0.000,0.000,23.0
1373,-0.336,-1.009,1.499,0.000,-0.000,0.000,23.0
1374,-0.336,-1.009,1.499,0.000,-0.000,0.000,23.0
1375,-0.336,-1.009,1.499,0.000,-0.000,0.000,23.0
1376,-0.336,-1.009,1.499,0.000,-0.000,0.000,23.0
1377,-0.336,-1.009,1.499,0.000,-0.000,0.000,23.0
1378,-0.336,-1.009,1.499,0.000,-0.000,0.000,23.0
1379,-0.336,-1.009,1.499,0.000,-0.000,0.000,23.0
1380,-0.336,-1.009,1.499,0.000,-0.000,0.000,23.0
1381,-0.336,-1.009,1.499,0.000,-0.000,0.000,23.0
1382,-0.336,-1.009,1.499,0.000,-0.000,0.000,23.0
1383,-0.336,-1.009,1.499,0.000,-0.000,0.000,23.0
1384,-0.336,-1.009,1.499,0.000,-0.000,0.000,23.0
1385,-0.336,-1.009,1.499,0.000,-0.000,0.000,23.0
1386,-0.336,-1.009,1.499,0.000,-0.000,0.000,23.0
1387,-0.336,-1.009,1.499,0.000,-0.000,0.000,23.0
1388,-0.336,-1.009,1.499,0.000,-0.000,0.000,23.0
1389,-0.336,-1.009,1.499,0.000,-0.000,0.000,23.0
1390,-0.336,-1.009,1.499,0.000,-0.000,0.000,23.0
1391,-0.336,-1.009,1.499,0.000,-0.000,0.000,23.0
1392,-0.336,-1.009,1.499,0.000,-0.000,0.000,23.0
1393,-0.336,-1.009,1.499,0.000,-0.000,0.000,23.0
1394,-0.336,-1.009,1.499,0.000,-0.000,0.000,23.0
1395,-0.336,-1.009,1.499,0.000,-0.000,0.000,23.0
1396,-0.336,-1.009,1.499,0.000,-0.000,0.000,23.0
1397,-0.336,-1.009,1.499,0.000,-0.000,0.000,23.0
1398,-0.336,-1.009,1.499,0.000,-0.000,0.000,23.0
1399,-0.336,-1.009,1.499,0.000,-0.000,0.000,23.0
1400,-0.336,-1.009,1.499,0.000,-0.000,0.000,23.0
1401,-0.336,-1.009,1.499,0.000,-0.000,0.000,23.0
1402,-0.336,-1.009,1.499,0.000,-0.000,0.000,23.0
1403,-0.336,-1.009,1.499,0.000,-0.000,0.000,23.0
1404,-0.336,-1.009,1.499,0.000,-0.000,0.000,23.0
1405,-0.336,-1.009,1.499,0.000,-0.000,0.000,23.0
1406,-0.336,-1.009,1.499,0.000,-0.000,0.000,23.0
1407,-0.336,-1.009,1.499,0.000,-0.000,0.000,23.0
1408,-0.336,-1.009,1.499,0.000,-0.000,0.000,23.0
1409,-0.336,-1.009,1.499,0.000,-0.000,0.000,23.0
1410,-0.336,-1.009,1.499,0.000,-0.000,0.000,23.0
1411,-0.336,-1.009,1.499,0.000,-0.000,0.000,23.0
1412,-0.336,-1.009,1.499,0.000,-0.000,0.000,23.0
1413,-0.336,-1.009,1.499,0.000,-0.000,0.000,23.0
1414,-0.336,-1.009,1.499,0.000,-0.000,0.000,23.0
1415,-0.336,-1.009,1.499,0.000,-0.000,0.000,23.0
1416,-0.336,-1.009,1.499,0.000,-0.000,0.000,23.0
1417,-0.336,-1.009,1.499,0.000,-0.000,0.000,23.0
1418,-0.336,-1.009,1.499,0.000,-0.000,0.000,23.0
1419,-0.336,-1.009,1.499,0.000,-0.000,0.000,23.0
1420,-0.336,-1.009,1.499,0.000,-0.000,0.000,23.0
1421,-0.336,-1.009,1.499,0.000,-0.000,0.000,23.0
1422,-0.336,-1.009,1.499,0.000,-0.000,0.000,23.0
1423,-0.336,-1.009,1.499,0.000,-0.000,0.000,23.0
1424,-0.336,-1.009,1.499,0.000,-0.000,0.000,23.0
1425,-0.336,-1.009,1.499,0.000,-0.000,0.000,23.0
1426,-0.336,-1.009,1.499,0.000,-0.000,0.000,23.0
1427,-0.336,-1.009,1.499,0.000,-0.000,0.000,23.0
1428,-0.336,-1.009,1.499,0.000,-0.000,0.000,23.0
1429,-0.336,-1.009,1.499,0.000,-0.000,0.000,23.0
1430,-0.336,-1.009,1.499,0.000,-0.000,0.000,23.0
1431,-0.336,-1.009,1.499,0.000,-0.000,0.000,23.0
1432,-0.336,-1.009,1.499,0.000,-0.000,0.000,23.0
1433,-0.336,-1.009,1.499,0.000,-0.000,0.000,23.0
1434,-0.336,-1.009,1.499,0.000,-0.000,0.000,23.0
1435,-0.336,-1.009,1.499,0.000,-0.000,0.000,23.0
1436,-0.336,-1.009,1.499,0.000,-0.000,0.000,23.0
1437,-0.336,-1.009,1.499,0.000,-0.000,0.000,23.0
1438,-0.336,-1.009,1.499,0.000,-0.000,0.000,23.0
1439,-0.336,-1.009,1.499,0.000,-0.000,0.000,23.0
1440,-0.336,-1.009,1.499,0.000,-0.000,0.000,23.0
1441,-0.336,-1.009,1.499,0.000,-0.000,0.000,23.0
1442,-0.336,-1.009,1.499,0.000,-0.000,0.000,23.0
1443,-0.336,-1.009,1.499,0.000,-0.000,0.000,23.0
1444,-0.336,-1.009,1.499,0.000,-0.000,0.000,23.0
1445,-0.336,-1.009,1.499,0.000,-0.000,0.000,23.0
1446,-0.336,-1.009,1.499,0.000,-0.000,0.000,23.0
1447,-0.336,-1.009,1.499,0.000,-0.000,0.000,23.0
1448,-0.336,-1.009,1.499,0.000,-0.000,0.000,23.0
1449,-0.336,-1.009,1.499,0.000,-0.000,0.000,23.0
1450,-0.336,-1.009,1.499,0.000,-0.000,0.000,23.0
1451,-0.336,-1.009,1.499,0.000,-0.000,0.000,23.0
1452,-0.336,-1.009,1.499,0.000,-0.000,0.000,23.0
1453,-0.336,-1.009,1.499,0.000,-0.000,0.000,23.0
1454,-0.336,-1.009,1.499,0.000,-0.000,0.000,23.0
1455,-0.336,-1.009,1.499,0.000,-0.000,0.000,23.0
1456,-0.336,-1.009,1.499,0.000,-0.000,0.000,23.0
1457,-0.336,-1.009,1.499,0.000,-0.000,0.000,23.0
1458,-0.336,-1.009,1.499,0.000,-0.000,0.000,23.0
1459,-0.336,-1.009,1.499,0.000,-0.000,0.000,23.0
1460,-0.336,-1.009,1.499,0.000,-0.000,0.000,23.0
1461,-0.336,-1.009,1.499,0.000,-0.000,0.000,23.0
1462,-0.336,-1.009,1.499,0.000,-0.000,0.000,23.0
1463,-0.336,-1.009,1.499,0.000,-0.000,0.000,23.0
1464,-0.336,-1.009,1.499,0.000,-0.000,0.000,23.0
1465,-0.336,-1.009,1.499,0.000,-0.000,0.000,23.0
1466,-0.336,-1.009,1.499,0.000,-0.000,0.000,23.0
1467,-0.336,-1.009,1.499,0.000,-0.000,0.000,23.0
1468,-0.336,-1.009,1.499,0.000,-0.000,0.000,23.0
1469,-0.336,-1.009,1.499,0.000,-0.000,0.000,23.0
1470,-0.336,-1.009,1.499,0.000,-0.000,0.000,23.0
1471,-0.336,-1.009,1.499,0.000,-0.000,0.000,23.0
1472,-0.336,-1.009,1.499,0.000,-0.000,0.000,23.0
1473,-0.336,-1.009,1.499,0.000,-0.000,0.000,23.0
1474,-0.336,-1.009,1.499,0.000,-0.000,0.000,23.0
1475,-0.336,-1.009,1.499,0.000,-0.000,0.000,23.0
1476,-0.336,-1.009,1.499,0.000,-0.000,0.000,23.0
1477,-0.336,-1.009,1.499,0.000,-0.000,0.000,23.0
1478,-0.336,-1.009,1.499,0.000,-0.000,0.000,23.0
1479,-0.336,-1.009,1.499,0.000,-0.000,0.000,23.0
1480,-0.336,-1.009,1.499,0.000,-0.000,0.000,23.0
1481,-0.336,-1.009,1.499,0.000,-0.000,0.000,23.0
1482,-0.336,-1.009,1.499,0.000,-0.000,0.000,23.0
1483,-0.336,-1.009,1.499,0.000,-0.000,0.000,23.0
1484,-0.336,-1.009,1.499,0.000,-0.000,0.000,23.0
1485,-0.336,-1.009,1.499,0.000,-0.000,0.000,23.0
1486,-0.336,-1.009,1.499,0.000,-0.000,0.000,23.0
1487,-0.336,-1.009,1.499,0.000,-0.000,0.000,23.0
1488,-0.336,-1.009,1.499,0.000,-0.000,0.000,23.0
1489,-0.336,-1.009,1.499,0.000,-0.000,0.000,23.0
1490,-0.336,-1.009,1.499,0.000,-0.000,0.000,23.0
1491,-0.336,-1.009,1.499,0.000,-0.000,0.000,23.0
1492,-0.336,-1.009,1.499,0.000,-0.000,0.000,23.0
1493,-0.336,-1.009,1.499,0.000,-0.000,0.000,23.0
1494,-0.336,-1.009,1.499,0.000,-0.000,0.000,23.0
1495,-0.336,-1.009,1.499,0.000,-0.000,0.000,23.0
1496,-0.336,-1.009,1.499,0.000,-0.000,0.000,23.0
1497,-0.336,-1.009,1.499,0.000,-0.000,0.000,23.0
1498,-0.336,-1.009,1.499,0.000,-0.000,0.000,23.0
1499,-0.336,-1.009,1.499,0.000,-0.000,0.000,23.0
1500,-0.336,-1.009,1.499,0.000,-0.000,0.000,23.0
