1,-4.188,0.866,0.000,0.000,0.000,-0.008,-1
2,-4.188,0.866,0.000,0.000,0.000,-0.009,-1
3,-4.188,0.866,0.000,0.000,0.000,-0.005,-1
4,-4.188,0.866,0.000,0.000,0.000,-0.006,-1
5,-4.188,0.866,0.000,0.000,0.000,-0.007,-1
6,-4.188,0.866,0.000,0.000,0.000,-0.006,-1
7,-4.188,0.866,0.000,0.000,0.000,-0.006,-1
8,-4.188,0.866,0.000,0.000,0.000,-0.007,-1
9,-4.188,0.866,0.000,0.000,0.000,-0.006,-1
10,-4.188,0.866,0.000,0.000,0.000,-0.006,4
11,-4.189,0.866,0.000,-0.047,0.002,0.013,4
12,-4.189,0.866,0.000,-0.205,0.002,0.010,4
13,-4.189,0.866,0.000,-0.491,0.005,0.001,4
14,-4.190,0.866,0.000,-0.946,0.007,0.003,4
15,-4.190,0.867,0.000,-1.644,0.009,0.008,4
16,-4.191,0.867,0.000,-2.587,0.012,0.007,4
17,-4.191,0.867,0.000,-3.780,0.014,0.006,4
18,-4.192,0.867,0.000,-5.243,0.016,0.006,4
19,-4.192,0.867,0.000,-6.929,0.020,-0.016,4
20,-4.197,0.868,0.000,-8.640,0.039,0.003,4
21,-4.202,0.869,0.000,-10.408,0.062,0.011,14
22,-4.203,0.869,0.000,-12.359,0.069,0.009,14
23,-4.205,0.869,0.000,-14.745,0.075,0.012,14
24,-4.206,0.869,0.000,-17.608,0.080,0.020,14
25,-4.208,0.869,0.000,-20.791,0.086,0.028,14
26,-4.210,0.870,0.000,-23.992,0.093,0.035,14
27,-4.212,0.871,0.000,-26.855,0.101,0.044,14
28,-4.214,0.873,0.000,-29.056,0.108,0.054,14
29,-4.216,0.874,0.000,-30.371,0.116,0.062,14
30,-4.217,0.875,0.000,-30.693,0.124,0.067,14
31,-4.219,0.876,0.000,-30.347,0.121,0.088,14
32,-4.220,0.877,0.000,-29.931,0.131,0.085,14
33,-4.221,0.877,0.000,-29.421,0.146,0.060,14
34,-4.222,0.878,0.000,-28.816,0.138,0.086,14
35,-4.223,0.879,0.000,-28.160,0.156,0.064,16
36,-4.226,0.880,0.000,-27.538,0.163,0.077,16
37,-4.226,0.880,0.000,-27.031,0.160,0.083,16
38,-4.227,0.881,0.000,-26.699,0.166,0.079,16
39,-4.229,0.881,0.000,-26.738,0.175,0.079,16
40,-4.230,0.882,0.000,-27.097,0.168,0.105,16
41,-4.231,0.883,0.000,-27.585,0.180,0.093,16
42,-4.233,0.884,0.000,-28.167,0.185,0.100,16
43,-4.235,0.885,0.000,-28.903,0.189,0.110,16
44,-4.237,0.886,0.000,-29.691,0.197,0.110,16
45,-4.239,0.887,0.000,-30.595,0.209,0.112,16
46,-4.241,0.889,0.000,-31.745,0.214,0.123,16
47,-4.243,0.890,0.000,-33.561,0.215,0.138,16
48,-4.245,0.891,0.000,-36.014,0.217,0.152,16
49,-4.247,0.893,0.000,-38.746,0.218,0.168,16
50,-4.250,0.895,0.000,-41.369,0.217,0.187,16
51,-4.251,0.895,0.000,-43.873,0.221,0.191,16
52,-4.252,0.897,0.000,-46.338,0.188,0.234,16
53,-4.254,0.899,0.000,-48.783,0.227,0.211,16
54,-4.250,0.895,0.000,-51.220,0.163,0.230,16
55,-4.251,0.895,0.000,-53.653,0.156,0.238,16
56,-4.252,0.898,0.000,-55.991,0.182,0.234,16
57,-4.253,0.898,0.000,-58.277,0.146,0.256,16
58,-4.254,0.901,0.000,-60.484,0.165,0.258,16
59,-4.254,0.901,0.000,-62.585,0.111,0.287,16
60,-4.255,0.903,0.000,-64.556,0.155,0.274,16
61,-4.256,0.905,0.000,-66.435,0.098,0.306,16
62,-4.255,0.904,0.000,-68.240,0.130,0.288,16
63,-4.256,0.906,0.000,-69.990,0.091,0.310,16
64,-4.255,0.904,0.000,-71.631,0.090,0.299,16
65,-4.256,0.907,0.000,-73.223,0.100,0.307,16
66,-4.256,0.906,0.000,-74.752,0.058,0.312,16
67,-4.257,0.908,0.000,-76.191,0.108,0.303,16
68,-4.257,0.908,0.000,-77.545,0.051,0.314,16
69,-4.257,0.908,0.000,-78.840,0.089,0.302,16
70,-4.257,0.908,0.000,-80.004,0.044,0.308,16
71,-4.257,0.908,0.000,-81.084,0.068,0.301,16
72,-4.257,0.908,0.000,-82.140,0.040,0.304,16
73,-4.257,0.906,0.000,-83.227,0.037,0.294,16
74,-4.257,0.907,0.000,-84.343,0.045,0.294,16
75,-4.257,0.907,0.000,-85.537,0.022,0.294,16
76,-4.257,0.907,0.000,-86.780,0.017,0.288,16
77,-4.257,0.901,0.000,-88.000,0.015,0.260,16
78,-4.256,0.895,0.000,-89.137,0.002,0.230,16
79,-4.256,0.892,0.000,-90.278,0.009,0.218,16
80,-4.256,0.892,0.000,-91.426,-0.028,0.212,16
81,-4.256,0.890,0.000,-92.572,-0.004,0.203,16
82,-4.256,0.889,0.000,-93.721,-0.029,0.197,16
83,-4.257,0.888,0.000,-94.876,-0.024,0.189,16
84,-4.257,0.887,0.000,-96.044,-0.020,0.185,16
85,-4.257,0.885,0.000,-97.233,-0.034,0.175,16
86,-4.257,0.884,0.000,-98.452,-0.008,0.172,16
87,-4.257,0.883,0.000,-99.685,-0.029,0.165,16
88,-4.257,0.882,0.000,-100.928,-0.030,0.160,16
89,-4.258,0.881,0.000,-102.253,-0.027,0.155,16
90,-4.258,0.879,0.000,-103.783,-0.047,0.142,16
91,-4.259,0.878,0.000,-105.327,-0.034,0.139,16
92,-4.259,0.876,0.000,-106.871,-0.043,0.130,16
93,-4.259,0.875,0.000,-108.495,-0.051,0.121,16
94,-4.260,0.873,0.000,-110.129,-0.054,0.113,16
95,-4.260,0.872,0.000,-111.807,-0.025,0.116,16
96,-4.261,0.870,0.000,-113.512,-0.049,0.099,16
97,-4.262,0.869,0.000,-115.211,-0.042,0.096,16
98,-4.263,0.867,0.000,-116.894,-0.048,0.084,16
99,-4.263,0.866,0.000,-118.538,-0.027,0.091,16
100,-4.264,0.864,0.000,-120.136,-0.078,0.054,16
101,-4.265,0.863,0.000,-121.719,-0.021,0.079,16
102,-4.267,0.861,0.000,-123.284,-0.047,0.052,16
103,-4.268,0.859,0.000,-124.815,-0.019,0.061,16
104,-4.269,0.857,0.000,-126.289,-0.035,0.041,16
105,-4.270,0.855,0.000,-127.777,-0.022,0.042,16
106,-4.272,0.853,0.000,-129.206,-0.015,0.035,16
107,-4.274,0.851,0.000,-130.662,-0.023,0.020,16
108,-4.275,0.850,0.000,-132.097,-0.004,0.026,16
109,-4.277,0.848,0.000,-133.555,-0.006,0.016,16
110,-4.278,0.847,0.000,-134.977,-0.008,0.008,16
111,-4.279,0.845,0.000,-136.000,-0.002,0.009,16
112,-4.281,0.844,0.000,-136.613,-0.004,-0.005,16
113,-4.283,0.842,0.000,-136.977,-0.002,-0.011,16
114,-4.284,0.840,0.000,-136.747,0.006,-0.013,16
115,-4.286,0.839,0.000,-136.061,0.012,-0.017,16
116,-4.288,0.837,0.000,-135.194,0.015,-0.023,16
117,-4.289,0.836,0.000,-134.313,0.019,-0.028,16
118,-4.291,0.834,0.000,-133.486,0.023,-0.032,16
119,-4.292,0.833,0.000,-132.733,0.027,-0.037,16
120,-4.294,0.831,0.000,-132.045,0.039,-0.034,16
121,-4.295,0.829,0.000,-131.358,0.037,-0.046,16
122,-4.297,0.827,0.000,-130.629,0.047,-0.050,16
123,-4.299,0.825,0.000,-129.939,0.047,-0.057,16
124,-4.300,0.823,0.000,-129.259,0.061,-0.056,16
125,-4.302,0.821,0.000,-128.594,0.057,-0.068,16
126,-4.304,0.819,0.000,-127.950,0.061,-0.075,16
127,-4.305,0.817,0.000,-127.311,0.075,-0.072,16
128,-4.307,0.815,0.000,-126.664,0.061,-0.091,16
129,-4.308,0.813,0.000,-126.019,0.072,-0.089,16
130,-4.309,0.812,0.000,-125.384,0.071,-0.096,16
131,-4.311,0.809,0.000,-124.750,0.074,-0.102,16
132,-4.312,0.807,0.000,-124.104,0.066,-0.116,16
133,-4.314,0.805,0.000,-123.464,0.070,-0.119,16
134,-4.315,0.803,0.000,-122.861,0.083,-0.121,16
135,-4.317,0.800,0.000,-122.297,0.069,-0.139,16
136,-4.318,0.798,0.000,-121.785,0.090,-0.134,16
137,-4.320,0.796,0.000,-121.437,0.091,-0.141,16
138,-4.321,0.793,0.000,-121.270,0.095,-0.146,16
139,-4.323,0.791,0.000,-121.204,0.098,-0.151,16
140,-4.324,0.789,0.000,-121.196,0.101,-0.156,16
141,-4.325,0.787,0.000,-121.217,0.088,-0.171,16
142,-4.326,0.785,0.000,-121.182,0.096,-0.173,16
143,-4.328,0.783,0.000,-121.176,0.103,-0.175,16
144,-4.329,0.780,0.000,-121.223,0.104,-0.180,16
145,-4.330,0.778,0.000,-121.292,0.106,-0.186,16
146,-4.331,0.776,0.000,-121.364,0.109,-0.190,16
147,-4.333,0.775,0.000,-120.918,0.118,-0.187,16
148,-4.332,0.775,0.000,-120.217,0.109,-0.186,36
149,-4.334,0.772,0.000,-119.522,0.116,-0.193,36
150,-4.336,0.769,0.000,-118.795,0.102,-0.211,36
151,-4.337,0.768,0.000,-118.081,0.132,-0.197,36
152,-4.338,0.764,0.000,-117.433,0.107,-0.224,36
153,-4.340,0.761,0.000,-116.769,0.108,-0.235,36
154,-4.342,0.757,0.000,-116.083,0.123,-0.243,36
155,-4.344,0.754,0.000,-115.372,0.132,-0.250,35
156,-4.341,0.759,0.000,-114.712,0.108,-0.224,35
157,-4.339,0.764,0.000,-114.512,0.077,-0.205,35
158,-4.337,0.769,0.000,-114.407,0.079,-0.173,35
159,-4.335,0.772,0.000,-114.630,0.075,-0.150,35
160,-4.334,0.775,0.000,-115.510,0.069,-0.131,35
161,-4.333,0.778,0.000,-116.686,0.059,-0.118,35
162,-4.332,0.779,0.000,-117.923,0.061,-0.102,35
163,-4.332,0.779,0.000,-119.151,0.049,-0.100,35
164,-4.333,0.778,0.000,-120.377,0.039,-0.106,35
165,-4.333,0.779,0.000,-121.558,0.070,-0.080,35
166,-4.333,0.777,0.000,-122.673,0.037,-0.101,35
167,-4.334,0.776,0.000,-123.768,0.089,-0.068,35
168,-4.336,0.775,0.000,-124.862,0.048,-0.102,35
169,-4.337,0.772,0.000,-125.943,0.075,-0.090,35
170,-4.339,0.771,0.000,-126.976,0.058,-0.108,33
171,-4.333,0.777,0.000,-127.878,0.049,-0.059,33
172,-4.328,0.784,0.000,-128.772,0.025,-0.022,33
173,-4.323,0.791,0.000,-129.598,-0.002,0.012,33
174,-4.317,0.797,0.000,-130.206,-0.030,0.043,33
175,-4.312,0.803,0.000,-130.553,-0.056,0.073,33
176,-4.308,0.808,0.000,-130.649,-0.080,0.101,33
177,-4.304,0.813,0.000,-130.604,-0.112,0.120,33
178,-4.299,0.818,0.000,-130.469,-0.136,0.144,33
179,-4.296,0.822,0.000,-130.062,-0.140,0.179,33
180,-4.293,0.826,0.000,-129.543,-0.178,0.185,33
181,-4.289,0.830,0.000,-128.999,-0.172,0.225,33
182,-4.286,0.833,0.000,-128.232,-0.202,0.234,33
183,-4.284,0.837,0.000,-127.373,-0.190,0.272,33
184,-4.281,0.840,0.000,-126.522,-0.210,0.288,33
185,-4.279,0.843,0.000,-125.608,-0.219,0.308,33
186,-4.277,0.846,0.000,-124.346,-0.225,0.330,33
187,-4.276,0.848,0.000,-122.940,-0.226,0.345,33
188,-4.275,0.850,0.000,-121.492,-0.236,0.354,33
189,-4.274,0.850,0.000,-120.068,-0.215,0.375,33
190,-4.276,0.848,0.000,-118.678,-0.204,0.369,33
191,-4.277,0.846,0.000,-117.431,-0.203,0.365,33
192,-4.277,0.845,0.000,-116.311,-0.170,0.381,33
193,-4.277,0.845,0.000,-115.232,-0.176,0.380,34
194,-4.275,0.851,0.000,-114.281,-0.188,0.413,34
195,-4.272,0.857,0.000,-113.491,-0.189,0.452,33
196,-4.273,0.855,0.000,-112.935,-0.179,0.447,33
197,-4.274,0.852,0.000,-112.622,-0.177,0.438,33
198,-4.275,0.850,0.000,-112.357,-0.173,0.431,33
199,-4.276,0.847,0.000,-112.018,-0.165,0.423,33
200,-4.277,0.844,0.000,-111.552,-0.158,0.415,33
201,-4.279,0.841,0.000,-110.945,-0.150,0.407,33
202,-4.280,0.837,0.000,-110.201,-0.141,0.397,33
203,-4.281,0.834,0.000,-109.338,-0.130,0.388,33
204,-4.282,0.830,0.000,-108.375,-0.120,0.378,33
205,-4.283,0.827,0.000,-107.335,-0.109,0.368,34
206,-4.282,0.832,0.000,-106.502,-0.112,0.395,34
207,-4.281,0.836,0.000,-106.047,-0.134,0.416,34
208,-4.279,0.841,0.000,-105.646,-0.115,0.447,34
209,-4.278,0.845,0.000,-105.397,-0.125,0.468,34
210,-4.277,0.849,0.000,-105.269,-0.130,0.490,34
211,-4.276,0.853,0.000,-105.172,-0.146,0.508,34
212,-4.275,0.857,0.000,-105.078,-0.141,0.530,34
213,-4.274,0.860,0.000,-104.964,-0.150,0.547,34
214,-4.273,0.863,0.000,-104.751,-0.149,0.566,34
215,-4.273,0.866,0.000,-104.499,-0.151,0.580,34
216,-4.272,0.869,0.000,-104.092,-0.156,0.595,34
217,-4.272,0.871,0.000,-103.424,-0.135,0.614,34
218,-4.271,0.874,0.000,-102.686,-0.159,0.625,34
219,-4.270,0.877,0.000,-101.936,-0.111,0.650,34
220,-4.270,0.879,0.000,-101.195,-0.143,0.655,34
221,-4.269,0.881,0.000,-100.458,-0.104,0.671,34
222,-4.269,0.882,0.000,-99.711,-0.121,0.676,34
223,-4.269,0.884,0.000,-98.956,-0.108,0.689,34
224,-4.268,0.885,0.000,-98.203,-0.089,0.697,34
225,-4.268,0.887,0.000,-97.394,-0.114,0.700,34
226,-4.268,0.888,0.000,-96.577,-0.074,0.711,34
227,-4.268,0.889,0.000,-95.700,-0.084,0.715,34
228,-4.268,0.890,0.000,-94.771,-0.068,0.721,34
229,-4.268,0.891,0.000,-93.696,-0.050,0.727,34
230,-4.268,0.892,0.000,-92.489,-0.019,0.732,34
231,-4.268,0.893,0.000,-91.266,-0.042,0.734,34
232,-4.268,0.894,0.000,-90.041,0.010,0.739,34
233,-4.268,0.894,0.000,-88.803,-0.006,0.740,34
234,-4.268,0.895,0.000,-87.561,0.034,0.744,34
235,-4.268,0.895,0.000,-86.303,0.039,0.743,34
236,-4.268,0.897,0.000,-85.048,0.082,0.748,34
237,-4.268,0.897,0.000,-83.776,0.078,0.746,34
238,-4.268,0.899,0.000,-82.493,0.107,0.752,34
239,-4.268,0.898,0.000,-81.189,0.126,0.747,34
240,-4.269,0.900,0.000,-79.868,0.119,0.755,34
241,-4.268,0.899,0.000,-78.550,0.153,0.747,34
242,-4.269,0.900,0.000,-77.227,0.170,0.749,34
243,-4.269,0.901,0.000,-75.820,0.187,0.747,34
244,-4.269,0.902,0.000,-74.323,0.217,0.742,34
245,-4.269,0.902,0.000,-72.727,0.223,0.741,34
246,-4.269,0.902,0.000,-71.077,0.274,0.726,34
247,-4.270,0.903,0.000,-69.353,0.246,0.743,34
248,-4.270,0.903,0.000,-67.642,0.311,0.719,34
249,-4.271,0.905,0.000,-65.930,0.302,0.731,34
250,-4.271,0.905,0.000,-64.168,0.344,0.710,34
251,-4.272,0.907,0.000,-62.448,0.364,0.711,34
252,-4.272,0.907,0.000,-60.722,0.379,0.705,34
253,-4.273,0.909,0.000,-59.015,0.420,0.692,34
254,-4.273,0.909,0.000,-57.310,0.419,0.691,34
255,-4.273,0.910,0.000,-55.641,0.467,0.665,34
256,-4.273,0.910,0.000,-53.918,0.489,0.650,34
257,-4.274,0.910,0.000,-52.158,0.499,0.644,34
258,-4.274,0.910,0.000,-50.326,0.524,0.626,34
259,-4.274,0.911,0.000,-48.079,0.554,0.605,34
260,-4.275,0.911,0.000,-45.053,0.588,0.580,34
261,-4.276,0.912,0.000,-41.382,0.626,0.545,34
262,-4.276,0.912,0.000,-37.473,0.665,0.503,34
263,-4.277,0.913,0.000,-33.635,0.700,0.459,34
264,-4.277,0.913,0.000,-29.981,0.732,0.416,34
265,-4.278,0.913,0.000,-26.535,0.759,0.373,34
266,-4.279,0.914,0.000,-23.293,0.783,0.331,34
267,-4.280,0.914,0.000,-20.240,0.804,0.291,34
268,-4.281,0.914,0.000,-17.359,0.823,0.251,34
269,-4.282,0.914,0.000,-14.627,0.839,0.213,34
270,-4.283,0.915,0.000,-11.980,0.856,0.177,34
271,-4.284,0.915,0.000,-9.362,0.867,0.145,34
272,-4.286,0.915,0.000,-6.774,0.881,0.096,34
273,-4.287,0.915,0.000,-4.271,0.890,0.058,34
274,-4.288,0.915,0.000,-1.840,0.898,0.024,34
275,-4.290,0.915,0.000,0.528,0.904,-0.013,34
276,-4.291,0.915,0.000,2.833,0.909,-0.051,34
277,-4.293,0.915,0.000,5.075,0.915,-0.064,34
278,-4.294,0.915,0.000,7.288,0.917,-0.114,34
279,-4.296,0.915,0.000,9.460,0.917,-0.168,34
280,-4.297,0.914,0.000,11.598,0.918,-0.182,34
281,-4.299,0.914,0.000,13.710,0.912,-0.234,34
282,-4.301,0.914,0.000,15.787,0.917,-0.245,34
283,-4.302,0.913,0.000,17.878,0.912,-0.286,34
284,-4.304,0.913,0.000,19.972,0.904,-0.329,34
285,-4.305,0.912,0.000,22.114,0.900,-0.347,34
286,-4.306,0.911,0.000,24.300,0.882,-0.404,34
287,-4.308,0.911,0.000,26.493,0.875,-0.427,34
288,-4.309,0.911,0.000,28.727,0.849,-0.480,34
289,-4.311,0.909,0.000,30.950,0.858,-0.485,34
290,-4.313,0.908,0.000,33.138,0.810,-0.577,34
291,-4.315,0.907,0.000,35.273,0.829,-0.561,34
292,-4.317,0.905,0.000,37.357,0.792,-0.631,34
293,-4.318,0.905,0.000,39.379,0.779,-0.646,34
294,-4.320,0.902,0.000,41.325,0.773,-0.674,34
295,-4.321,0.902,0.000,43.241,0.756,-0.691,34
296,-4.322,0.901,0.000,45.115,0.722,-0.734,34
297,-4.323,0.900,0.000,46.797,0.704,-0.754,34
298,-4.323,0.899,0.000,47.943,0.687,-0.768,34
299,-4.324,0.899,0.000,48.253,0.684,-0.772,34
300,-4.324,0.898,0.000,47.727,0.691,-0.767,34
301,-4.325,0.897,0.000,46.284,0.711,-0.752,34
302,-4.326,0.896,0.000,44.439,0.737,-0.731,34
303,-4.327,0.895,0.000,42.489,0.765,-0.708,34
304,-4.328,0.894,0.000,40.548,0.801,-0.672,34
305,-4.329,0.893,0.000,38.629,0.809,-0.667,34
306,-4.331,0.892,0.000,36.711,0.847,-0.626,34
307,-4.332,0.891,0.000,34.818,0.874,-0.595,34
308,-4.334,0.890,0.000,32.993,0.887,-0.583,34
309,-4.335,0.889,0.000,31.251,0.920,-0.537,34
310,-4.337,0.888,0.000,29.630,0.928,-0.533,34
311,-4.338,0.888,0.000,28.123,0.952,-0.494,34
312,-4.340,0.887,0.000,26.690,0.964,-0.481,34
313,-4.341,0.886,0.000,25.289,0.975,-0.463,-1
314,-4.339,0.887,0.000,23.906,0.977,-0.417,11
315,-4.331,0.891,0.000,22.479,0.943,-0.381,11
316,-4.322,0.895,0.000,20.908,0.909,-0.346,11
317,-4.314,0.898,0.000,19.221,0.877,-0.302,11
318,-4.305,0.900,0.000,17.486,0.844,-0.259,11
319,-4.296,0.903,0.000,15.743,0.808,-0.222,11
320,-4.287,0.905,0.000,14.019,0.768,-0.201,11
321,-4.279,0.907,0.000,12.316,0.733,-0.161,11
322,-4.270,0.909,0.000,10.643,0.697,-0.116,11
323,-4.261,0.911,0.000,8.982,0.655,-0.104,11
324,-4.253,0.912,0.000,7.351,0.615,-0.078,11
325,-4.244,0.913,0.000,5.775,0.573,-0.055,11
326,-4.235,0.914,0.000,4.240,0.531,-0.031,11
327,-4.226,0.915,0.000,2.752,0.489,-0.016,11
328,-4.217,0.915,0.000,1.310,0.447,-0.006,11
329,-4.208,0.915,0.000,-0.088,0.404,0.005,11
330,-4.200,0.915,0.000,-1.446,0.363,-0.001,11
331,-4.192,0.915,0.000,-2.761,0.323,0.006,-1
332,-4.188,0.914,0.000,-4.124,0.301,0.019,-1
333,-4.184,0.914,0.000,-5.601,0.280,0.019,-1
334,-4.180,0.913,0.000,-7.250,0.258,0.026,-1
335,-4.176,0.912,0.000,-9.098,0.235,0.033,-1
336,-4.172,0.911,0.000,-11.172,0.213,0.037,-1
337,-4.167,0.910,0.000,-13.369,0.186,0.050,-1
338,-4.162,0.909,0.000,-15.669,0.159,0.055,-1
339,-4.158,0.908,0.000,-18.202,0.139,0.042,-1
340,-4.154,0.906,0.000,-20.855,0.112,0.046,-1
341,-4.149,0.904,0.000,-23.593,0.089,0.039,-1
342,-4.144,0.902,0.000,-26.391,0.061,0.037,-1
343,-4.140,0.900,0.000,-29.216,0.045,0.014,-1
344,-4.135,0.897,0.000,-31.988,0.023,0.004,-1
345,-4.131,0.895,0.000,-34.630,-0.001,-0.005,-1
346,-4.127,0.892,0.000,-37.098,-0.021,-0.021,-1
347,-4.123,0.888,0.000,-39.407,-0.038,-0.040,-1
348,-4.119,0.885,0.000,-41.553,-0.058,-0.057,-1
349,-4.114,0.881,0.000,-43.569,-0.088,-0.065,-1
350,-4.110,0.877,0.000,-45.561,-0.082,-0.110,-1
351,-4.106,0.873,0.000,-47.504,-0.109,-0.125,-1
352,-4.102,0.868,0.000,-49.380,-0.127,-0.145,-1
353,-4.098,0.864,0.000,-51.072,-0.134,-0.176,-1
354,-4.095,0.859,0.000,-52.524,-0.146,-0.201,-1
355,-4.091,0.855,0.000,-53.912,-0.166,-0.220,-1
356,-4.088,0.850,0.000,-55.296,-0.182,-0.242,-1
357,-4.085,0.845,0.000,-56.543,-0.187,-0.273,-1
358,-4.081,0.840,0.000,-57.691,-0.193,-0.302,-1
359,-4.078,0.835,0.000,-58.812,-0.199,-0.330,-1
360,-4.075,0.830,0.000,-59.856,-0.203,-0.359,-1
361,-4.072,0.825,0.000,-60.865,-0.217,-0.383,-1
362,-4.070,0.820,0.000,-61.835,-0.231,-0.405,-1
363,-4.067,0.815,0.000,-62.714,-0.216,-0.445,-1
364,-4.064,0.810,0.000,-63.483,-0.226,-0.470,11
365,-4.064,0.809,0.000,-64.089,-0.227,-0.474,11
366,-4.064,0.808,0.000,-64.122,-0.226,-0.479,11
367,-4.063,0.807,0.000,-63.374,-0.245,-0.477,11
368,-4.062,0.805,0.000,-62.422,-0.235,-0.495,11
369,-4.062,0.804,0.000,-61.467,-0.276,-0.479,11
370,-4.061,0.803,0.000,-60.478,-0.277,-0.486,11
371,-4.060,0.802,0.000,-59.370,-0.290,-0.487,11
372,-4.059,0.800,0.000,-57.874,-0.312,-0.486,11
373,-4.058,0.799,0.000,-55.884,-0.336,-0.481,11
374,-4.057,0.798,0.000,-53.097,-0.361,-0.472,11
375,-4.055,0.796,0.000,-49.352,-0.391,-0.465,11
376,-4.054,0.794,0.000,-45.397,-0.446,-0.427,11
377,-4.052,0.793,0.000,-41.490,-0.467,-0.422,11
378,-4.050,0.791,0.000,-37.606,-0.506,-0.398,11
379,-4.048,0.789,0.000,-33.614,-0.556,-0.351,11
380,-4.045,0.788,0.000,-29.663,-0.571,-0.355,11
381,-4.042,0.786,0.000,-25.762,-0.632,-0.270,11
382,-4.039,0.785,0.000,-21.896,-0.641,-0.289,11
383,-4.035,0.783,0.000,-18.064,-0.681,-0.233,11
384,-4.032,0.783,0.000,-14.277,-0.724,-0.140,11
385,-4.029,0.782,0.000,-10.533,-0.731,-0.182,11
386,-4.024,0.781,0.000,-6.835,-0.764,-0.102,11
387,-4.021,0.781,0.000,-3.184,-0.788,-0.004,11
388,-4.018,0.781,0.000,0.413,-0.805,-0.022,11
389,-4.013,0.781,0.000,3.960,-0.820,0.086,11
390,-4.011,0.781,0.000,7.458,-0.832,0.092,11
391,-4.006,0.782,0.000,10.894,-0.846,0.144,11
392,-4.003,0.783,0.000,14.293,-0.836,0.256,11
393,-3.999,0.784,0.000,17.644,-0.858,0.246,11
394,-3.995,0.785,0.000,20.947,-0.842,0.350,11
395,-3.992,0.786,0.000,24.189,-0.846,0.373,11
396,-3.988,0.788,0.000,27.333,-0.831,0.447,11
397,-3.986,0.790,0.000,30.417,-0.827,0.478,11
398,-3.983,0.791,0.000,33.411,-0.799,0.549,11
399,-3.980,0.793,0.000,36.335,-0.793,0.583,11
400,-3.979,0.794,0.000,39.174,-0.769,0.626,11
401,-3.977,0.796,0.000,41.880,-0.743,0.671,11
402,-3.976,0.797,0.000,44.271,-0.719,0.709,11
403,-3.975,0.799,0.000,46.257,-0.700,0.740,11
404,-3.973,0.800,0.000,47.465,-0.691,0.759,11
405,-3.972,0.801,0.000,47.985,-0.690,0.771,11
406,-3.971,0.803,0.000,47.766,-0.698,0.773,11
407,-3.970,0.804,0.000,46.714,-0.715,0.767,11
408,-3.969,0.805,0.000,44.746,-0.746,0.747,11
409,-3.967,0.806,0.000,42.418,-0.784,0.720,11
410,-3.966,0.808,0.000,39.787,-0.821,0.691,11
411,-3.964,0.809,0.000,37.102,-0.860,0.658,11
412,-3.962,0.810,0.000,34.481,-0.897,0.623,11
413,-3.960,0.812,0.000,31.958,-0.932,0.588,11
414,-3.958,0.813,0.000,29.537,-0.964,0.553,11
415,-3.956,0.814,0.000,27.211,-0.997,0.512,11
416,-3.955,0.815,0.000,24.921,-1.023,0.476,9
417,-3.956,0.814,0.000,22.650,-1.039,0.425,9
418,-3.956,0.814,0.000,20.241,-1.059,0.382,9
419,-3.958,0.813,0.000,17.816,-1.062,0.337,9
420,-3.962,0.811,0.000,15.964,-1.057,0.298,34
421,-3.964,0.810,0.000,14.658,-1.053,0.269,34
422,-3.966,0.810,0.000,13.801,-1.048,0.254,34
423,-3.967,0.809,0.000,13.074,-1.047,0.231,34
424,-3.969,0.809,0.000,12.366,-1.042,0.221,34
425,-3.970,0.809,0.000,11.533,-1.039,0.209,34
426,-3.972,0.809,0.000,10.471,-1.039,0.187,34
427,-3.973,0.809,0.000,9.137,-1.038,0.161,34
428,-3.974,0.809,0.000,7.536,-1.038,0.132,34
429,-3.975,0.809,0.000,5.779,-1.036,0.118,34
430,-3.976,0.809,0.000,3.990,-1.037,0.081,34
431,-3.977,0.809,0.000,2.169,-1.036,0.017,34
432,-3.978,0.809,0.000,0.343,-1.033,0.015,34
433,-3.978,0.809,0.000,-1.494,-1.031,-0.045,34
434,-3.979,0.809,0.000,-3.345,-1.025,-0.061,34
435,-3.980,0.809,0.000,-5.219,-1.019,-0.083,34
436,-3.981,0.809,0.000,-7.183,-1.015,-0.119,34
437,-3.981,0.809,0.000,-9.413,-1.006,-0.163,34
438,-3.982,0.810,0.000,-12.022,-0.995,-0.208,34
439,-3.982,0.810,0.000,-15.104,-0.979,-0.264,34
440,-3.982,0.810,0.000,-18.364,-0.967,-0.313,34
441,-3.978,0.809,0.000,-21.542,-0.961,-0.380,34
442,-3.982,0.811,0.000,-24.641,-0.914,-0.443,34
443,-3.979,0.809,0.000,-27.699,-0.916,-0.469,33
444,-3.981,0.811,0.000,-30.655,-0.863,-0.542,33
445,-3.980,0.810,0.000,-33.484,-0.861,-0.554,33
446,-3.982,0.811,0.000,-36.200,-0.808,-0.618,33
447,-3.982,0.811,0.000,-38.794,-0.803,-0.625,33
448,-3.984,0.813,0.000,-41.275,-0.761,-0.658,33
449,-3.983,0.812,0.000,-43.555,-0.727,-0.704,33
450,-3.984,0.812,0.000,-45.555,-0.706,-0.720,33
451,-3.985,0.814,0.000,-47.315,-0.685,-0.726,33
452,-3.985,0.814,0.000,-48.932,-0.653,-0.755,33
453,-3.984,0.813,0.000,-50.426,-0.644,-0.769,33
454,-3.985,0.814,0.000,-51.766,-0.628,-0.776,33
455,-3.985,0.815,0.000,-52.879,-0.606,-0.790,34
456,-3.985,0.814,0.000,-53.504,-0.598,-0.801,33
457,-3.985,0.815,0.000,-53.223,-0.601,-0.796,33
458,-3.986,0.816,0.000,-52.112,-0.615,-0.781,33
459,-3.986,0.816,0.000,-50.307,-0.641,-0.761,33
460,-3.986,0.816,0.000,-47.957,-0.669,-0.733,33
461,-3.987,0.817,0.000,-44.642,-0.707,-0.692,33
462,-3.987,0.818,0.000,-40.837,-0.748,-0.640,33
463,-3.989,0.819,0.000,-37.109,-0.784,-0.586,33
464,-3.990,0.820,0.000,-33.677,-0.812,-0.535,33
465,-3.991,0.821,0.000,-30.583,-0.834,-0.487,33
466,-3.993,0.822,0.000,-27.805,-0.851,-0.443,33
467,-3.994,0.822,0.000,-25.312,-0.863,-0.402,33
468,-3.996,0.823,0.000,-23.071,-0.872,-0.366,33
469,-3.997,0.824,0.000,-21.052,-0.878,-0.332,33
470,-3.999,0.825,0.000,-19.586,-0.880,-0.307,33
471,-4.000,0.825,0.000,-18.606,-0.879,-0.290,33
472,-4.002,0.826,0.000,-17.586,-0.878,-0.272,33
473,-4.003,0.826,0.000,-16.552,-0.876,-0.255,33
474,-4.005,0.827,0.000,-15.527,-0.874,-0.237,33
475,-4.006,0.827,0.000,-14.529,-0.872,-0.220,33
476,-4.008,0.828,0.000,-13.573,-0.869,-0.204,33
477,-4.009,0.828,0.000,-12.666,-0.866,-0.189,33
478,-4.011,0.829,0.000,-11.810,-0.862,-0.175,33
479,-4.013,0.829,0.000,-11.007,-0.858,-0.161,33
480,-4.014,0.829,0.000,-10.255,-0.854,-0.149,33
481,-4.016,0.830,0.000,-9.553,-0.849,-0.137,33
482,-4.017,0.830,0.000,-8.901,-0.844,-0.127,33
483,-4.019,0.830,0.000,-8.294,-0.839,-0.117,33
484,-4.021,0.830,0.000,-7.729,-0.834,-0.108,33
485,-4.022,0.831,0.000,-7.202,-0.828,-0.099,33
486,-4.024,0.831,0.000,-6.711,-0.823,-0.091,33
487,-4.025,0.831,0.000,-6.253,-0.817,-0.084,33
488,-4.027,0.831,0.000,-5.824,-0.811,-0.077,33
489,-4.029,0.832,0.000,-5.424,-0.806,-0.071,33
490,-4.030,0.832,0.000,-5.050,-0.799,-0.075,33
491,-4.032,0.832,0.000,-4.679,-0.796,-0.056,33
492,-4.033,0.832,0.000,-4.302,-0.789,-0.064,33
493,-4.035,0.832,0.000,-3.929,-0.786,-0.036,33
494,-4.036,0.832,0.000,-3.562,-0.779,-0.049,33
495,-4.038,0.832,0.000,-3.200,-0.773,-0.050,33
496,-4.040,0.832,0.000,-2.833,-0.770,-0.034,33
497,-4.041,0.832,0.000,-2.479,-0.765,-0.029,33
498,-4.043,0.832,0.000,-2.133,-0.763,-0.028,33
499,-4.045,0.833,0.000,-1.797,-0.757,-0.020,33
500,-4.046,0.833,0.000,-1.466,-0.754,-0.005,33
501,-4.048,0.833,0.000,-1.150,-0.747,-0.022,33
502,-4.050,0.833,0.000,-0.853,-0.745,0.005,33
503,-4.051,0.833,0.000,-0.565,-0.741,-0.033,33
504,-4.053,0.833,0.000,-0.280,-0.739,0.031,33
505,-4.054,0.833,0.000,0.001,-0.735,-0.027,33
506,-4.055,0.833,0.000,0.277,-0.734,-0.013,33
507,-4.057,0.833,0.000,0.546,-0.730,0.059,33
508,-4.059,0.833,0.000,0.816,-0.727,-0.017,33
509,-4.060,0.833,0.000,1.085,-0.726,0.013,33
510,-4.062,0.833,0.000,1.349,-0.721,0.026,33
511,-4.063,0.833,0.000,1.604,-0.722,-0.010,33
512,-4.065,0.833,0.000,1.861,-0.718,0.042,33
513,-4.066,0.832,0.000,2.116,-0.717,0.026,33
514,-4.068,0.832,0.000,2.350,-0.715,0.029,33
515,-4.069,0.832,0.000,2.557,-0.715,0.031,33
516,-4.070,0.832,0.000,2.747,-0.715,0.051,33
517,-4.072,0.832,0.000,2.913,-0.715,0.030,33
518,-4.074,0.832,0.000,3.017,-0.714,0.033,-1
519,-4.072,0.832,0.000,2.961,-0.726,0.053,-1
520,-4.072,0.832,0.000,2.826,-0.734,0.033,-1
521,-4.072,0.832,0.000,2.626,-0.739,0.042,-1
522,-4.070,0.833,0.000,2.298,-0.754,0.024,-1
523,-4.069,0.833,0.000,1.798,-0.763,0.015,-1
524,-4.070,0.833,0.000,1.342,-0.767,0.025,-1
525,-4.069,0.833,0.000,1.073,-0.777,0.013,-1
526,-4.067,0.833,0.000,0.897,-0.789,0.008,-1
527,-4.069,0.833,0.000,0.793,-0.785,0.009,-1
528,-4.068,0.833,0.000,0.800,-0.796,0.015,-1
529,-4.068,0.833,0.000,1.070,-0.803,0.021,33
530,-4.069,0.833,0.000,1.454,-0.806,0.012,-1
531,-4.069,0.833,0.000,1.777,-0.812,0.013,-1
532,-4.068,0.833,0.000,2.026,-0.821,0.053,-1
533,-4.067,0.833,0.000,2.235,-0.831,0.024,-1
534,-4.066,0.833,0.000,2.245,-0.840,0.026,-1
535,-4.066,0.833,0.000,1.961,-0.850,0.025,33
536,-4.067,0.833,0.000,1.509,-0.850,0.022,33
537,-4.069,0.833,0.000,1.033,-0.848,-0.001,33
538,-4.070,0.833,0.000,0.548,-0.849,0.015,33
539,-4.072,0.833,0.000,0.023,-0.850,0.001,33
540,-4.073,0.833,0.000,-0.551,-0.849,-0.021,33
541,-4.075,0.833,0.000,-1.140,-0.850,-0.012,33
542,-4.076,0.833,0.000,-1.741,-0.851,-0.041,33
543,-4.077,0.833,0.000,-2.323,-0.854,-0.015,33
544,-4.079,0.833,0.000,-2.901,-0.853,-0.077,33
545,-4.080,0.833,0.000,-3.484,-0.858,-0.033,33
546,-4.082,0.834,0.000,-4.087,-0.856,-0.076,33
547,-4.083,0.834,0.000,-4.689,-0.861,-0.070,33
548,-4.085,0.834,0.000,-5.332,-0.862,-0.082,33
549,-4.086,0.834,0.000,-6.064,-0.863,-0.100,33
550,-4.088,0.834,0.000,-6.894,-0.864,-0.111,33
551,-4.089,0.834,0.000,-7.817,-0.865,-0.124,33
552,-4.091,0.834,0.000,-8.845,-0.866,-0.136,33
553,-4.092,0.834,0.000,-9.909,-0.866,-0.151,33
554,-4.094,0.835,0.000,-10.980,-0.867,-0.157,33
555,-4.095,0.835,0.000,-12.137,-0.860,-0.201,33
556,-4.098,0.836,0.000,-13.294,-0.865,-0.180,33
557,-4.100,0.836,0.000,-14.435,-0.854,-0.231,33
558,-4.101,0.836,0.000,-15.624,-0.852,-0.246,33
559,-4.103,0.837,0.000,-16.949,-0.857,-0.244,33
560,-4.105,0.838,0.000,-18.287,-0.841,-0.299,33
561,-4.107,0.838,0.000,-19.618,-0.844,-0.293,33
562,-4.108,0.839,0.000,-20.925,-0.834,-0.330,33
563,-4.110,0.840,0.000,-22.270,-0.834,-0.337,33
564,-4.112,0.840,0.000,-23.691,-0.828,-0.359,33
565,-4.114,0.841,0.000,-25.156,-0.813,-0.396,33
566,-4.115,0.842,0.000,-26.644,-0.808,-0.417,33
567,-4.117,0.843,0.000,-28.133,-0.813,-0.411,33
568,-4.119,0.844,0.000,-29.647,-0.791,-0.458,33
569,-4.119,0.844,0.000,-31.120,-0.791,-0.469,33
570,-4.122,0.846,0.000,-32.554,-0.780,-0.483,33
571,-4.124,0.847,0.000,-33.953,-0.751,-0.532,33
572,-4.126,0.848,0.000,-35.340,-0.759,-0.522,33
573,-4.128,0.849,0.000,-36.740,-0.724,-0.571,33
574,-4.129,0.851,0.000,-38.142,-0.734,-0.562,33
575,-4.131,0.852,0.000,-39.529,-0.701,-0.608,33
576,-4.132,0.853,0.000,-40.902,-0.709,-0.601,33
577,-4.133,0.854,0.000,-42.251,-0.681,-0.640,33
578,-4.136,0.856,0.000,-43.628,-0.673,-0.648,33
579,-4.137,0.858,0.000,-44.969,-0.664,-0.660,33
580,-4.139,0.859,0.000,-46.319,-0.640,-0.688,33
581,-4.140,0.861,0.000,-47.661,-0.628,-0.703,33
582,-4.142,0.863,0.000,-48.775,-0.623,-0.710,33
583,-4.142,0.863,0.000,-49.671,-0.615,-0.727,33
584,-4.144,0.865,0.000,-50.508,-0.608,-0.736,33
585,-4.145,0.867,0.000,-51.348,-0.586,-0.758,33
586,-4.147,0.869,0.000,-52.165,-0.608,-0.741,33
587,-4.148,0.871,0.000,-52.917,-0.572,-0.774,33
588,-4.150,0.872,0.000,-53.648,-0.583,-0.771,33
589,-4.152,0.875,0.000,-54.299,-0.570,-0.780,33
590,-4.153,0.877,0.000,-54.907,-0.553,-0.795,33
591,-4.153,0.878,0.000,-55.457,-0.557,-0.805,33
592,-4.155,0.880,0.000,-55.989,-0.540,-0.821,33
593,-4.155,0.881,0.000,-56.489,-0.544,-0.827,33
594,-4.157,0.883,0.000,-56.971,-0.549,-0.830,33
595,-4.158,0.884,0.000,-57.347,-0.548,-0.837,33
596,-4.159,0.886,0.000,-57.414,-0.546,-0.845,33
597,-4.160,0.888,0.000,-57.219,-0.551,-0.849,33
598,-4.161,0.889,0.000,-56.920,-0.544,-0.861,33
599,-4.162,0.891,0.000,-56.639,-0.558,-0.857,33
600,-4.163,0.893,0.000,-56.375,-0.585,-0.846,33
601,-4.164,0.895,0.000,-56.109,-0.573,-0.860,33
602,-4.166,0.897,0.000,-55.838,-0.586,-0.858,33
603,-4.167,0.898,0.000,-55.514,-0.586,-0.863,33
604,-4.168,0.900,0.000,-55.241,-0.591,-0.866,33
605,-4.169,0.902,0.000,-55.041,-0.616,-0.856,33
606,-4.171,0.904,0.000,-54.804,-0.614,-0.862,33
607,-4.172,0.906,0.000,-54.540,-0.618,-0.865,33
608,-4.173,0.908,0.000,-54.420,-0.626,-0.865,33
609,-4.175,0.909,0.000,-54.419,-0.630,-0.868,33
610,-4.176,0.911,0.000,-54.486,-0.630,-0.873,33
611,-4.177,0.913,0.000,-54.578,-0.619,-0.887,33
612,-4.179,0.915,0.000,-54.742,-0.617,-0.893,33
613,-4.180,0.917,0.000,-54.921,-0.623,-0.894,33
614,-4.181,0.919,0.000,-55.094,-0.627,-0.897,33
615,-4.183,0.921,0.000,-55.251,-0.625,-0.902,33
616,-4.184,0.923,0.000,-55.366,-0.632,-0.902,33
617,-4.185,0.924,0.000,-55.514,-0.633,-0.907,33
618,-4.187,0.926,0.000,-55.693,-0.630,-0.914,33
619,-4.188,0.928,0.000,-55.888,-0.628,-0.920,33
620,-4.189,0.930,0.000,-56.087,-0.619,-0.932,33
621,-4.191,0.932,0.000,-56.308,-0.625,-0.932,33
622,-4.192,0.934,0.000,-56.527,-0.614,-0.944,33
623,-4.193,0.936,0.000,-56.769,-0.611,-0.950,33
624,-4.194,0.938,0.000,-57.010,-0.632,-0.942,33
625,-4.196,0.940,0.000,-57.264,-0.619,-0.956,33
626,-4.197,0.942,0.000,-57.508,-0.613,-0.965,33
627,-4.198,0.944,0.000,-57.715,-0.614,-0.969,33
628,-4.200,0.946,0.000,-57.919,-0.612,-0.975,33
629,-4.201,0.948,0.000,-58.099,-0.619,-0.978,33
630,-4.202,0.950,0.000,-58.238,-0.615,-0.983,33
631,-4.203,0.952,0.000,-58.378,-0.610,-0.992,33
632,-4.204,0.954,0.000,-58.534,-0.625,-0.989,33
633,-4.206,0.956,0.000,-58.671,-0.608,-1.005,33
634,-4.207,0.958,0.000,-58.788,-0.613,-1.007,33
635,-4.208,0.960,0.000,-58.892,-0.622,-1.009,33
636,-4.209,0.962,0.000,-59.028,-0.597,-1.029,33
637,-4.211,0.964,0.000,-59.172,-0.607,-1.027,33
638,-4.212,0.966,0.000,-59.330,-0.613,-1.029,33
639,-4.213,0.968,0.000,-59.537,-0.605,-1.041,33
640,-4.215,0.971,0.000,-59.786,-0.600,-1.048,33
641,-4.216,0.973,0.000,-60.025,-0.601,-1.052,33
642,-4.217,0.975,0.000,-60.257,-0.618,-1.048,33
643,-4.218,0.977,0.000,-60.434,-0.604,-1.060,33
644,-4.220,0.980,0.000,-60.583,-0.589,-1.073,33
645,-4.221,0.982,0.000,-60.745,-0.617,-1.062,33
646,-4.222,0.984,0.000,-60.899,-0.583,-1.086,33
647,-4.223,0.986,0.000,-61.044,-0.597,-1.086,33
648,-4.225,0.988,0.000,-61.120,-0.607,-1.084,33
649,-4.226,0.990,0.000,-61.196,-0.579,-1.106,33
650,-4.227,0.993,0.000,-61.239,-0.624,-1.081,33
651,-4.228,0.995,0.000,-61.265,-0.571,-1.116,33
652,-4.230,0.998,0.000,-61.302,-0.626,-1.088,33
653,-4.231,1.000,0.000,-61.357,-0.615,-1.099,33
654,-4.232,1.002,0.000,-61.415,-0.576,-1.125,33
655,-4.234,1.005,0.000,-61.484,-0.623,-1.103,33
656,-4.235,1.007,0.000,-61.575,-0.578,-1.133,33
657,-4.236,1.009,0.000,-61.699,-0.633,-1.107,33
658,-4.238,1.012,0.000,-61.812,-0.599,-1.127,33
659,-4.239,1.014,0.000,-61.909,-0.577,-1.143,33
660,-4.240,1.016,0.000,-62.020,-0.625,-1.124,33
661,-4.241,1.018,0.000,-62.125,-0.594,-1.143,33
662,-4.242,1.021,0.000,-62.270,-0.594,-1.147,33
663,-4.244,1.023,0.000,-62.465,-0.610,-1.143,33
664,-4.245,1.025,0.000,-62.659,-0.606,-1.149,33
665,-4.246,1.028,0.000,-62.895,-0.595,-1.159,33
666,-4.247,1.030,0.000,-63.146,-0.580,-1.171,33
667,-4.248,1.032,0.000,-63.428,-0.596,-1.166,33
668,-4.250,1.035,0.000,-63.665,-0.593,-1.172,33
669,-4.251,1.037,0.000,-63.918,-0.566,-1.189,33
670,-4.252,1.039,0.000,-64.181,-0.573,-1.189,33
671,-4.253,1.042,0.000,-64.449,-0.584,-1.187,33
672,-4.254,1.044,0.000,-64.711,-0.549,-1.208,33
673,-4.255,1.047,0.000,-64.972,-0.568,-1.203,33
674,-4.257,1.049,0.000,-65.227,-0.552,-1.215,33
675,-4.258,1.051,0.000,-65.437,-0.570,-1.211,33
676,-4.259,1.054,0.000,-65.644,-0.533,-1.232,33
677,-4.260,1.056,0.000,-65.836,-0.562,-1.224,33
678,-4.261,1.058,0.000,-65.998,-0.529,-1.242,33
679,-4.262,1.061,0.000,-66.176,-0.555,-1.234,33
680,-4.263,1.063,0.000,-66.328,-0.542,-1.243,33
681,-4.264,1.066,0.000,-66.464,-0.550,-1.243,33
682,-4.265,1.068,0.000,-66.598,-0.528,-1.257,33
683,-4.266,1.071,0.000,-66.687,-0.549,-1.253,33
684,-4.267,1.073,0.000,-66.761,-0.546,-1.258,33
685,-4.268,1.075,0.000,-66.835,-0.545,-1.262,33
686,-4.269,1.078,0.000,-66.910,-0.526,-1.274,33
687,-4.270,1.080,0.000,-66.954,-0.545,-1.270,33
688,-4.271,1.082,0.000,-66.957,-0.542,-1.276,33
689,-4.272,1.085,0.000,-66.963,-0.549,-1.276,33
690,-4.273,1.087,0.000,-66.990,-0.557,-1.277,33
691,-4.274,1.090,0.000,-67.009,-0.543,-1.287,33
692,-4.276,1.092,0.000,-67.033,-0.550,-1.288,33
693,-4.277,1.095,0.000,-67.078,-0.555,-1.289,33
694,-4.278,1.097,0.000,-67.133,-0.553,-1.294,33
695,-4.279,1.100,0.000,-67.194,-0.533,-1.306,33
696,-4.280,1.102,0.000,-67.285,-0.559,-1.298,33
697,-4.281,1.105,0.000,-67.400,-0.524,-1.317,33
698,-4.282,1.107,0.000,-67.539,-0.548,-1.309,33
699,-4.283,1.110,0.000,-67.683,-0.537,-1.318,33
700,-4.284,1.112,0.000,-67.832,-0.552,-1.317,33
701,-4.285,1.115,0.000,-67.992,-0.533,-1.327,33
702,-4.286,1.118,0.000,-68.184,-0.524,-1.335,33
703,-4.287,1.120,0.000,-68.322,-0.525,-1.339,33
704,-4.288,1.123,0.000,-68.400,-0.527,-1.341,33
705,-4.289,1.125,0.000,-68.437,-0.527,-1.345,33
706,-4.290,1.128,0.000,-68.450,-0.538,-1.344,33
707,-4.291,1.130,0.000,-68.459,-0.529,-1.354,33
708,-4.292,1.132,0.000,-68.431,-0.523,-1.361,33
709,-4.293,1.135,0.000,-68.378,-0.562,-1.350,33
710,-4.294,1.137,0.000,-68.291,-0.531,-1.365,33
711,-4.295,1.140,0.000,-68.175,-0.562,-1.357,33
712,-4.296,1.143,0.000,-68.041,-0.556,-1.363,33
713,-4.297,1.145,0.000,-67.883,-0.554,-1.367,33
714,-4.298,1.148,0.000,-67.693,-0.566,-1.367,33
715,-4.299,1.150,0.000,-67.558,-0.574,-1.368,33
716,-4.300,1.153,0.000,-67.445,-0.564,-1.376,33
717,-4.301,1.155,0.000,-67.334,-0.585,-1.372,33
718,-4.302,1.158,0.000,-67.217,-0.588,-1.375,33
719,-4.304,1.160,0.000,-67.101,-0.564,-1.390,33
720,-4.304,1.162,0.000,-66.962,-0.595,-1.383,33
721,-4.305,1.165,0.000,-66.809,-0.603,-1.385,33
722,-4.307,1.167,0.000,-66.634,-0.596,-1.392,33
723,-4.308,1.170,0.000,-66.409,-0.621,-1.385,33
724,-4.309,1.172,0.000,-66.160,-0.623,-1.388,33
725,-4.310,1.175,0.000,-65.958,-0.623,-1.393,33
726,-4.311,1.177,0.000,-65.845,-0.630,-1.395,33
727,-4.312,1.180,0.000,-65.798,-0.636,-1.397,33
728,-4.313,1.182,0.000,-65.790,-0.637,-1.402,33
729,-4.314,1.184,0.000,-65.803,-0.637,-1.406,33
730,-4.315,1.187,0.000,-65.825,-0.639,-1.410,33
731,-4.317,1.189,0.000,-65.847,-0.640,-1.414,33
732,-4.318,1.192,0.000,-65.864,-0.639,-1.419,33
733,-4.319,1.194,0.000,-65.879,-0.637,-1.425,33
734,-4.320,1.196,0.000,-65.907,-0.642,-1.427,33
735,-4.321,1.199,0.000,-65.831,-0.651,-1.428,33
736,-4.322,1.201,0.000,-65.757,-0.652,-1.432,33
737,-4.323,1.203,0.000,-65.691,-0.654,-1.436,33
738,-4.324,1.206,0.000,-65.625,-0.658,-1.439,33
739,-4.325,1.208,0.000,-65.557,-0.651,-1.447,33
740,-4.326,1.210,0.000,-65.489,-0.650,-1.452,33
741,-4.327,1.213,0.000,-65.415,-0.659,-1.453,33
742,-4.328,1.215,0.000,-65.336,-0.682,-1.447,33
743,-4.329,1.217,0.000,-65.203,-0.678,-1.453,33
744,-4.330,1.220,0.000,-65.017,-0.679,-1.457,33
745,-4.331,1.222,0.000,-64.793,-0.691,-1.456,33
746,-4.333,1.225,0.000,-64.628,-0.700,-1.457,33
747,-4.334,1.227,0.000,-64.500,-0.703,-1.460,33
748,-4.335,1.229,0.000,-64.392,-0.702,-1.465,33
749,-4.336,1.231,0.000,-64.292,-0.707,-1.468,33
750,-4.337,1.234,0.000,-64.219,-0.705,-1.473,33
751,-4.338,1.236,0.000,-64.144,-0.719,-1.471,33
752,-4.339,1.238,0.000,-64.072,-0.732,-1.471,33
753,-4.340,1.241,0.000,-63.966,-0.726,-1.478,33
754,-4.341,1.243,0.000,-63.831,-0.729,-1.482,33
755,-4.343,1.245,0.000,-63.692,-0.739,-1.482,33
756,-4.344,1.247,0.000,-63.548,-0.736,-1.489,33
757,-4.345,1.249,0.000,-63.419,-0.747,-1.489,33
758,-4.346,1.252,0.000,-63.319,-0.746,-1.496,33
759,-4.347,1.254,0.000,-63.194,-0.748,-1.500,33
760,-4.348,1.256,0.000,-63.055,-0.754,-1.502,33
761,-4.349,1.258,0.000,-62.905,-0.765,-1.502,33
762,-4.350,1.260,0.000,-62.743,-0.771,-1.505,33
763,-4.351,1.262,0.000,-62.576,-0.776,-1.508,33
764,-4.353,1.265,0.000,-62.406,-0.783,-1.510,33
765,-4.354,1.267,0.000,-62.231,-0.790,-1.512,33
766,-4.355,1.269,0.000,-62.054,-0.814,-1.504,33
767,-4.356,1.271,0.000,-61.835,-0.808,-1.512,33
768,-4.357,1.273,0.000,-61.632,-0.816,-1.517,33
769,-4.358,1.275,0.000,-61.457,-0.827,-1.516,33
770,-4.359,1.277,0.000,-61.298,-0.842,-1.514,33
771,-4.360,1.279,0.000,-61.156,-0.845,-1.518,33
772,-4.361,1.281,0.000,-61.013,-0.847,-1.523,33
773,-4.362,1.283,0.000,-60.872,-0.843,-1.532,33
774,-4.364,1.285,0.000,-60.740,-0.847,-1.534,33
775,-4.365,1.287,0.000,-60.605,-0.859,-1.533,33
776,-4.366,1.289,0.000,-60.464,-0.884,-1.527,33
777,-4.367,1.291,0.000,-60.322,-0.869,-1.539,33
778,-4.368,1.293,0.000,-60.114,-0.881,-1.539,33
779,-4.369,1.295,0.000,-59.919,-0.888,-1.541,33
780,-4.371,1.297,0.000,-59.724,-0.902,-1.539,33
781,-4.372,1.299,0.000,-59.484,-0.902,-1.545,33
782,-4.373,1.301,0.000,-59.290,-0.911,-1.546,33
783,-4.374,1.303,0.000,-59.127,-0.938,-1.536,33
784,-4.375,1.305,0.000,-58.942,-0.934,-1.544,33
785,-4.376,1.307,0.000,-58.748,-0.939,-1.547,33
786,-4.378,1.309,0.000,-58.589,-0.938,-1.555,33
787,-4.379,1.311,0.000,-58.500,-0.945,-1.557,33
788,-4.380,1.313,0.000,-58.433,-0.953,-1.558,33
789,-4.381,1.315,0.000,-58.376,-0.957,-1.562,33
790,-4.382,1.317,0.000,-58.326,-0.960,-1.567,33
791,-4.384,1.319,0.000,-58.278,-0.964,-1.570,33
792,-4.385,1.321,0.000,-58.232,-0.969,-1.574,33
793,-4.386,1.323,0.000,-58.186,-0.973,-1.577,33
794,-4.387,1.325,0.000,-58.142,-0.976,-1.581,33
795,-4.388,1.327,0.000,-58.099,-0.987,-1.580,33
796,-4.390,1.329,0.000,-58.056,-0.977,-1.592,33
797,-4.391,1.331,0.000,-58.053,-0.983,-1.593,33
798,-4.392,1.333,0.000,-58.064,-1.010,-1.581,33
799,-4.394,1.335,0.000,-58.091,-0.988,-1.600,33
800,-4.395,1.337,0.000,-58.106,-1.004,-1.598,33
801,-4.396,1.338,0.000,-58.126,-1.011,-1.601,33
802,-4.397,1.340,0.000,-58.080,-1.007,-1.609,33
803,-4.398,1.342,0.000,-58.002,-1.011,-1.614,33
804,-4.400,1.344,0.000,-57.920,-1.020,-1.615,33
805,-4.401,1.346,0.000,-57.835,-1.025,-1.618,33
806,-4.402,1.348,0.000,-57.748,-1.013,-1.633,33
807,-4.403,1.350,0.000,-57.684,-1.031,-1.628,33
808,-4.404,1.352,0.000,-57.633,-1.034,-1.632,33
809,-4.406,1.354,0.000,-57.623,-1.031,-1.641,33
810,-4.407,1.356,0.000,-57.572,-1.036,-1.645,33
811,-4.408,1.358,0.000,-57.490,-1.044,-1.646,33
812,-4.409,1.360,0.000,-57.386,-1.050,-1.649,33
813,-4.410,1.361,0.000,-57.269,-1.056,-1.653,33
814,-4.412,1.363,0.000,-57.152,-1.062,-1.655,33
815,-4.413,1.365,0.000,-57.042,-1.069,-1.658,33
816,-4.414,1.367,0.000,-56.942,-1.082,-1.656,33
817,-4.415,1.369,0.000,-56.851,-1.070,-1.672,33
818,-4.416,1.370,0.000,-56.832,-1.110,-1.653,33
819,-4.417,1.372,0.000,-56.809,-1.082,-1.676,33
820,-4.419,1.374,0.000,-56.766,-1.115,-1.661,33
821,-4.420,1.376,0.000,-56.710,-1.093,-1.682,33
822,-4.421,1.378,0.000,-56.633,-1.105,-1.681,33
823,-4.422,1.380,0.000,-56.565,-1.109,-1.685,33
824,-4.424,1.382,0.000,-56.498,-1.111,-1.690,33
825,-4.425,1.384,0.000,-56.431,-1.116,-1.694,33
826,-4.426,1.385,0.000,-56.362,-1.123,-1.696,33
827,-4.427,1.387,0.000,-56.291,-1.128,-1.699,33
828,-4.429,1.389,0.000,-56.220,-1.148,-1.691,33
829,-4.430,1.391,0.000,-56.133,-1.150,-1.697,33
830,-4.431,1.393,0.000,-56.047,-1.150,-1.704,33
831,-4.432,1.394,0.000,-55.979,-1.157,-1.706,33
832,-4.433,1.396,0.000,-55.954,-1.163,-1.709,33
833,-4.434,1.398,0.000,-55.980,-1.149,-1.725,33
834,-4.436,1.400,0.000,-56.036,-1.160,-1.725,33
835,-4.437,1.401,0.000,-56.138,-1.175,-1.723,33
836,-4.438,1.403,0.000,-56.216,-1.156,-1.742,33
837,-4.439,1.405,0.000,-56.278,-1.179,-1.735,33
838,-4.440,1.406,0.000,-56.326,-1.172,-1.749,33
839,-4.441,1.408,0.000,-56.340,-1.165,-1.763,33
840,-4.442,1.409,0.000,-56.322,-1.189,-1.761,33
841,-4.443,1.410,0.000,-56.294,-1.183,-1.772,33
842,-4.444,1.411,0.000,-56.230,-1.197,-1.776,33
843,-4.445,1.413,0.000,-56.157,-1.198,-1.787,33
844,-4.445,1.414,0.000,-56.076,-1.194,-1.803,33
845,-4.446,1.415,0.000,-56.020,-1.237,-1.786,33
846,-4.447,1.416,0.000,-55.999,-1.208,-1.823,33
847,-4.448,1.417,0.000,-56.001,-1.250,-1.808,33
848,-4.449,1.418,0.000,-56.011,-1.207,-1.848,33
849,-4.449,1.419,0.000,-56.027,-1.253,-1.821,33
850,-4.450,1.421,0.000,-56.066,-1.220,-1.817,33
851,-4.450,1.421,0.000,-56.153,-1.211,-1.808,33
852,-4.451,1.422,0.000,-56.233,-1.201,-1.787,33
853,-4.451,1.422,0.000,-56.285,-1.192,-1.777,33
854,-4.452,1.423,0.000,-56.325,-1.173,-1.765,33
855,-4.452,1.423,0.000,-56.375,-1.179,-1.745,33
856,-4.453,1.424,0.000,-56.455,-1.159,-1.740,33
857,-4.453,1.424,0.000,-56.638,-1.144,-1.734,33
858,-4.453,1.425,0.000,-57.338,-1.117,-1.730,33
859,-4.454,1.426,0.000,-58.876,-1.049,-1.750,33
860,-4.455,1.427,0.000,-60.544,-1.012,-1.752,33
861,-4.456,1.428,0.000,-62.267,-0.913,-1.785,33
862,-4.456,1.428,0.000,-64.002,-0.877,-1.788,33
863,-4.457,1.429,0.000,-65.731,-0.798,-1.805,33
864,-4.457,1.431,0.000,-67.474,-0.747,-1.809,33
865,-4.458,1.432,0.000,-69.212,-0.691,-1.811,33
866,-4.458,1.433,0.000,-70.931,-0.607,-1.827,33
867,-4.458,1.434,0.000,-72.648,-0.582,-1.817,33
868,-4.459,1.434,0.000,-74.384,-0.517,-1.823,33
869,-4.459,1.436,0.000,-76.107,-0.429,-1.825,33
870,-4.460,1.437,0.000,-77.817,-0.413,-1.814,33
871,-4.460,1.438,0.000,-79.493,-0.328,-1.815,33
872,-4.460,1.439,0.000,-81.144,-0.292,-1.805,33
873,-4.460,1.440,0.000,-82.768,-0.229,-1.799,33
874,-4.460,1.441,0.000,-84.406,-0.163,-1.791,33
875,-4.460,1.441,0.000,-86.058,-0.132,-1.780,33
876,-4.460,1.443,0.000,-87.717,-0.052,-1.768,33
877,-4.460,1.443,0.000,-89.380,-0.035,-1.755,33
878,-4.460,1.444,0.000,-91.028,0.054,-1.738,33
879,-4.460,1.445,0.000,-92.668,0.081,-1.726,33
880,-4.460,1.446,0.000,-94.293,0.130,-1.706,33
881,-4.460,1.447,0.000,-95.913,0.160,-1.689,33
882,-4.460,1.448,0.000,-97.515,0.217,-1.667,33
883,-4.460,1.449,0.000,-99.123,0.282,-1.641,33
884,-4.460,1.450,0.000,-100.734,0.308,-1.620,33
885,-4.460,1.451,0.000,-102.390,0.352,-1.598,33
886,-4.460,1.452,0.000,-104.190,0.404,-1.570,33
887,-4.459,1.453,0.000,-106.104,0.440,-1.545,33
888,-4.459,1.454,0.000,-108.010,0.502,-1.511,33
889,-4.459,1.455,0.000,-109.927,0.533,-1.486,33
890,-4.459,1.455,0.000,-112.028,0.579,-1.454,33
891,-4.458,1.456,0.000,-114.353,0.635,-1.415,33
892,-4.458,1.457,0.000,-116.835,0.690,-1.373,33
893,-4.457,1.458,0.000,-119.380,0.743,-1.330,33
894,-4.456,1.459,0.000,-121.905,0.811,-1.271,33
895,-4.456,1.460,0.000,-124.369,0.824,-1.246,33
896,-4.455,1.462,0.000,-126.791,0.909,-1.167,33
897,-4.454,1.462,0.000,-129.172,0.910,-1.149,33
898,-4.453,1.464,0.000,-131.480,0.977,-1.071,33
899,-4.452,1.465,0.000,-133.734,0.975,-1.049,33
900,-4.451,1.467,0.000,-136.017,1.026,-0.976,33
901,-4.449,1.468,0.000,-138.238,1.032,-0.947,33
902,-4.448,1.469,0.000,-140.421,1.073,-0.876,33
903,-4.446,1.470,0.000,-142.564,1.084,-0.837,33
904,-4.445,1.472,0.000,-144.681,1.108,-0.780,33
905,-4.443,1.472,0.000,-146.775,1.130,-0.726,33
906,-4.442,1.473,0.000,-148.654,1.138,-0.686,33
907,-4.440,1.475,0.000,-150.268,1.134,-0.664,33
908,-4.439,1.475,0.000,-151.810,1.148,-0.611,33
909,-4.437,1.476,0.000,-153.307,1.147,-0.582,33
910,-4.435,1.477,0.000,-154.674,1.146,-0.553,33
911,-4.434,1.478,0.000,-155.857,1.148,-0.521,33
912,-4.432,1.478,0.000,-156.898,1.146,-0.493,33
913,-4.430,1.479,0.000,-157.846,1.141,-0.470,33
914,-4.429,1.480,0.000,-158.725,1.136,-0.449,33
915,-4.427,1.480,0.000,-159.556,1.130,-0.427,33
916,-4.425,1.481,0.000,-160.354,1.124,-0.407,33
917,-4.423,1.482,0.000,-161.126,1.117,-0.387,33
918,-4.422,1.482,0.000,-161.879,1.109,-0.369,33
919,-4.420,1.483,0.000,-162.615,1.101,-0.350,33
920,-4.418,1.483,0.000,-163.334,1.092,-0.333,33
921,-4.416,1.484,0.000,-164.033,1.084,-0.316,33
922,-4.414,1.485,0.000,-164.711,1.074,-0.299,33
923,-4.412,1.485,0.000,-165.368,1.066,-0.279,33
924,-4.410,1.486,0.000,-166.011,1.054,-0.271,33
925,-4.408,1.486,0.000,-166.645,1.047,-0.247,33
926,-4.406,1.487,0.000,-167.276,1.032,-0.251,33
927,-4.403,1.487,0.000,-167.888,1.026,-0.215,33
928,-4.401,1.488,0.000,-168.470,1.013,-0.211,33
929,-4.399,1.488,0.000,-168.988,1.002,-0.201,33
930,-4.397,1.488,0.000,-169.500,0.994,-0.178,33
931,-4.394,1.489,0.000,-170.011,0.984,-0.160,33
932,-4.392,1.489,0.000,-170.526,0.972,-0.157,33
933,-4.390,1.490,0.000,-171.032,0.961,-0.149,33
934,-4.387,1.490,0.000,-171.518,0.950,-0.140,33
935,-4.385,1.490,0.000,-171.994,0.938,-0.132,33
936,-4.383,1.491,0.000,-172.459,0.926,-0.133,33
937,-4.380,1.491,0.000,-172.910,0.915,-0.123,33
938,-4.378,1.491,0.000,-173.342,0.905,-0.107,33
939,-4.375,1.492,0.000,-173.763,0.893,-0.110,33
940,-4.373,1.492,0.000,-174.181,0.885,-0.078,33
941,-4.371,1.492,0.000,-174.605,0.871,-0.088,33
942,-4.368,1.492,0.000,-175.031,0.862,-0.060,33
943,-4.366,1.492,0.000,-175.454,0.848,-0.089,33
944,-4.363,1.493,0.000,-175.872,0.839,-0.050,33
945,-4.361,1.493,0.000,-176.283,0.827,-0.068,33
946,-4.358,1.493,0.000,-176.689,0.818,-0.021,33
947,-4.355,1.493,0.000,-177.098,0.805,-0.053,33
948,-4.353,1.493,0.000,-177.502,0.795,-0.020,33
949,-4.350,1.493,0.000,-177.906,0.784,-0.020,33
950,-4.348,1.493,0.000,-178.302,0.772,-0.041,33
951,-4.345,1.494,0.000,-178.689,0.762,-0.010,33
952,-4.343,1.494,0.000,-179.061,0.751,-0.011,33
953,-4.340,1.494,0.000,-179.411,0.740,-0.003,33
954,-4.337,1.494,0.000,-179.740,0.729,0.004,33
955,-4.335,1.494,0.000,179.953,0.718,0.007,33
956,-4.332,1.494,0.000,179.668,0.707,0.006,33
957,-4.329,1.494,0.000,179.400,0.696,0.007,33
958,-4.326,1.494,0.000,179.152,0.685,0.002,33
959,-4.324,1.494,0.000,178.925,0.674,0.004,33
960,-4.321,1.494,0.000,178.720,0.664,0.010,33
961,-4.318,1.493,0.000,178.535,0.653,0.017,33
962,-4.315,1.493,0.000,178.362,0.641,0.018,33
963,-4.313,1.493,0.000,178.196,0.630,0.027,33
964,-4.310,1.493,0.000,178.051,0.619,0.030,33
965,-4.307,1.493,0.000,177.923,0.610,0.007,33
966,-4.304,1.493,0.000,177.804,0.598,0.014,33
967,-4.302,1.493,0.000,177.698,0.587,0.023,33
968,-4.299,1.493,0.000,177.609,0.577,0.031,33
969,-4.296,1.493,0.000,177.541,0.567,0.014,33
970,-4.293,1.493,0.000,177.496,0.556,0.018,33
971,-4.290,1.492,0.000,177.463,0.544,0.033,33
972,-4.288,1.492,0.000,177.428,0.535,0.015,33
973,-4.285,1.492,0.000,177.398,0.523,0.041,33
974,-4.282,1.492,0.000,177.372,0.514,0.023,33
975,-4.279,1.492,0.000,177.350,0.503,0.022,33
976,-4.276,1.492,0.000,177.338,0.494,0.017,33
977,-4.273,1.492,0.000,177.327,0.484,0.011,33
978,-4.271,1.492,0.000,177.319,0.473,0.040,33
979,-4.268,1.491,0.000,177.311,0.463,0.017,33
980,-4.265,1.491,0.000,177.308,0.453,0.039,33
981,-4.262,1.491,0.000,177.305,0.443,0.013,33
982,-4.259,1.491,0.000,177.304,0.433,0.029,33
983,-4.256,1.491,0.000,177.323,0.424,0.008,33
984,-4.253,1.491,0.000,177.364,0.414,0.013,33
985,-4.250,1.491,0.000,177.425,0.403,0.028,33
986,-4.247,1.490,0.000,177.490,0.395,-0.001,33
987,-4.244,1.490,0.000,177.547,0.385,0.012,33
988,-4.241,1.490,0.000,177.612,0.375,0.017,33
989,-4.239,1.490,0.000,177.688,0.366,0.021,33
990,-4.236,1.490,0.000,177.772,0.357,0.011,33
991,-4.233,1.490,0.000,177.860,0.346,0.024,33
992,-4.230,1.490,0.000,177.950,0.338,0.005,33
993,-4.227,1.490,0.000,178.055,0.329,0.015,33
994,-4.224,1.490,0.000,178.174,0.320,0.010,33
995,-4.221,1.489,0.000,178.304,0.311,0.008,33
996,-4.218,1.489,0.000,178.442,0.302,0.009,33
997,-4.215,1.489,0.000,178.587,0.294,-0.005,33
998,-4.212,1.489,0.000,178.743,0.284,-0.003,33
999,-4.209,1.489,0.000,178.909,0.276,0.002,33
1000,-4.206,1.489,0.000,179.085,0.267,0.001,33
1001,-4.203,1.489,0.000,179.271,0.258,-0.003,33
1002,-4.200,1.489,0.000,179.465,0.249,-0.004,33
1003,-4.197,1.489,0.000,179.666,0.241,-0.004,33
1004,-4.194,1.489,0.000,179.874,0.232,-0.005,33
1005,-4.191,1.489,0.000,-179.913,0.223,-0.006,33
1006,-4.188,1.489,0.000,-179.695,0.214,-0.007,33
1007,-4.185,1.489,0.000,-179.474,0.205,-0.007,33
1008,-4.182,1.489,0.000,-179.250,0.196,-0.008,33
1009,-4.179,1.489,0.000,-179.024,0.187,-0.009,33
1010,-4.176,1.489,0.000,-178.798,0.178,-0.009,33
1011,-4.173,1.489,0.000,-178.572,0.169,-0.010,33
1012,-4.170,1.489,0.000,-178.347,0.160,-0.010,33
1013,-4.167,1.489,0.000,-178.124,0.151,-0.010,33
1014,-4.165,1.490,0.000,-177.905,0.142,-0.011,33
1015,-4.162,1.490,0.000,-177.689,0.133,-0.011,33
1016,-4.159,1.490,0.000,-177.478,0.124,-0.011,33
1017,-4.156,1.490,0.000,-177.272,0.115,-0.011,33
1018,-4.153,1.490,0.000,-177.074,0.105,-0.011,33
1019,-4.150,1.490,0.000,-176.883,0.096,-0.011,33
1020,-4.147,1.490,0.000,-176.700,0.087,-0.010,33
1021,-4.144,1.491,0.000,-176.526,0.078,-0.010,33
1022,-4.141,1.491,0.000,-176.363,0.068,-0.010,33
1023,-4.138,1.491,0.000,-176.210,0.059,-0.009,33
1024,-4.135,1.491,0.000,-176.069,0.050,-0.009,33
1025,-4.132,1.491,0.000,-175.940,0.040,-0.008,33
1026,-4.129,1.492,0.000,-175.823,0.031,-0.008,33
1027,-4.127,1.492,0.000,-175.717,0.023,0.011,33
1028,-4.124,1.492,0.000,-175.621,0.014,0.008,33
1029,-4.121,1.492,0.000,-175.538,0.004,0.002,33
1030,-4.118,1.492,0.000,-175.469,-0.005,0.003,33
1031,-4.115,1.493,0.000,-175.407,-0.015,0.000,33
1032,-4.112,1.493,0.000,-175.350,-0.024,-0.007,33
1033,-4.109,1.493,0.000,-175.308,-0.033,-0.005,33
1034,-4.106,1.493,0.000,-175.282,-0.042,-0.001,33
1035,-4.103,1.494,0.000,-175.271,-0.051,-0.000,33
1036,-4.100,1.494,0.000,-175.274,-0.059,0.014,33
1037,-4.097,1.494,0.000,-175.288,-0.070,0.004,33
1038,-4.094,1.494,0.000,-175.319,-0.078,0.010,33
1039,-4.091,1.495,0.000,-175.362,-0.087,0.015,33
1040,-4.088,1.495,0.000,-175.419,-0.096,0.014,33
1041,-4.086,1.495,0.000,-175.488,-0.105,0.013,33
1042,-4.083,1.495,0.000,-175.568,-0.114,0.014,33
1043,-4.080,1.496,0.000,-175.659,-0.123,0.015,33
1044,-4.077,1.496,0.000,-175.760,-0.133,0.015,33
1045,-4.074,1.496,0.000,-175.869,-0.142,0.016,33
1046,-4.071,1.496,0.000,-175.987,-0.152,0.016,33
1047,-4.068,1.496,0.000,-176.113,-0.161,0.016,33
1048,-4.065,1.497,0.000,-176.245,-0.171,0.017,33
1049,-4.062,1.497,0.000,-176.383,-0.181,0.017,33
1050,-4.059,1.497,0.000,-176.526,-0.190,0.017,33
1051,-4.056,1.497,0.000,-176.674,-0.200,0.017,33
1052,-4.053,1.497,0.000,-176.825,-0.210,0.017,33
1053,-4.050,1.497,0.000,-176.978,-0.220,0.017,33
1054,-4.047,1.498,0.000,-177.134,-0.230,0.017,33
1055,-4.044,1.498,0.000,-177.292,-0.241,0.017,33
1056,-4.040,1.498,0.000,-177.450,-0.251,0.017,33
1057,-4.037,1.498,0.000,-177.609,-0.261,0.016,33
1058,-4.034,1.498,0.000,-177.767,-0.271,0.016,33
1059,-4.031,1.498,0.000,-177.925,-0.282,0.016,33
1060,-4.028,1.498,0.000,-178.081,-0.292,0.015,33
1061,-4.025,1.498,0.000,-178.235,-0.303,0.015,33
1062,-4.022,1.499,0.000,-178.387,-0.314,0.014,33
1063,-4.019,1.499,0.000,-178.537,-0.324,0.014,33
1064,-4.016,1.499,0.000,-178.683,-0.335,0.013,33
1065,-4.013,1.499,0.000,-178.827,-0.346,0.012,33
1066,-4.009,1.499,0.000,-178.966,-0.357,0.012,33
1067,-4.006,1.499,0.000,-179.102,-0.368,0.011,33
1068,-4.003,1.499,0.000,-179.233,-0.379,0.010,33
1069,-4.000,1.499,0.000,-179.360,-0.390,0.010,33
1070,-3.997,1.499,0.000,-179.482,-0.401,0.009,33
1071,-3.994,1.499,0.000,-179.599,-0.412,0.008,33
1072,-3.991,1.499,0.000,-179.711,-0.423,0.008,33
1073,-3.987,1.499,0.000,-179.817,-0.434,0.007,33
1074,-3.984,1.499,0.000,-179.918,-0.446,0.006,33
1075,-3.981,1.499,0.000,179.986,-0.457,0.005,33
1076,-3.978,1.499,0.000,179.896,-0.468,0.005,33
1077,-3.975,1.499,0.000,179.813,-0.480,0.004,33
1078,-3.972,1.499,0.000,179.735,-0.491,0.003,33
1079,-3.968,1.499,0.000,179.663,-0.503,0.002,33
1080,-3.965,1.499,0.000,179.597,-0.514,0.002,33
1081,-3.962,1.499,0.000,179.537,-0.526,0.001,33
1082,-3.959,1.499,0.000,179.483,-0.538,0.001,33
1083,-3.956,1.499,0.000,179.435,-0.549,-0.000,33
1084,-3.952,1.499,0.000,179.394,-0.561,-0.001,33
1085,-3.949,1.499,0.000,179.358,-0.573,-0.001,33
1086,-3.946,1.499,0.000,179.328,-0.585,-0.001,33
1087,-3.943,1.499,0.000,179.304,-0.597,-0.002,33
1088,-3.940,1.499,0.000,179.284,-0.608,-0.017,33
1089,-3.936,1.499,0.000,179.269,-0.620,-0.019,33
1090,-3.933,1.499,0.000,179.259,-0.632,-0.013,33
1091,-3.930,1.499,0.000,179.254,-0.644,-0.011,33
1092,-3.927,1.499,0.000,179.253,-0.656,-0.003,33
1093,-3.924,1.499,0.000,179.257,-0.667,0.001,33
1094,-3.920,1.498,0.000,179.265,-0.679,-0.003,33
1095,-3.917,1.498,0.000,179.279,-0.691,-0.005,33
1096,-3.914,1.498,0.000,179.298,-0.703,-0.003,33
1097,-3.911,1.498,0.000,179.321,-0.715,-0.002,33
1098,-3.908,1.498,0.000,179.348,-0.727,-0.003,33
1099,-3.904,1.498,0.000,179.379,-0.739,-0.003,33
1100,-3.901,1.498,0.000,179.414,-0.751,-0.002,33
1101,-3.898,1.498,0.000,179.452,-0.763,-0.002,33
1102,-3.895,1.498,0.000,179.494,-0.775,-0.001,33
1103,-3.892,1.498,0.000,179.538,-0.787,-0.001,33
1104,-3.888,1.498,0.000,179.586,-0.799,-0.000,33
1105,-3.885,1.498,0.000,179.635,-0.812,-0.001,33
1106,-3.882,1.498,0.000,179.684,-0.824,-0.007,33
1107,-3.879,1.498,0.000,179.729,-0.836,-0.014,33
1108,-3.876,1.498,0.000,179.775,-0.848,-0.011,33
1109,-3.872,1.498,0.000,179.822,-0.860,-0.007,33
1110,-3.869,1.498,0.000,179.871,-0.872,-0.006,33
1111,-3.866,1.498,0.000,179.921,-0.884,-0.007,33
1112,-3.863,1.498,0.000,179.972,-0.897,-0.006,33
1113,-3.860,1.498,0.000,-179.976,-0.909,-0.005,33
1114,-3.856,1.498,0.000,-179.924,-0.921,-0.004,33
1115,-3.853,1.498,0.000,-179.871,-0.934,-0.003,33
1116,-3.850,1.498,0.000,-179.819,-0.946,-0.002,33
1117,-3.847,1.498,0.000,-179.766,-0.958,-0.001,33
1118,-3.844,1.498,0.000,-179.714,-0.971,-0.001,33
1119,-3.840,1.498,0.000,-179.663,-0.983,0.000,33
1120,-3.837,1.498,0.000,-179.612,-0.996,0.001,33
1121,-3.834,1.498,0.000,-179.563,-1.009,0.002,33
1122,-3.831,1.498,0.000,-179.514,-1.021,0.003,33
1123,-3.827,1.498,0.000,-179.467,-1.034,0.004,33
1124,-3.824,1.498,0.000,-179.422,-1.047,0.005,33
1125,-3.821,1.498,0.000,-179.378,-1.060,0.006,33
1126,-3.818,1.498,0.000,-179.335,-1.072,0.007,33
1127,-3.815,1.498,0.000,-179.295,-1.085,0.008,33
1128,-3.811,1.498,0.000,-179.257,-1.098,0.009,33
1129,-3.808,1.498,0.000,-179.221,-1.111,0.010,33
1130,-3.805,1.498,0.000,-179.187,-1.124,0.011,33
1131,-3.802,1.499,0.000,-179.156,-1.137,0.011,33
1132,-3.799,1.499,0.000,-179.127,-1.150,0.012,33
1133,-3.795,1.499,0.000,-179.101,-1.163,0.013,33
1134,-3.792,1.499,0.000,-179.077,-1.176,0.014,33
1135,-3.789,1.499,0.000,-179.056,-1.189,0.014,33
1136,-3.786,1.499,0.000,-179.037,-1.202,0.035,33
1137,-3.782,1.499,0.000,-179.022,-1.216,0.027,33
1138,-3.779,1.499,0.000,-179.008,-1.229,0.023,33
1139,-3.776,1.499,0.000,-178.998,-1.242,0.026,33
1140,-3.773,1.499,0.000,-178.990,-1.255,0.029,33
1141,-3.769,1.499,0.000,-178.984,-1.268,0.028,33
1142,-3.766,1.499,0.000,-178.982,-1.281,0.028,33
1143,-3.763,1.499,0.000,-178.982,-1.295,0.028,33
1144,-3.760,1.499,0.000,-178.985,-1.308,0.029,33
1145,-3.757,1.499,0.000,-178.990,-1.321,0.029,33
1146,-3.753,1.499,0.000,-178.998,-1.335,0.029,33
1147,-3.750,1.499,0.000,-179.009,-1.348,0.029,33
1148,-3.747,1.499,0.000,-179.022,-1.361,0.029,33
1149,-3.743,1.499,0.000,-179.037,-1.375,0.016,33
1150,-3.740,1.500,0.000,-179.049,-1.389,0.012,33
1151,-3.737,1.500,0.000,-179.063,-1.402,0.033,33
1152,-3.734,1.500,0.000,-179.080,-1.415,0.025,33
1153,-3.731,1.500,0.000,-179.100,-1.429,0.026,33
1154,-3.727,1.500,0.000,-179.122,-1.442,0.029,33
1155,-3.724,1.500,0.000,-179.147,-1.455,0.028,33
1156,-3.721,1.500,0.000,-179.173,-1.469,0.026,33
1157,-3.718,1.500,0.000,-179.201,-1.483,0.026,33
1158,-3.714,1.500,0.000,-179.232,-1.496,0.026,33
1159,-3.711,1.500,0.000,-179.264,-1.510,0.025,33
1160,-3.708,1.500,0.000,-179.298,-1.524,0.024,33
1161,-3.705,1.500,0.000,-179.333,-1.537,0.023,33
1162,-3.701,1.500,0.000,-179.370,-1.551,0.022,33
1163,-3.698,1.500,0.000,-179.408,-1.565,0.022,33
1164,-3.695,1.500,0.000,-179.447,-1.579,0.021,33
1165,-3.691,1.500,0.000,-179.487,-1.593,0.020,33
1166,-3.688,1.500,0.000,-179.528,-1.607,0.019,33
1167,-3.685,1.500,0.000,-179.569,-1.621,0.018,33
1168,-3.682,1.500,0.000,-179.611,-1.635,0.017,33
1169,-3.678,1.500,0.000,-179.653,-1.649,0.015,33
1170,-3.675,1.500,0.000,-179.696,-1.663,0.014,33
1171,-3.672,1.500,0.000,-179.738,-1.678,0.013,33
1172,-3.669,1.500,0.000,-179.780,-1.692,0.012,33
1173,-3.665,1.500,0.000,-179.822,-1.706,0.011,33
1174,-3.662,1.500,0.000,-179.864,-1.721,0.009,33
1175,-3.659,1.500,0.000,-179.905,-1.735,0.008,33
1176,-3.655,1.500,0.000,-179.946,-1.749,0.007,33
1177,-3.652,1.500,0.000,-179.986,-1.764,0.006,33
1178,-3.649,1.500,0.000,179.975,-1.779,0.005,33
1179,-3.646,1.500,0.000,179.937,-1.793,0.003,33
1180,-3.642,1.500,0.000,179.900,-1.808,0.002,33
1181,-3.639,1.500,0.000,179.865,-1.822,0.001,33
1182,-3.636,1.500,0.000,179.830,-1.837,-0.000,33
1183,-3.632,1.500,0.000,179.797,-1.852,-0.001,33
1184,-3.629,1.500,0.000,179.766,-1.867,-0.002,33
1185,-3.626,1.500,0.000,179.736,-1.882,-0.003,33
1186,-3.623,1.500,0.000,179.708,-1.896,-0.004,33
1187,-3.619,1.500,0.000,179.681,-1.911,-0.005,33
1188,-3.616,1.500,0.000,179.657,-1.926,-0.006,33
1189,-3.613,1.500,0.000,179.634,-1.941,-0.007,33
1190,-3.609,1.500,0.000,179.613,-1.956,-0.008,33
1191,-3.606,1.500,0.000,179.594,-1.972,-0.009,33
1192,-3.603,1.500,0.000,179.577,-1.987,-0.009,33
1193,-3.599,1.500,0.000,179.563,-2.002,-0.010,33
1194,-3.596,1.500,0.000,179.550,-2.017,-0.010,33
1195,-3.593,1.500,0.000,179.539,-2.032,-0.011,33
1196,-3.590,1.500,0.000,179.531,-2.048,-0.011,33
1197,-3.586,1.500,0.000,179.524,-2.063,-0.012,33
1198,-3.583,1.500,0.000,179.520,-2.078,-0.012,33
1199,-3.580,1.500,0.000,179.518,-2.094,-0.012,33
1200,-3.576,1.500,0.000,179.517,-2.109,-0.012,33
1201,-3.573,1.500,0.000,179.519,-2.125,-0.012,33
1202,-3.570,1.500,0.000,179.523,-2.140,-0.012,33
1203,-3.566,1.500,0.000,179.529,-2.156,-0.012,33
1204,-3.563,1.500,0.000,179.537,-2.171,-0.012,33
1205,-3.560,1.500,0.000,179.547,-2.187,-0.012,33
1206,-3.557,1.500,0.000,179.558,-2.203,-0.012,33
1207,-3.553,1.500,0.000,179.572,-2.218,-0.011,33
1208,-3.550,1.500,0.000,179.587,-2.231,-0.012,33
1209,-3.547,1.500,0.000,179.604,-2.216,-0.008,33
1210,-3.543,1.500,0.000,179.622,-2.198,-0.009,33
1211,-3.540,1.500,0.000,179.642,-2.181,-0.009,33
1212,-3.537,1.500,0.000,179.663,-2.164,-0.007,33
1213,-3.534,1.500,0.000,179.686,-2.147,-0.006,33
1214,-3.530,1.500,0.000,179.709,-2.131,-0.005,33
1215,-3.527,1.500,0.000,179.735,-2.114,-0.004,33
1216,-3.524,1.500,0.000,179.761,-2.098,-0.003,33
1217,-3.521,1.500,0.000,179.788,-2.082,-0.002,33
1218,-3.518,1.500,0.000,179.816,-2.067,-0.001,33
1219,-3.514,1.500,0.000,179.844,-2.051,-0.000,33
1220,-3.511,1.500,0.000,179.874,-2.036,0.001,33
1221,-3.508,1.500,0.000,179.904,-2.022,0.002,33
1222,-3.505,1.500,0.000,179.934,-2.007,0.003,33
1223,-3.502,1.500,0.000,179.965,-1.993,0.004,33
1224,-3.498,1.500,0.000,179.996,-1.978,0.005,33
1225,-3.495,1.500,0.000,-179.973,-1.965,0.006,33
1226,-3.492,1.500,0.000,-179.943,-1.951,0.007,33
1227,-3.489,1.500,0.000,-179.912,-1.938,0.008,33
1228,-3.486,1.500,0.000,-179.881,-1.925,0.009,33
1229,-3.483,1.500,0.000,-179.851,-1.912,0.010,33
1230,-3.480,1.500,0.000,-179.821,-1.899,0.011,33
1231,-3.476,1.500,0.000,-179.792,-1.887,0.012,33
1232,-3.473,1.500,0.000,-179.763,-1.875,0.013,33
1233,-3.470,1.500,0.000,-179.736,-1.863,0.014,33
1234,-3.467,1.500,0.000,-179.709,-1.851,0.015,33
1235,-3.464,1.500,0.000,-179.683,-1.840,0.016,33
1236,-3.461,1.500,0.000,-179.659,-1.828,0.016,33
1237,-3.458,1.500,0.000,-179.635,-1.818,0.017,33
1238,-3.454,1.500,0.000,-179.613,-1.807,0.018,33
1239,-3.451,1.500,0.000,-179.592,-1.796,0.018,33
1240,-3.448,1.500,0.000,-179.573,-1.786,0.019,33
1241,-3.445,1.500,0.000,-179.555,-1.776,0.019,33
1242,-3.442,1.500,0.000,-179.538,-1.766,0.020,33
1243,-3.439,1.500,0.000,-179.524,-1.757,0.020,33
1244,-3.436,1.500,0.000,-179.511,-1.748,0.020,33
1245,-3.433,1.500,0.000,-179.500,-1.739,0.021,33
1246,-3.429,1.500,0.000,-179.490,-1.730,0.021,33
1247,-3.426,1.500,0.000,-179.482,-1.721,0.021,33
1248,-3.423,1.500,0.000,-179.476,-1.713,0.021,33
1249,-3.420,1.500,0.000,-179.472,-1.705,0.021,33
1250,-3.417,1.500,0.000,-179.470,-1.697,0.021,33
1251,-3.414,1.500,0.000,-179.470,-1.689,0.021,33
1252,-3.411,1.500,0.000,-179.471,-1.682,0.021,33
1253,-3.407,1.500,0.000,-179.475,-1.674,0.021,33
1254,-3.404,1.500,0.000,-179.480,-1.667,0.021,33
1255,-3.401,1.500,0.000,-179.487,-1.660,0.020,33
1256,-3.398,1.500,0.000,-179.496,-1.654,0.020,33
1257,-3.395,1.500,0.000,-179.506,-1.647,0.020,33
1258,-3.392,1.500,0.000,-179.519,-1.641,0.019,33
1259,-3.388,1.500,0.000,-179.533,-1.635,0.019,33
1260,-3.385,1.500,0.000,-179.548,-1.629,0.018,33
1261,-3.382,1.500,0.000,-179.565,-1.624,0.018,33
1262,-3.379,1.500,0.000,-179.584,-1.618,0.017,33
1263,-3.376,1.500,0.000,-179.604,-1.613,0.017,33
1264,-3.373,1.500,0.000,-179.625,-1.608,0.016,33
1265,-3.369,1.500,0.000,-179.648,-1.603,0.015,33
1266,-3.366,1.500,0.000,-179.672,-1.599,0.015,33
1267,-3.363,1.500,0.000,-179.697,-1.595,0.014,33
1268,-3.360,1.500,0.000,-179.723,-1.590,0.013,33
1269,-3.357,1.500,0.000,-179.750,-1.586,0.012,33
1270,-3.353,1.500,0.000,-179.777,-1.583,0.012,33
1271,-3.350,1.500,0.000,-179.806,-1.579,0.011,33
1272,-3.347,1.500,0.000,-179.835,-1.576,0.010,33
1273,-3.344,1.500,0.000,-179.865,-1.572,0.009,33
1274,-3.341,1.500,0.000,-179.895,-1.569,0.008,33
1275,-3.337,1.500,0.000,-179.926,-1.566,0.007,33
1276,-3.334,1.500,0.000,-179.956,-1.564,0.007,33
1277,-3.331,1.500,0.000,-179.987,-1.561,0.006,33
1278,-3.328,1.500,0.000,179.982,-1.559,0.005,33
1279,-3.324,1.500,0.000,179.951,-1.557,0.004,33
1280,-3.321,1.500,0.000,179.920,-1.555,0.003,33
1281,-3.318,1.500,0.000,179.889,-1.553,0.002,33
1282,-3.315,1.500,0.000,179.859,-1.551,0.002,33
1283,-3.312,1.500,0.000,179.830,-1.550,0.001,33
1284,-3.308,1.500,0.000,179.801,-1.549,0.000,33
1285,-3.305,1.500,0.000,179.772,-1.548,-0.001,33
1286,-3.302,1.500,0.000,179.745,-1.547,-0.001,33
1287,-3.299,1.500,0.000,179.718,-1.546,-0.002,33
1288,-3.295,1.500,0.000,179.692,-1.545,-0.003,33
1289,-3.292,1.500,0.000,179.668,-1.545,-0.004,33
1290,-3.289,1.500,0.000,179.644,-1.545,-0.004,33
1291,-3.286,1.500,0.000,179.622,-1.544,-0.024,33
1292,-3.283,1.500,0.000,179.582,-1.544,0.008,33
1293,-3.279,1.500,0.000,179.545,-1.543,-0.014,33
1294,-3.276,1.500,0.000,179.510,-1.544,-0.013,33
1295,-3.273,1.500,0.000,179.475,-1.544,-0.006,33
1296,-3.270,1.500,0.000,179.442,-1.544,-0.007,33
1297,-3.266,1.500,0.000,179.412,-1.544,-0.012,33
1298,-3.263,1.500,0.000,179.384,-1.545,-0.012,33
1299,-3.260,1.500,0.000,179.360,-1.545,-0.011,33
1300,-3.257,1.500,0.000,179.338,-1.546,-0.012,33
1301,-3.253,1.500,0.000,179.319,-1.547,-0.013,33
1302,-3.250,1.500,0.000,179.303,-1.548,-0.014,33
1303,-3.247,1.500,0.000,179.289,-1.550,-0.014,33
1304,-3.243,1.500,0.000,179.279,-1.551,-0.014,33
1305,-3.240,1.500,0.000,179.271,-1.553,-0.014,33
1306,-3.237,1.500,0.000,179.267,-1.554,-0.015,33
1307,-3.234,1.500,0.000,179.265,-1.556,-0.015,33
1308,-3.230,1.500,0.000,179.265,-1.558,-0.015,33
1309,-3.227,1.500,0.000,179.269,-1.560,-0.014,33
1310,-3.224,1.500,0.000,179.275,-1.563,-0.014,33
1311,-3.221,1.500,0.000,179.284,-1.565,-0.014,33
1312,-3.217,1.500,0.000,179.295,-1.568,-0.014,33
1313,-3.214,1.500,0.000,179.309,-1.570,-0.014,33
1314,-3.211,1.499,0.000,179.325,-1.573,-0.013,33
1315,-3.207,1.499,0.000,179.344,-1.576,-0.013,33
1316,-3.204,1.499,0.000,179.364,-1.579,-0.012,33
1317,-3.201,1.499,0.000,179.387,-1.582,-0.012,33
1318,-3.198,1.499,0.000,179.412,-1.586,-0.011,33
1319,-3.194,1.499,0.000,179.438,-1.589,-0.010,33
1320,-3.191,1.499,0.000,179.467,-1.593,-0.009,33
1321,-3.188,1.499,0.000,179.497,-1.597,-0.009,33
1322,-3.184,1.499,0.000,179.529,-1.600,-0.008,33
1323,-3.181,1.499,0.000,179.562,-1.604,-0.007,33
1324,-3.178,1.499,0.000,179.596,-1.609,-0.006,33
1325,-3.175,1.499,0.000,179.632,-1.613,-0.005,33
1326,-3.171,1.499,0.000,179.669,-1.617,-0.004,33
1327,-3.168,1.499,0.000,179.706,-1.622,-0.003,33
1328,-3.165,1.499,0.000,179.745,-1.626,-0.002,33
1329,-3.161,1.499,0.000,179.784,-1.631,-0.001,33
1330,-3.158,1.499,0.000,179.824,-1.636,0.000,33
1331,-3.155,1.499,0.000,179.864,-1.641,0.002,33
1332,-3.152,1.499,0.000,179.904,-1.646,0.003,33
1333,-3.148,1.499,0.000,179.945,-1.651,0.004,33
1334,-3.145,1.499,0.000,179.986,-1.656,0.005,33
1335,-3.142,1.499,0.000,-179.974,-1.661,0.006,33
1336,-3.138,1.499,0.000,-179.934,-1.667,0.007,33
1337,-3.135,1.499,0.000,-179.894,-1.672,0.009,33
1338,-3.132,1.499,0.000,-179.854,-1.678,0.010,33
1339,-3.129,1.499,0.000,-179.815,-1.684,0.011,33
1340,-3.125,1.499,0.000,-179.777,-1.690,0.012,33
1341,-3.122,1.499,0.000,-179.740,-1.696,0.013,33
1342,-3.119,1.499,0.000,-179.703,-1.702,0.014,33
1343,-3.115,1.499,0.000,-179.668,-1.708,0.015,33
1344,-3.112,1.499,0.000,-179.634,-1.715,0.016,33
1345,-3.109,1.499,0.000,-179.600,-1.721,0.017,33
1346,-3.106,1.499,0.000,-179.569,-1.728,0.018,33
1347,-3.102,1.499,0.000,-179.538,-1.734,0.019,33
1348,-3.099,1.499,0.000,-179.509,-1.741,0.020,33
1349,-3.096,1.499,0.000,-179.482,-1.748,0.021,33
1350,-3.092,1.499,0.000,-179.456,-1.755,0.022,33
1351,-3.089,1.499,0.000,-179.432,-1.762,0.023,33
1352,-3.086,1.499,0.000,-179.410,-1.769,0.024,33
1353,-3.083,1.499,0.000,-179.389,-1.777,0.024,33
1354,-3.079,1.499,0.000,-179.371,-1.784,0.025,33
1355,-3.076,1.499,0.000,-179.354,-1.791,0.026,33
1356,-3.073,1.500,0.000,-179.339,-1.799,0.026,33
1357,-3.069,1.500,0.000,-179.326,-1.807,0.027,33
1358,-3.066,1.500,0.000,-179.315,-1.814,0.027,33
1359,-3.063,1.500,0.000,-179.307,-1.822,0.027,33
1360,-3.059,1.500,0.000,-179.300,-1.830,0.028,33
1361,-3.056,1.500,0.000,-179.295,-1.838,0.028,33
1362,-3.053,1.500,0.000,-179.292,-1.846,0.028,33
1363,-3.050,1.500,0.000,-179.292,-1.855,0.028,33
1364,-3.046,1.500,0.000,-179.293,-1.863,0.028,33
1365,-3.043,1.500,0.000,-179.297,-1.871,0.028,33
1366,-3.040,1.500,0.000,-179.302,-1.880,0.028,33
1367,-3.036,1.500,0.000,-179.310,-1.888,0.028,33
1368,-3.033,1.500,0.000,-179.319,-1.897,0.028,33
1369,-3.030,1.500,0.000,-179.330,-1.906,0.028,33
1370,-3.027,1.500,0.000,-179.343,-1.915,0.027,33
1371,-3.023,1.500,0.000,-179.358,-1.924,0.027,33
1372,-3.020,1.500,0.000,-179.375,-1.933,0.027,33
1373,-3.017,1.500,0.000,-179.393,-1.942,0.026,33
1374,-3.013,1.500,0.000,-179.413,-1.951,0.025,33
1375,-3.010,1.500,0.000,-179.435,-1.961,0.025,33
1376,-3.007,1.500,0.000,-179.458,-1.970,0.024,33
1377,-3.003,1.500,0.000,-179.482,-1.979,0.023,33
1378,-3.000,1.500,0.000,-179.508,-1.989,0.022,33
1379,-2.997,1.500,0.000,-179.535,-1.999,0.022,33
1380,-2.994,1.500,0.000,-179.563,-2.008,0.021,33
1381,-2.990,1.500,0.000,-179.592,-2.018,0.020,33
1382,-2.987,1.500,0.000,-179.623,-2.028,0.019,33
1383,-2.984,1.500,0.000,-179.654,-2.038,0.018,33
1384,-2.980,1.500,0.000,-179.686,-2.048,0.017,33
1385,-2.977,1.500,0.000,-179.719,-2.059,0.016,33
1386,-2.974,1.500,0.000,-179.752,-2.069,0.014,33
1387,-2.970,1.501,0.000,-179.786,-2.079,0.013,33
1388,-2.967,1.501,0.000,-179.820,-2.090,0.012,33
1389,-2.964,1.501,0.000,-179.855,-2.100,0.011,33
1390,-2.961,1.501,0.000,-179.890,-2.111,0.009,33
1391,-2.957,1.501,0.000,-179.925,-2.121,0.008,33
1392,-2.954,1.501,0.000,-179.960,-2.132,0.007,33
1393,-2.951,1.501,0.000,-179.995,-2.143,0.006,33
1394,-2.947,1.501,0.000,179.970,-2.154,0.004,33
1395,-2.944,1.501,0.000,179.936,-2.165,0.003,33
1396,-2.941,1.501,0.000,179.902,-2.176,0.002,33
1397,-2.937,1.501,0.000,179.868,-2.187,0.000,33
1398,-2.934,1.501,0.000,179.835,-2.198,-0.001,33
1399,-2.931,1.501,0.000,179.803,-2.209,-0.002,33
1400,-2.927,1.500,0.000,179.772,-2.221,-0.003,33
1401,-2.924,1.500,0.000,179.741,-2.229,-0.006,33
1402,-2.921,1.500,0.000,179.712,-2.218,-0.005,33
1403,-2.917,1.500,0.000,179.683,-2.206,-0.007,33
1404,-2.914,1.500,0.000,179.656,-2.193,-0.008,33
1405,-2.911,1.500,0.000,179.630,-2.181,-0.009,33
1406,-2.908,1.500,0.000,179.605,-2.169,-0.009,33
1407,-2.904,1.500,0.000,179.581,-2.157,-0.010,33
1408,-2.901,1.500,0.000,179.559,-2.146,-0.011,33
1409,-2.898,1.500,0.000,179.539,-2.134,-0.012,33
1410,-2.895,1.500,0.000,179.520,-2.123,-0.012,33
1411,-2.891,1.500,0.000,179.503,-2.112,-0.013,33
1412,-2.888,1.500,0.000,179.487,-2.102,-0.013,33
1413,-2.885,1.500,0.000,179.473,-2.091,-0.014,33
1414,-2.882,1.500,0.000,179.461,-2.081,-0.014,33
1415,-2.878,1.500,0.000,179.450,-2.071,-0.014,33
1416,-2.875,1.500,0.000,179.442,-2.061,-0.015,33
1417,-2.872,1.500,0.000,179.435,-2.052,-0.015,33
1418,-2.869,1.500,0.000,179.430,-2.042,-0.015,33
1419,-2.865,1.500,0.000,179.426,-2.033,-0.015,33
1420,-2.862,1.500,0.000,179.425,-2.024,-0.015,33
1421,-2.859,1.500,0.000,179.425,-2.016,-0.015,33
1422,-2.856,1.500,0.000,179.428,-2.007,-0.015,33
1423,-2.853,1.500,0.000,179.432,-1.999,-0.014,33
1424,-2.849,1.500,0.000,179.438,-1.991,-0.014,33
1425,-2.846,1.500,0.000,179.445,-1.983,-0.014,33
1426,-2.843,1.500,0.000,179.455,-1.976,-0.013,33
1427,-2.840,1.500,0.000,179.466,-1.968,-0.013,33
1428,-2.837,1.500,0.000,179.478,-1.961,-0.012,33
1429,-2.833,1.500,0.000,179.492,-1.954,-0.012,33
1430,-2.830,1.500,0.000,179.508,-1.948,-0.011,33
1431,-2.827,1.500,0.000,179.525,-1.941,-0.011,33
1432,-2.824,1.500,0.000,179.544,-1.935,-0.010,33
1433,-2.821,1.500,0.000,179.564,-1.929,-0.009,33
1434,-2.817,1.500,0.000,179.585,-1.923,-0.009,33
1435,-2.814,1.500,0.000,179.607,-1.917,-0.008,33
1436,-2.811,1.500,0.000,179.631,-1.912,-0.007,33
1437,-2.808,1.499,0.000,179.656,-1.906,-0.006,33
1438,-2.804,1.499,0.000,179.681,-1.901,-0.005,33
1439,-2.801,1.499,0.000,179.707,-1.897,-0.004,33
1440,-2.798,1.499,0.000,179.735,-1.892,-0.003,33
1441,-2.795,1.499,0.000,179.762,-1.887,-0.002,33
1442,-2.792,1.499,0.000,179.791,-1.883,-0.001,33
1443,-2.788,1.499,0.000,179.820,-1.879,-0.000,33
1444,-2.785,1.499,0.000,179.849,-1.875,0.000,33
1445,-2.782,1.499,0.000,179.879,-1.871,0.001,33
1446,-2.779,1.499,0.000,179.909,-1.868,0.002,33
1447,-2.775,1.499,0.000,179.939,-1.865,0.003,33
1448,-2.772,1.499,0.000,179.969,-1.861,0.004,33
1449,-2.769,1.499,0.000,179.999,-1.858,0.005,33
1450,-2.766,1.499,0.000,-179.971,-1.856,0.006,33
1451,-2.763,1.499,0.000,-179.941,-1.853,0.007,33
1452,-2.759,1.499,0.000,-179.912,-1.851,0.008,33
1453,-2.756,1.499,0.000,-179.883,-1.848,0.009,33
1454,-2.753,1.499,0.000,-179.854,-1.846,0.010,33
1455,-2.750,1.499,0.000,-179.826,-1.845,0.011,33
1456,-2.746,1.499,0.000,-179.799,-1.843,0.012,33
1457,-2.743,1.499,0.000,-179.773,-1.841,0.013,33
1458,-2.740,1.499,0.000,-179.747,-1.840,0.014,33
1459,-2.737,1.499,0.000,-179.722,-1.839,0.014,33
1460,-2.734,1.499,0.000,-179.698,-1.838,0.015,33
1461,-2.730,1.499,0.000,-179.675,-1.837,0.016,33
1462,-2.727,1.500,0.000,-179.654,-1.836,0.017,33
1463,-2.724,1.500,0.000,-179.633,-1.836,0.017,33
1464,-2.721,1.500,0.000,-179.614,-1.835,0.018,33
1465,-2.717,1.500,0.000,-179.596,-1.835,0.018,33
1466,-2.714,1.500,0.000,-179.579,-1.835,0.019,33
1467,-2.711,1.500,0.000,-179.563,-1.835,0.019,33
1468,-2.708,1.500,0.000,-179.549,-1.836,0.020,33
1469,-2.704,1.500,0.000,-179.537,-1.836,0.020,33
1470,-2.701,1.500,0.000,-179.525,-1.837,0.021,33
1471,-2.698,1.500,0.000,-179.516,-1.837,0.021,33
1472,-2.695,1.500,0.000,-179.507,-1.838,0.021,33
1473,-2.691,1.500,0.000,-179.501,-1.839,0.021,33
1474,-2.688,1.500,0.000,-179.496,-1.841,0.022,33
1475,-2.685,1.500,0.000,-179.492,-1.842,0.022,33
1476,-2.682,1.500,0.000,-179.490,-1.843,0.022,33
1477,-2.678,1.500,0.000,-179.490,-1.845,0.022,33
1478,-2.675,1.500,0.000,-179.491,-1.847,0.022,33
1479,-2.672,1.500,0.000,-179.494,-1.849,0.022,33
1480,-2.669,1.500,0.000,-179.498,-1.851,0.022,33
1481,-2.665,1.500,0.000,-179.504,-1.853,0.021,33
1482,-2.662,1.500,0.000,-179.511,-1.856,0.021,33
1483,-2.659,1.500,0.000,-179.519,-1.858,0.021,33
1484,-2.656,1.500,0.000,-179.530,-1.861,0.021,33
1485,-2.652,1.500,0.000,-179.541,-1.864,0.020,33
1486,-2.649,1.500,0.000,-179.554,-1.867,0.020,33
1487,-2.646,1.500,0.000,-179.568,-1.870,0.020,33
1488,-2.642,1.500,0.000,-179.583,-1.873,0.019,33
1489,-2.639,1.500,0.000,-179.600,-1.877,0.019,33
1490,-2.636,1.500,0.000,-179.618,-1.880,0.018,33
1491,-2.633,1.500,0.000,-179.637,-1.884,0.017,33
1492,-2.629,1.500,0.000,-179.656,-1.887,0.017,33
1493,-2.626,1.500,0.000,-179.677,-1.891,0.016,33
1494,-2.623,1.500,0.000,-179.699,-1.895,0.015,33
1495,-2.620,1.500,0.000,-179.721,-1.900,0.015,33
1496,-2.616,1.500,0.000,-179.745,-1.904,0.014,33
1497,-2.613,1.500,0.000,-179.769,-1.908,0.013,33
1498,-2.610,1.500,0.000,-179.793,-1.913,0.012,33
1499,-2.606,1.500,0.000,-179.818,-1.918,0.011,33
1500,-2.603,1.500,0.000,-179.844,-1.922,0.011,33
1501,-2.600,1.500,0.000,-179.870,-1.927,0.010,33
1502,-2.597,1.500,0.000,-179.896,-1.932,0.009,33
1503,-2.593,1.500,0.000,-179.922,-1.938,0.008,33
1504,-2.590,1.500,0.000,-179.949,-1.943,0.007,33
1505,-2.587,1.500,0.000,-179.975,-1.948,0.006,33
1506,-2.583,1.500,0.000,179.998,-1.954,0.005,33
1507,-2.580,1.500,0.000,179.972,-1.959,0.004,33
1508,-2.577,1.500,0.000,179.946,-1.965,0.004,33
1509,-2.574,1.500,0.000,179.920,-1.971,0.003,33
1510,-2.570,1.500,0.000,179.895,-1.977,0.002,33
1511,-2.567,1.500,0.000,179.869,-1.983,0.001,33
1512,-2.564,1.500,0.000,179.845,-1.989,0.000,33
1513,-2.560,1.500,0.000,179.821,-1.996,-0.001,33
1514,-2.557,1.500,0.000,179.798,-2.002,-0.002,33
1515,-2.554,1.500,0.000,179.775,-2.009,-0.002,33
1516,-2.551,1.500,0.000,179.753,-2.015,-0.003,33
1517,-2.547,1.500,0.000,179.732,-2.022,-0.004,33
1518,-2.544,1.500,0.000,179.712,-2.029,-0.005,33
1519,-2.541,1.500,0.000,179.693,-2.036,-0.005,33
1520,-2.537,1.500,0.000,179.675,-2.043,-0.006,33
1521,-2.534,1.500,0.000,179.658,-2.051,-0.007,33
1522,-2.531,1.500,0.000,179.642,-2.058,-0.007,33
1523,-2.527,1.500,0.000,179.627,-2.065,-0.008,33
1524,-2.524,1.500,0.000,179.614,-2.073,-0.009,33
1525,-2.521,1.500,0.000,179.602,-2.080,-0.009,33
1526,-2.518,1.500,0.000,179.591,-2.088,-0.010,33
1527,-2.514,1.500,0.000,179.581,-2.096,-0.010,33
1528,-2.511,1.500,0.000,179.572,-2.104,-0.010,33
1529,-2.508,1.500,0.000,179.565,-2.112,-0.011,33
1530,-2.504,1.500,0.000,179.560,-2.120,-0.011,33
1531,-2.501,1.500,0.000,179.555,-2.128,-0.011,33
1532,-2.498,1.500,0.000,179.552,-2.137,-0.011,33
1533,-2.494,1.500,0.000,179.550,-2.145,-0.011,33
1534,-2.491,1.500,0.000,179.550,-2.154,-0.012,33
1535,-2.488,1.500,0.000,179.551,-2.163,-0.012,33
1536,-2.485,1.500,0.000,179.553,-2.171,-0.012,33
1537,-2.481,1.500,0.000,179.557,-2.180,-0.011,33
1538,-2.478,1.500,0.000,179.562,-2.189,-0.011,33
1539,-2.475,1.500,0.000,179.568,-2.198,-0.011,33
1540,-2.471,1.500,0.000,179.575,-2.207,-0.011,33
1541,-2.468,1.500,0.000,179.584,-2.216,-0.011,33
1542,-2.465,1.500,0.000,179.594,-2.226,-0.010,33
1543,-2.461,1.500,0.000,179.605,-2.226,-0.011,33
1544,-2.458,1.500,0.000,179.617,-2.215,-0.010,33
1545,-2.455,1.500,0.000,179.630,-2.205,-0.008,33
1546,-2.452,1.500,0.000,179.644,-2.195,-0.008,33
1547,-2.448,1.500,0.000,179.660,-2.185,-0.008,33
1548,-2.445,1.500,0.000,179.676,-2.176,-0.007,33
1549,-2.442,1.500,0.000,179.693,-2.166,-0.006,33
1550,-2.438,1.500,0.000,179.711,-2.157,-0.005,33
1551,-2.435,1.500,0.000,179.729,-2.148,-0.005,33
1552,-2.432,1.500,0.000,179.749,-2.139,-0.004,33
1553,-2.429,1.500,0.000,179.769,-2.131,-0.003,33
1554,-2.425,1.500,0.000,179.789,-2.122,-0.002,33
1555,-2.422,1.500,0.000,179.810,-2.114,-0.002,33
1556,-2.419,1.499,0.000,179.832,-2.106,-0.001,33
1557,-2.416,1.499,0.000,179.854,-2.098,0.000,33
1558,-2.412,1.499,0.000,179.876,-2.091,0.001,33
1559,-2.409,1.499,0.000,179.899,-2.084,0.002,33
1560,-2.406,1.499,0.000,179.922,-2.077,0.003,33
1561,-2.403,1.499,0.000,179.945,-2.070,0.003,33
1562,-2.399,1.499,0.000,179.968,-2.063,0.004,33
1563,-2.396,1.499,0.000,179.991,-2.057,0.005,33
1564,-2.393,1.499,0.000,-179.986,-2.050,0.006,33
1565,-2.390,1.499,0.000,-179.963,-2.044,0.007,33
1566,-2.387,1.499,0.000,-179.940,-2.038,0.008,33
1567,-2.383,1.499,0.000,-179.918,-2.033,0.008,33
1568,-2.380,1.499,0.000,-179.895,-2.027,0.009,33
1569,-2.377,1.499,0.000,-179.874,-2.022,0.010,33
1570,-2.374,1.499,0.000,-179.852,-2.017,0.011,33
1571,-2.370,1.500,0.000,-179.832,-2.012,0.011,33
1572,-2.367,1.500,0.000,-179.811,-2.007,0.012,33
1573,-2.364,1.500,0.000,-179.792,-2.003,0.013,33
1574,-2.361,1.500,0.000,-179.773,-1.999,0.013,33
1575,-2.358,1.500,0.000,-179.755,-1.995,0.014,33
1576,-2.354,1.500,0.000,-179.737,-1.991,0.015,33
1577,-2.351,1.500,0.000,-179.721,-1.987,0.015,33
1578,-2.348,1.500,0.000,-179.705,-1.983,0.016,33
1579,-2.345,1.500,0.000,-179.690,-1.980,0.016,33
1580,-2.341,1.500,0.000,-179.676,-1.977,0.017,33
1581,-2.338,1.500,0.000,-179.663,-1.974,0.017,33
1582,-2.335,1.500,0.000,-179.651,-1.971,0.017,33
1583,-2.332,1.500,0.000,-179.641,-1.969,0.018,33
1584,-2.329,1.500,0.000,-179.631,-1.966,0.018,33
1585,-2.325,1.500,0.000,-179.622,-1.964,0.018,33
1586,-2.322,1.500,0.000,-179.615,-1.962,0.019,33
1587,-2.319,1.500,0.000,-179.609,-1.960,0.019,33
1588,-2.316,1.500,0.000,-179.604,-1.959,0.019,33
1589,-2.312,1.500,0.000,-179.600,-1.957,0.019,33
1590,-2.309,1.500,0.000,-179.597,-1.956,0.019,33
1591,-2.306,1.500,0.000,-179.595,-1.955,0.019,33
1592,-2.303,1.500,0.000,-179.595,-1.954,0.019,33
1593,-2.299,1.500,0.000,-179.596,-1.953,0.019,33
1594,-2.296,1.500,0.000,-179.598,-1.952,0.019,33
1595,-2.293,1.500,0.000,-179.601,-1.952,0.019,33
1596,-2.290,1.500,0.000,-179.606,-1.951,0.019,33
1597,-2.286,1.500,0.000,-179.611,-1.951,0.019,33
1598,-2.283,1.500,0.000,-179.618,-1.951,0.018,33
1599,-2.280,1.500,0.000,-179.625,-1.951,0.018,33
1600,-2.277,1.500,0.000,-179.634,-1.952,0.018,33
1601,-2.273,1.500,0.000,-179.644,-1.952,0.018,33
1602,-2.270,1.500,0.000,-179.655,-1.953,0.017,33
1603,-2.267,1.500,0.000,-179.667,-1.954,0.017,33
1604,-2.264,1.500,0.000,-179.680,-1.955,0.016,33
1605,-2.260,1.500,0.000,-179.693,-1.956,0.016,33
1606,-2.257,1.500,0.000,-179.708,-1.957,0.015,33
1607,-2.254,1.500,0.000,-179.723,-1.959,0.015,33
1608,-2.251,1.500,0.000,-179.739,-1.960,0.014,33
1609,-2.247,1.500,0.000,-179.756,-1.962,0.014,33
1610,-2.244,1.500,0.000,-179.774,-1.964,0.013,33
1611,-2.241,1.500,0.000,-179.792,-1.966,0.013,33
1612,-2.238,1.500,0.000,-179.810,-1.968,0.012,33
1613,-2.234,1.500,0.000,-179.829,-1.970,0.011,33
1614,-2.231,1.500,0.000,-179.849,-1.973,0.011,33
1615,-2.228,1.500,0.000,-179.868,-1.975,0.010,33
1616,-2.225,1.500,0.000,-179.889,-1.978,0.009,33
1617,-2.221,1.500,0.000,-179.909,-1.981,0.009,33
1618,-2.218,1.500,0.000,-179.929,-1.984,0.008,33
1619,-2.215,1.500,0.000,-179.950,-1.987,0.007,33
1620,-2.212,1.500,0.000,-179.971,-1.991,0.006,33
1621,-2.208,1.500,0.000,-179.991,-1.994,0.006,33
1622,-2.205,1.500,0.000,179.988,-1.998,0.005,33
1623,-2.202,1.500,0.000,179.968,-2.001,0.004,33
1624,-2.198,1.500,0.000,179.948,-2.005,0.004,33
1625,-2.195,1.500,0.000,179.928,-2.009,0.003,33
1626,-2.192,1.500,0.000,179.908,-2.013,0.002,33
1627,-2.189,1.500,0.000,179.889,-2.018,0.001,33
1628,-2.185,1.500,0.000,179.870,-2.022,0.001,33
1629,-2.182,1.500,0.000,179.852,-2.027,0.000,33
1630,-2.179,1.500,0.000,179.834,-2.031,-0.000,33
1631,-2.176,1.500,0.000,179.817,-2.036,-0.001,33
1632,-2.172,1.500,0.000,179.801,-2.041,-0.002,33
1633,-2.169,1.500,0.000,179.785,-2.046,-0.002,33
1634,-2.166,1.500,0.000,179.770,-2.051,-0.003,33
1635,-2.162,1.500,0.000,179.756,-2.056,-0.003,33
1636,-2.159,1.500,0.000,179.743,-2.062,-0.004,33
1637,-2.156,1.500,0.000,179.730,-2.067,-0.004,33
1638,-2.153,1.500,0.000,179.719,-2.073,-0.005,33
1639,-2.149,1.500,0.000,179.708,-2.079,-0.005,33
1640,-2.146,1.500,0.000,179.698,-2.085,-0.006,33
1641,-2.143,1.500,0.000,179.690,-2.091,-0.006,33
1642,-2.139,1.500,0.000,179.682,-2.097,-0.006,33
1643,-2.136,1.500,0.000,179.675,-2.103,-0.007,33
1644,-2.133,1.500,0.000,179.669,-2.109,-0.007,33
1645,-2.129,1.500,0.000,179.665,-2.116,-0.007,33
1646,-2.126,1.500,0.000,179.661,-2.122,-0.007,33
1647,-2.123,1.500,0.000,179.659,-2.129,-0.007,33
1648,-2.120,1.500,0.000,179.657,-2.136,-0.007,33
1649,-2.116,1.500,0.000,179.656,-2.143,-0.007,33
1650,-2.113,1.500,0.000,179.657,-2.150,-0.007,33
1651,-2.110,1.500,0.000,179.658,-2.157,-0.007,33
1652,-2.106,1.500,0.000,179.661,-2.164,-0.007,33
1653,-2.103,1.500,0.000,179.665,-2.171,-0.007,33
1654,-2.100,1.500,0.000,179.669,-2.179,-0.007,33
1655,-2.097,1.500,0.000,179.674,-2.187,-0.007,33
1656,-2.093,1.500,0.000,179.681,-2.194,-0.007,33
1657,-2.090,1.500,0.000,179.688,-2.202,-0.007,33
1658,-2.087,1.500,0.000,179.696,-2.210,-0.006,33
1659,-2.083,1.500,0.000,179.705,-2.218,-0.006,33
1660,-2.080,1.500,0.000,179.715,-2.226,-0.006,33
1661,-2.077,1.500,0.000,179.726,-2.226,-0.006,33
1662,-2.073,1.500,0.000,179.737,-2.217,-0.005,33
1663,-2.070,1.500,0.000,179.749,-2.208,-0.004,33
1664,-2.067,1.500,0.000,179.762,-2.199,-0.004,33
1665,-2.064,1.500,0.000,179.775,-2.191,-0.003,33
1666,-2.060,1.500,0.000,179.789,-2.182,-0.003,33
1667,-2.057,1.500,0.000,179.803,-2.174,-0.002,33
1668,-2.054,1.500,0.000,179.818,-2.166,-0.001,33
1669,-2.050,1.500,0.000,179.834,-2.159,-0.001,33
1670,-2.047,1.500,0.000,179.850,-2.151,-0.000,33
1671,-2.044,1.500,0.000,179.866,-2.144,0.000,33
1672,-2.041,1.500,0.000,179.883,-2.137,0.001,33
1673,-2.037,1.500,0.000,179.899,-2.130,0.002,33
1674,-2.034,1.500,0.000,179.916,-2.124,0.002,33
1675,-2.031,1.500,0.000,179.934,-2.117,0.003,33
1676,-2.028,1.500,0.000,179.951,-2.111,0.004,33
1677,-2.024,1.500,0.000,179.968,-2.105,0.004,33
1678,-2.021,1.500,0.000,179.986,-2.099,0.005,33
1679,-2.018,1.500,0.000,-179.997,-2.093,0.006,33
1680,-2.015,1.500,0.000,-179.980,-2.088,0.006,33
1681,-2.012,1.500,0.000,-179.963,-2.083,0.007,33
1682,-2.008,1.500,0.000,-179.946,-2.078,0.007,33
1683,-2.005,1.500,0.000,-179.929,-2.073,0.008,33
1684,-2.002,1.500,0.000,-179.912,-2.068,0.009,33
1685,-1.999,1.500,0.000,-179.896,-2.064,0.009,33
1686,-1.995,1.500,0.000,-179.880,-2.060,0.010,33
1687,-1.992,1.500,0.000,-179.865,-2.056,0.010,33
1688,-1.989,1.500,0.000,-179.850,-2.052,0.011,33
1689,-1.986,1.500,0.000,-179.836,-2.048,0.011,33
1690,-1.982,1.500,0.000,-179.822,-2.045,0.012,33
1691,-1.979,1.500,0.000,-179.808,-2.041,0.012,33
1692,-1.976,1.500,0.000,-179.796,-2.038,0.013,33
1693,-1.973,1.500,0.000,-179.784,-2.035,0.013,33
1694,-1.970,1.500,0.000,-179.772,-2.032,0.013,33
1695,-1.966,1.500,0.000,-179.761,-2.030,0.014,33
1696,-1.963,1.500,0.000,-179.751,-2.028,0.014,33
1697,-1.960,1.500,0.000,-179.742,-2.025,0.015,33
1698,-1.957,1.500,0.000,-179.734,-2.023,0.015,33
1699,-1.953,1.500,0.000,-179.726,-2.021,0.015,33
1700,-1.950,1.500,0.000,-179.719,-2.020,0.015,33
1701,-1.947,1.500,0.000,-179.713,-2.018,0.016,33
1702,-1.944,1.500,0.000,-179.708,-2.017,0.016,33
1703,-1.940,1.500,0.000,-179.703,-2.016,0.016,33
1704,-1.937,1.500,0.000,-179.700,-2.015,0.016,33
1705,-1.934,1.500,0.000,-179.697,-2.014,0.016,33
1706,-1.931,1.500,0.000,-179.695,-2.013,0.016,33
1707,-1.927,1.500,0.000,-179.694,-2.013,0.016,33
1708,-1.924,1.500,0.000,-179.694,-2.013,0.016,33
1709,-1.921,1.500,0.000,-179.695,-2.013,0.016,33
1710,-1.918,1.500,0.000,-179.697,-2.013,0.016,33
1711,-1.914,1.500,0.000,-179.699,-2.013,0.016,33
1712,-1.911,1.500,0.000,-179.703,-2.013,0.016,33
1713,-1.908,1.500,0.000,-179.707,-2.014,0.016,33
1714,-1.905,1.500,0.000,-179.712,-2.014,0.016,33
1715,-1.901,1.500,0.000,-179.718,-2.015,0.015,33
1716,-1.898,1.500,0.000,-179.724,-2.016,0.015,33
1717,-1.895,1.500,0.000,-179.732,-2.017,0.015,33
1718,-1.892,1.500,0.000,-179.740,-2.019,0.015,33
1719,-1.888,1.500,0.000,-179.749,-2.020,0.014,33
1720,-1.885,1.500,0.000,-179.758,-2.022,0.014,33
1721,-1.882,1.500,0.000,-179.768,-2.024,0.014,33
1722,-1.879,1.500,0.000,-179.779,-2.025,0.013,33
1723,-1.875,1.500,0.000,-179.790,-2.028,0.013,33
1724,-1.872,1.500,0.000,-179.802,-2.030,0.012,33
1725,-1.869,1.500,0.000,-179.815,-2.032,0.012,33
1726,-1.866,1.500,0.000,-179.828,-2.035,0.012,33
1727,-1.862,1.500,0.000,-179.841,-2.037,0.011,33
1728,-1.859,1.500,0.000,-179.855,-2.040,0.011,33
1729,-1.856,1.500,0.000,-179.869,-2.043,0.010,33
1730,-1.853,1.500,0.000,-179.883,-2.046,0.010,33
1731,-1.849,1.500,0.000,-179.898,-2.049,0.009,33
1732,-1.846,1.500,0.000,-179.913,-2.053,0.009,33
1733,-1.843,1.500,0.000,-179.928,-2.056,0.008,33
1734,-1.839,1.500,0.000,-179.943,-2.060,0.007,33
1735,-1.836,1.500,0.000,-179.959,-2.064,0.007,33
1736,-1.833,1.500,0.000,-179.974,-2.067,0.006,33
1737,-1.830,1.500,0.000,-179.989,-2.071,0.006,33
1738,-1.826,1.500,0.000,179.995,-2.076,0.005,33
1739,-1.823,1.500,0.000,179.980,-2.080,0.005,33
1740,-1.820,1.500,0.000,179.965,-2.084,0.004,33
1741,-1.817,1.500,0.000,179.951,-2.089,0.004,33
1742,-1.813,1.500,0.000,179.936,-2.094,0.003,33
1743,-1.810,1.500,0.000,179.922,-2.098,0.003,33
1744,-1.807,1.500,0.000,179.908,-2.103,0.002,33
1745,-1.803,1.500,0.000,179.894,-2.108,0.002,33
1746,-1.800,1.500,0.000,179.881,-2.114,0.001,33
1747,-1.797,1.500,0.000,179.868,-2.119,0.001,33
1748,-1.794,1.500,0.000,179.856,-2.124,0.000,33
1749,-1.790,1.500,0.000,179.844,-2.130,-0.000,33
1750,-1.787,1.500,0.000,179.833,-2.136,-0.001,33
1751,-1.784,1.500,0.000,179.823,-2.141,-0.001,33
1752,-1.780,1.500,0.000,179.813,-2.147,-0.002,33
1753,-1.777,1.500,0.000,179.803,-2.153,-0.002,33
1754,-1.774,1.500,0.000,179.795,-2.160,-0.002,33
1755,-1.771,1.500,0.000,179.787,-2.166,-0.003,33
1756,-1.767,1.500,0.000,179.779,-2.172,-0.003,33
1757,-1.764,1.500,0.000,179.773,-2.179,-0.003,33
1758,-1.761,1.500,0.000,179.767,-2.185,-0.003,33
1759,-1.757,1.500,0.000,179.762,-2.192,-0.004,33
1760,-1.754,1.500,0.000,179.757,-2.199,-0.004,33
1761,-1.751,1.500,0.000,179.754,-2.206,-0.004,33
1762,-1.748,1.500,0.000,179.751,-2.213,-0.004,33
1763,-1.744,1.500,0.000,179.749,-2.220,-0.004,33
1764,-1.741,1.500,0.000,179.747,-2.227,-0.005,33
1765,-1.738,1.500,0.000,179.747,-2.224,-0.004,33
1766,-1.734,1.500,0.000,179.747,-2.216,-0.005,33
1767,-1.731,1.500,0.000,179.748,-2.208,-0.004,33
1768,-1.728,1.500,0.000,179.749,-2.200,-0.004,33
1769,-1.724,1.500,0.000,179.752,-2.192,-0.004,33
1770,-1.721,1.500,0.000,179.755,-2.185,-0.004,33
1771,-1.718,1.500,0.000,179.759,-2.178,-0.004,33
1772,-1.715,1.500,0.000,179.763,-2.171,-0.004,33
1773,-1.711,1.500,0.000,179.769,-2.164,-0.003,33
1774,-1.708,1.500,0.000,179.774,-2.158,-0.003,33
1775,-1.705,1.500,0.000,179.781,-2.152,-0.003,33
1776,-1.702,1.500,0.000,179.788,-2.145,-0.003,33
1777,-1.698,1.500,0.000,179.796,-2.139,-0.002,33
1778,-1.695,1.500,0.000,179.804,-2.134,-0.002,33
1779,-1.692,1.500,0.000,179.813,-2.128,-0.002,33
1780,-1.689,1.500,0.000,179.822,-2.123,-0.001,33
1781,-1.685,1.500,0.000,179.832,-2.118,-0.001,33
1782,-1.682,1.500,0.000,179.842,-2.113,-0.000,33
1783,-1.679,1.500,0.000,179.853,-2.108,-0.000,33
1784,-1.676,1.500,0.000,179.864,-2.104,0.000,33
1785,-1.672,1.500,0.000,179.875,-2.099,0.001,33
1786,-1.669,1.500,0.000,179.887,-2.095,0.001,33
1787,-1.666,1.500,0.000,179.899,-2.091,0.002,33
1788,-1.663,1.500,0.000,179.911,-2.087,0.002,33
1789,-1.659,1.500,0.000,179.923,-2.084,0.003,33
1790,-1.656,1.500,0.000,179.936,-2.080,0.003,33
1791,-1.653,1.500,0.000,179.948,-2.077,0.004,33
1792,-1.650,1.500,0.000,179.961,-2.074,0.004,33
1793,-1.647,1.500,0.000,179.974,-2.071,0.004,33
1794,-1.643,1.500,0.000,179.987,-2.068,0.005,33
1795,-1.640,1.500,0.000,179.999,-2.066,0.005,33
1796,-1.637,1.500,0.000,-179.988,-2.064,0.006,33
1797,-1.634,1.500,0.000,-179.975,-2.062,0.006,33
1798,-1.630,1.500,0.000,-179.963,-2.060,0.007,33
1799,-1.627,1.500,0.000,-179.951,-2.058,0.007,33
1800,-1.624,1.500,0.000,-179.939,-2.056,0.008,33
1801,-1.621,1.500,0.000,-179.927,-2.055,0.008,33
1802,-1.617,1.500,0.000,-179.915,-2.054,0.008,33
1803,-1.614,1.500,0.000,-179.904,-2.053,0.009,33
1804,-1.611,1.500,0.000,-179.893,-2.052,0.009,33
1805,-1.608,1.500,0.000,-179.883,-2.051,0.010,33
1806,-1.604,1.500,0.000,-179.872,-2.050,0.010,33
1807,-1.601,1.500,0.000,-179.863,-2.050,0.010,33
1808,-1.598,1.500,0.000,-179.853,-2.050,0.011,33
1809,-1.595,1.500,0.000,-179.845,-2.050,0.011,33
1810,-1.591,1.500,0.000,-179.836,-2.050,0.011,33
1811,-1.588,1.500,0.000,-179.828,-2.050,0.012,33
1812,-1.585,1.500,0.000,-179.821,-2.050,0.012,33
1813,-1.582,1.500,0.000,-179.814,-2.051,0.012,33
1814,-1.578,1.500,0.000,-179.808,-2.052,0.012,33
1815,-1.575,1.500,0.000,-179.802,-2.053,0.012,33
1816,-1.572,1.500,0.000,-179.797,-2.054,0.013,33
1817,-1.569,1.500,0.000,-179.793,-2.055,0.013,33
1818,-1.565,1.500,0.000,-179.789,-2.056,0.013,33
1819,-1.562,1.500,0.000,-179.786,-2.058,0.013,33
1820,-1.559,1.500,0.000,-179.783,-2.059,0.013,33
1821,-1.556,1.500,0.000,-179.781,-2.061,0.013,33
1822,-1.552,1.500,0.000,-179.780,-2.063,0.013,33
1823,-1.549,1.500,0.000,-179.779,-2.065,0.013,33
1824,-1.546,1.500,0.000,-179.779,-2.068,0.013,33
1825,-1.543,1.500,0.000,-179.779,-2.070,0.013,33
1826,-1.539,1.500,0.000,-179.780,-2.073,0.013,33
1827,-1.536,1.500,0.000,-179.782,-2.075,0.013,33
1828,-1.533,1.500,0.000,-179.784,-2.078,0.013,33
1829,-1.530,1.500,0.000,-179.787,-2.081,0.013,33
1830,-1.526,1.500,0.000,-179.791,-2.084,0.013,33
1831,-1.523,1.500,0.000,-179.795,-2.088,0.013,33
1832,-1.520,1.500,0.000,-179.799,-2.091,0.013,33
1833,-1.516,1.500,0.000,-179.804,-2.095,0.013,33
1834,-1.513,1.500,0.000,-179.810,-2.098,0.012,33
1835,-1.510,1.500,0.000,-179.816,-2.102,0.012,33
1836,-1.507,1.500,0.000,-179.823,-2.106,0.012,33
1837,-1.503,1.500,0.000,-179.830,-2.110,0.012,33
1838,-1.500,1.500,0.000,-179.838,-2.114,0.011,33
1839,-1.497,1.500,0.000,-179.846,-2.119,0.011,33
1840,-1.494,1.500,0.000,-179.854,-2.123,0.011,33
1841,-1.490,1.500,0.000,-179.863,-2.128,0.010,33
1842,-1.487,1.500,0.000,-179.872,-2.133,0.010,33
1843,-1.484,1.500,0.000,-179.882,-2.138,0.010,33
1844,-1.480,1.500,0.000,-179.892,-2.143,0.009,33
1845,-1.477,1.500,0.000,-179.902,-2.148,0.009,33
1846,-1.474,1.500,0.000,-179.912,-2.153,0.009,33
1847,-1.471,1.500,0.000,-179.922,-2.158,0.008,33
1848,-1.467,1.500,0.000,-179.933,-2.164,0.008,33
1849,-1.464,1.500,0.000,-179.944,-2.169,0.008,33
1850,-1.461,1.500,0.000,-179.955,-2.175,0.007,33
1851,-1.457,1.500,0.000,-179.966,-2.181,0.007,33
1852,-1.454,1.500,0.000,-179.977,-2.187,0.006,33
1853,-1.451,1.500,0.000,-179.988,-2.193,0.006,33
1854,-1.448,1.500,0.000,-179.999,-2.199,0.005,33
1855,-1.444,1.500,0.000,179.990,-2.206,0.005,33
1856,-1.441,1.500,0.000,179.979,-2.212,0.005,33
1857,-1.438,1.500,0.000,179.969,-2.219,0.004,33
1858,-1.434,1.500,0.000,179.958,-2.226,0.004,33
1859,-1.431,1.500,0.000,179.948,-2.226,0.002,33
1860,-1.428,1.500,0.000,179.938,-2.219,0.003,33
1861,-1.424,1.500,0.000,179.928,-2.211,0.003,33
1862,-1.421,1.500,0.000,179.918,-2.204,0.002,33
1863,-1.418,1.500,0.000,179.909,-2.197,0.002,33
1864,-1.415,1.500,0.000,179.900,-2.190,0.002,33
1865,-1.411,1.500,0.000,179.891,-2.184,0.001,33
1866,-1.408,1.500,0.000,179.883,-2.178,0.001,33
1867,-1.405,1.500,0.000,179.875,-2.171,0.001,33
1868,-1.402,1.500,0.000,179.868,-2.165,0.000,33
1869,-1.398,1.500,0.000,179.861,-2.160,0.000,33
1870,-1.395,1.500,0.000,179.854,-2.154,-0.000,33
1871,-1.392,1.500,0.000,179.848,-2.149,-0.000,33
1872,-1.389,1.500,0.000,179.843,-2.144,-0.000,33
1873,-1.385,1.500,0.000,179.838,-2.139,-0.001,33
1874,-1.382,1.500,0.000,179.834,-2.134,-0.001,33
1875,-1.379,1.500,0.000,179.830,-2.129,-0.001,33
1876,-1.376,1.500,0.000,179.826,-2.125,-0.001,33
1877,-1.372,1.500,0.000,179.823,-2.121,-0.001,33
1878,-1.369,1.500,0.000,179.821,-2.117,-0.001,33
1879,-1.366,1.500,0.000,179.819,-2.113,-0.001,33
1880,-1.363,1.500,0.000,179.818,-2.109,-0.001,33
1881,-1.359,1.500,0.000,179.818,-2.106,-0.001,33
1882,-1.356,1.500,0.000,179.818,-2.102,-0.001,33
1883,-1.353,1.500,0.000,179.818,-2.099,-0.001,33
1884,-1.350,1.500,0.000,179.819,-2.096,-0.001,33
1885,-1.346,1.500,0.000,179.821,-2.094,-0.001,33
1886,-1.343,1.500,0.000,179.823,-2.091,-0.001,33
1887,-1.340,1.500,0.000,179.825,-2.089,-0.001,33
1888,-1.337,1.500,0.000,179.828,-2.087,-0.001,33
1889,-1.333,1.500,0.000,179.832,-2.085,-0.001,33
1890,-1.330,1.500,0.000,179.836,-2.083,-0.001,33
1891,-1.327,1.500,0.000,179.841,-2.081,-0.000,33
1892,-1.324,1.500,0.000,179.845,-2.080,-0.000,33
1893,-1.320,1.500,0.000,179.851,-2.079,0.000,33
1894,-1.317,1.500,0.000,179.857,-2.077,0.000,33
1895,-1.314,1.500,0.000,179.863,-2.076,0.000,33
1896,-1.311,1.500,0.000,179.869,-2.076,0.001,33
1897,-1.307,1.500,0.000,179.876,-2.075,0.001,33
1898,-1.304,1.500,0.000,179.883,-2.075,0.001,33
1899,-1.301,1.500,0.000,179.891,-2.074,0.001,33
1900,-1.298,1.500,0.000,179.899,-2.074,0.002,33
1901,-1.294,1.500,0.000,179.907,-2.074,0.002,33
1902,-1.291,1.500,0.000,179.915,-2.075,0.002,33
1903,-1.288,1.500,0.000,179.923,-2.075,0.003,33
1904,-1.285,1.500,0.000,179.932,-2.076,0.003,33
1905,-1.281,1.500,0.000,179.941,-2.076,0.003,33
1906,-1.278,1.500,0.000,179.949,-2.077,0.004,33
1907,-1.275,1.500,0.000,179.958,-2.078,0.004,33
1908,-1.272,1.500,0.000,179.967,-2.079,0.004,33
1909,-1.268,1.500,0.000,179.976,-2.081,0.005,33
1910,-1.265,1.500,0.000,179.985,-2.082,0.005,33
1911,-1.262,1.500,0.000,179.994,-2.084,0.005,33
1912,-1.259,1.500,0.000,-179.997,-2.086,0.006,33
1913,-1.255,1.500,0.000,-179.988,-2.087,0.006,33
1914,-1.252,1.500,0.000,-179.979,-2.090,0.006,33
1915,-1.249,1.500,0.000,-179.970,-2.092,0.006,33
1916,-1.246,1.500,0.000,-179.962,-2.094,0.007,33
1917,-1.242,1.500,0.000,-179.953,-2.097,0.007,33
1918,-1.239,1.500,0.000,-179.945,-2.099,0.007,33
1919,-1.236,1.500,0.000,-179.937,-2.102,0.008,33
1920,-1.233,1.500,0.000,-179.929,-2.105,0.008,33
1921,-1.229,1.500,0.000,-179.922,-2.108,0.008,33
1922,-1.226,1.500,0.000,-179.915,-2.112,0.009,33
1923,-1.223,1.500,0.000,-179.908,-2.115,0.009,33
1924,-1.220,1.500,0.000,-179.901,-2.119,0.009,33
1925,-1.216,1.500,0.000,-179.895,-2.122,0.009,33
1926,-1.213,1.500,0.000,-179.889,-2.126,0.010,33
1927,-1.210,1.500,0.000,-179.883,-2.130,0.010,33
1928,-1.206,1.500,0.000,-179.878,-2.134,0.010,33
1929,-1.203,1.500,0.000,-179.873,-2.138,0.010,33
1930,-1.200,1.500,0.000,-179.869,-2.143,0.010,33
1931,-1.197,1.500,0.000,-179.864,-2.147,0.010,33
1932,-1.193,1.500,0.000,-179.861,-2.152,-0.009,33
1933,-1.190,1.500,0.000,-179.855,-2.157,0.017,33
1934,-1.187,1.500,0.000,-179.849,-2.161,0.010,33
1935,-1.183,1.500,0.000,-179.843,-2.166,0.012,33
1936,-1.180,1.500,0.000,-179.838,-2.171,0.012,33
1937,-1.177,1.500,0.000,-179.833,-2.176,0.012,33
1938,-1.174,1.500,0.000,-179.830,-2.182,0.012,33
1939,-1.170,1.500,0.000,-179.826,-2.187,-0.006,33
1940,-1.167,1.500,0.000,-179.823,-2.192,0.027,33
1941,-1.164,1.500,0.000,-179.820,-2.198,-0.010,33
1942,-1.160,1.500,0.000,-179.818,-2.203,0.014,33
1943,-1.157,1.500,0.000,-179.815,-2.205,0.006,33
1944,-1.154,1.500,0.000,-179.814,-2.203,0.007,33
1945,-1.150,1.500,0.000,-179.815,-2.201,0.016,33
1946,-1.147,1.500,0.000,-179.814,-2.200,0.004,33
1947,-1.144,1.500,0.000,-179.811,-2.198,0.014,33
1948,-1.141,1.500,0.000,-179.809,-2.197,0.001,33
1949,-1.137,1.500,0.000,-179.808,-2.196,-0.002,33
1950,-1.134,1.500,0.000,-179.808,-2.195,0.002,33
1951,-1.131,1.500,0.000,-179.808,-2.194,0.003,33
1952,-1.128,1.500,0.000,-179.810,-2.193,0.002,33
1953,-1.124,1.500,0.000,-179.813,-2.192,0.001,33
1954,-1.121,1.500,0.000,-179.817,-2.192,0.002,33
1955,-1.118,1.500,0.000,-179.821,-2.192,0.002,33
1956,-1.115,1.500,0.000,-179.826,-2.192,0.001,33
1957,-1.111,1.500,0.000,-179.833,-2.192,0.001,33
1958,-1.108,1.500,0.000,-179.841,-2.192,0.001,33
1959,-1.109,1.500,0.000,-179.847,-2.174,0.000,33
1960,-1.110,1.500,0.000,-179.853,-2.155,0.000,33
1961,-1.111,1.500,0.000,-179.858,-2.137,-0.000,33
1962,-1.112,1.500,0.000,-179.863,-2.118,-0.000,33
1963,-1.113,1.500,0.000,-179.867,-2.100,-0.001,33
1964,-1.114,1.500,0.000,-179.872,-2.082,-0.001,33
1965,-1.115,1.500,0.000,-179.876,-2.064,-0.001,33
1966,-1.116,1.500,0.000,-179.882,-2.046,-0.001,33
1967,-1.117,1.500,0.000,-179.888,-2.028,-0.001,33
1968,-1.117,1.500,0.000,-179.895,-2.016,-0.002,33
1969,-1.117,1.500,0.000,-179.903,-2.003,-0.002,33
1970,-1.117,1.500,0.000,-179.913,-1.990,-0.002,33
1971,-1.117,1.500,0.000,-179.923,-1.978,-0.003,33
1972,-1.117,1.500,0.000,-179.934,-1.966,-0.003,33
1973,-1.117,1.500,0.000,-179.946,-1.953,-0.004,33
1974,-1.117,1.500,0.000,-179.958,-1.941,-0.004,33
1975,-1.117,1.500,0.000,-179.971,-1.930,-0.004,33
1976,-1.117,1.500,0.000,-179.985,-1.918,-0.005,33
1977,-1.117,1.500,0.000,-179.999,-1.906,-0.005,33
1978,-1.117,1.500,0.000,179.987,-1.895,-0.006,33
1979,-1.117,1.500,0.000,179.973,-1.883,-0.006,33
1980,-1.117,1.500,0.000,179.959,-1.872,-0.007,33
1981,-1.117,1.500,0.000,179.944,-1.861,-0.007,33
1982,-1.117,1.500,0.000,179.930,-1.850,-0.008,33
1983,-1.117,1.500,0.000,179.915,-1.839,-0.008,33
1984,-1.117,1.500,0.000,179.901,-1.828,-0.009,33
1985,-1.117,1.500,0.000,179.886,-1.818,-0.009,33
1986,-1.117,1.500,0.000,179.872,-1.807,-0.009,33
1987,-1.117,1.500,0.000,179.858,-1.797,-0.010,33
1988,-1.117,1.500,0.000,179.843,-1.786,-0.010,33
1989,-1.117,1.500,0.000,179.829,-1.776,-0.011,33
1990,-1.117,1.500,0.000,179.816,-1.766,-0.011,33
1991,-1.117,1.500,0.000,179.802,-1.756,-0.011,33
1992,-1.117,1.500,0.000,179.789,-1.747,-0.012,33
1993,-1.117,1.500,0.000,179.775,-1.737,-0.012,33
1994,-1.117,1.500,0.000,179.763,-1.727,-0.013,33
1995,-1.117,1.500,0.000,179.750,-1.718,-0.013,33
1996,-1.117,1.500,0.000,179.737,-1.708,-0.013,33
1997,-1.117,1.500,0.000,179.725,-1.699,-0.014,33
1998,-1.117,1.500,0.000,179.713,-1.690,-0.014,33
1999,-1.117,1.500,0.000,179.702,-1.681,-0.014,33
2000,-1.117,1.500,0.000,179.690,-1.672,-0.014,33
2001,-1.117,1.500,0.000,179.679,-1.663,-0.015,33
2002,-1.117,1.500,0.000,179.669,-1.654,-0.015,33
2003,-1.117,1.500,0.000,179.658,-1.646,-0.015,33
2004,-1.117,1.500,0.000,179.648,-1.637,-0.015,33
2005,-1.117,1.500,0.000,179.638,-1.629,-0.016,33
2006,-1.117,1.500,0.000,179.628,-1.620,-0.016,33
2007,-1.117,1.500,0.000,179.619,-1.612,-0.016,33
2008,-1.117,1.500,0.000,179.610,-1.604,-0.016,33
2009,-1.117,1.500,0.000,179.601,-1.596,-0.017,33
2010,-1.117,1.500,0.000,179.592,-1.588,-0.017,33
2011,-1.117,1.500,0.000,179.584,-1.580,-0.017,33
2012,-1.117,1.500,0.000,179.576,-1.572,-0.017,33
2013,-1.117,1.500,0.000,179.568,-1.565,-0.017,33
2014,-1.117,1.500,0.000,179.560,-1.557,-0.017,33
2015,-1.117,1.500,0.000,179.553,-1.549,-0.017,33
2016,-1.117,1.500,0.000,179.546,-1.542,-0.018,33
2017,-1.117,1.500,0.000,179.539,-1.535,-0.018,33
2018,-1.114,1.500,0.000,179.489,-1.544,-0.019,63
2019,-1.111,1.500,0.000,179.348,-1.550,-0.023,63
2020,-1.109,1.500,0.000,179.073,-1.552,-0.031,63
2021,-1.107,1.500,0.000,178.613,-1.551,-0.043,63
2022,-1.106,1.500,0.000,177.933,-1.548,-0.061,63
2023,-1.105,1.500,0.000,177.031,-1.546,-0.067,63
2024,-1.105,1.500,0.000,176.040,-1.535,-0.110,63
2025,-1.106,1.500,0.000,174.993,-1.526,-0.128,63
2026,-1.104,1.499,0.000,173.901,-1.524,-0.148,63
2027,-1.103,1.499,0.000,172.776,-1.520,-0.187,63
2028,-1.101,1.499,0.000,171.572,-1.516,-0.225,63
2029,-1.099,1.499,0.000,170.194,-1.514,-0.256,63
2030,-1.096,1.499,0.000,168.443,-1.510,-0.301,63
2031,-1.093,1.499,0.000,166.215,-1.503,-0.363,63
2032,-1.090,1.498,0.000,163.487,-1.490,-0.437,63
2033,-1.086,1.497,0.000,160.268,-1.472,-0.522,64
2034,-1.078,1.494,0.000,157.209,-1.474,-0.613,64
2035,-1.071,1.491,0.000,155.076,-1.474,-0.679,64
2036,-1.064,1.488,0.000,153.626,-1.480,-0.728,64
2037,-1.058,1.484,0.000,152.751,-1.492,-0.762,64
2038,-1.051,1.481,0.000,152.326,-1.501,-0.804,64
2039,-1.045,1.477,0.000,152.081,-1.531,-0.800,64
2040,-1.040,1.474,0.000,152.285,-1.550,-0.809,64
2041,-1.035,1.471,0.000,153.041,-1.579,-0.799,64
2042,-1.030,1.469,0.000,154.152,-1.612,-0.774,64
2043,-1.025,1.467,0.000,155.349,-1.644,-0.748,64
2044,-1.020,1.465,0.000,156.479,-1.674,-0.723,64
2045,-1.016,1.463,0.000,157.462,-1.701,-0.700,64
2046,-1.011,1.461,0.000,158.321,-1.721,-0.694,64
2047,-1.007,1.459,0.000,159.144,-1.752,-0.656,64
2048,-1.002,1.458,0.000,159.919,-1.767,-0.660,64
2049,-0.998,1.456,0.000,160.682,-1.790,-0.638,64
2050,-0.994,1.455,0.000,161.431,-1.821,-0.590,64
2051,-0.991,1.454,0.000,162.170,-1.824,-0.614,64
2052,-0.986,1.452,0.000,162.897,-1.861,-0.546,64
2053,-0.984,1.452,0.000,163.577,-1.864,-0.557,64
2054,-0.979,1.450,0.000,164.225,-1.882,-0.557,64
2055,-0.976,1.449,0.000,164.839,-1.914,-0.471,64
2056,-0.973,1.449,0.000,165.439,-1.910,-0.520,64
2057,-0.968,1.447,0.000,166.035,-1.941,-0.464,64
2058,-0.968,1.447,0.000,166.617,-1.941,-0.452,64
2059,-0.964,1.446,0.000,167.205,-1.956,-0.449,64
2060,-0.962,1.447,0.000,167.757,-1.966,-0.408,64
2061,-0.959,1.446,0.000,168.287,-1.974,-0.420,64
2062,-0.957,1.446,0.000,168.731,-1.983,-0.390,64
2063,-0.955,1.446,0.000,168.682,-1.989,-0.393,64
2064,-0.952,1.445,0.000,168.283,-1.992,-0.421,64
2065,-0.951,1.445,0.000,167.862,-1.991,-0.420,64
2066,-0.947,1.444,0.000,167.399,-2.002,-0.432,64
2067,-0.945,1.444,0.000,166.905,-1.999,-0.468,64
2068,-0.943,1.443,0.000,166.378,-1.998,-0.487,64
2069,-0.939,1.442,0.000,165.803,-2.010,-0.498,64
2070,-0.938,1.442,0.000,165.226,-2.001,-0.531,64
2071,-0.935,1.441,0.000,164.622,-2.010,-0.534,64
2072,-0.932,1.440,0.000,163.988,-2.004,-0.573,64
2073,-0.931,1.440,0.000,163.426,-1.996,-0.597,64
2074,-0.935,1.441,0.000,162.908,-1.971,-0.602,64
2075,-0.935,1.441,0.000,162.367,-1.964,-0.608,64
2076,-0.938,1.442,0.000,161.875,-1.927,-0.662,64
2077,-0.940,1.442,0.000,161.447,-1.923,-0.623,64
2078,-0.942,1.443,0.000,161.024,-1.896,-0.654,64
2079,-0.942,1.443,0.000,160.633,-1.890,-0.657,64
2080,-0.945,1.444,0.000,160.317,-1.870,-0.664,64
2081,-0.946,1.444,0.000,160.056,-1.857,-0.675,64
2082,-0.948,1.445,0.000,159.839,-1.847,-0.661,64
2083,-0.950,1.446,0.000,159.706,-1.822,-0.685,64
2084,-0.951,1.446,0.000,159.670,-1.826,-0.658,64
2085,-0.953,1.447,0.000,159.640,-1.812,-0.665,64
2086,-0.954,1.447,0.000,159.661,-1.801,-0.670,64
2087,-0.956,1.448,0.000,159.724,-1.798,-0.653,64
2088,-0.957,1.449,0.000,159.847,-1.791,-0.645,64
2089,-0.959,1.449,0.000,160.096,-1.784,-0.641,64
2090,-0.959,1.449,0.000,160.667,-1.787,-0.633,64
2091,-0.961,1.450,0.000,161.383,-1.787,-0.593,64
2092,-0.962,1.450,0.000,162.098,-1.784,-0.582,64
2093,-0.963,1.451,0.000,162.860,-1.792,-0.538,64
2094,-0.965,1.451,0.000,163.646,-1.780,-0.540,64
2095,-0.966,1.452,0.000,164.435,-1.790,-0.483,64
2096,-0.969,1.452,0.000,165.241,-1.777,-0.491,64
2097,-0.970,1.452,0.000,166.028,-1.783,-0.434,64
2098,-0.967,1.452,0.000,166.769,-1.794,-0.439,64
2099,-0.965,1.451,0.000,167.476,-1.811,-0.401,64
2100,-0.962,1.450,0.000,168.147,-1.830,-0.369,64
2101,-0.961,1.450,0.000,168.717,-1.831,-0.379,64
2102,-0.960,1.450,0.000,169.118,-1.841,-0.342,64
2103,-0.960,1.450,0.000,169.385,-1.840,-0.342,64
2104,-0.960,1.450,0.000,169.481,-1.837,-0.344,64
2105,-0.959,1.450,0.000,169.518,-1.841,-0.329,64
2106,-0.956,1.449,0.000,169.490,-1.848,-0.347,64
2107,-0.956,1.449,0.000,169.422,-1.849,-0.323,64
2108,-0.955,1.449,0.000,169.309,-1.841,-0.386,64
2109,-0.953,1.449,0.000,169.170,-1.860,-0.318,64
2110,-0.955,1.449,0.000,169.027,-1.848,-0.344,64
2111,-0.951,1.448,0.000,168.888,-1.854,-0.388,64
2112,-0.950,1.448,0.000,168.724,-1.869,-0.329,64
2113,-0.951,1.448,0.000,168.545,-1.845,-0.401,64
2114,-0.948,1.448,0.000,168.356,-1.857,-0.405,64
2115,-0.948,1.448,0.000,168.154,-1.866,-0.350,64
2116,-0.949,1.448,0.000,167.922,-1.843,-0.423,64
2117,-0.946,1.448,0.000,167.636,-1.861,-0.394,64
2118,-0.946,1.448,0.000,167.345,-1.859,-0.394,64
2119,-0.943,1.447,0.000,167.051,-1.857,-0.446,64
2120,-0.943,1.447,0.000,166.753,-1.865,-0.410,64
2121,-0.942,1.447,0.000,166.495,-1.847,-0.485,64
2122,-0.945,1.447,0.000,166.278,-1.848,-0.432,64
2123,-0.943,1.447,0.000,166.072,-1.851,-0.451,64
2124,-0.940,1.446,0.000,165.880,-1.857,-0.471,64
2125,-0.939,1.446,0.000,165.717,-1.862,-0.458,64
2126,-0.943,1.447,0.000,165.548,-1.840,-0.473,64
2127,-0.944,1.447,0.000,165.425,-1.833,-0.470,64
2128,-0.947,1.448,0.000,165.360,-1.808,-0.502,64
2129,-0.949,1.448,0.000,165.313,-1.812,-0.450,64
2130,-0.951,1.449,0.000,165.275,-1.793,-0.479,64
2131,-0.952,1.449,0.000,165.260,-1.790,-0.460,64
2132,-0.955,1.450,0.000,165.279,-1.777,-0.451,64
2133,-0.956,1.450,0.000,165.328,-1.769,-0.466,64
2134,-0.957,1.451,0.000,165.445,-1.768,-0.453,64
2135,-0.960,1.452,0.000,165.645,-1.762,-0.438,64
2136,-0.962,1.452,0.000,165.942,-1.754,-0.433,64
2137,-0.964,1.452,0.000,166.661,-1.752,-0.412,64
2138,-0.966,1.452,0.000,167.690,-1.748,-0.396,64
2139,-0.968,1.453,0.000,168.785,-1.753,-0.336,64
2140,-0.970,1.453,0.000,169.929,-1.747,-0.325,64
2141,-0.972,1.453,0.000,171.074,-1.752,-0.255,64
2142,-0.974,1.454,0.000,172.223,-1.741,-0.273,64
2143,-0.977,1.454,0.000,173.367,-1.744,-0.168,64
2144,-0.978,1.454,0.000,174.500,-1.741,-0.177,64
2145,-0.981,1.455,0.000,175.621,-1.732,-0.130,64
2146,-0.983,1.455,0.000,176.750,-1.728,-0.096,64
2147,-0.985,1.455,0.000,177.990,-1.723,-0.057,64
2148,-0.987,1.455,0.000,179.336,-1.716,-0.015,64
2149,-0.990,1.455,0.000,-179.246,-1.707,0.019,64
2150,-0.992,1.455,0.000,-177.764,-1.698,0.057,64
2151,-0.995,1.455,0.000,-176.225,-1.687,0.117,64
2152,-0.997,1.455,0.000,-174.596,-1.676,0.159,64
2153,-1.000,1.454,0.000,-172.906,-1.660,0.208,64
2154,-1.003,1.454,0.000,-171.132,-1.643,0.258,64
2155,-1.006,1.453,0.000,-169.245,-1.622,0.305,64
2156,-1.009,1.453,0.000,-167.363,-1.604,0.361,64
2157,-1.012,1.452,0.000,-165.429,-1.578,0.422,64
2158,-1.015,1.451,0.000,-163.520,-1.553,0.471,64
2159,-1.018,1.450,0.000,-161.550,-1.531,0.503,64
2160,-1.022,1.449,0.000,-159.449,-1.491,0.577,64
2161,-1.026,1.448,0.000,-157.340,-1.465,0.610,64
2162,-1.029,1.446,0.000,-155.217,-1.434,0.652,64
2163,-1.032,1.444,0.000,-153.084,-1.390,0.713,64
2164,-1.036,1.442,0.000,-150.972,-1.363,0.738,64
2165,-1.039,1.441,0.000,-148.879,-1.306,0.812,64
2166,-1.043,1.438,0.000,-146.801,-1.281,0.824,64
2167,-1.047,1.436,0.000,-144.717,-1.239,0.860,64
2168,-1.050,1.433,0.000,-142.642,-1.184,0.911,64
2169,-1.054,1.430,0.000,-140.585,-1.149,0.929,64
2170,-1.058,1.427,0.000,-138.554,-1.079,0.986,64
2171,-1.061,1.424,0.000,-136.577,-1.058,0.988,64
2172,-1.065,1.421,0.000,-134.639,-0.996,1.027,64
2173,-1.068,1.417,0.000,-132.718,-0.976,1.023,64
2174,-1.072,1.412,0.000,-130.793,-0.904,1.056,64
2175,-1.075,1.409,0.000,-128.971,-0.868,1.064,64
2176,-1.079,1.404,0.000,-127.324,-0.819,1.081,64
2177,-1.082,1.400,0.000,-125.799,-0.775,1.091,64
2178,-1.085,1.396,0.000,-124.352,-0.748,1.087,64
2179,-1.088,1.392,0.000,-123.040,-0.716,1.088,64
2180,-1.091,1.387,0.000,-121.803,-0.662,1.102,64
2181,-1.094,1.382,0.000,-120.601,-0.658,1.082,64
2182,-1.096,1.378,0.000,-119.419,-0.593,1.098,64
2183,-1.099,1.373,0.000,-118.253,-0.606,1.070,64
2184,-1.102,1.368,0.000,-117.123,-0.540,1.082,64
2185,-1.104,1.363,0.000,-116.025,-0.527,1.068,64
2186,-1.107,1.358,0.000,-114.944,-0.491,1.064,64
2187,-1.109,1.354,0.000,-113.877,-0.471,1.054,64
2188,-1.111,1.348,0.000,-112.803,-0.424,1.053,64
2189,-1.113,1.343,0.000,-111.720,-0.419,1.036,64
2190,-1.115,1.339,0.000,-110.730,-0.400,1.025,64
2191,-1.117,1.334,0.000,-109.926,-0.375,1.017,64
2192,-1.118,1.329,0.000,-109.364,-0.344,1.012,64
2193,-1.120,1.325,0.000,-108.865,-0.360,0.990,64
2194,-1.121,1.320,0.000,-108.387,-0.320,0.987,64
2195,-1.123,1.316,0.000,-107.936,-0.320,0.971,64
2196,-1.124,1.311,0.000,-107.549,-0.306,0.960,64
2197,-1.126,1.306,0.000,-107.198,-0.294,0.947,64
2198,-1.128,1.302,0.000,-106.904,-0.271,0.938,64
2199,-1.129,1.297,0.000,-106.604,-0.267,0.924,64
2200,-1.131,1.293,0.000,-106.321,-0.283,0.903,64
2201,-1.132,1.288,0.000,-106.074,-0.236,0.902,64
2202,-1.133,1.284,0.000,-105.859,-0.257,0.884,64
2203,-1.134,1.280,0.000,-105.670,-0.241,0.874,64
2204,-1.135,1.276,0.000,-105.490,-0.227,0.865,64
2205,-1.137,1.271,0.000,-105.389,-0.238,0.849,64
2206,-1.138,1.267,0.000,-105.302,-0.226,0.839,64
2207,-1.139,1.263,0.000,-105.196,-0.212,0.832,64
2208,-1.140,1.259,0.000,-105.100,-0.214,0.820,64
2209,-1.142,1.255,0.000,-105.116,-0.216,0.808,64
2210,-1.143,1.251,0.000,-105.196,-0.204,0.799,64
2211,-1.144,1.247,0.000,-105.288,-0.211,0.786,64
2212,-1.145,1.243,0.000,-105.445,-0.212,0.774,64
2213,-1.146,1.239,0.000,-105.667,-0.210,0.763,64
2214,-1.147,1.235,0.000,-105.916,-0.216,0.750,64
2215,-1.148,1.231,0.000,-106.231,-0.211,0.741,64
2216,-1.149,1.227,0.000,-106.562,-0.210,0.732,64
2217,-1.151,1.224,0.000,-106.903,-0.213,0.722,64
2218,-1.152,1.220,0.000,-107.247,-0.216,0.712,64
2219,-1.153,1.217,0.000,-107.588,-0.235,0.696,64
2220,-1.154,1.213,0.000,-107.916,-0.225,0.688,64
2221,-1.155,1.209,0.000,-108.229,-0.222,0.679,64
2222,-1.157,1.205,0.000,-108.534,-0.225,0.670,64
2223,-1.158,1.202,0.000,-108.826,-0.219,0.662,64
2224,-1.159,1.198,0.000,-109.085,-0.235,0.647,64
2225,-1.160,1.194,0.000,-109.292,-0.228,0.640,64
2226,-1.162,1.191,0.000,-109.473,-0.227,0.631,64
2227,-1.163,1.188,0.000,-109.637,-0.212,0.628,64
2228,-1.164,1.184,0.000,-109.791,-0.214,0.619,64
2229,-1.165,1.181,0.000,-109.930,-0.218,0.610,64
2230,-1.166,1.178,0.000,-110.059,-0.218,0.602,64
2231,-1.168,1.174,0.000,-110.182,-0.226,0.591,64
2232,-1.169,1.171,0.000,-110.298,-0.211,0.589,64
2233,-1.170,1.168,0.000,-110.394,-0.207,0.582,64
2234,-1.171,1.164,0.000,-110.469,-0.208,0.572,64
2235,-1.173,1.161,0.000,-110.525,-0.208,0.563,64
2236,-1.174,1.157,0.000,-110.555,-0.210,0.552,64
2237,-1.175,1.154,0.000,-110.537,-0.200,0.546,64
2238,-1.177,1.150,0.000,-110.531,-0.203,0.536,64
2239,-1.178,1.147,0.000,-110.559,-0.202,0.527,64
2240,-1.179,1.143,0.000,-110.579,-0.198,0.520,64
2241,-1.181,1.140,0.000,-110.593,-0.196,0.514,64
2242,-1.182,1.137,0.000,-110.604,-0.175,0.514,64
2243,-1.183,1.133,0.000,-110.621,-0.191,0.497,64
2244,-1.185,1.129,0.000,-110.621,-0.198,0.485,64
2245,-1.186,1.126,0.000,-110.652,-0.187,0.480,64
2246,-1.187,1.122,0.000,-110.660,-0.180,0.473,64
2247,-1.189,1.119,0.000,-110.653,-0.180,0.464,64
2248,-1.190,1.115,0.000,-110.640,-0.179,0.455,64
2249,-1.192,1.111,0.000,-110.623,-0.174,0.447,64
2250,-1.193,1.108,0.000,-110.604,-0.152,0.445,64
2251,-1.194,1.104,0.000,-110.635,-0.155,0.433,64
2252,-1.196,1.100,0.000,-110.649,-0.158,0.423,64
2253,-1.197,1.096,0.000,-110.653,-0.152,0.415,64
2254,-1.199,1.093,0.000,-110.653,-0.156,0.404,64
2255,-1.200,1.089,0.000,-110.651,-0.149,0.397,64
2256,-1.201,1.085,0.000,-110.636,-0.134,0.393,64
2257,-1.203,1.081,0.000,-110.624,-0.138,0.382,64
2258,-1.204,1.078,0.000,-110.617,-0.138,0.373,64
2259,-1.206,1.074,0.000,-110.615,-0.128,0.367,64
2260,-1.207,1.070,0.000,-110.614,-0.144,0.351,64
2261,-1.209,1.066,0.000,-110.681,-0.142,0.342,64
2262,-1.210,1.062,0.000,-110.744,-0.131,0.336,64
2263,-1.211,1.059,0.000,-110.793,-0.127,0.328,64
2264,-1.213,1.055,0.000,-110.831,-0.127,0.318,64
2265,-1.214,1.051,0.000,-110.862,-0.107,0.316,64
2266,-1.216,1.047,0.000,-110.890,-0.112,0.304,64
2267,-1.217,1.043,0.000,-110.918,-0.110,0.295,64
2268,-1.219,1.040,0.000,-110.948,-0.104,0.287,64
2269,-1.220,1.036,0.000,-110.978,-0.110,0.275,64
2270,-1.222,1.032,0.000,-111.011,-0.107,0.265,64
2271,-1.223,1.028,0.000,-111.044,-0.106,0.256,64
2272,-1.225,1.024,0.000,-111.096,-0.092,0.249,64
2273,-1.226,1.020,0.000,-111.212,-0.104,0.234,64
2274,-1.228,1.016,0.000,-111.303,-0.099,0.227,64
2275,-1.229,1.013,0.000,-111.389,-0.073,0.227,64
2276,-1.231,1.009,0.000,-111.464,-0.081,0.214,64
2277,-1.232,1.005,0.000,-111.527,-0.091,0.200,64
2278,-1.234,1.001,0.000,-111.591,-0.066,0.201,64
2279,-1.235,0.997,0.000,-111.661,-0.068,0.190,64
2280,-1.237,0.993,0.000,-111.708,-0.084,0.173,64
2281,-1.239,0.990,0.000,-111.737,-0.058,0.174,64
2282,-1.240,0.986,0.000,-111.753,-0.054,0.165,64
2283,-1.242,0.981,0.000,-111.733,-0.061,0.150,64
2284,-1.244,0.978,0.000,-111.732,-0.049,0.144,64
2285,-1.245,0.974,0.000,-111.716,-0.070,0.126,64
2286,-1.247,0.970,0.000,-111.704,-0.048,0.125,64
2287,-1.248,0.966,0.000,-111.698,-0.045,0.116,64
2288,-1.250,0.962,0.000,-111.708,-0.041,0.105,64
2289,-1.251,0.958,0.000,-111.724,-0.054,0.092,64
2290,-1.252,0.954,0.000,-111.743,-0.006,0.101,64
2291,-1.254,0.951,0.000,-111.772,-0.050,0.075,64
2292,-1.256,0.947,0.000,-111.826,-0.033,0.070,64
2293,-1.257,0.943,0.000,-111.899,-0.010,0.069,64
2294,-1.259,0.939,0.000,-111.975,-0.027,0.050,64
2295,-1.261,0.935,0.000,-112.051,-0.009,0.047,64
2296,-1.262,0.931,0.000,-112.089,-0.002,0.037,64
2297,-1.264,0.927,0.000,-112.156,-0.005,0.024,64
2298,-1.266,0.923,0.000,-112.264,-0.004,0.014,64
2299,-1.266,0.921,0.000,-112.405,0.009,0.020,64
2300,-1.268,0.918,0.000,-112.595,-0.008,0.006,64
2301,-1.270,0.914,0.000,-112.796,0.005,-0.001,64
2302,-1.272,0.908,0.000,-112.981,0.004,-0.021,64
2303,-1.274,0.904,0.000,-113.154,0.021,-0.024,64
2304,-1.275,0.900,0.000,-113.297,0.017,-0.036,64
2305,-1.277,0.897,0.000,-113.404,0.023,-0.043,64
2306,-1.279,0.893,0.000,-113.498,0.026,-0.052,64
2307,-1.280,0.889,0.000,-113.608,0.022,-0.063,64
2308,-1.282,0.886,0.000,-113.707,0.026,-0.071,64
2309,-1.283,0.882,0.000,-113.822,0.056,-0.067,64
2310,-1.285,0.878,0.000,-113.937,0.002,-0.100,64
2311,-1.287,0.875,0.000,-114.050,0.061,-0.082,64
2312,-1.288,0.872,0.000,-114.165,0.020,-0.109,64
2313,-1.290,0.868,0.000,-114.288,0.056,-0.103,64
2314,-1.291,0.865,0.000,-114.407,0.034,-0.122,64
2315,-1.293,0.860,0.000,-114.562,0.064,-0.120,64
2316,-1.295,0.857,0.000,-114.750,0.063,-0.128,64
2317,-1.296,0.854,0.000,-114.816,0.067,-0.135,64
2318,-1.297,0.850,0.000,-114.811,0.054,-0.149,64
2319,-1.299,0.847,0.000,-114.835,0.085,-0.144,64
2320,-1.301,0.843,0.000,-114.880,0.073,-0.159,64
2321,-1.303,0.840,0.000,-114.894,0.072,-0.169,64
2322,-1.304,0.837,0.000,-114.842,0.074,-0.177,64
2323,-1.306,0.833,0.000,-114.748,0.079,-0.184,64
2324,-1.307,0.830,0.000,-114.632,0.083,-0.192,64
2325,-1.309,0.826,0.000,-114.508,0.085,-0.200,64
2326,-1.311,0.823,0.000,-114.385,0.088,-0.208,64
2327,-1.310,0.823,0.000,-114.242,0.100,-0.192,64
2328,-1.311,0.822,0.000,-114.030,0.096,-0.190,68
2329,-1.313,0.817,0.000,-113.846,0.092,-0.209,71
2330,-1.311,0.823,0.000,-113.685,0.080,-0.176,71
2331,-1.308,0.828,0.000,-113.392,0.070,-0.142,71
2332,-1.306,0.833,0.000,-112.747,0.054,-0.112,71
2333,-1.304,0.839,0.000,-111.910,0.020,-0.089,71
2334,-1.301,0.844,0.000,-111.022,0.014,-0.053,71
2335,-1.299,0.850,0.000,-110.076,0.006,-0.020,71
2336,-1.297,0.855,0.000,-109.092,0.002,0.015,71
2337,-1.296,0.860,0.000,-108.090,-0.007,0.048,71
2338,-1.294,0.866,0.000,-107.090,-0.019,0.079,71
2339,-1.292,0.872,0.000,-106.105,-0.028,0.112,71
2340,-1.291,0.877,0.000,-105.144,-0.034,0.145,71
2341,-1.289,0.883,0.000,-104.213,-0.039,0.178,71
2342,-1.288,0.888,0.000,-103.313,-0.045,0.212,71
2343,-1.287,0.894,0.000,-102.446,-0.049,0.245,71
2344,-1.285,0.900,0.000,-101.610,-0.052,0.279,71
2345,-1.284,0.905,0.000,-100.805,-0.054,0.313,71
2346,-1.283,0.911,0.000,-100.028,-0.060,0.346,71
2347,-1.282,0.917,0.000,-99.269,-0.062,0.380,71
2348,-1.281,0.923,0.000,-98.511,-0.058,0.415,71
2349,-1.280,0.929,0.000,-97.771,-0.075,0.446,71
2350,-1.280,0.935,0.000,-97.041,-0.038,0.485,71
2351,-1.279,0.941,0.000,-96.319,-0.064,0.515,71
2352,-1.278,0.946,0.000,-95.611,-0.051,0.550,71
2353,-1.278,0.952,0.000,-94.907,-0.053,0.584,71
2354,-1.277,0.958,0.000,-94.210,-0.033,0.618,71
2355,-1.277,0.964,0.000,-93.524,-0.034,0.652,71
2356,-1.277,0.970,0.000,-92.849,-0.037,0.684,71
2357,-1.276,0.976,0.000,-92.189,-0.017,0.718,71
2358,-1.276,0.982,0.000,-91.546,-0.010,0.749,71
2359,-1.276,0.987,0.000,-90.919,-0.009,0.779,71
2360,-1.276,0.992,0.000,-90.310,-0.001,0.808,71
2361,-1.276,0.997,0.000,-89.715,-0.002,0.837,71
2362,-1.276,1.002,0.000,-89.128,0.015,0.866,71
2363,-1.276,1.007,0.000,-88.547,0.035,0.893,71
2364,-1.276,1.012,0.000,-87.974,0.030,0.920,71
2365,-1.276,1.016,0.000,-87.411,0.035,0.946,71
2366,-1.277,1.021,0.000,-86.858,0.058,0.970,71
2367,-1.277,1.025,0.000,-86.315,0.075,0.993,71
2368,-1.277,1.029,0.000,-85.780,0.061,1.018,71
2369,-1.278,1.033,0.000,-85.254,0.094,1.038,71
2370,-1.278,1.037,0.000,-84.740,0.105,1.059,71
2371,-1.278,1.040,0.000,-84.235,0.107,1.081,71
2372,-1.279,1.044,0.000,-83.737,0.132,1.099,71
2373,-1.279,1.047,0.000,-83.238,0.142,1.118,71
2374,-1.279,1.050,0.000,-82.743,0.148,1.137,71
2375,-1.280,1.053,0.000,-82.251,0.142,1.156,71
2376,-1.280,1.057,0.000,-81.743,0.164,1.172,71
2377,-1.281,1.059,0.000,-81.225,0.187,1.186,71
2378,-1.281,1.062,0.000,-80.703,0.180,1.204,71
2379,-1.281,1.065,0.000,-80.184,0.232,1.212,71
2380,-1.282,1.067,0.000,-79.665,0.215,1.231,71
2381,-1.282,1.070,0.000,-79.146,0.258,1.238,71
2382,-1.283,1.072,0.000,-78.615,0.245,1.255,71
2383,-1.283,1.074,0.000,-78.076,0.277,1.262,71
2384,-1.284,1.076,0.000,-77.501,0.272,1.276,71
2385,-1.284,1.078,0.000,-76.891,0.304,1.282,71
2386,-1.285,1.080,0.000,-76.214,0.324,1.290,71
2387,-1.286,1.082,0.000,-75.388,0.344,1.297,71
2388,-1.286,1.084,0.000,-74.446,0.348,1.307,71
2389,-1.286,1.085,0.000,-73.501,0.410,1.297,71
2390,-1.287,1.086,0.000,-72.544,0.399,1.309,71
2391,-1.287,1.088,0.000,-71.588,0.450,1.303,71
2392,-1.288,1.089,0.000,-70.601,0.450,1.312,71
2393,-1.288,1.091,0.000,-69.622,0.497,1.305,71
2394,-1.289,1.092,0.000,-68.653,0.484,1.318,71
2395,-1.289,1.093,0.000,-67.698,0.574,1.290,71
2396,-1.290,1.095,0.000,-66.751,0.540,1.316,71
2397,-1.290,1.095,0.000,-65.814,0.549,1.316,71
2398,-1.291,1.096,0.000,-64.887,0.658,1.271,71
2399,-1.292,1.098,0.000,-63.962,0.629,1.298,71
2400,-1.292,1.098,0.000,-63.044,0.594,1.319,71
2401,-1.292,1.098,0.000,-62.135,0.707,1.262,71
2402,-1.293,1.100,0.000,-61.223,0.759,1.248,71
2403,-1.293,1.101,0.000,-60.289,0.675,1.302,71
2404,-1.293,1.101,0.000,-59.327,0.687,1.293,71
2405,-1.293,1.101,0.000,-58.375,0.815,1.222,71
2406,-1.295,1.103,0.000,-57.427,0.826,1.230,71
2407,-1.295,1.104,0.000,-56.509,0.773,1.269,71
2408,-1.295,1.104,0.000,-55.599,0.851,1.217,71
2409,-1.297,1.106,0.000,-54.613,0.889,1.207,71
2410,-1.296,1.105,0.000,-53.645,0.865,1.223,71
2411,-1.297,1.106,0.000,-52.686,0.941,1.172,71
2412,-1.298,1.108,0.000,-51.697,0.917,1.203,71
2413,-1.297,1.107,0.000,-50.640,0.947,1.175,71
2414,-1.299,1.109,0.000,-49.591,1.003,1.144,71
2415,-1.299,1.108,0.000,-48.544,0.976,1.169,71
2416,-1.299,1.109,0.000,-47.477,1.047,1.112,71
2417,-1.301,1.111,0.000,-46.369,1.047,1.126,71
2418,-1.300,1.110,0.000,-45.250,1.076,1.094,71
2419,-1.302,1.112,0.000,-44.171,1.114,1.078,71
2420,-1.303,1.113,0.000,-43.073,1.125,1.076,71
2421,-1.305,1.115,0.000,-41.974,1.168,1.047,71
2422,-1.306,1.115,0.000,-40.873,1.184,1.033,71
2423,-1.308,1.117,0.000,-39.699,1.220,1.010,71
2424,-1.309,1.118,0.000,-38.207,1.256,0.976,71
2425,-1.309,1.118,0.000,-36.457,1.282,0.945,71
2426,-1.310,1.119,0.000,-34.699,1.314,0.915,71
2427,-1.310,1.119,0.000,-32.943,1.339,0.876,71
2428,-1.312,1.120,0.000,-31.253,1.379,0.837,71
2429,-1.313,1.120,0.000,-29.571,1.400,0.805,71
2430,-1.315,1.121,0.000,-27.818,1.435,0.768,71
2431,-1.316,1.122,0.000,-26.071,1.468,0.714,71
2432,-1.317,1.122,0.000,-24.326,1.485,0.693,71
2433,-1.318,1.123,0.000,-22.517,1.529,0.609,71
2434,-1.320,1.124,0.000,-20.719,1.543,0.606,71
2435,-1.321,1.124,0.000,-18.960,1.574,0.533,64
2436,-1.317,1.122,0.000,-17.279,1.568,0.496,64
2437,-1.317,1.122,0.000,-15.729,1.583,0.444,64
2438,-1.314,1.122,0.000,-14.223,1.576,0.419,64
2439,-1.311,1.121,0.000,-12.785,1.580,0.356,64
2440,-1.311,1.121,0.000,-11.425,1.589,0.325,64
2441,-1.309,1.121,0.000,-10.154,1.588,0.295,64
2442,-1.308,1.121,0.000,-8.982,1.597,0.238,64
2443,-1.306,1.121,0.000,-7.939,1.592,0.247,64
2444,-1.304,1.120,0.000,-6.959,1.594,0.187,64
2445,-1.303,1.120,0.000,-6.142,1.596,0.163,64
2446,-1.301,1.119,0.000,-5.661,1.591,0.172,64
2447,-1.301,1.119,0.000,-5.325,1.595,0.149,64
2448,-1.300,1.119,0.000,-5.124,1.598,0.147,64
2449,-1.299,1.120,0.000,-5.169,1.599,0.149,64
2450,-1.297,1.119,0.000,-5.422,1.596,0.144,64
2451,-1.298,1.119,0.000,-5.730,1.599,0.184,64
2452,-1.295,1.119,0.000,-6.056,1.596,0.161,64
2453,-1.295,1.119,0.000,-6.468,1.600,0.170,64
2454,-1.294,1.119,0.000,-7.005,1.593,0.221,64
2455,-1.294,1.119,0.000,-7.582,1.603,0.188,64
2456,-1.291,1.118,0.000,-8.212,1.590,0.236,64
2457,-1.292,1.119,0.000,-8.869,1.600,0.235,64
2458,-1.289,1.118,0.000,-9.580,1.583,0.263,64
2459,-1.289,1.118,0.000,-10.299,1.586,0.287,64
2460,-1.286,1.117,0.000,-11.017,1.571,0.313,64
2461,-1.286,1.117,0.000,-11.761,1.574,0.341,64
2462,-1.283,1.117,0.000,-12.519,1.561,0.347,64
2463,-1.283,1.117,0.000,-13.307,1.559,0.385,64
2464,-1.285,1.117,0.000,-14.090,1.570,0.400,64
2465,-1.284,1.117,0.000,-14.827,1.566,0.413,64
2466,-1.286,1.118,0.000,-15.363,1.575,0.431,64
2467,-1.287,1.118,0.000,-15.631,1.580,0.455,64
2468,-1.288,1.118,0.000,-15.816,1.590,0.455,64
2469,-1.289,1.118,0.000,-15.591,1.600,0.448,64
2470,-1.292,1.119,0.000,-15.133,1.619,0.446,64
2471,-1.292,1.119,0.000,-14.661,1.626,0.429,64
2472,-1.295,1.120,0.000,-14.169,1.650,0.403,64
2473,-1.295,1.120,0.000,-13.666,1.656,0.406,64
2474,-1.296,1.120,0.000,-13.014,1.666,0.396,64
2475,-1.297,1.120,0.000,-12.256,1.680,0.372,64
2476,-1.297,1.120,0.000,-11.404,1.690,0.344,64
2477,-1.296,1.120,0.000,-10.847,1.696,0.308,64
2478,-1.296,1.120,0.000,-10.407,1.697,0.314,64
2479,-1.293,1.119,0.000,-10.061,1.690,0.305,64
2480,-1.294,1.119,0.000,-9.763,1.699,0.296,64
2481,-1.291,1.119,0.000,-9.514,1.695,0.260,64
2482,-1.291,1.119,0.000,-9.304,1.688,0.323,64
2483,-1.291,1.119,0.000,-9.114,1.701,0.252,64
2484,-1.287,1.118,0.000,-8.947,1.684,0.276,64
2485,-1.288,1.118,0.000,-8.840,1.695,0.268,64
2486,-1.285,1.118,0.000,-8.757,1.692,0.226,64
2487,-1.286,1.118,0.000,-8.731,1.689,0.282,64
2488,-1.284,1.118,0.000,-8.735,1.696,0.229,64
2489,-1.283,1.117,0.000,-8.761,1.687,0.275,64
2490,-1.283,1.117,0.000,-8.822,1.698,0.237,64
2491,-1.281,1.117,0.000,-8.966,1.686,0.276,64
2492,-1.282,1.117,0.000,-9.157,1.698,0.252,64
2493,-1.282,1.117,0.000,-9.419,1.695,0.287,64
2494,-1.282,1.117,0.000,-9.683,1.697,0.291,68
2495,-1.287,1.118,0.000,-9.919,1.723,0.304,68
2496,-1.293,1.119,0.000,-10.100,1.753,0.311,68
2497,-1.298,1.120,0.000,-10.250,1.781,0.310,68
2498,-1.303,1.121,0.000,-10.328,1.806,0.321,68
2499,-1.308,1.122,0.000,-10.217,1.829,0.347,68
2500,-1.313,1.123,0.000,-10.077,1.857,0.335,68
2501,-1.318,1.124,0.000,-9.882,1.887,0.311,68
2502,-1.323,1.125,0.000,-9.652,1.910,0.326,68
2503,-1.328,1.125,0.000,-9.307,1.937,0.325,68
2504,-1.333,1.126,0.000,-8.723,1.965,0.309,68
2505,-1.338,1.126,0.000,-7.943,1.995,0.283,68
2506,-1.343,1.127,0.000,-7.017,2.027,0.243,68
2507,-1.348,1.128,0.000,-6.043,2.056,0.234,68
2508,-1.353,1.128,0.000,-5.059,2.088,0.162,68
2509,-1.359,1.128,0.000,-4.094,2.116,0.161,68
2510,-1.364,1.129,0.000,-3.128,2.146,0.103,68
2511,-1.369,1.129,0.000,-2.146,2.174,0.073,68
2512,-1.374,1.129,0.000,-1.133,2.202,0.042,68
2513,-1.380,1.129,0.000,-0.090,2.229,0.008,68
2514,-1.385,1.129,0.000,0.974,2.218,-0.028,68
2515,-1.391,1.129,0.000,2.057,2.186,-0.094,68
2516,-1.396,1.129,0.000,3.145,2.154,-0.112,68
2517,-1.402,1.128,0.000,4.235,2.121,-0.159,68
2518,-1.407,1.128,0.000,5.326,2.087,-0.190,68
2519,-1.413,1.127,0.000,6.429,2.055,-0.217,68
2520,-1.419,1.127,0.000,7.534,2.017,-0.288,68
2521,-1.424,1.126,0.000,8.636,1.990,-0.276,68
2522,-1.430,1.125,0.000,9.731,1.948,-0.364,68
2523,-1.435,1.124,0.000,10.817,1.924,-0.344,68
2524,-1.441,1.123,0.000,11.896,1.886,-0.396,68
2525,-1.446,1.122,0.000,12.979,1.853,-0.428,68
2526,-1.452,1.120,0.000,14.030,1.817,-0.469,68
2527,-1.458,1.118,0.000,15.086,1.785,-0.489,68
2528,-1.463,1.117,0.000,16.150,1.754,-0.510,68
2529,-1.469,1.115,0.000,17.223,1.720,-0.537,68
2530,-1.474,1.114,0.000,18.289,1.686,-0.564,68
2531,-1.479,1.112,0.000,19.333,1.654,-0.586,68
2532,-1.485,1.110,0.000,20.344,1.622,-0.607,68
2533,-1.490,1.107,0.000,21.328,1.596,-0.614,68
2534,-1.496,1.105,0.000,22.354,1.560,-0.647,68
2535,-1.502,1.103,0.000,23.370,1.533,-0.657,68
2536,-1.507,1.100,0.000,24.421,1.506,-0.668,68
2537,-1.512,1.098,0.000,25.481,1.470,-0.697,68
2538,-1.518,1.095,0.000,26.510,1.434,-0.726,68
2539,-1.523,1.093,0.000,27.512,1.417,-0.718,68
2540,-1.528,1.090,0.000,28.491,1.367,-0.770,68
2541,-1.534,1.087,0.000,29.443,1.354,-0.757,68
2542,-1.539,1.084,0.000,30.363,1.320,-0.779,68
2543,-1.544,1.081,0.000,31.217,1.290,-0.796,68
2544,-1.549,1.078,0.000,31.980,1.268,-0.798,68
2545,-1.554,1.075,0.000,32.532,1.247,-0.798,68
2546,-1.559,1.071,0.000,32.874,1.230,-0.793,68
2547,-1.564,1.068,0.000,33.189,1.211,-0.794,68
2548,-1.569,1.065,0.000,33.545,1.199,-0.784,68
2549,-1.574,1.061,0.000,33.893,1.171,-0.798,68
2550,-1.579,1.058,0.000,34.243,1.162,-0.785,68
2551,-1.584,1.055,0.000,34.622,1.148,-0.779,68
2552,-1.589,1.051,0.000,34.986,1.116,-0.800,68
2553,-1.594,1.048,0.000,35.340,1.103,-0.794,68
2554,-1.599,1.044,0.000,35.680,1.104,-0.768,68
2555,-1.604,1.041,0.000,36.022,1.075,-0.786,68
2556,-1.609,1.037,0.000,36.364,1.065,-0.782,68
2557,-1.614,1.033,0.000,36.667,1.054,-0.774,68
2558,-1.618,1.030,0.000,36.867,1.032,-0.784,68
2559,-1.623,1.026,0.000,37.097,1.032,-0.763,-1
2560,-1.624,1.026,0.000,37.335,0.989,-0.762,-1
2561,-1.624,1.025,0.000,37.436,0.957,-0.747,-1
2562,-1.626,1.024,0.000,37.384,0.937,-0.723,-1
2563,-1.626,1.024,0.000,36.922,0.928,-0.676,-1
2564,-1.628,1.023,0.000,36.404,0.891,-0.677,-1
2565,-1.632,1.019,0.000,35.864,0.895,-0.653,-1
2566,-1.637,1.015,0.000,35.512,0.895,-0.637,-1
2567,-1.642,1.012,0.000,35.391,0.885,-0.634,-1
2568,-1.647,1.008,0.000,35.669,0.872,-0.636,-1
2569,-1.652,1.005,0.000,36.334,0.859,-0.639,-1
2570,-1.656,1.001,0.000,37.187,0.843,-0.645,-1
2571,-1.661,0.998,0.000,38.079,0.825,-0.653,-1
2572,-1.666,0.994,0.000,38.955,0.815,-0.651,-1
2573,-1.670,0.990,0.000,39.774,0.801,-0.656,-1
2574,-1.675,0.986,0.000,40.520,0.785,-0.664,-1
2575,-1.679,0.982,0.000,41.225,0.760,-0.681,-1
2576,-1.683,0.979,0.000,42.007,0.744,-0.685,-1
2577,-1.688,0.975,0.000,42.733,0.736,-0.683,-1
2578,-1.692,0.971,0.000,43.394,0.732,-0.678,-1
2579,-1.697,0.966,0.000,43.970,0.716,-0.686,-1
2580,-1.701,0.962,0.000,44.476,0.702,-0.692,-1
2581,-1.705,0.958,0.000,44.861,0.689,-0.698,-1
2582,-1.709,0.954,0.000,45.177,0.682,-0.697,-1
2583,-1.714,0.949,0.000,45.463,0.677,-0.694,-1
2584,-1.718,0.945,0.000,45.730,0.680,-0.684,-1
2585,-1.722,0.941,0.000,45.977,0.656,-0.701,-1
2586,-1.726,0.937,0.000,46.174,0.655,-0.696,-1
2587,-1.730,0.932,0.000,46.356,0.671,-0.675,-1
2588,-1.734,0.928,0.000,46.537,0.634,-0.705,-1
2589,-1.738,0.924,0.000,46.716,0.669,-0.668,-1
2590,-1.743,0.919,0.000,46.891,0.633,-0.696,-1
2591,-1.747,0.915,0.000,47.042,0.639,-0.688,-1
2592,-1.751,0.910,0.000,47.160,0.635,-0.687,-1
2593,-1.755,0.906,0.000,47.266,0.629,-0.689,-1
2594,-1.759,0.901,0.000,47.366,0.625,-0.689,-1
2595,-1.763,0.897,0.000,47.465,0.630,-0.682,-1
2596,-1.767,0.893,0.000,47.560,0.617,-0.692,-1
2597,-1.771,0.888,0.000,47.677,0.616,-0.691,-1
2598,-1.775,0.884,0.000,47.777,0.620,-0.686,-1
2599,-1.779,0.879,0.000,47.875,0.625,-0.680,-1
2600,-1.783,0.875,0.000,47.972,0.609,-0.692,-1
2601,-1.787,0.870,0.000,48.069,0.611,-0.689,-1
2602,-1.791,0.866,0.000,48.159,0.616,-0.684,-1
2603,-1.795,0.861,0.000,48.244,0.617,-0.682,-1
2604,-1.799,0.857,0.000,48.325,0.600,-0.697,-1
2605,-1.804,0.852,0.000,48.367,0.617,-0.683,-1
2606,-1.807,0.848,0.000,48.380,0.605,-0.693,-1
2607,-1.812,0.843,0.000,48.360,0.604,-0.696,-1
2608,-1.816,0.839,0.000,48.335,0.625,-0.678,-1
2609,-1.820,0.834,0.000,48.306,0.601,-0.700,-1
2610,-1.824,0.830,0.000,48.269,0.610,-0.693,-1
2611,-1.828,0.825,0.000,48.232,0.629,-0.678,-1
2612,-1.832,0.821,0.000,48.196,0.603,-0.702,-1
2613,-1.835,0.817,0.000,48.157,0.623,-0.685,-1
2614,-1.839,0.812,0.000,48.082,0.615,-0.696,-1
2615,-1.844,0.807,0.000,47.943,0.622,-0.693,-1
2616,-1.847,0.803,0.000,47.826,0.629,-0.689,-1
2617,-1.852,0.799,0.000,47.739,0.635,-0.686,-1
2618,-1.856,0.794,0.000,47.685,0.622,-0.702,-1
2619,-1.860,0.790,0.000,47.605,0.636,-0.694,-1
2620,-1.864,0.785,0.000,47.526,0.648,-0.687,-1
2621,-1.868,0.781,0.000,47.466,0.626,-0.711,-1
2622,-1.872,0.776,0.000,47.395,0.644,-0.700,-1
2623,-1.876,0.772,0.000,47.325,0.653,-0.696,-1
2624,-1.880,0.768,0.000,47.313,0.641,-0.712,-1
2625,-1.884,0.763,0.000,47.330,0.655,-0.705,-1
2626,-1.888,0.759,0.000,47.353,0.652,-0.713,-1
2627,-1.892,0.754,0.000,47.311,0.669,-0.704,-1
2628,-1.897,0.750,0.000,47.290,0.665,-0.715,-1
2629,-1.901,0.745,0.000,47.278,0.655,-0.730,-1
2630,-1.905,0.741,0.000,47.238,0.667,-0.727,-1
2631,-1.909,0.736,0.000,47.195,0.676,-0.723,-1
2632,-1.913,0.732,0.000,47.073,0.670,-0.735,-1
2633,-1.917,0.728,0.000,47.022,0.678,-0.735,-1
2634,-1.921,0.723,0.000,47.037,0.693,-0.729,-1
2635,-1.925,0.719,0.000,47.068,0.674,-0.754,-1
2636,-1.929,0.714,0.000,47.085,0.698,-0.741,-1
2637,-1.934,0.710,0.000,47.083,0.705,-0.742,-1
2638,-1.938,0.705,0.000,47.090,0.693,-0.762,-1
2639,-1.942,0.701,0.000,47.087,0.706,-0.760,-1
2640,-1.946,0.697,0.000,46.894,0.714,-0.759,-1
2641,-1.950,0.693,0.000,46.580,0.712,-0.769,-1
2642,-1.954,0.688,0.000,46.300,0.732,-0.759,-1
2643,-1.958,0.684,0.000,46.018,0.726,-0.775,-1
2644,-1.962,0.679,0.000,45.729,0.746,-0.764,-1
2645,-1.967,0.675,0.000,45.504,0.745,-0.776,-1
2646,-1.971,0.671,0.000,45.370,0.757,-0.774,-1
2647,-1.975,0.667,0.000,45.347,0.762,-0.779,-1
2648,-1.979,0.662,0.000,45.473,0.765,-0.786,-1
2649,-1.984,0.658,0.000,45.677,0.769,-0.794,-1
2650,-1.988,0.654,0.000,45.952,0.770,-0.803,-1
2651,-1.992,0.649,0.000,46.248,0.771,-0.813,-1
2652,-1.996,0.645,0.000,46.540,0.772,-0.823,-1
2653,-2.000,0.641,0.000,46.817,0.774,-0.833,-1
2654,-2.004,0.636,0.000,47.078,0.776,-0.842,-1
2655,-2.008,0.632,0.000,47.328,0.791,-0.840,-1
2656,-2.012,0.627,0.000,47.595,0.791,-0.852,-1
2657,-2.016,0.623,0.000,47.828,0.776,-0.878,-1
2658,-2.021,0.618,0.000,48.029,0.787,-0.881,-1
2659,-2.025,0.614,0.000,48.198,0.793,-0.888,-1
2660,-2.029,0.609,0.000,48.353,0.804,-0.891,-1
2661,-2.033,0.605,0.000,48.505,0.787,-0.919,-1
2662,-2.037,0.600,0.000,48.643,0.815,-0.908,-1
2663,-2.041,0.596,0.000,48.762,0.799,-0.935,-1
2664,-2.045,0.591,0.000,48.880,0.831,-0.920,-1
2665,-2.048,0.587,0.000,48.988,0.817,-0.946,-1
2666,-2.052,0.582,0.000,49.092,0.827,-0.951,-1
2667,-2.056,0.578,0.000,49.205,0.839,-0.954,-1
2668,-2.060,0.573,0.000,49.284,0.840,-0.967,-1
2669,-2.064,0.569,0.000,49.356,0.836,-0.983,-1
2670,-2.069,0.563,0.000,49.511,0.844,-0.997,-1
2671,-2.073,0.559,0.000,49.604,0.857,-0.999,-1
2672,-2.077,0.554,0.000,49.681,0.858,-1.013,-1
2673,-2.081,0.549,0.000,49.756,0.868,-1.019,-1
2674,-2.085,0.545,0.000,49.798,0.865,-1.036,-1
2675,-2.088,0.540,0.000,49.817,0.871,-1.045,-1
2676,-2.092,0.536,0.000,49.813,0.882,-1.051,-1
2677,-2.096,0.531,0.000,49.804,0.897,-1.053,-1
2678,-2.100,0.527,0.000,49.793,0.898,-1.067,-1
2679,-2.104,0.522,0.000,49.736,0.910,-1.072,-1
2680,-2.108,0.517,0.000,49.759,0.927,-1.074,-1
2681,-2.112,0.512,0.000,49.836,0.910,-1.107,-1
2682,-2.116,0.508,0.000,49.958,0.943,-1.094,-1
2683,-2.120,0.503,0.000,50.089,0.939,-1.114,-1
2684,-2.124,0.499,0.000,50.209,0.944,-1.126,-1
2685,-2.128,0.494,0.000,50.257,0.950,-1.138,-1
2686,-2.132,0.489,0.000,50.242,0.960,-1.146,-1
2687,-2.135,0.485,0.000,50.203,0.967,-1.157,-1
2688,-2.139,0.480,0.000,50.148,0.974,-1.168,-1
2689,-2.143,0.475,0.000,50.027,0.981,-1.180,-1
2690,-2.147,0.471,0.000,49.909,1.000,-1.181,-1
2691,-2.151,0.466,0.000,49.848,1.015,-1.185,-1
2692,-2.155,0.461,0.000,49.807,1.021,-1.198,-1
2693,-2.159,0.457,0.000,49.774,1.020,-1.216,-1
2694,-2.163,0.452,0.000,49.743,1.044,-1.214,-1
2695,-2.166,0.448,0.000,49.712,1.032,-1.242,-1
2696,-2.170,0.443,0.000,49.685,1.047,-1.248,-1
2697,-2.174,0.438,0.000,49.648,1.070,-1.248,-1
2698,-2.178,0.434,0.000,49.599,1.070,-1.266,-1
2699,-2.182,0.430,0.000,49.547,1.086,-1.268,-1
2700,-2.185,0.426,0.000,49.415,1.105,-1.268,-1
2701,-2.189,0.421,0.000,49.286,1.092,-1.298,-1
2702,-2.194,0.416,0.000,49.131,1.138,-1.280,-1
2703,-2.198,0.412,0.000,48.965,1.122,-1.313,-1
2704,-2.201,0.407,0.000,48.818,1.154,-1.304,-1
2705,-2.205,0.403,0.000,48.752,1.161,-1.318,-1
2706,-2.209,0.398,0.000,48.718,1.171,-1.329,-1
2707,-2.213,0.394,0.000,48.686,1.168,-1.352,-1
2708,-2.217,0.389,0.000,48.631,1.186,-1.357,-1
2709,-2.221,0.385,0.000,48.568,1.202,-1.364,-1
2710,-2.225,0.380,0.000,48.537,1.207,-1.380,-1
2711,-2.229,0.375,0.000,48.506,1.224,-1.386,-1
2712,-2.233,0.371,0.000,48.481,1.246,-1.387,-1
2713,-2.237,0.366,0.000,48.470,1.245,-1.410,-1
2714,-2.241,0.362,0.000,48.444,1.262,-1.416,-1
2715,-2.245,0.357,0.000,48.363,1.261,-1.438,-1
2716,-2.250,0.353,0.000,48.267,1.277,-1.445,-1
2717,-2.254,0.348,0.000,48.227,1.294,-1.453,-1
2718,-2.258,0.344,0.000,48.236,1.303,-1.466,-1
2719,-2.262,0.339,0.000,48.261,1.328,-1.465,-1
2720,-2.266,0.335,0.000,48.302,1.330,-1.487,-1
2721,-2.270,0.330,0.000,48.355,1.337,-1.502,-1
2722,-2.274,0.326,0.000,48.399,1.340,-1.522,-1
2723,-2.278,0.321,0.000,48.445,1.370,-1.517,-1
2724,-2.282,0.317,0.000,48.491,1.358,-1.550,-1
2725,-2.286,0.312,0.000,48.534,1.386,-1.548,-1
2726,-2.290,0.308,0.000,48.576,1.371,-1.584,-1
2727,-2.294,0.303,0.000,48.617,1.416,-1.566,-1
2728,-2.297,0.299,0.000,48.673,1.398,-1.605,-1
2729,-2.301,0.294,0.000,48.741,1.424,-1.605,-1
2730,-2.305,0.290,0.000,48.846,1.430,-1.623,-1
2731,-2.309,0.285,0.000,48.930,1.421,-1.654,-1
2732,-2.313,0.281,0.000,49.009,1.459,-1.644,-1
2733,-2.317,0.276,0.000,49.068,1.443,-1.674,-1
2734,-2.321,0.272,0.000,49.116,1.455,-1.672,-1
2735,-2.325,0.267,0.000,49.132,1.444,-1.675,-1
2736,-2.329,0.263,0.000,49.205,1.433,-1.673,-1
2737,-2.333,0.258,0.000,49.223,1.429,-1.665,-1
2738,-2.337,0.254,0.000,49.195,1.425,-1.657,-1
2739,-2.341,0.249,0.000,49.150,1.424,-1.648,-1
2740,-2.345,0.244,0.000,49.111,1.421,-1.641,-1
2741,-2.349,0.240,0.000,49.089,1.414,-1.637,-1
2742,-2.353,0.235,0.000,49.054,1.408,-1.633,-1
2743,-2.357,0.231,0.000,49.024,1.418,-1.616,-1
2744,-2.361,0.226,0.000,48.994,1.399,-1.625,-1
2745,-2.365,0.222,0.000,48.940,1.407,-1.609,-1
2746,-2.369,0.217,0.000,48.916,1.404,-1.605,-1
2747,-2.373,0.213,0.000,48.899,1.396,-1.604,-1
2748,-2.376,0.208,0.000,48.883,1.386,-1.606,-1
2749,-2.380,0.204,0.000,48.869,1.405,-1.583,-1
2750,-2.384,0.199,0.000,48.856,1.389,-1.590,-1
2751,-2.388,0.195,0.000,48.841,1.383,-1.590,-1
2752,-2.392,0.190,0.000,48.829,1.379,-1.588,-1
2753,-2.396,0.186,0.000,48.821,1.393,-1.571,-1
2754,-2.400,0.181,0.000,48.914,1.384,-1.575,-1
2755,-2.404,0.176,0.000,49.032,1.359,-1.592,-1
2756,-2.408,0.172,0.000,49.151,1.384,-1.567,-1
2757,-2.412,0.167,0.000,49.277,1.360,-1.583,-1
2758,-2.416,0.163,0.000,49.417,1.357,-1.583,-1
2759,-2.420,0.158,0.000,49.558,1.359,-1.579,-1
2760,-2.424,0.153,0.000,49.601,1.356,-1.580,-1
2761,-2.428,0.149,0.000,49.590,1.338,-1.592,-1
2762,-2.432,0.144,0.000,49.579,1.361,-1.571,-1
2763,-2.436,0.140,0.000,49.521,1.354,-1.575,-1
2764,-2.440,0.135,0.000,49.474,1.348,-1.579,-1
2765,-2.443,0.131,0.000,49.460,1.347,-1.579,-1
2766,-2.448,0.126,0.000,49.425,1.352,-1.575,-1
2767,-2.451,0.121,0.000,49.368,1.346,-1.580,-1
2768,-2.455,0.117,0.000,49.368,1.348,-1.578,-1
2769,-2.459,0.112,0.000,49.355,1.351,-1.575,-1
2770,-2.463,0.108,0.000,49.368,1.358,-1.570,-1
2771,-2.467,0.103,0.000,49.379,1.352,-1.576,-1
2772,-2.471,0.098,0.000,49.389,1.365,-1.566,-1
2773,-2.475,0.094,0.000,49.403,1.349,-1.582,-1
2774,-2.479,0.089,0.000,49.377,1.352,-1.582,-1
2775,-2.483,0.085,0.000,49.314,1.361,-1.576,-1
2776,-2.487,0.080,0.000,49.242,1.352,-1.586,-1
2777,-2.491,0.076,0.000,49.156,1.378,-1.566,-1
2778,-2.495,0.071,0.000,49.074,1.357,-1.589,-1
2779,-2.499,0.066,0.000,49.036,1.373,-1.578,-1
2780,-2.502,0.062,0.000,49.013,1.389,-1.566,-1
2781,-2.506,0.058,0.000,49.000,1.368,-1.589,-1
2782,-2.511,0.053,0.000,48.917,1.372,-1.592,-1
2783,-2.514,0.048,0.000,48.835,1.400,-1.572,-1
2784,-2.519,0.044,0.000,48.756,1.372,-1.602,-1
2785,-2.523,0.039,0.000,48.662,1.402,-1.582,-1
2786,-2.527,0.034,0.000,48.563,1.397,-1.593,-1
2787,-2.531,0.030,0.000,48.423,1.399,-1.597,-1
2788,-2.535,0.025,0.000,48.303,1.411,-1.592,-1
2789,-2.539,0.021,0.000,48.223,1.419,-1.591,-1
2790,-2.543,0.016,0.000,48.199,1.421,-1.596,-1
2791,-2.547,0.012,0.000,48.196,1.435,-1.590,-1
2792,-2.551,0.007,0.000,48.211,1.431,-1.602,-1
2793,-2.555,0.003,0.000,48.212,1.436,-1.606,-1
2794,-2.559,-0.002,0.000,48.207,1.435,-1.614,-1
2795,-2.563,-0.006,0.000,48.233,1.437,-1.620,-1
2796,-2.567,-0.011,0.000,48.241,1.442,-1.623,-1
2797,-2.571,-0.015,0.000,48.250,1.447,-1.627,-1
2798,-2.575,-0.020,0.000,48.285,1.450,-1.634,-1
2799,-2.579,-0.024,0.000,48.327,1.463,-1.631,-1
2800,-2.583,-0.028,0.000,48.367,1.454,-1.648,-1
2801,-2.587,-0.033,0.000,48.406,1.473,-1.640,-1
2802,-2.591,-0.037,0.000,48.412,1.470,-1.643,-1
2803,-2.595,-0.042,0.000,48.424,1.451,-1.640,-1
2804,-2.599,-0.046,0.000,48.436,1.443,-1.628,-1
2805,-2.603,-0.051,0.000,48.446,1.429,-1.621,-1
2806,-2.607,-0.055,0.000,48.455,1.433,-1.599,-1
2807,-2.611,-0.060,0.000,48.462,1.404,-1.607,-1
2808,-2.615,-0.064,0.000,48.457,1.413,-1.582,-1
2809,-2.619,-0.069,0.000,48.442,1.406,-1.572,-1
2810,-2.623,-0.073,0.000,48.425,1.380,-1.579,-1
2811,-2.627,-0.078,0.000,48.479,1.379,-1.564,-1
2812,-2.631,-0.082,0.000,48.521,1.374,-1.553,-1
2813,-2.635,-0.087,0.000,48.459,1.371,-1.541,-1
2814,-2.639,-0.091,0.000,48.366,1.354,-1.540,-1
2815,-2.642,-0.095,0.000,48.280,1.359,-1.519,-1
2816,-2.646,-0.100,0.000,48.222,1.339,-1.523,-1
2817,-2.651,-0.105,0.000,48.136,1.367,-1.489,-1
2818,-2.655,-0.110,0.000,48.031,1.341,-1.502,-1
2819,-2.659,-0.114,0.000,47.940,1.348,-1.484,-1
2820,-2.663,-0.119,0.000,47.866,1.336,-1.483,-1
2821,-2.668,-0.123,0.000,47.737,1.328,-1.478,-1
2822,-2.672,-0.128,0.000,47.651,1.328,-1.467,-1
2823,-2.676,-0.132,0.000,47.633,1.326,-1.457,-1
2824,-2.679,-0.136,0.000,47.760,1.314,-1.454,-1
2825,-2.683,-0.140,0.000,48.091,1.311,-1.442,-1
2826,-2.686,-0.144,0.000,48.517,1.288,-1.445,-1
2827,-2.689,-0.147,0.000,49.185,1.259,-1.453,-1
2828,-2.692,-0.151,0.000,50.040,1.224,-1.467,-1
2829,-2.695,-0.154,0.000,50.993,1.188,-1.480,-1
2830,-2.698,-0.158,0.000,51.895,1.160,-1.488,-1
2831,-2.701,-0.162,0.000,52.681,1.134,-1.494,-1
2832,-2.704,-0.166,0.000,53.347,1.110,-1.499,-1
2833,-2.707,-0.170,0.000,53.840,1.091,-1.502,-1
2834,-2.710,-0.174,0.000,54.164,1.077,-1.500,-1
2835,-2.713,-0.178,0.000,54.389,1.067,-1.498,-1
2836,-2.716,-0.182,0.000,54.557,1.057,-1.494,-1
2837,-2.719,-0.187,0.000,54.719,1.048,-1.491,-1
2838,-2.722,-0.191,0.000,54.914,1.039,-1.488,-1
2839,-2.725,-0.195,0.000,55.135,1.035,-1.481,-1
2840,-2.727,-0.199,0.000,55.366,1.016,-1.485,-1
2841,-2.730,-0.203,0.000,55.654,1.021,-1.473,-1
2842,-2.733,-0.207,0.000,56.044,1.001,-1.478,-1
2843,-2.736,-0.211,0.000,56.429,0.986,-1.480,-1
2844,-2.739,-0.216,0.000,56.810,0.975,-1.479,-1
2845,-2.741,-0.220,0.000,57.148,0.963,-1.479,-1
2846,-2.744,-0.224,0.000,57.403,0.953,-1.480,-1
2847,-2.747,-0.229,0.000,57.621,0.935,-1.486,-1
2848,-2.750,-0.233,0.000,57.815,0.932,-1.482,-1
2849,-2.753,-0.237,0.000,58.001,0.926,-1.480,-1
2850,-2.756,-0.242,0.000,58.159,0.909,-1.487,-1
2851,-2.758,-0.246,0.000,58.291,0.927,-1.471,-1
2852,-2.761,-0.251,0.000,58.429,0.890,-1.491,-1
2853,-2.764,-0.256,0.000,58.565,0.908,-1.478,-1
2854,-2.767,-0.260,0.000,58.678,0.899,-1.479,-1
2855,-2.770,-0.265,0.000,58.748,0.900,-1.477,-1
2856,-2.772,-0.270,0.000,58.803,0.908,-1.469,-1
2857,-2.775,-0.274,0.000,58.831,0.896,-1.475,-1
2858,-2.779,-0.279,0.000,58.774,0.895,-1.475,-1
2859,-2.782,-0.284,0.000,58.518,0.906,-1.468,-1
2860,-2.785,-0.289,0.000,57.930,0.919,-1.460,-1
2861,-2.784,-0.288,0.000,57.222,0.915,-1.431,-1
2862,-2.785,-0.290,0.000,56.425,0.919,-1.410,-1
2863,-2.789,-0.295,0.000,55.543,0.966,-1.381,-1
2864,-2.792,-0.300,0.000,54.630,0.965,-1.383,-1
2865,-2.796,-0.305,0.000,53.682,0.996,-1.363,-1
2866,-2.799,-0.310,0.000,52.708,1.034,-1.336,-1
2867,-2.803,-0.314,0.000,51.779,1.055,-1.323,-1
2868,-2.807,-0.319,0.000,50.877,1.071,-1.312,-1
2869,-2.810,-0.323,0.000,50.110,1.090,-1.298,-1
2870,-2.813,-0.327,0.000,49.721,1.101,-1.289,-1
2871,-2.817,-0.331,0.000,49.770,1.099,-1.290,-1
2872,-2.820,-0.335,0.000,50.129,1.091,-1.298,-1
2873,-2.824,-0.339,0.000,50.654,1.079,-1.308,-1
2874,-2.827,-0.343,0.000,51.280,1.062,-1.325,-1
2875,-2.830,-0.348,0.000,51.930,1.055,-1.332,-1
2876,-2.834,-0.352,0.000,52.580,1.031,-1.354,-1
2877,-2.837,-0.356,0.000,53.240,1.026,-1.361,-1
2878,-2.840,-0.361,0.000,53.913,1.000,-1.383,-1
2879,-2.844,-0.365,0.000,54.561,0.984,-1.398,-1
2880,-2.847,-0.370,0.000,55.163,0.990,-1.398,-1
2881,-2.850,-0.375,0.000,55.738,0.975,-1.413,-1
2882,-2.854,-0.380,0.000,56.264,0.944,-1.442,-1
2883,-2.857,-0.384,0.000,56.762,0.966,-1.431,-1
2884,-2.860,-0.390,0.000,57.249,0.916,-1.472,-1
2885,-2.863,-0.395,0.000,57.722,0.938,-1.464,-1
2886,-2.866,-0.399,0.000,58.158,0.904,-1.491,-1
2887,-2.869,-0.404,0.000,58.569,0.933,-1.479,-1
2888,-2.872,-0.409,0.000,58.962,0.897,-1.507,-1
2889,-2.876,-0.414,0.000,59.280,0.909,-1.509,-1
2890,-2.878,-0.419,0.000,59.554,0.906,-1.516,-1
2891,-2.882,-0.425,0.000,59.730,0.898,-1.533,-1
2892,-2.885,-0.430,0.000,59.739,0.900,-1.540,-1
2893,-2.889,-0.435,0.000,59.431,0.911,-1.542,-1
2894,-2.891,-0.440,0.000,58.950,0.933,-1.533,-1
2895,-2.895,-0.445,0.000,58.498,0.941,-1.538,-1
2896,-2.897,-0.450,0.000,58.072,0.971,-1.526,-1
2897,-2.901,-0.455,0.000,57.650,0.972,-1.533,-1
2898,-2.904,-0.460,0.000,57.130,0.990,-1.530,-1
2899,-2.907,-0.464,0.000,56.389,1.019,-1.519,-1
2900,-2.910,-0.469,0.000,55.492,1.044,-1.511,-1
2901,-2.914,-0.474,0.000,54.598,1.067,-1.504,-1
2902,-2.917,-0.479,0.000,53.723,1.090,-1.496,-1
2903,-2.921,-0.484,0.000,52.822,1.129,-1.478,-1
2904,-2.925,-0.488,0.000,51.901,1.141,-1.480,-1
2905,-2.928,-0.493,0.000,50.940,1.198,-1.442,-1
2906,-2.931,-0.497,0.000,49.991,1.187,-1.459,-1
2907,-2.933,-0.499,0.000,49.023,1.243,-1.404,-1
2908,-2.933,-0.499,0.000,48.083,1.225,-1.399,-1
2909,-2.932,-0.497,0.000,47.204,1.247,-1.339,-1
2910,-2.932,-0.498,0.000,46.385,1.252,-1.316,-1
2911,-2.934,-0.500,0.000,45.524,1.275,-1.286,-1
2912,-2.935,-0.500,0.000,44.662,1.260,-1.283,-1
2913,-2.937,-0.502,0.000,43.804,1.300,-1.229,-1
2914,-2.937,-0.502,0.000,42.934,1.286,-1.219,-1
2915,-2.938,-0.504,0.000,42.018,1.316,-1.176,-1
2916,-2.939,-0.504,0.000,40.984,1.312,-1.155,-1
2917,-2.940,-0.505,0.000,39.984,1.333,-1.122,-1
2918,-2.940,-0.505,0.000,38.974,1.341,-1.083,-1
2919,-2.942,-0.507,0.000,37.899,1.364,-1.041,-1
2920,-2.943,-0.507,0.000,36.794,1.357,-1.032,-1
2921,-2.946,-0.510,0.000,35.660,1.380,-1.003,-1
2922,-2.949,-0.512,0.000,34.518,1.416,-0.951,-1
2923,-2.951,-0.513,0.000,33.361,1.405,-0.954,-1
2924,-2.952,-0.514,0.000,32.216,1.433,-0.891,-1
2925,-2.949,-0.512,0.000,31.147,1.412,-0.864,-1
2926,-2.948,-0.512,0.000,30.184,1.407,-0.832,-1
2927,-2.946,-0.510,0.000,29.266,1.407,-0.773,-1
2928,-2.947,-0.511,0.000,28.352,1.393,-0.775,-1
2929,-2.948,-0.512,0.000,27.450,1.409,-0.728,-1
2930,-2.948,-0.512,0.000,26.492,1.400,-0.711,-1
2931,-2.946,-0.510,0.000,25.576,1.388,-0.671,-1
2932,-2.946,-0.511,0.000,24.713,1.393,-0.623,-1
2933,-2.946,-0.511,0.000,23.908,1.382,-0.615,-1
2934,-2.947,-0.511,0.000,23.031,1.382,-0.586,-1
2935,-2.946,-0.510,0.000,22.299,1.375,-0.554,-1
2936,-2.947,-0.511,0.000,21.739,1.362,-0.558,-1
2937,-2.944,-0.510,0.000,21.250,1.343,-0.533,-1
2938,-2.944,-0.510,0.000,20.826,1.342,-0.490,-1
2939,-2.942,-0.509,0.000,20.437,1.315,-0.499,-1
2940,-2.941,-0.508,0.000,20.091,1.308,-0.462,-1
2941,-2.941,-0.508,0.000,19.720,1.284,-0.486,-1
2942,-2.942,-0.509,0.000,19.320,1.296,-0.423,-1
2943,-2.943,-0.509,0.000,18.876,1.274,-0.451,-1
2944,-2.943,-0.509,0.000,18.373,1.280,-0.398,-1
2945,-2.944,-0.510,0.000,17.849,1.265,-0.421,-1
2946,-2.946,-0.510,0.000,17.316,1.275,-0.380,-1
2947,-2.950,-0.511,0.000,16.756,1.269,-0.407,-1
2948,-2.953,-0.512,0.000,16.211,1.284,-0.366,-1
2949,-2.956,-0.513,0.000,15.687,1.289,-0.367,-1
2950,-2.959,-0.514,0.000,15.209,1.288,-0.365,-1
2951,-2.962,-0.515,0.000,14.797,1.301,-0.324,-1
2952,-2.964,-0.516,0.000,14.449,1.296,-0.336,-1
2953,-2.966,-0.516,0.000,14.312,1.290,-0.336,-1
2954,-2.966,-0.516,0.000,14.476,1.281,-0.321,-1
2955,-2.966,-0.516,0.000,14.775,1.266,-0.335,-1
2956,-2.966,-0.516,0.000,15.139,1.255,-0.336,-1
2957,-2.968,-0.517,0.000,15.596,1.251,-0.339,-1
2958,-2.970,-0.517,0.000,16.245,1.236,-0.375,-1
2959,-2.971,-0.518,0.000,17.053,1.226,-0.383,-1
2960,-2.973,-0.519,0.000,17.979,1.218,-0.396,-1
2961,-2.976,-0.520,0.000,19.259,1.214,-0.429,-1
2962,-2.981,-0.522,0.000,21.100,1.210,-0.474,-1
2963,-2.986,-0.525,0.000,23.355,1.202,-0.525,-1
2964,-2.990,-0.527,0.000,25.932,1.188,-0.577,-1
2965,-2.993,-0.528,0.000,28.567,1.158,-0.643,-1
2966,-2.996,-0.530,0.000,31.223,1.136,-0.683,-1
2967,-2.998,-0.531,0.000,33.879,1.089,-0.754,-1
2968,-3.000,-0.533,0.000,36.542,1.069,-0.785,-1
2969,-3.002,-0.534,0.000,39.598,1.025,-0.840,-1
2970,-3.004,-0.536,0.000,43.109,0.962,-0.913,-1
2971,-3.006,-0.538,0.000,46.463,0.915,-0.963,-1
2972,-3.008,-0.540,0.000,49.378,0.865,-1.011,-1
2973,-3.011,-0.544,0.000,52.000,0.819,-1.063,-1
2974,-3.015,-0.549,0.000,54.381,0.799,-1.099,-1
2975,-3.018,-0.553,0.000,56.383,0.759,-1.140,-1
2976,-3.019,-0.556,0.000,57.985,0.728,-1.161,-1
2977,-3.019,-0.555,0.000,59.482,0.690,-1.171,-1
2978,-3.020,-0.558,0.000,60.887,0.649,-1.195,-1
2979,-3.024,-0.563,0.000,62.132,0.654,-1.210,-1
2980,-3.026,-0.569,0.000,63.254,0.611,-1.249,-1
2981,-3.028,-0.574,0.000,64.310,0.602,-1.268,-1
2982,-3.029,-0.576,0.000,65.302,0.588,-1.273,-1
2983,-3.029,-0.576,0.000,66.114,0.570,-1.270,-1
2984,-3.032,-0.580,0.000,66.698,0.555,-1.287,-1
2985,-3.033,-0.584,0.000,67.218,0.529,-1.308,-1
2986,-3.036,-0.591,0.000,67.715,0.547,-1.324,-1
2987,-3.037,-0.594,0.000,68.177,0.528,-1.337,-1
2988,-3.039,-0.599,0.000,68.614,0.514,-1.353,-1
2989,-3.040,-0.601,0.000,68.979,0.540,-1.341,-1
2990,-3.041,-0.604,0.000,69.302,0.490,-1.365,-1
2991,-3.041,-0.604,0.000,69.598,0.505,-1.350,-1
2992,-3.042,-0.607,0.000,69.843,0.482,-1.360,-1
2993,-3.042,-0.608,0.000,70.052,0.498,-1.348,-1
2994,-3.044,-0.612,0.000,70.203,0.470,-1.364,-1
2995,-3.045,-0.615,0.000,70.320,0.511,-1.351,-1
2996,-3.046,-0.618,0.000,70.400,0.473,-1.368,-1
2997,-3.047,-0.621,0.000,70.431,0.485,-1.364,-1
2998,-3.048,-0.622,0.000,70.324,0.484,-1.358,-1
2999,-3.049,-0.625,0.000,70.055,0.480,-1.361,-1
3000,-3.049,-0.628,0.000,69.746,0.504,-1.351,-1
3001,-3.050,-0.630,0.000,69.358,0.500,-1.352,-1
3002,-3.052,-0.633,0.000,68.805,0.529,-1.344,-1
3003,-3.053,-0.636,0.000,67.754,0.550,-1.336,-1
3004,-3.054,-0.638,0.000,66.276,0.568,-1.328,-1
3005,-3.055,-0.641,0.000,64.685,0.610,-1.310,-1
3006,-3.056,-0.644,0.000,62.807,0.658,-1.286,-1
3007,-3.057,-0.646,0.000,60.476,0.707,-1.258,-1
3008,-3.059,-0.648,0.000,57.345,0.774,-1.219,-1
3009,-3.060,-0.650,0.000,53.909,0.856,-1.162,-1
3010,-3.062,-0.653,0.000,50.487,0.915,-1.122,-1
3011,-3.065,-0.656,0.000,46.976,0.991,-1.063,-1
3012,-3.067,-0.658,0.000,43.473,1.053,-1.007,-1
3013,-3.071,-0.661,0.000,39.983,1.132,-0.931,-1
3014,-3.074,-0.664,0.000,36.548,1.182,-0.882,-1
3015,-3.079,-0.667,0.000,33.175,1.247,-0.812,-1
3016,-3.082,-0.669,0.000,29.945,1.299,-0.742,-1
3017,-3.087,-0.672,0.000,27.045,1.340,-0.690,-1
3018,-3.091,-0.674,0.000,24.211,1.388,-0.617,-1
3019,-3.097,-0.676,0.000,21.484,1.434,-0.549,-1
3020,-3.103,-0.679,0.000,18.858,1.471,-0.500,-1
3021,-3.109,-0.680,0.000,16.467,1.506,-0.443,-1
3022,-3.114,-0.682,0.000,14.430,1.530,-0.402,-1
3023,-3.120,-0.683,0.000,12.543,1.560,-0.344,-1
3024,-3.126,-0.685,0.000,10.747,1.588,-0.293,-1
3025,-3.130,-0.685,0.000,9.029,1.603,-0.264,-1
3026,-3.136,-0.686,0.000,7.352,1.627,-0.192,-1
3027,-3.141,-0.687,0.000,5.716,1.644,-0.161,-1
3028,-3.146,-0.687,0.000,4.169,1.658,-0.122,-1
3029,-3.151,-0.687,0.000,2.770,1.673,-0.076,-1
3030,-3.156,-0.687,0.000,1.569,1.685,-0.054,-1
3031,-3.161,-0.687,0.000,0.540,1.697,-0.025,-1
3032,-3.166,-0.687,0.000,-0.319,1.709,0.007,-1
3033,-3.170,-0.687,0.000,-1.058,1.717,0.030,-1
3034,-3.175,-0.687,0.000,-1.691,1.728,0.051,-1
3035,-3.178,-0.687,0.000,-2.222,1.733,0.066,-1
3036,-3.183,-0.687,0.000,-2.684,1.742,0.089,-1
3037,-3.188,-0.687,0.000,-3.088,1.755,0.103,-1
3038,-3.192,-0.687,0.000,-3.446,1.760,0.102,-1
3039,-3.196,-0.686,0.000,-3.742,1.766,0.125,-1
3040,-3.200,-0.686,0.000,-3.928,1.774,0.130,-1
3041,-3.204,-0.686,0.000,-3.950,1.785,0.107,-1
3042,-3.207,-0.686,0.000,-3.917,1.790,0.144,-1
3043,-3.212,-0.685,0.000,-3.860,1.801,0.119,-1
3044,-3.215,-0.685,0.000,-3.765,1.806,0.119,-1
3045,-3.219,-0.685,0.000,-3.600,1.815,0.124,-1
3046,-3.223,-0.685,0.000,-3.321,1.825,0.116,-1
3047,-3.227,-0.685,0.000,-2.920,1.836,0.076,-1
3048,-3.231,-0.685,0.000,-2.484,1.843,0.082,-1
3049,-3.234,-0.685,0.000,-1.947,1.850,0.058,-1
3050,-3.239,-0.684,0.000,-1.341,1.861,0.048,-1
3051,-3.242,-0.684,0.000,-0.668,1.867,0.012,-1
3052,-3.246,-0.684,0.000,0.064,1.877,0.018,-1
3053,-3.250,-0.684,0.000,0.814,1.882,-0.035,-1
3054,-3.249,-0.684,0.000,1.522,1.869,-0.031,-1
3055,-3.248,-0.684,0.000,2.165,1.855,-0.069,-1
3056,-3.250,-0.684,0.000,2.715,1.854,-0.092,-1
3057,-3.247,-0.684,0.000,3.173,1.833,-0.106,-1
3058,-3.249,-0.684,0.000,3.556,1.831,-0.128,-1
3059,-3.254,-0.685,0.000,3.913,1.847,-0.113,-1
3060,-3.258,-0.685,0.000,4.287,1.851,-0.147,-1
3061,-3.256,-0.685,0.000,4.621,1.839,-0.130,-1
3062,-3.257,-0.685,0.000,4.907,1.829,-0.182,-1
3063,-3.262,-0.685,0.000,5.209,1.845,-0.142,-1
3064,-3.266,-0.686,0.000,5.540,1.850,-0.190,-1
3065,-3.264,-0.686,0.000,5.844,1.838,-0.169,-1
3066,-3.266,-0.686,0.000,6.092,1.831,-0.214,-1
3067,-3.271,-0.686,0.000,6.315,1.848,-0.182,-1
3068,-3.275,-0.687,0.000,6.565,1.854,-0.225,-1
3069,-3.275,-0.687,0.000,6.862,1.847,-0.222,-1
3070,-3.276,-0.687,0.000,7.242,1.844,-0.216,-1
3071,-3.276,-0.687,0.000,7.689,1.828,-0.275,-1
3072,-3.280,-0.688,0.000,8.175,1.845,-0.252,-1
3073,-3.285,-0.688,0.000,8.684,1.854,-0.277,-1
3074,-3.289,-0.689,0.000,9.373,1.862,-0.305,-1
3075,-3.289,-0.689,0.000,10.273,1.848,-0.351,-1
3076,-3.289,-0.689,0.000,11.244,1.841,-0.347,-1
3077,-3.289,-0.689,0.000,12.240,1.819,-0.419,-1
3078,-3.294,-0.690,0.000,13.264,1.832,-0.422,-1
3079,-3.299,-0.691,0.000,14.432,1.836,-0.465,-1
3080,-3.303,-0.692,0.000,15.870,1.831,-0.538,-1
3081,-3.304,-0.692,0.000,17.347,1.817,-0.568,-1
3082,-3.305,-0.693,0.000,18.949,1.798,-0.617,-1
3083,-3.305,-0.693,0.000,20.710,1.772,-0.678,-1
3084,-3.306,-0.694,0.000,22.927,1.743,-0.746,-1
3085,-3.307,-0.695,0.000,25.823,1.705,-0.830,-1
3086,-3.310,-0.696,0.000,29.274,1.660,-0.925,-1
3087,-3.312,-0.697,0.000,32.926,1.603,-1.028,-1
3088,-3.314,-0.699,0.000,37.048,1.527,-1.145,-1
3089,-3.316,-0.701,0.000,41.306,1.442,-1.261,-1
3090,-3.319,-0.703,0.000,45.433,1.342,-1.379,-1
3091,-3.321,-0.706,0.000,49.478,1.263,-1.464,-1
3092,-3.323,-0.708,0.000,53.438,1.142,-1.572,-1
3093,-3.325,-0.712,0.000,57.383,1.069,-1.636,-1
3094,-3.327,-0.715,0.000,61.292,0.945,-1.720,-1
3095,-3.329,-0.718,0.000,65.123,0.829,-1.790,-1
3096,-3.330,-0.722,0.000,68.814,0.720,-1.850,-1
3097,-3.331,-0.725,0.000,72.335,0.604,-1.903,-1
3098,-3.333,-0.729,0.000,75.694,0.502,-1.946,-1
3099,-3.334,-0.734,0.000,78.613,0.405,-1.982,-1
3100,-3.335,-0.737,0.000,81.206,0.317,-2.010,-1
3101,-3.335,-0.741,0.000,83.614,0.216,-2.034,-1
3102,-3.335,-0.744,0.000,85.947,0.135,-2.050,-1
3103,-3.335,-0.747,0.000,88.167,0.063,-2.060,-1
3104,-3.335,-0.750,0.000,90.277,-0.013,-2.068,-1
3105,-3.335,-0.753,0.000,92.300,-0.076,-2.074,-1
3106,-3.335,-0.756,0.000,94.211,-0.147,-2.078,-1
3107,-3.335,-0.758,0.000,96.025,-0.231,-2.077,-1
3108,-3.334,-0.761,0.000,97.810,-0.272,-2.080,-1
3109,-3.334,-0.763,0.000,99.572,-0.340,-2.074,-1
3110,-3.333,-0.766,0.000,101.290,-0.416,-2.068,-1
3111,-3.333,-0.768,0.000,102.912,-0.465,-2.059,-1
3112,-3.332,-0.769,0.000,104.337,-0.514,-2.045,-1
3113,-3.333,-0.769,0.000,105.534,-0.582,-2.023,-1
3114,-3.332,-0.771,0.000,106.690,-0.605,-2.018,-1
3115,-3.332,-0.770,0.000,107.799,-0.641,-1.996,-1
3116,-3.331,-0.772,0.000,108.796,-0.675,-1.991,-1
3117,-3.331,-0.773,0.000,109.527,-0.695,-1.982,-1
3118,-3.330,-0.774,0.000,109.764,-0.708,-1.975,-1
3119,-3.330,-0.774,0.000,109.779,-0.709,-1.969,-1
3120,-3.330,-0.774,0.000,109.772,-0.695,-1.969,-1
3121,-3.330,-0.775,0.000,109.825,-0.703,-1.963,-1
3122,-3.330,-0.773,0.000,110.020,-0.725,-1.940,-1
3123,-3.331,-0.771,0.000,110.316,-0.704,-1.929,-1
3124,-3.332,-0.768,0.000,110.796,-0.740,-1.899,-1
3125,-3.333,-0.767,0.000,111.298,-0.713,-1.895,-1
3126,-3.333,-0.765,0.000,111.813,-0.759,-1.864,-1
3127,-3.335,-0.763,0.000,112.337,-0.752,-1.848,-1
3128,-3.335,-0.762,0.000,112.989,-0.785,-1.825,-1
3129,-3.336,-0.761,0.000,113.907,-0.804,-1.802,-1
3130,-3.336,-0.759,0.000,115.127,-0.818,-1.782,-1
3131,-3.337,-0.758,0.000,116.364,-0.886,-1.736,-1
3132,-3.338,-0.756,0.000,117.643,-0.874,-1.726,-1
3133,-3.339,-0.753,0.000,118.951,-0.959,-1.661,-1
3134,-3.340,-0.752,0.000,120.261,-0.949,-1.652,-1
3135,-3.342,-0.749,0.000,121.555,-0.993,-1.605,-1
3136,-3.343,-0.747,0.000,122.983,-1.020,-1.568,-1
3137,-3.345,-0.744,0.000,124.840,-1.062,-1.520,-1
3138,-3.346,-0.743,0.000,126.966,-1.096,-1.480,-1
3139,-3.348,-0.740,0.000,129.169,-1.157,-1.410,-1
3140,-3.350,-0.737,0.000,131.363,-1.191,-1.356,-1
3141,-3.352,-0.735,0.000,133.544,-1.235,-1.294,-1
3142,-3.355,-0.732,0.000,135.737,-1.275,-1.222,-1
3143,-3.358,-0.730,0.000,137.882,-1.283,-1.188,-1
3144,-3.360,-0.727,0.000,139.993,-1.338,-1.097,-1
3145,-3.363,-0.725,0.000,142.088,-1.335,-1.072,-1
3146,-3.367,-0.722,0.000,144.188,-1.389,-0.961,-1
3147,-3.370,-0.720,0.000,146.293,-1.378,-0.945,-1
3148,-3.374,-0.717,0.000,148.379,-1.396,-0.874,-1
3149,-3.378,-0.715,0.000,150.424,-1.425,-0.789,-1
3150,-3.382,-0.713,0.000,152.425,-1.410,-0.769,-1
3151,-3.386,-0.711,0.000,154.367,-1.444,-0.651,-1
3152,-3.390,-0.709,0.000,156.255,-1.422,-0.644,-1
3153,-3.395,-0.707,0.000,158.103,-1.435,-0.553,-1
3154,-3.399,-0.705,0.000,159.896,-1.422,-0.529,-1
3155,-3.404,-0.703,0.000,161.657,-1.423,-0.451,-1
3156,-3.409,-0.702,0.000,163.421,-1.407,-0.421,-1
3157,-3.414,-0.700,0.000,165.201,-1.396,-0.378,-1
3158,-3.419,-0.699,0.000,166.971,-1.385,-0.317,-1
3159,-3.424,-0.698,0.000,168.709,-1.369,-0.277,-1
3160,-3.429,-0.697,0.000,170.457,-1.356,-0.220,-1
3161,-3.435,-0.696,0.000,172.225,-1.338,-0.173,-1
3162,-3.440,-0.695,0.000,173.987,-1.316,-0.153,-1
3163,-3.446,-0.695,0.000,175.734,-1.298,-0.078,-1
3164,-3.451,-0.695,0.000,177.464,-1.272,-0.084,-1
3165,-3.457,-0.694,0.000,179.177,-1.250,0.017,-1
3166,-3.463,-0.694,0.000,-179.120,-1.224,0.002,-1
3167,-3.469,-0.694,0.000,-177.429,-1.197,0.077,-1
3168,-3.474,-0.695,0.000,-175.755,-1.171,0.079,-1
3169,-3.480,-0.695,0.000,-174.101,-1.142,0.125,-1
3170,-3.486,-0.696,0.000,-172.469,-1.115,0.138,-1
3171,-3.492,-0.697,0.000,-170.866,-1.085,0.162,-1
3172,-3.497,-0.698,0.000,-169.290,-1.054,0.200,-1
3173,-3.503,-0.699,0.000,-167.783,-1.024,0.220,-1
3174,-3.509,-0.700,0.000,-166.382,-0.994,0.236,-1
3175,-3.514,-0.702,0.000,-165.023,-0.963,0.260,-1
3176,-3.520,-0.703,0.000,-163.705,-0.936,0.260,-1
3177,-3.526,-0.705,0.000,-162.452,-0.899,0.293,-1
3178,-3.532,-0.707,0.000,-161.421,-0.870,0.298,-1
3179,-3.538,-0.710,0.000,-160.591,-0.842,0.287,-1
3180,-3.544,-0.712,0.000,-159.803,-0.807,0.309,-1
3181,-3.550,-0.714,0.000,-159.047,-0.788,0.289,-1
3182,-3.555,-0.716,0.000,-158.312,-0.758,0.294,-1
3183,-3.561,-0.718,0.000,-157.609,-0.729,0.299,-1
3184,-3.566,-0.721,0.000,-157.052,-0.701,0.302,-1
3185,-3.572,-0.723,0.000,-156.545,-0.680,0.285,-1
3186,-3.578,-0.726,0.000,-156.099,-0.656,0.279,-1
3187,-3.583,-0.728,0.000,-155.869,-0.630,0.277,-1
3188,-3.589,-0.731,0.000,-155.753,-0.598,0.282,-1
3189,-3.594,-0.733,0.000,-155.644,-0.586,0.251,-1
3190,-3.600,-0.736,0.000,-155.523,-0.559,0.250,-1
3191,-3.606,-0.739,0.000,-155.426,-0.532,0.244,-1
3192,-3.611,-0.741,0.000,-155.403,-0.513,0.229,-1
3193,-3.616,-0.743,0.000,-155.488,-0.488,0.226,-1
3194,-3.622,-0.746,0.000,-155.592,-0.472,0.202,-1
3195,-3.627,-0.748,0.000,-155.699,-0.441,0.212,-1
3196,-3.633,-0.751,0.000,-155.808,-0.431,0.174,-1
3197,-3.638,-0.753,0.000,-155.923,-0.403,0.176,-1
3198,-3.644,-0.756,0.000,-156.048,-0.378,0.174,-1
3199,-3.650,-0.759,0.000,-156.169,-0.356,0.157,-1
3200,-3.655,-0.761,0.000,-156.267,-0.338,0.136,-1
3201,-3.661,-0.764,0.000,-156.412,-0.309,0.142,-1
3202,-3.666,-0.766,0.000,-156.599,-0.289,0.128,-1
3203,-3.672,-0.768,0.000,-156.826,-0.273,0.103,-1
3204,-3.677,-0.771,0.000,-157.065,-0.249,0.096,-1
3205,-3.683,-0.773,0.000,-157.338,-0.221,0.101,-1
3206,-3.688,-0.776,0.000,-157.627,-0.199,0.092,-1
3207,-3.694,-0.778,0.000,-157.953,-0.179,0.076,-1
3208,-3.700,-0.780,0.000,-158.288,-0.160,0.059,-1
3209,-3.705,-0.782,0.000,-158.618,-0.140,0.045,-1
3210,-3.711,-0.784,0.000,-158.926,-0.116,0.038,-1
3211,-3.716,-0.787,0.000,-159.210,-0.093,0.031,-1
3212,-3.722,-0.789,0.000,-159.475,-0.063,0.038,-1
3213,-3.728,-0.791,0.000,-159.677,-0.048,0.009,-1
3214,-3.734,-0.793,0.000,-159.858,-0.023,0.006,-1
3215,-3.739,-0.795,0.000,-160.037,-0.004,-0.013,-1
3216,-3.745,-0.797,0.000,-160.240,0.029,0.002,-1
3217,-3.746,-0.797,0.000,-160.446,0.023,-0.007,-1
3218,-3.745,-0.797,0.000,-160.610,0.021,-0.005,-1
3219,-3.751,-0.799,0.000,-160.797,0.039,-0.019,78
3220,-3.757,-0.801,0.000,-161.052,0.066,-0.020,78
3221,-3.763,-0.803,0.000,-161.227,0.089,-0.032,78
3222,-3.768,-0.806,0.000,-161.397,0.108,-0.050,78
3223,-3.774,-0.807,0.000,-161.530,0.135,-0.045,78
3224,-3.780,-0.809,0.000,-161.628,0.154,-0.062,78
3225,-3.786,-0.811,0.000,-161.712,0.182,-0.056,78
3226,-3.791,-0.814,0.000,-161.806,0.201,-0.075,78
3227,-3.797,-0.815,0.000,-161.862,0.223,-0.084,78
3228,-3.803,-0.817,0.000,-161.857,0.247,-0.086,78
3229,-3.808,-0.819,0.000,-161.794,0.272,-0.086,78
3230,-3.814,-0.821,0.000,-161.717,0.292,-0.097,78
3231,-3.820,-0.823,0.000,-161.639,0.316,-0.100,78
3232,-3.825,-0.825,0.000,-161.529,0.338,-0.107,78
3233,-3.831,-0.827,0.000,-161.412,0.359,-0.118,78
3234,-3.837,-0.829,0.000,-161.293,0.383,-0.122,78
3235,-3.842,-0.831,0.000,-161.181,0.405,-0.131,78
3236,-3.848,-0.833,0.000,-161.078,0.420,-0.160,78
3237,-3.854,-0.835,0.000,-161.000,0.447,-0.155,78
3238,-3.860,-0.837,0.000,-160.946,0.470,-0.159,78
3239,-3.865,-0.839,0.000,-160.918,0.494,-0.163,78
3240,-3.871,-0.841,0.000,-160.918,0.511,-0.185,78
3241,-3.877,-0.843,0.000,-160.940,0.536,-0.186,78
3242,-3.882,-0.845,0.000,-160.986,0.561,-0.184,78
3243,-3.888,-0.846,0.000,-161.050,0.578,-0.208,78
3244,-3.894,-0.848,0.000,-161.108,0.606,-0.201,78
3245,-3.899,-0.850,0.000,-161.171,0.621,-0.227,78
3246,-3.905,-0.852,0.000,-161.247,0.648,-0.226,78
3247,-3.911,-0.854,0.000,-161.342,0.675,-0.219,78
3248,-3.916,-0.856,0.000,-161.458,0.694,-0.237,78
3249,-3.922,-0.858,0.000,-161.529,0.723,-0.232,78
3250,-3.928,-0.860,0.000,-161.528,0.746,-0.239,78
3251,-3.934,-0.862,0.000,-161.592,0.767,-0.250,78
3252,-3.940,-0.864,0.000,-161.724,0.786,-0.271,78
3253,-3.946,-0.866,0.000,-161.898,0.814,-0.264,78
3254,-3.951,-0.868,0.000,-162.117,0.841,-0.259,78
3255,-3.957,-0.870,0.000,-162.338,0.860,-0.278,78
3256,-3.963,-0.872,0.000,-162.567,0.886,-0.274,78
3257,-3.969,-0.874,0.000,-162.813,0.911,-0.272,78
3258,-3.974,-0.875,0.000,-163.073,0.934,-0.278,78
3259,-3.980,-0.877,0.000,-163.424,0.958,-0.281,78
3260,-3.985,-0.879,0.000,-163.937,0.983,-0.278,78
3261,-3.991,-0.881,0.000,-164.530,1.008,-0.273,83
3262,-3.997,-0.882,0.000,-165.092,1.033,-0.269,83
3263,-4.003,-0.884,0.000,-165.574,1.058,-0.267,83
3264,-4.008,-0.885,0.000,-165.990,1.083,-0.265,83
3265,-4.014,-0.886,0.000,-166.351,1.108,-0.263,83
3266,-4.020,-0.888,0.000,-166.668,1.133,-0.263,83
3267,-4.026,-0.889,0.000,-166.951,1.153,-0.279,83
3268,-4.032,-0.891,0.000,-167.224,1.184,-0.252,83
3269,-4.037,-0.892,0.000,-167.497,1.200,-0.290,83
3270,-4.043,-0.893,0.000,-167.767,1.234,-0.244,83
3271,-4.049,-0.894,0.000,-168.032,1.252,-0.273,83
3272,-4.055,-0.896,0.000,-168.287,1.281,-0.258,83
3273,-4.061,-0.897,0.000,-168.513,1.302,-0.273,83
3274,-4.067,-0.898,0.000,-168.745,1.329,-0.262,83
3275,-4.073,-0.899,0.000,-168.926,1.355,-0.254,83
3276,-4.079,-0.901,0.000,-169.095,1.378,-0.261,83
3277,-4.085,-0.902,0.000,-169.250,1.402,-0.263,83
3278,-4.091,-0.903,0.000,-169.390,1.427,-0.261,83
3279,-4.097,-0.904,0.000,-169.518,1.451,-0.262,83
3280,-4.102,-0.905,0.000,-169.635,1.473,-0.275,83
3281,-4.108,-0.906,0.000,-169.754,1.498,-0.270,83
3282,-4.114,-0.907,0.000,-169.883,1.524,-0.258,86
3283,-4.113,-0.907,0.000,-169.940,1.513,-0.281,86
3284,-4.113,-0.907,0.000,-169.875,1.508,-0.273,86
3285,-4.113,-0.907,0.000,-169.622,1.510,-0.268,86
3286,-4.113,-0.907,0.000,-169.276,1.501,-0.287,86
3287,-4.112,-0.906,0.000,-168.851,1.493,-0.285,86
3288,-4.116,-0.907,0.000,-168.418,1.503,-0.315,86
3289,-4.114,-0.907,0.000,-167.941,1.497,-0.296,86
3290,-4.115,-0.907,0.000,-167.422,1.490,-0.343,86
3291,-4.121,-0.908,0.000,-166.928,1.514,-0.337,86
3292,-4.122,-0.909,0.000,-166.370,1.511,-0.362,86
3293,-4.120,-0.908,0.000,-165.731,1.496,-0.379,86
3294,-4.120,-0.908,0.000,-165.045,1.487,-0.400,86
3295,-4.120,-0.908,0.000,-164.229,1.480,-0.416,86
3296,-4.120,-0.908,0.000,-163.328,1.469,-0.448,86
3297,-4.118,-0.908,0.000,-162.243,1.453,-0.475,86
3298,-4.117,-0.908,0.000,-160.865,1.438,-0.503,86
3299,-4.117,-0.908,0.000,-159.277,1.421,-0.534,86
3300,-4.115,-0.907,0.000,-157.567,1.401,-0.568,86
3301,-4.115,-0.906,0.000,-155.627,1.376,-0.616,86
3302,-4.113,-0.906,0.000,-153.048,1.339,-0.677,86
3303,-4.112,-0.905,0.000,-149.603,1.290,-0.751,86
3304,-4.111,-0.903,0.000,-145.239,1.223,-0.841,86
3305,-4.109,-0.902,0.000,-140.296,1.140,-0.939,86
3306,-4.108,-0.901,0.000,-135.247,1.046,-1.029,86
3307,-4.106,-0.899,0.000,-130.393,0.948,-1.106,86
3308,-4.104,-0.897,0.000,-125.854,0.851,-1.168,86
3309,-4.102,-0.894,0.000,-121.577,0.735,-1.226,86
3310,-4.101,-0.891,0.000,-117.359,0.645,-1.259,86
3311,-4.099,-0.887,0.000,-113.283,0.552,-1.282,86
3312,-4.097,-0.882,0.000,-109.500,0.454,-1.298,86
3313,-4.095,-0.877,0.000,-106.043,0.379,-1.299,86
3314,-4.093,-0.873,0.000,-102.712,0.293,-1.299,86
3315,-4.093,-0.868,0.000,-99.502,0.221,-1.292,86
3316,-4.092,-0.863,0.000,-96.460,0.153,-1.281,86
3317,-4.092,-0.858,0.000,-93.546,0.084,-1.266,86
3318,-4.091,-0.852,0.000,-90.729,0.020,-1.246,86
3319,-4.091,-0.847,0.000,-87.996,-0.045,-1.224,86
3320,-4.092,-0.841,0.000,-85.325,-0.097,-1.195,86
3321,-4.092,-0.835,0.000,-82.741,-0.154,-1.165,86
3322,-4.093,-0.829,0.000,-80.329,-0.201,-1.132,86
3323,-4.095,-0.823,0.000,-78.141,-0.237,-1.100,86
3324,-4.096,-0.817,0.000,-76.223,-0.266,-1.067,86
3325,-4.098,-0.811,0.000,-74.573,-0.277,-1.038,86
3326,-4.100,-0.805,0.000,-73.029,-0.312,-1.003,86
3327,-4.102,-0.799,0.000,-71.614,-0.310,-0.979,86
3328,-4.104,-0.794,0.000,-70.240,-0.359,-0.937,86
3329,-4.106,-0.788,0.000,-68.866,-0.353,-0.913,86
3330,-4.108,-0.782,0.000,-67.520,-0.353,-0.884,86
3331,-4.111,-0.777,0.000,-66.212,-0.380,-0.849,86
3332,-4.113,-0.771,0.000,-65.116,-0.384,-0.819,86
3333,-4.115,-0.768,0.000,-64.380,-0.389,-0.804,86
3334,-4.114,-0.769,0.000,-63.696,-0.398,-0.810,86
3335,-4.113,-0.771,0.000,-63.105,-0.404,-0.821,86
3336,-4.111,-0.774,0.000,-62.675,-0.437,-0.822,86
3337,-4.110,-0.776,0.000,-62.330,-0.424,-0.846,86
3338,-4.109,-0.778,0.000,-62.018,-0.448,-0.844,86
3339,-4.108,-0.779,0.000,-61.782,-0.456,-0.853,86
3340,-4.107,-0.781,0.000,-61.715,-0.455,-0.863,86
3341,-4.107,-0.780,0.000,-61.852,-0.472,-0.856,86
3342,-4.107,-0.781,0.000,-62.085,-0.465,-0.865,86
3343,-4.107,-0.781,0.000,-62.391,-0.450,-0.879,86
3344,-4.107,-0.780,0.000,-62.706,-0.459,-0.870,86
3345,-4.106,-0.783,0.000,-63.095,-0.450,-0.890,85
3346,-4.102,-0.790,0.000,-63.751,-0.464,-0.927,85
3347,-4.100,-0.796,0.000,-64.579,-0.455,-0.963,85
3348,-4.099,-0.797,0.000,-65.489,-0.454,-0.975,85
3349,-4.098,-0.800,0.000,-66.557,-0.444,-0.996,85
3350,-4.097,-0.803,0.000,-67.774,-0.421,-1.019,85
3351,-4.096,-0.805,0.000,-69.336,-0.397,-1.040,85
3352,-4.096,-0.806,0.000,-71.429,-0.348,-1.066,85
3353,-4.095,-0.809,0.000,-73.659,-0.324,-1.091,85
3354,-4.094,-0.812,0.000,-75.972,-0.262,-1.122,85
3355,-4.093,-0.815,0.000,-78.314,-0.246,-1.141,85
3356,-4.093,-0.818,0.000,-80.870,-0.192,-1.166,85
3357,-4.093,-0.821,0.000,-83.680,-0.135,-1.188,85
3358,-4.093,-0.824,0.000,-86.620,-0.057,-1.207,85
3359,-4.093,-0.826,0.000,-89.587,-0.006,-1.220,85
3360,-4.093,-0.829,0.000,-92.594,0.058,-1.230,85
3361,-4.093,-0.831,0.000,-95.656,0.128,-1.237,85
3362,-4.094,-0.834,0.000,-98.774,0.178,-1.245,85
3363,-4.094,-0.837,0.000,-101.892,0.278,-1.241,85
3364,-4.095,-0.840,0.000,-105.032,0.336,-1.241,85
3365,-4.096,-0.844,0.000,-108.210,0.404,-1.237,85
3366,-4.098,-0.848,0.000,-111.454,0.482,-1.228,85
3367,-4.100,-0.852,0.000,-114.755,0.565,-1.211,85
3368,-4.101,-0.855,0.000,-118.065,0.636,-1.195,85
3369,-4.103,-0.859,0.000,-121.369,0.728,-1.164,85
3370,-4.106,-0.863,0.000,-124.638,0.772,-1.158,85
3371,-4.109,-0.866,0.000,-127.847,0.889,-1.097,85
3372,-4.112,-0.870,0.000,-130.977,0.915,-1.103,85
3373,-4.115,-0.874,0.000,-134.023,1.023,-1.034,85
3374,-4.119,-0.877,0.000,-136.971,1.097,-0.988,85
3375,-4.123,-0.881,0.000,-139.899,1.116,-1.003,85
3376,-4.128,-0.885,0.000,-142.792,1.229,-0.900,85
3377,-4.132,-0.888,0.000,-145.641,1.282,-0.864,85
3378,-4.137,-0.891,0.000,-148.408,1.335,-0.834,85
3379,-4.142,-0.894,0.000,-151.104,1.408,-0.751,85
3380,-4.147,-0.897,0.000,-153.748,1.445,-0.740,85
3381,-4.153,-0.900,0.000,-156.345,1.517,-0.654,85
3382,-4.159,-0.902,0.000,-158.735,1.560,-0.619,85
3383,-4.165,-0.904,0.000,-160.932,1.614,-0.548,85
3384,-4.170,-0.906,0.000,-162.878,1.655,-0.506,85
3385,-4.176,-0.908,0.000,-164.476,1.688,-0.480,85
3386,-4.182,-0.909,0.000,-165.969,1.729,-0.429,85
3387,-4.188,-0.911,0.000,-167.402,1.764,-0.398,85
3388,-4.194,-0.912,0.000,-168.727,1.797,-0.367,85
3389,-4.200,-0.914,0.000,-169.903,1.828,-0.336,85
3390,-4.206,-0.915,0.000,-170.903,1.861,-0.302,85
3391,-4.212,-0.916,0.000,-171.772,1.893,-0.258,85
3392,-4.218,-0.916,0.000,-172.601,1.921,-0.243,85
3393,-4.224,-0.917,0.000,-173.337,1.948,-0.227,85
3394,-4.230,-0.918,0.000,-173.991,1.977,-0.196,85
3395,-4.236,-0.918,0.000,-174.611,2.002,-0.192,85
3396,-4.241,-0.919,0.000,-175.207,2.028,-0.174,85
3397,-4.248,-0.919,0.000,-175.767,2.057,-0.150,85
3398,-4.253,-0.920,0.000,-176.306,2.082,-0.147,85
3399,-4.259,-0.920,0.000,-176.815,2.107,-0.127,85
3400,-4.263,-0.920,0.000,-177.278,2.125,-0.104,85
3401,-4.266,-0.920,0.000,-177.726,2.138,-0.089,85
3402,-4.268,-0.920,0.000,-178.190,2.147,-0.074,85
3403,-4.271,-0.920,0.000,-178.674,2.158,-0.056,85
3404,-4.274,-0.921,0.000,-179.157,2.170,-0.033,85
3405,-4.278,-0.921,0.000,-179.625,2.188,-0.013,85
3406,-4.283,-0.921,0.000,179.929,2.207,-0.007,85
3407,-4.288,-0.921,0.000,179.529,2.198,0.013,-1
3408,-4.285,-0.921,0.000,179.171,2.138,0.038,85
3409,-4.291,-0.920,0.000,178.877,2.116,0.036,85
3410,-4.296,-0.920,0.000,178.619,2.094,0.037,85
3411,-4.302,-0.920,0.000,178.407,2.071,0.051,85
3412,-4.308,-0.920,0.000,178.244,2.049,0.064,85
3413,-4.314,-0.920,0.000,178.109,2.030,0.066,85
3414,-4.319,-0.920,0.000,178.021,2.008,0.062,85
3415,-4.325,-0.919,0.000,178.002,1.987,0.080,85
3416,-4.330,-0.919,0.000,178.013,1.968,0.057,85
3417,-4.336,-0.919,0.000,178.043,1.946,0.074,85
3418,-4.341,-0.919,0.000,178.110,1.928,0.058,85
3419,-4.347,-0.919,0.000,178.228,1.910,0.069,85
3420,-4.353,-0.918,0.000,178.394,1.892,0.056,85
3421,-4.359,-0.918,0.000,178.607,1.874,0.041,85
3422,-4.365,-0.918,0.000,178.846,1.858,0.039,85
3423,-4.370,-0.918,0.000,179.108,1.841,0.024,85
3424,-4.376,-0.918,0.000,179.408,1.825,0.010,85
3425,-4.382,-0.918,0.000,179.745,1.809,0.002,85
3426,-4.387,-0.918,0.000,-179.886,1.793,-0.008,85
3427,-4.393,-0.918,0.000,-179.487,1.778,-0.021,85
3428,-4.399,-0.918,0.000,-179.066,1.764,-0.017,85
3429,-4.405,-0.918,0.000,-178.631,1.749,-0.053,85
3430,-4.411,-0.918,0.000,-178.194,1.734,-0.066,85
3431,-4.417,-0.919,0.000,-177.738,1.721,-0.071,85
3432,-4.423,-0.919,0.000,-177.265,1.708,-0.066,85
3433,-4.428,-0.919,0.000,-176.784,1.694,-0.095,85
3434,-4.434,-0.920,0.000,-176.297,1.680,-0.112,85
3435,-4.440,-0.920,0.000,-175.804,1.667,-0.120,85
3436,-4.446,-0.920,0.000,-175.297,1.656,-0.123,85
3437,-4.452,-0.921,0.000,-174.778,1.643,-0.142,85
3438,-4.458,-0.921,0.000,-174.247,1.630,-0.162,85
3439,-4.464,-0.922,0.000,-173.711,1.618,-0.174,85
3440,-4.470,-0.923,0.000,-173.172,1.607,-0.186,85
3441,-4.476,-0.924,0.000,-172.635,1.594,-0.213,85
3442,-4.482,-0.924,0.000,-172.119,1.581,-0.230,85
3443,-4.488,-0.925,0.000,-171.608,1.574,-0.217,85
3444,-4.493,-0.926,0.000,-171.101,1.557,-0.265,85
3445,-4.499,-0.927,0.000,-170.602,1.550,-0.255,85
3446,-4.505,-0.928,0.000,-170.114,1.538,-0.274,85
3447,-4.510,-0.929,0.000,-169.664,1.524,-0.285,85
3448,-4.515,-0.930,0.000,-169.263,1.510,-0.289,85
3449,-4.519,-0.930,0.000,-168.912,1.496,-0.294,85
3450,-4.524,-0.931,0.000,-168.643,1.481,-0.304,85
3451,-4.529,-0.932,0.000,-168.449,1.468,-0.307,85
3452,-4.534,-0.933,0.000,-168.315,1.459,-0.289,85
3453,-4.538,-0.934,0.000,-168.187,1.441,-0.314,85
3454,-4.542,-0.935,0.000,-168.064,1.433,-0.282,85
3455,-4.546,-0.936,0.000,-167.953,1.409,-0.327,85
3456,-4.550,-0.937,0.000,-167.838,1.403,-0.293,85
3457,-4.555,-0.938,0.000,-167.723,1.387,-0.313,85
3458,-4.560,-0.939,0.000,-167.611,1.377,-0.315,85
3459,-4.564,-0.940,0.000,-167.549,1.366,-0.305,85
3460,-4.568,-0.941,0.000,-167.529,1.357,-0.284,85
3461,-4.573,-0.942,0.000,-167.501,1.342,-0.300,85
3462,-4.577,-0.943,0.000,-167.467,1.331,-0.306,85
3463,-4.583,-0.944,0.000,-167.481,1.324,-0.302,85
3464,-4.587,-0.945,0.000,-167.537,1.321,-0.277,85
3465,-4.592,-0.946,0.000,-167.617,1.311,-0.284,85
3466,-4.597,-0.947,0.000,-167.739,1.301,-0.281,85
3467,-4.601,-0.948,0.000,-167.905,1.293,-0.271,85
3468,-4.606,-0.949,0.000,-168.093,1.283,-0.283,85
3469,-4.612,-0.950,0.000,-168.285,1.280,-0.269,85
3470,-4.617,-0.951,0.000,-168.473,1.276,-0.263,85
3471,-4.622,-0.952,0.000,-168.662,1.269,-0.261,85
3472,-4.626,-0.953,0.000,-168.860,1.262,-0.255,85
3473,-4.631,-0.954,0.000,-169.070,1.256,-0.248,85
3474,-4.636,-0.955,0.000,-169.283,1.253,-0.242,85
3475,-4.642,-0.956,0.000,-169.492,1.253,-0.224,85
3476,-4.648,-0.957,0.000,-169.697,1.248,-0.235,85
3477,-4.653,-0.958,0.000,-169.890,1.249,-0.209,85
3478,-4.658,-0.959,0.000,-170.085,1.237,-0.242,85
3479,-4.663,-0.960,0.000,-170.295,1.239,-0.203,85
3480,-4.668,-0.961,0.000,-170.490,1.238,-0.197,85
3481,-4.674,-0.962,0.000,-170.669,1.237,-0.198,85
3482,-4.680,-0.963,0.000,-170.829,1.237,-0.196,85
3483,-4.683,-0.963,0.000,-171.010,1.226,-0.188,85
3484,-4.682,-0.963,0.000,-171.254,1.191,-0.198,85
3485,-4.683,-0.963,0.000,-171.497,1.179,-0.154,85
3486,-4.689,-0.964,0.000,-171.762,1.176,-0.173,85
3487,-4.695,-0.965,0.000,-172.026,1.178,-0.167,85
3488,-4.701,-0.966,0.000,-172.282,1.180,-0.164,85
3489,-4.707,-0.967,0.000,-172.547,1.180,-0.169,85
3490,-4.713,-0.967,0.000,-172.815,1.185,-0.147,85
3491,-4.718,-0.968,0.000,-173.079,1.184,-0.146,85
3492,-4.723,-0.969,0.000,-173.334,1.180,-0.146,85
3493,-4.727,-0.969,0.000,-173.591,1.177,-0.126,85
3494,-4.732,-0.970,0.000,-173.845,1.174,-0.126,85
3495,-4.737,-0.970,0.000,-174.089,1.173,-0.128,85
3496,-4.743,-0.971,0.000,-174.323,1.175,-0.108,85
3497,-4.748,-0.971,0.000,-174.541,1.174,-0.116,85
3498,-4.753,-0.972,0.000,-174.747,1.174,-0.102,85
3499,-4.757,-0.972,0.000,-174.946,1.172,-0.094,85
3500,-4.762,-0.972,0.000,-175.140,1.169,-0.101,85
3501,-4.767,-0.973,0.000,-175.328,1.169,-0.081,85
3502,-4.772,-0.973,0.000,-175.508,1.168,-0.097,85
3503,-4.777,-0.974,0.000,-175.674,1.169,-0.092,85
3504,-4.782,-0.974,0.000,-175.837,1.170,-0.073,85
3505,-4.787,-0.974,0.000,-175.999,1.168,-0.091,85
3506,-4.792,-0.975,0.000,-176.159,1.167,-0.085,85
3507,-4.796,-0.975,0.000,-176.316,1.167,-0.074,85
3508,-4.801,-0.975,0.000,-176.465,1.168,-0.063,85
3509,-4.806,-0.976,0.000,-176.601,1.168,-0.061,85
3510,-4.811,-0.976,0.000,-176.724,1.168,-0.063,85
3511,-4.816,-0.976,0.000,-176.834,1.169,-0.060,85
3512,-4.820,-0.976,0.000,-176.931,1.169,-0.057,85
3513,-4.825,-0.977,0.000,-177.019,1.169,-0.065,85
3514,-4.830,-0.977,0.000,-177.105,1.169,-0.055,85
3515,-4.835,-0.977,0.000,-177.187,1.169,-0.072,85
3516,-4.840,-0.977,0.000,-177.268,1.173,-0.028,85
3517,-4.844,-0.978,0.000,-177.346,1.171,-0.092,85
3518,-4.849,-0.978,0.000,-177.423,1.176,-0.023,85
3519,-4.854,-0.978,0.000,-177.501,1.176,-0.047,85
3520,-4.857,-0.978,0.000,-177.572,1.168,-0.060,85
3521,-4.858,-0.978,0.000,-177.644,1.154,-0.012,85
3522,-4.858,-0.978,0.000,-177.708,1.134,-0.088,85
3523,-4.860,-0.978,0.000,-177.765,1.126,-0.031,85
3524,-4.863,-0.978,0.000,-177.822,1.119,-0.000,85
3525,-4.866,-0.979,0.000,-177.887,1.111,-0.075,85
3526,-4.870,-0.979,0.000,-177.954,1.109,-0.010,85
3527,-4.872,-0.979,0.000,-178.017,1.098,-0.037,85
3528,-4.875,-0.979,0.000,-178.081,1.089,-0.078,85
3529,-4.877,-0.979,0.000,-178.140,1.085,0.013,85
3530,-4.881,-0.979,0.000,-178.199,1.079,-0.033,85
3531,-4.885,-0.979,0.000,-178.253,1.078,-0.056,85
3532,-4.889,-0.979,0.000,-178.304,1.080,0.008,85
3533,-4.893,-0.979,0.000,-178.343,1.079,-0.053,85
3534,-4.897,-0.979,0.000,-178.372,1.079,-0.005,85
3535,-4.901,-0.980,0.000,-178.400,1.076,-0.040,85
3536,-4.905,-0.980,0.000,-178.425,1.077,-0.010,85
3537,-4.910,-0.980,0.000,-178.445,1.079,-0.037,85
3538,-4.915,-0.980,0.000,-178.456,1.083,-0.015,85
3539,-4.920,-0.980,0.000,-178.454,1.086,-0.019,85
3540,-4.918,-0.980,0.000,-178.440,1.062,-0.032,85
3541,-4.917,-0.980,0.000,-178.419,1.038,-0.016,86
3542,-4.923,-0.980,0.000,-178.408,1.046,-0.047,86
3543,-4.929,-0.980,0.000,-178.408,1.055,-0.016,86
3544,-4.935,-0.980,0.000,-178.413,1.064,-0.030,86
3545,-4.941,-0.981,0.000,-178.420,1.074,-0.014,86
3546,-4.947,-0.981,0.000,-178.431,1.083,-0.037,86
3547,-4.953,-0.981,0.000,-178.450,1.093,-0.032,86
3548,-4.958,-0.981,0.000,-178.482,1.101,-0.034,86
3549,-4.963,-0.981,0.000,-178.524,1.107,-0.036,86
3550,-4.968,-0.981,0.000,-178.575,1.109,-0.024,86
3551,-4.972,-0.981,0.000,-178.640,1.112,-0.034,86
3552,-4.977,-0.982,0.000,-178.724,1.117,-0.033,86
3553,-4.982,-0.982,0.000,-178.818,1.124,-0.029,86
3554,-4.988,-0.982,0.000,-178.914,1.133,-0.026,86
3555,-4.993,-0.982,0.000,-179.008,1.142,-0.017,86
3556,-4.999,-0.982,0.000,-179.100,1.150,-0.033,86
3557,-5.004,-0.982,0.000,-179.190,1.160,0.006,86
3558,-5.010,-0.982,0.000,-179.276,1.169,-0.024,86
3559,-5.015,-0.982,0.000,-179.359,1.178,0.003,86
3560,-5.021,-0.982,0.000,-179.439,1.187,-0.022,86
3561,-5.026,-0.982,0.000,-179.513,1.195,-0.022,86
3562,-5.031,-0.982,0.000,-179.573,1.204,-0.013,86
3563,-5.036,-0.982,0.000,-179.618,1.212,-0.004,86
3564,-5.042,-0.982,0.000,-179.651,1.221,-0.017,86
3565,-5.047,-0.982,0.000,-179.682,1.229,0.008,86
3566,-5.052,-0.982,0.000,-179.703,1.236,0.003,86
3567,-5.057,-0.982,0.000,-179.706,1.244,-0.005,86
3568,-5.061,-0.983,0.000,-179.692,1.250,-0.003,86
3569,-5.066,-0.983,0.000,-179.660,1.256,-0.017,86
3570,-5.071,-0.983,0.000,-179.617,1.263,-0.003,86
3571,-5.075,-0.983,0.000,-179.555,1.269,-0.008,86
3572,-5.080,-0.983,0.000,-179.469,1.274,-0.007,86
3573,-5.084,-0.983,0.000,-179.370,1.280,-0.014,86
3574,-5.088,-0.983,0.000,-179.252,1.284,-0.023,86
3575,-5.092,-0.983,0.000,-179.111,1.288,-0.028,86
3576,-5.096,-0.983,0.000,-178.949,1.292,-0.024,86
3577,-5.099,-0.983,0.000,-178.775,1.295,-0.024,86
3578,-5.103,-0.983,0.000,-178.581,1.298,-0.026,86
3579,-5.106,-0.983,0.000,-178.370,1.299,-0.049,86
3580,-5.110,-0.983,0.000,-178.153,1.302,-0.044,86
3581,-5.113,-0.983,0.000,-177.924,1.303,-0.049,86
3582,-5.116,-0.983,0.000,-177.677,1.304,-0.048,86
3583,-5.119,-0.984,0.000,-177.414,1.303,-0.062,86
3584,-5.122,-0.984,0.000,-177.145,1.303,-0.061,86
3585,-5.125,-0.984,0.000,-176.872,1.303,-0.056,86
3586,-5.127,-0.984,0.000,-176.590,1.301,-0.076,86
3587,-5.130,-0.984,0.000,-176.292,1.299,-0.083,86
3588,-5.133,-0.984,0.000,-175.972,1.298,-0.085,86
3589,-5.135,-0.984,0.000,-175.629,1.296,-0.092,86
3590,-5.138,-0.985,0.000,-175.262,1.294,-0.102,86
3591,-5.140,-0.985,0.000,-174.872,1.292,-0.111,86
3592,-5.143,-0.985,0.000,-174.458,1.290,-0.120,86
3593,-5.145,-0.985,0.000,-174.017,1.287,-0.129,86
3594,-5.147,-0.985,0.000,-173.551,1.283,-0.140,86
3595,-5.153,-0.986,0.000,-173.095,1.297,-0.152,86
3596,-5.159,-0.987,0.000,-172.669,1.308,-0.174,86
3597,-5.161,-0.987,0.000,-172.232,1.303,-0.188,86
3598,-5.163,-0.987,0.000,-171.945,1.299,-0.189,86
3599,-5.164,-0.987,0.000,-171.801,1.295,-0.190,86
3600,-5.166,-0.988,0.000,-171.571,1.291,-0.197,86
3601,-5.168,-0.988,0.000,-171.286,1.287,-0.187,86
3602,-5.169,-0.988,0.000,-170.967,1.282,-0.192,86
3603,-5.171,-0.988,0.000,-170.574,1.272,-0.208,86
3604,-5.172,-0.988,0.000,-170.050,1.263,-0.219,86
3605,-5.173,-0.988,0.000,-169.358,1.253,-0.229,86
3606,-5.173,-0.988,0.000,-168.478,1.242,-0.246,86
3607,-5.174,-0.988,0.000,-167.388,1.228,-0.269,86
3608,-5.175,-0.988,0.000,-166.063,1.213,-0.296,86
3609,-5.175,-0.988,0.000,-164.616,1.191,-0.336,86
3610,-5.175,-0.988,0.000,-163.161,1.182,-0.333,86
3611,-5.176,-0.989,0.000,-161.701,1.158,-0.392,86
3612,-5.177,-0.989,0.000,-160.246,1.149,-0.395,86
3613,-5.178,-0.989,0.000,-158.801,1.126,-0.437,86
3614,-5.177,-0.989,0.000,-157.313,1.103,-0.450,86
3615,-5.178,-0.989,0.000,-155.809,1.086,-0.480,86
3616,-5.177,-0.988,0.000,-154.236,1.051,-0.512,86
3617,-5.175,-0.988,0.000,-152.709,1.030,-0.514,86
3618,-5.174,-0.988,0.000,-151.287,0.998,-0.549,86
3619,-5.176,-0.989,0.000,-149.972,0.985,-0.565,86
3620,-5.175,-0.989,0.000,-149.052,0.969,-0.572,86
3621,-5.175,-0.988,0.000,-148.713,0.954,-0.573,86
3622,-5.175,-0.989,0.000,-149.469,0.953,-0.557,86
3623,-5.174,-0.989,0.000,-151.078,0.960,-0.524,86
3624,-5.174,-0.988,0.000,-152.908,0.966,-0.488,86
3625,-5.173,-0.988,0.000,-154.558,0.968,-0.455,86
3626,-5.172,-0.987,0.000,-155.905,0.966,-0.428,86
3627,-5.172,-0.987,0.000,-157.069,0.967,-0.398,86
3628,-5.171,-0.987,0.000,-157.931,0.960,-0.382,86
3629,-5.170,-0.986,0.000,-158.483,0.951,-0.371,86
3630,-5.169,-0.986,0.000,-158.774,0.942,-0.360,86
3631,-5.168,-0.985,0.000,-158.861,0.931,-0.353,86
3632,-5.167,-0.985,0.000,-158.831,0.910,-0.371,86
3633,-5.166,-0.984,0.000,-158.767,0.903,-0.351,86
3634,-5.165,-0.984,0.000,-158.679,0.899,-0.332,86
3635,-5.164,-0.984,0.000,-158.579,0.880,-0.354,86
3636,-5.163,-0.983,0.000,-158.456,0.877,-0.329,86
3637,-5.162,-0.983,0.000,-158.330,0.862,-0.338,86
3638,-5.161,-0.982,0.000,-158.150,0.849,-0.340,86
3639,-5.159,-0.982,0.000,-157.895,0.834,-0.348,86
3640,-5.158,-0.981,0.000,-157.628,0.824,-0.335,86
3641,-5.157,-0.980,0.000,-157.341,0.807,-0.350,86
3642,-5.155,-0.980,0.000,-157.005,0.796,-0.348,86
3643,-5.154,-0.979,0.000,-156.564,0.792,-0.332,86
3644,-5.152,-0.979,0.000,-156.128,0.767,-0.358,86
3645,-5.151,-0.978,0.000,-155.742,0.763,-0.341,86
3646,-5.149,-0.977,0.000,-155.376,0.748,-0.346,86
3647,-5.147,-0.976,0.000,-154.924,0.733,-0.353,86
3648,-5.146,-0.976,0.000,-154.312,0.722,-0.355,86
3649,-5.144,-0.975,0.000,-153.556,0.709,-0.357,86
3650,-5.143,-0.974,0.000,-152.707,0.701,-0.352,86
3651,-5.141,-0.973,0.000,-151.849,0.681,-0.368,86
3652,-5.140,-0.972,0.000,-150.962,0.672,-0.363,86
3653,-5.138,-0.972,0.000,-150.029,0.658,-0.369,86
3654,-5.137,-0.971,0.000,-149.026,0.641,-0.380,86
3655,-5.135,-0.970,0.000,-147.943,0.625,-0.387,86
3656,-5.133,-0.969,0.000,-146.829,0.599,-0.406,86
3657,-5.132,-0.967,0.000,-145.661,0.584,-0.411,86
3658,-5.130,-0.966,0.000,-144.491,0.583,-0.391,86
3659,-5.128,-0.965,0.000,-143.368,0.549,-0.419,86
3660,-5.126,-0.963,0.000,-142.236,0.546,-0.407,86
3661,-5.124,-0.962,0.000,-141.092,0.526,-0.415,86
3662,-5.123,-0.960,0.000,-139.974,0.505,-0.428,86
3663,-5.121,-0.959,0.000,-138.851,0.497,-0.425,86
3664,-5.120,-0.958,0.000,-137.518,0.483,-0.430,86
3665,-5.119,-0.957,0.000,-136.020,0.464,-0.441,86
3666,-5.118,-0.956,0.000,-134.469,0.433,-0.466,86
3667,-5.116,-0.954,0.000,-132.888,0.423,-0.463,86
3668,-5.115,-0.953,0.000,-131.296,0.410,-0.465,86
3669,-5.113,-0.951,0.000,-129.681,0.396,-0.469,86
3670,-5.112,-0.949,0.000,-128.102,0.372,-0.480,86
3671,-5.111,-0.948,0.000,-126.574,0.366,-0.474,86
3672,-5.109,-0.946,0.000,-125.104,0.336,-0.487,86
3673,-5.108,-0.944,0.000,-123.669,0.323,-0.488,86
3674,-5.107,-0.942,0.000,-122.241,0.321,-0.483,86
3675,-5.106,-0.940,0.000,-120.830,0.280,-0.499,86
3676,-5.105,-0.938,0.000,-119.423,0.299,-0.482,86
3677,-5.103,-0.936,0.000,-118.046,0.235,-0.508,86
3678,-5.102,-0.934,0.000,-116.684,0.264,-0.484,86
3679,-5.101,-0.932,0.000,-115.334,0.230,-0.492,86
3680,-5.100,-0.930,0.000,-114.003,0.205,-0.497,86
3681,-5.099,-0.928,0.000,-112.677,0.229,-0.480,86
3682,-5.098,-0.925,0.000,-111.359,0.179,-0.492,86
3683,-5.097,-0.923,0.000,-110.104,0.196,-0.479,86
3684,-5.097,-0.921,0.000,-108.870,0.158,-0.486,86
3685,-5.096,-0.919,0.000,-107.644,0.172,-0.475,86
3686,-5.095,-0.916,0.000,-106.426,0.134,-0.480,86
3687,-5.095,-0.914,0.000,-105.223,0.139,-0.475,86
3688,-5.094,-0.912,0.000,-104.032,0.108,-0.478,86
3689,-5.094,-0.910,0.000,-102.857,0.128,-0.468,86
3690,-5.093,-0.907,0.000,-101.706,0.085,-0.469,86
3691,-5.093,-0.905,0.000,-100.567,0.104,-0.460,86
3692,-5.092,-0.902,0.000,-99.438,0.044,-0.465,86
3693,-5.092,-0.900,0.000,-98.321,0.105,-0.450,86
3694,-5.091,-0.897,0.000,-97.217,0.045,-0.452,86
3695,-5.091,-0.895,0.000,-96.126,0.051,-0.446,86
3696,-5.091,-0.892,0.000,-95.046,0.026,-0.443,86
3697,-5.091,-0.889,0.000,-93.976,0.041,-0.436,86
3698,-5.090,-0.887,0.000,-92.914,0.031,-0.431,86
3699,-5.090,-0.884,0.000,-91.851,0.013,-0.427,86
3700,-5.090,-0.882,0.000,-90.795,0.014,-0.421,86
3701,-5.090,-0.879,0.000,-89.746,-0.004,-0.416,86
3702,-5.090,-0.876,0.000,-88.706,-0.018,-0.410,86
3703,-5.090,-0.874,0.000,-87.681,-0.024,-0.404,86
3704,-5.091,-0.871,0.000,-86.672,-0.022,-0.398,86
3705,-5.091,-0.868,0.000,-85.678,-0.043,-0.391,86
3706,-5.091,-0.865,0.000,-84.698,-0.030,-0.387,86
3707,-5.091,-0.863,0.000,-83.731,-0.057,-0.378,86
3708,-5.092,-0.860,0.000,-82.780,-0.056,-0.373,86
3709,-5.092,-0.857,0.000,-81.845,-0.033,-0.370,86
3710,-5.092,-0.855,0.000,-80.925,-0.063,-0.360,86
3711,-5.093,-0.852,0.000,-80.031,-0.071,-0.353,86
3712,-5.093,-0.849,0.000,-79.181,-0.072,-0.347,86
3713,-5.094,-0.846,0.000,-78.376,-0.062,-0.343,86
3714,-5.095,-0.844,0.000,-77.593,-0.092,-0.332,86
3715,-5.095,-0.841,0.000,-76.799,-0.070,-0.330,86
3716,-5.096,-0.838,0.000,-75.994,-0.095,-0.319,86
3717,-5.097,-0.835,0.000,-75.164,-0.074,-0.319,86
3718,-5.097,-0.833,0.000,-74.403,-0.081,-0.312,86
3719,-5.098,-0.830,0.000,-73.742,-0.085,-0.305,86
3720,-5.099,-0.827,0.000,-73.166,-0.085,-0.300,86
3721,-5.099,-0.825,0.000,-72.664,-0.085,-0.294,86
3722,-5.100,-0.822,0.000,-72.223,-0.086,-0.288,86
3723,-5.101,-0.820,0.000,-71.832,-0.087,-0.282,86
3724,-5.102,-0.817,0.000,-71.480,-0.087,-0.277,86
3725,-5.103,-0.814,0.000,-71.160,-0.087,-0.271,86
3726,-5.103,-0.812,0.000,-70.863,-0.086,-0.265,86
3727,-5.104,-0.809,0.000,-70.583,-0.104,-0.252,86
3728,-5.105,-0.807,0.000,-70.278,-0.095,-0.250,86
3729,-5.106,-0.804,0.000,-69.976,-0.090,-0.245,86
3730,-5.107,-0.801,0.000,-69.702,-0.094,-0.238,86
3731,-5.108,-0.799,0.000,-69.437,-0.085,-0.237,86
3732,-5.109,-0.797,0.000,-69.144,-0.085,-0.232,86
3733,-5.110,-0.794,0.000,-68.853,-0.085,-0.227,86
3734,-5.111,-0.791,0.000,-68.557,-0.072,-0.226,86
3735,-5.112,-0.789,0.000,-68.286,-0.105,-0.207,86
3736,-5.113,-0.787,0.000,-68.048,-0.077,-0.214,86
3737,-5.114,-0.784,0.000,-67.823,-0.096,-0.201,86
3738,-5.115,-0.782,0.000,-67.620,-0.093,-0.197,86
3739,-5.116,-0.779,0.000,-67.418,-0.062,-0.205,86
3740,-5.117,-0.777,0.000,-67.204,-0.087,-0.190,86
3741,-5.118,-0.775,0.000,-66.987,-0.076,-0.191,86
3742,-5.119,-0.772,0.000,-66.773,-0.088,-0.181,86
3743,-5.120,-0.770,0.000,-66.561,-0.056,-0.190,86
3744,-5.121,-0.767,0.000,-66.351,-0.088,-0.171,86
3745,-5.123,-0.765,0.000,-66.142,-0.060,-0.179,86
3746,-5.124,-0.762,0.000,-65.936,-0.073,-0.169,86
3747,-5.125,-0.760,0.000,-65.720,-0.076,-0.165,86
3748,-5.126,-0.758,0.000,-65.462,-0.062,-0.167,86
3749,-5.127,-0.756,0.000,-65.221,-0.086,-0.152,86
3750,-5.128,-0.754,0.000,-64.998,-0.054,-0.166,86
3751,-5.129,-0.751,0.000,-64.706,-0.096,-0.142,86
3752,-5.130,-0.749,0.000,-64.389,-0.042,-0.164,86
3753,-5.131,-0.747,0.000,-64.075,-0.086,-0.139,86
3754,-5.132,-0.744,0.000,-63.764,-0.048,-0.154,86
3755,-5.133,-0.742,0.000,-63.447,-0.080,-0.134,86
3756,-5.134,-0.740,0.000,-63.122,-0.052,-0.145,86
3757,-5.136,-0.738,0.000,-62.802,-0.068,-0.133,86
3758,-5.137,-0.735,0.000,-62.490,-0.068,-0.130,86
3759,-5.138,-0.733,0.000,-62.180,-0.070,-0.126,86
3760,-5.139,-0.731,0.000,-61.946,-0.071,-0.122,86
3761,-5.140,-0.729,0.000,-61.738,-0.064,-0.123,86
3762,-5.142,-0.726,0.000,-61.558,-0.052,-0.125,86
3763,-5.143,-0.724,0.000,-61.392,-0.057,-0.119,86
3764,-5.144,-0.722,0.000,-61.247,-0.061,-0.115,86
3765,-5.145,-0.720,0.000,-61.104,-0.058,-0.114,86
3766,-5.146,-0.718,0.000,-60.963,-0.055,-0.113,86
3767,-5.147,-0.716,0.000,-60.823,-0.055,-0.111,86
3768,-5.149,-0.714,0.000,-60.684,-0.069,-0.100,86
3769,-5.150,-0.711,0.000,-60.493,-0.068,-0.098,86
3770,-5.151,-0.709,0.000,-60.322,-0.061,-0.100,86
3771,-5.152,-0.707,0.000,-60.192,-0.060,-0.098,86
3772,-5.153,-0.705,0.000,-60.087,-0.045,-0.105,86
3773,-5.155,-0.703,0.000,-60.002,-0.052,-0.098,86
3774,-5.156,-0.701,0.000,-59.958,-0.054,-0.095,86
3775,-5.157,-0.699,0.000,-59.939,-0.050,-0.096,86
3776,-5.158,-0.697,0.000,-59.932,-0.057,-0.090,86
3777,-5.159,-0.695,0.000,-59.884,-0.065,-0.084,86
3778,-5.160,-0.693,0.000,-59.782,-0.056,-0.086,86
3779,-5.162,-0.691,0.000,-59.749,-0.053,-0.087,86
3780,-5.163,-0.689,0.000,-59.842,-0.049,-0.087,86
3781,-5.164,-0.687,0.000,-59.954,-0.051,-0.086,86
3782,-5.165,-0.685,0.000,-60.009,-0.040,-0.092,86
3783,-5.166,-0.683,0.000,-60.035,-0.041,-0.089,86
3784,-5.167,-0.681,0.000,-60.165,-0.046,-0.086,86
3785,-5.168,-0.680,0.000,-60.410,-0.044,-0.086,86
3786,-5.169,-0.678,0.000,-60.728,-0.042,-0.087,86
3787,-5.170,-0.676,0.000,-61.093,-0.046,-0.083,86
3788,-5.172,-0.674,0.000,-61.448,-0.044,-0.083,86
3789,-5.173,-0.672,0.000,-61.733,-0.053,-0.078,86
3790,-5.174,-0.670,0.000,-62.074,-0.050,-0.078,86
3791,-5.175,-0.668,0.000,-62.435,-0.033,-0.086,86
3792,-5.176,-0.666,0.000,-62.821,-0.030,-0.087,86
3793,-5.177,-0.664,0.000,-63.234,-0.040,-0.082,86
3794,-5.178,-0.662,0.000,-63.692,-0.039,-0.082,86
3795,-5.179,-0.660,0.000,-64.193,-0.042,-0.081,86
3796,-5.180,-0.658,0.000,-64.691,-0.037,-0.082,86
3797,-5.181,-0.655,0.000,-65.141,-0.045,-0.076,86
3798,-5.182,-0.653,0.000,-65.508,-0.045,-0.077,86
3799,-5.183,-0.651,0.000,-65.951,-0.040,-0.079,86
3800,-5.184,-0.649,0.000,-66.479,-0.039,-0.080,86
3801,-5.185,-0.647,0.000,-67.056,-0.040,-0.080,86
3802,-5.185,-0.646,0.000,-67.664,-0.040,-0.080,86
3803,-5.186,-0.644,0.000,-68.288,-0.019,-0.089,86
3804,-5.187,-0.641,0.000,-68.907,-0.029,-0.085,86
3805,-5.188,-0.639,0.000,-69.528,-0.031,-0.084,86
3806,-5.189,-0.637,0.000,-70.170,-0.025,-0.087,86
3807,-5.189,-0.635,0.000,-70.844,-0.023,-0.088,86
3808,-5.190,-0.633,0.000,-71.543,-0.024,-0.088,86
3809,-5.191,-0.631,0.000,-72.263,-0.023,-0.088,86
3810,-5.191,-0.629,0.000,-72.998,-0.021,-0.088,86
3811,-5.192,-0.627,0.000,-73.745,-0.020,-0.088,86
3812,-5.192,-0.625,0.000,-74.500,-0.019,-0.088,86
3813,-5.193,-0.623,0.000,-75.259,-0.017,-0.087,86
3814,-5.194,-0.620,0.000,-76.016,-0.029,-0.083,86
3815,-5.194,-0.618,0.000,-76.755,-0.001,-0.090,86
3816,-5.195,-0.616,0.000,-77.476,-0.042,-0.081,86
3817,-5.195,-0.614,0.000,-78.178,-0.008,-0.088,86
3818,-5.195,-0.612,0.000,-78.870,-0.038,-0.081,86
3819,-5.196,-0.610,0.000,-79.546,-0.007,-0.086,86
3820,-5.196,-0.608,0.000,-80.212,-0.024,-0.082,86
3821,-5.197,-0.605,0.000,-80.837,-0.026,-0.080,86
3822,-5.197,-0.603,0.000,-81.428,-0.015,-0.081,86
3823,-5.197,-0.600,0.000,-81.989,-0.014,-0.080,86
3824,-5.198,-0.598,0.000,-82.530,-0.017,-0.079,86
3825,-5.198,-0.596,0.000,-83.051,-0.016,-0.078,86
3826,-5.198,-0.593,0.000,-83.549,-0.014,-0.078,86
3827,-5.198,-0.591,0.000,-84.026,-0.013,-0.077,86
3828,-5.199,-0.589,0.000,-84.479,-0.013,-0.076,86
3829,-5.199,-0.586,0.000,-84.909,-0.012,-0.075,86
3830,-5.199,-0.584,0.000,-85.313,-0.011,-0.073,86
3831,-5.199,-0.582,0.000,-85.692,-0.011,-0.072,86
3832,-5.199,-0.579,0.000,-86.044,-0.010,-0.070,86
3833,-5.199,-0.577,0.000,-86.369,-0.010,-0.069,86
3834,-5.200,-0.575,0.000,-86.665,-0.009,-0.067,86
3835,-5.200,-0.572,0.000,-86.930,-0.009,-0.066,86
3836,-5.200,-0.570,0.000,-87.164,-0.009,-0.064,86
3837,-5.200,-0.568,0.000,-87.364,-0.008,-0.063,86
3838,-5.200,-0.565,0.000,-87.531,-0.008,-0.061,86
3839,-5.200,-0.563,0.000,-87.661,-0.008,-0.060,86
3840,-5.200,-0.561,0.000,-87.755,-0.008,-0.059,86
3841,-5.200,-0.559,0.000,-87.812,-0.008,-0.057,86
3842,-5.200,-0.557,0.000,-87.829,-0.008,-0.056,86
3843,-5.200,-0.554,0.000,-87.808,-0.008,-0.055,86
3844,-5.200,-0.552,0.000,-87.746,-0.008,-0.054,86
3845,-5.200,-0.550,0.000,-87.648,0.011,-0.054,86
3846,-5.200,-0.548,0.000,-87.535,-0.002,-0.053,86
3847,-5.201,-0.546,0.000,-87.400,-0.001,-0.052,86
3848,-5.201,-0.544,0.000,-87.218,0.005,-0.052,86
3849,-5.201,-0.542,0.000,-86.991,0.004,-0.052,86
3850,-5.201,-0.541,0.000,-86.716,0.002,-0.052,86
3851,-5.201,-0.539,0.000,-86.397,-0.008,-0.051,86
3852,-5.201,-0.537,0.000,-86.063,-0.001,-0.053,86
3853,-5.201,-0.535,0.000,-85.711,0.001,-0.054,86
3854,-5.202,-0.533,0.000,-85.332,-0.010,-0.054,86
3855,-5.202,-0.532,0.000,-84.932,-0.019,-0.054,86
3856,-5.202,-0.530,0.000,-84.515,-0.010,-0.057,86
3857,-5.202,-0.528,0.000,-84.042,-0.007,-0.059,86
3858,-5.202,-0.527,0.000,-83.496,-0.013,-0.061,86
3859,-5.202,-0.525,0.000,-82.874,-0.015,-0.063,86
3860,-5.202,-0.523,0.000,-82.212,0.000,-0.066,86
3861,-5.203,-0.522,0.000,-81.552,-0.018,-0.067,86
3862,-5.203,-0.520,0.000,-80.860,-0.022,-0.069,86
3863,-5.203,-0.519,0.000,-80.146,0.006,-0.075,86
3864,-5.204,-0.517,0.000,-79.430,-0.030,-0.074,86
3865,-5.204,-0.516,0.000,-78.716,-0.023,-0.078,86
3866,-5.204,-0.514,0.000,-77.982,-0.018,-0.084,86
3867,-5.204,-0.513,0.000,-77.162,-0.025,-0.088,86
3868,-5.205,-0.511,0.000,-76.237,-0.030,-0.092,86
3869,-5.205,-0.510,0.000,-75.224,-0.032,-0.097,86
3870,-5.205,-0.509,0.000,-74.147,-0.034,-0.102,86
3871,-5.205,-0.508,0.000,-73.037,-0.019,-0.112,86
3872,-5.206,-0.507,0.000,-71.951,-0.041,-0.111,86
3873,-5.206,-0.506,0.000,-70.890,-0.036,-0.119,86
3874,-5.207,-0.504,0.000,-69.867,-0.052,-0.118,86
3875,-5.207,-0.503,0.000,-68.871,-0.060,-0.125,86
3876,-5.208,-0.502,0.000,-67.914,-0.058,-0.133,86
3877,-5.208,-0.501,0.000,-67.061,-0.063,-0.139,86
3878,-5.209,-0.500,0.000,-66.359,-0.069,-0.144,86
3879,-5.209,-0.499,0.000,-65.824,-0.068,-0.151,86
3880,-5.209,-0.499,0.000,-65.379,-0.070,-0.161,86
3881,-5.210,-0.498,0.000,-64.942,-0.066,-0.170,86
3882,-5.210,-0.497,0.000,-64.673,-0.077,-0.175,86
3883,-5.210,-0.496,0.000,-64.604,-0.083,-0.181,86
3884,-5.211,-0.495,0.000,-64.686,-0.085,-0.189,86
3885,-5.211,-0.494,0.000,-64.799,-0.098,-0.192,86
3886,-5.212,-0.493,0.000,-64.843,-0.105,-0.198,86
3887,-5.212,-0.493,0.000,-64.890,-0.084,-0.219,86
3888,-5.212,-0.492,0.000,-64.975,-0.109,-0.220,86
3889,-5.212,-0.492,0.000,-65.054,-0.094,-0.240,86
3890,-5.213,-0.491,0.000,-65.116,-0.111,-0.243,86
3891,-5.213,-0.490,0.000,-65.030,-0.116,-0.252,86
3892,-5.213,-0.489,0.000,-64.656,-0.117,-0.263,86
3893,-5.214,-0.489,0.000,-63.939,-0.125,-0.271,86
3894,-5.214,-0.488,0.000,-62.945,-0.136,-0.278,86
3895,-5.215,-0.488,0.000,-61.718,-0.148,-0.285,86
3896,-5.215,-0.487,0.000,-60.277,-0.160,-0.291,86
3897,-5.215,-0.487,0.000,-58.627,-0.174,-0.296,86
3898,-5.215,-0.487,0.000,-56.767,-0.190,-0.300,86
3899,-5.216,-0.487,0.000,-54.709,-0.207,-0.302,86
3900,-5.216,-0.486,0.000,-52.476,-0.226,-0.303,86
3901,-5.216,-0.486,0.000,-50.097,-0.246,-0.303,86
3902,-5.216,-0.486,0.000,-47.593,-0.267,-0.300,86
3903,-5.216,-0.486,0.000,-44.968,-0.289,-0.296,86
3904,-5.216,-0.486,0.000,-42.203,-0.312,-0.290,86
3905,-5.216,-0.486,0.000,-39.244,-0.336,-0.281,86
3906,-5.216,-0.486,0.000,-35.983,-0.360,-0.268,86
3907,-5.217,-0.485,0.000,-32.613,-0.393,-0.243,86
3908,-5.217,-0.485,0.000,-29.276,-0.418,-0.220,86
3909,-5.217,-0.485,0.000,-25.902,-0.430,-0.218,86
3910,-5.217,-0.485,0.000,-22.269,-0.459,-0.191,86
3911,-5.217,-0.485,0.000,-18.057,-0.482,-0.162,86
3912,-5.216,-0.484,0.000,-13.268,-0.506,-0.126,86
3913,-5.216,-0.484,0.000,-8.205,-0.527,-0.082,86
3914,-5.216,-0.484,0.000,-3.041,-0.545,-0.034,86
3915,-5.215,-0.484,0.000,2.000,-0.558,0.020,86
3916,-5.215,-0.484,0.000,6.831,-0.567,0.063,86
3917,-5.215,-0.483,0.000,11.267,-0.572,0.106,86
3918,-5.214,-0.483,0.000,15.155,-0.571,0.168,86
3919,-5.216,-0.484,0.000,18.894,-0.571,0.177,86
3920,-5.215,-0.483,0.000,22.566,-0.564,0.239,86
3921,-5.215,-0.483,0.000,26.145,-0.563,0.261,86
3922,-5.216,-0.483,0.000,29.649,-0.550,0.305,86
3923,-5.215,-0.483,0.000,32.905,-0.540,0.349,86
3924,-5.214,-0.482,0.000,35.737,-0.536,0.379,86
3925,-5.214,-0.482,0.000,37.741,-0.532,0.405,86
3926,-5.215,-0.482,0.000,39.376,-0.517,0.434,86
3927,-5.214,-0.482,0.000,40.965,-0.514,0.460,86
3928,-5.214,-0.482,0.000,42.508,-0.513,0.470,86
3929,-5.215,-0.482,0.000,43.676,-0.505,0.488,86
3930,-5.213,-0.481,0.000,44.032,-0.511,0.506,86
3931,-5.213,-0.481,0.000,44.294,-0.517,0.511,86
3932,-5.213,-0.481,0.000,45.026,-0.527,0.511,86
3933,-5.214,-0.481,0.000,45.868,-0.500,0.548,86
3934,-5.215,-0.483,0.000,46.827,-0.511,0.538,86
3935,-5.214,-0.482,0.000,47.851,-0.503,0.562,86
3936,-5.215,-0.483,0.000,48.938,-0.484,0.581,86
3937,-5.215,-0.483,0.000,50.044,-0.497,0.581,86
3938,-5.215,-0.483,0.000,51.238,-0.471,0.611,86
3939,-5.216,-0.484,0.000,52.466,-0.476,0.613,86
3940,-5.215,-0.484,0.000,53.746,-0.457,0.639,86
3941,-5.215,-0.483,0.000,55.056,-0.470,0.641,86
3942,-5.215,-0.483,0.000,56.300,-0.428,0.678,86
3943,-5.216,-0.484,0.000,57.540,-0.437,0.674,86
3944,-5.216,-0.484,0.000,58.763,-0.415,0.697,86
3945,-5.217,-0.486,0.000,59.912,-0.413,0.700,86
3946,-5.217,-0.486,0.000,61.011,-0.406,0.711,86
3947,-5.217,-0.487,0.000,62.360,-0.386,0.726,86
3948,-5.218,-0.487,0.000,63.857,-0.367,0.741,86
3949,-5.218,-0.488,0.000,65.320,-0.352,0.753,86
3950,-5.218,-0.488,0.000,66.659,-0.337,0.765,86
3951,-5.218,-0.489,0.000,67.835,-0.322,0.775,86
3952,-5.219,-0.490,0.000,68.832,-0.309,0.785,86
3953,-5.219,-0.491,0.000,69.647,-0.300,0.792,86
3954,-5.219,-0.491,0.000,70.286,-0.292,0.799,86
3955,-5.219,-0.492,0.000,70.758,-0.286,0.804,86
3956,-5.219,-0.493,0.000,71.075,-0.283,0.808,86
3957,-5.220,-0.494,0.000,71.247,-0.281,0.812,86
3958,-5.220,-0.495,0.000,71.284,-0.282,0.815,86
3959,-5.220,-0.496,0.000,71.193,-0.284,0.817,86
3960,-5.220,-0.497,0.000,70.985,-0.288,0.818,86
3961,-5.221,-0.498,0.000,70.675,-0.283,0.822,86
3962,-5.221,-0.499,0.000,70.390,-0.302,0.818,86
3963,-5.221,-0.500,0.000,70.130,-0.299,0.822,86
3964,-5.221,-0.500,0.000,69.875,-0.276,0.834,86
3965,-5.222,-0.501,0.000,69.620,-0.352,0.811,86
3966,-5.222,-0.502,0.000,69.370,-0.295,0.835,86
3967,-5.223,-0.504,0.000,69.132,-0.315,0.828,86
3968,-5.223,-0.505,0.000,68.895,-0.354,0.816,86
3969,-5.223,-0.506,0.000,68.656,-0.297,0.840,86
3970,-5.224,-0.507,0.000,68.421,-0.359,0.817,86
3971,-5.224,-0.508,0.000,68.182,-0.327,0.833,86
3972,-5.225,-0.510,0.000,67.900,-0.331,0.833,86
3973,-5.225,-0.511,0.000,67.620,-0.374,0.818,86
3974,-5.226,-0.513,0.000,67.332,-0.324,0.841,86
3975,-5.226,-0.514,0.000,67.047,-0.383,0.819,86
3976,-5.227,-0.515,0.000,66.773,-0.346,0.840,86
3977,-5.227,-0.515,0.000,66.511,-0.370,0.836,86
3978,-5.228,-0.517,0.000,66.226,-0.367,0.840,86
3979,-5.228,-0.518,0.000,65.925,-0.377,0.839,86
3980,-5.229,-0.519,0.000,65.568,-0.384,0.840,86
3981,-5.230,-0.521,0.000,65.234,-0.390,0.841,86
3982,-5.230,-0.521,0.000,64.939,-0.407,0.840,86
3983,-5.231,-0.523,0.000,64.526,-0.409,0.845,86
3984,-5.231,-0.523,0.000,64.073,-0.397,0.859,86
3985,-5.231,-0.525,0.000,63.618,-0.450,0.837,86
3986,-5.232,-0.525,0.000,63.138,-0.416,0.863,86
3987,-5.232,-0.526,0.000,62.633,-0.464,0.846,86
3988,-5.233,-0.527,0.000,62.117,-0.450,0.860,86
3989,-5.233,-0.528,0.000,61.557,-0.455,0.865,86
3990,-5.234,-0.529,0.000,60.978,-0.512,0.838,86
3991,-5.235,-0.531,0.000,60.383,-0.464,0.871,86
3992,-5.235,-0.532,0.000,59.786,-0.522,0.844,86
3993,-5.236,-0.533,0.000,59.200,-0.513,0.854,86
3994,-5.237,-0.534,0.000,58.616,-0.496,0.871,86
3995,-5.238,-0.536,0.000,58.083,-0.564,0.834,86
3996,-5.238,-0.537,0.000,57.591,-0.526,0.867,86
3997,-5.239,-0.538,0.000,57.132,-0.570,0.844,86
3998,-5.240,-0.539,0.000,56.682,-0.567,0.853,86
3999,-5.241,-0.540,0.000,56.213,-0.566,0.861,86
4000,-5.241,-0.541,0.000,55.734,-0.608,0.843,86
4001,-5.241,-0.542,0.000,55.289,-0.577,0.875,86
4002,-5.242,-0.542,0.000,54.859,-0.637,0.845,86
4003,-5.242,-0.543,0.000,54.420,-0.605,0.877,86
4004,-5.243,-0.544,0.000,53.990,-0.638,0.867,86
4005,-5.244,-0.545,0.000,53.603,-0.623,0.886,86
4006,-5.244,-0.545,0.000,53.261,-0.664,0.870,86
4007,-5.244,-0.545,0.000,52.919,-0.648,0.898,86
4008,-5.244,-0.546,0.000,52.589,-0.699,0.876,86
4009,-5.245,-0.546,0.000,52.269,-0.683,0.900,86
4010,-5.244,-0.546,0.000,51.972,-0.721,0.892,86
4011,-5.245,-0.547,0.000,51.674,-0.712,0.913,86
4012,-5.245,-0.547,0.000,51.367,-0.730,0.914,86
4013,-5.245,-0.547,0.000,51.331,-0.735,0.928,86
4014,-5.245,-0.547,0.000,51.936,-0.743,0.939,86
4015,-5.245,-0.547,0.000,52.644,-0.733,0.961,86
4016,-5.245,-0.547,0.000,53.515,-0.730,0.977,86
4017,-5.246,-0.547,0.000,54.985,-0.712,1.003,86
4018,-5.246,-0.548,0.000,56.732,-0.686,1.036,86
4019,-5.246,-0.548,0.000,58.580,-0.658,1.068,86
4020,-5.246,-0.548,0.000,60.464,-0.629,1.100,86
4021,-5.245,-0.547,0.000,61.988,-0.607,1.129,86
4022,-5.245,-0.547,0.000,62.739,-0.598,1.149,86
4023,-5.245,-0.547,0.000,63.084,-0.597,1.164,86
4024,-5.245,-0.547,0.000,63.244,-0.600,1.177,86
4025,-5.245,-0.547,0.000,63.320,-0.604,1.189,86
4026,-5.245,-0.548,0.000,62.839,-0.616,1.189,86
4027,-5.245,-0.549,0.000,61.321,-0.652,1.181,86
4028,-5.245,-0.549,0.000,59.067,-0.686,1.176,86
4029,-5.245,-0.548,0.000,56.809,-0.748,1.154,86
4030,-5.245,-0.548,0.000,54.574,-0.819,1.119,86
4031,-5.244,-0.548,0.000,52.372,-0.847,1.116,86
4032,-5.244,-0.548,0.000,50.209,-0.922,1.073,86
4033,-5.244,-0.548,0.000,48.058,-0.948,1.067,86
4034,-5.243,-0.547,0.000,45.948,-1.015,1.028,86
4035,-5.242,-0.546,0.000,43.903,-1.051,1.013,86
4036,-5.242,-0.546,0.000,41.934,-1.100,0.980,86
4037,-5.242,-0.546,0.000,40.044,-1.144,0.951,86
4038,-5.241,-0.545,0.000,38.181,-1.179,0.931,86
4039,-5.240,-0.545,0.000,36.343,-1.233,0.885,86
4040,-5.240,-0.544,0.000,34.531,-1.260,0.875,86
4041,-5.239,-0.543,0.000,32.764,-1.297,0.849,86
4042,-5.239,-0.544,0.000,31.090,-1.337,0.802,86
4043,-5.238,-0.543,0.000,29.429,-1.370,0.777,86
4044,-5.237,-0.543,0.000,27.767,-1.413,0.730,86
4045,-5.237,-0.542,0.000,26.272,-1.442,0.705,86
4046,-5.236,-0.542,0.000,24.950,-1.471,0.681,86
4047,-5.235,-0.542,0.000,23.766,-1.500,0.655,86
4048,-5.234,-0.541,0.000,22.739,-1.526,0.633,86
4049,-5.233,-0.541,0.000,21.878,-1.549,0.619,86
4050,-5.232,-0.541,0.000,21.081,-1.569,0.608,86
4051,-5.231,-0.540,0.000,20.273,-1.597,0.583,86
4052,-5.229,-0.540,0.000,19.563,-1.619,0.572,86
4053,-5.228,-0.539,0.000,19.082,-1.638,0.561,86
4054,-5.227,-0.539,0.000,18.885,-1.655,0.559,86
4055,-5.225,-0.539,0.000,18.955,-1.668,0.567,86
4056,-5.224,-0.539,0.000,19.268,-1.680,0.582,86
4057,-5.223,-0.538,0.000,19.785,-1.683,0.616,86
4058,-5.221,-0.537,0.000,20.373,-1.698,0.625,86
4059,-5.220,-0.537,0.000,20.990,-1.700,0.664,86
4060,-5.218,-0.536,0.000,21.609,-1.708,0.685,86
4061,-5.216,-0.535,0.000,22.232,-1.725,0.687,86
4062,-5.214,-0.534,0.000,22.874,-1.730,0.721,86
4063,-5.213,-0.534,0.000,23.541,-1.729,0.760,86
4064,-5.211,-0.533,0.000,24.265,-1.742,0.765,86
4065,-5.210,-0.532,0.000,24.990,-1.733,0.819,86
4066,-5.208,-0.532,0.000,25.711,-1.750,0.819,86
4067,-5.206,-0.530,0.000,26.483,-1.739,0.877,86
4068,-5.204,-0.530,0.000,27.326,-1.738,0.908,86
4069,-5.203,-0.529,0.000,28.444,-1.734,0.943,86
4070,-5.202,-0.528,0.000,29.951,-1.730,0.975,86
4071,-5.200,-0.527,0.000,31.457,-1.703,1.046,86
4072,-5.199,-0.526,0.000,32.932,-1.691,1.089,86
4073,-5.197,-0.525,0.000,34.366,-1.665,1.149,86
4074,-5.195,-0.523,0.000,35.803,-1.657,1.189,86
4075,-5.193,-0.522,0.000,37.278,-1.643,1.232,86
4076,-5.192,-0.521,0.000,38.792,-1.613,1.290,86
4077,-5.190,-0.520,0.000,40.459,-1.581,1.346,86
4078,-5.189,-0.518,0.000,42.279,-1.554,1.394,86
4079,-5.187,-0.517,0.000,44.236,-1.509,1.461,86
4080,-5.187,-0.516,0.000,46.269,-1.446,1.533,86
4081,-5.186,-0.515,0.000,48.302,-1.417,1.575,86
4082,-5.184,-0.513,0.000,50.342,-1.344,1.653,86
4083,-5.183,-0.511,0.000,52.388,-1.331,1.681,86
4084,-5.181,-0.510,0.000,54.400,-1.246,1.759,86
4085,-5.180,-0.508,0.000,56.405,-1.211,1.797,86
4086,-5.179,-0.507,0.000,58.442,-1.130,1.860,86
4087,-5.178,-0.505,0.000,60.487,-1.071,1.910,86
4088,-5.177,-0.503,0.000,62.504,-1.023,1.947,86
4089,-5.176,-0.501,0.000,64.522,-0.965,1.991,86
4090,-5.175,-0.499,0.000,66.539,-0.884,2.035,86
4091,-5.175,-0.497,0.000,68.547,-0.801,2.067,86
4092,-5.174,-0.495,0.000,70.526,-0.745,2.085,86
4093,-5.173,-0.493,0.000,72.469,-0.648,2.114,86
4094,-5.173,-0.491,0.000,74.407,-0.606,2.120,86
4095,-5.172,-0.489,0.000,76.331,-0.519,2.134,86
4096,-5.172,-0.487,0.000,78.231,-0.440,2.140,86
4097,-5.171,-0.486,0.000,80.122,-0.368,2.143,86
4098,-5.171,-0.484,0.000,81.993,-0.309,2.142,86
4099,-5.171,-0.481,0.000,83.862,-0.243,2.141,86
4100,-5.171,-0.480,0.000,85.721,-0.136,2.140,86
4101,-5.171,-0.478,0.000,87.583,-0.123,2.130,86
4102,-5.170,-0.476,0.000,89.424,-0.005,2.123,86
4103,-5.171,-0.474,0.000,91.248,0.041,2.112,86
4104,-5.171,-0.473,0.000,93.051,0.128,2.098,86
4105,-5.171,-0.471,0.000,94.844,0.170,2.084,86
4106,-5.171,-0.469,0.000,96.618,0.256,2.064,86
4107,-5.171,-0.468,0.000,98.373,0.305,2.046,86
4108,-5.171,-0.466,0.000,100.104,0.343,2.027,86
4109,-5.172,-0.465,0.000,101.802,0.425,1.998,86
4110,-5.172,-0.463,0.000,103.479,0.453,1.981,86
4111,-5.173,-0.462,0.000,105.121,0.536,1.948,86
4112,-5.174,-0.459,0.000,106.727,0.563,1.930,86
4113,-5.174,-0.458,0.000,108.359,0.624,1.897,86
4114,-5.175,-0.457,0.000,109.994,0.681,1.863,86
4115,-5.175,-0.456,0.000,111.619,0.720,1.832,86
4116,-5.176,-0.455,0.000,113.219,0.762,1.799,86
4117,-5.176,-0.453,0.000,114.651,0.805,1.765,86
4118,-5.177,-0.452,0.000,115.942,0.839,1.734,86
4119,-5.177,-0.451,0.000,117.139,0.873,1.702,86
4120,-5.178,-0.451,0.000,118.257,0.900,1.670,86
4121,-5.178,-0.449,0.000,119.338,0.934,1.636,86
4122,-5.179,-0.449,0.000,120.451,0.949,1.609,86
4123,-5.179,-0.448,0.000,121.569,0.958,1.587,86
4124,-5.179,-0.448,0.000,122.676,0.998,1.541,86
4125,-5.180,-0.447,0.000,123.823,0.997,1.525,86
4126,-5.181,-0.446,0.000,124.957,1.055,1.468,86
4127,-5.181,-0.446,0.000,126.080,1.053,1.445,86
4128,-5.182,-0.445,0.000,127.145,1.068,1.417,86
4129,-5.182,-0.444,0.000,128.206,1.109,1.364,86
4130,-5.183,-0.444,0.000,129.240,1.083,1.367,86
4131,-5.183,-0.443,0.000,130.251,1.143,1.294,86
4132,-5.183,-0.443,0.000,131.248,1.107,1.302,86
4133,-5.184,-0.442,0.000,132.229,1.117,1.274,86
4134,-5.184,-0.442,0.000,133.197,1.175,1.198,86
4135,-5.184,-0.442,0.000,134.149,1.129,1.218,86
4136,-5.185,-0.441,0.000,135.086,1.155,1.169,86
4137,-5.185,-0.441,0.000,136.005,1.212,1.087,86
4138,-5.185,-0.441,0.000,136.911,1.161,1.116,86
4139,-5.185,-0.441,0.000,137.810,1.175,1.073,86
4140,-5.186,-0.441,0.000,138.699,1.215,1.007,86
4141,-5.186,-0.440,0.000,139.557,1.169,1.035,86
4142,-5.186,-0.440,0.000,140.393,1.206,0.964,86
4143,-5.187,-0.440,0.000,141.218,1.203,0.947,86
4144,-5.186,-0.441,0.000,142.066,1.175,0.944,86
4145,-5.186,-0.440,0.000,142.949,1.214,0.871,86
4146,-5.186,-0.440,0.000,143.837,1.179,0.888,86
4147,-5.185,-0.441,0.000,144.709,1.204,0.819,86
4148,-5.186,-0.440,0.000,145.589,1.183,0.825,86
4149,-5.185,-0.440,0.000,146.511,1.201,0.768,86
4150,-5.186,-0.440,0.000,147.537,1.186,0.766,86
4151,-5.186,-0.440,0.000,148.627,1.205,0.714,86
4152,-5.185,-0.440,0.000,149.814,1.180,0.717,86
4153,-5.186,-0.440,0.000,151.052,1.213,0.631,86
4154,-5.186,-0.440,0.000,152.324,1.189,0.646,86
4155,-5.184,-0.440,0.000,153.612,1.200,0.578,86
4156,-5.187,-0.439,0.000,154.952,1.210,0.549,86
4157,-5.185,-0.440,0.000,156.298,1.194,0.535,86
4158,-5.186,-0.439,0.000,157.659,1.211,0.473,86
4159,-5.185,-0.440,0.000,159.068,1.193,0.465,86
4160,-5.186,-0.439,0.000,160.564,1.208,0.400,86
4161,-5.186,-0.439,0.000,162.071,1.192,0.398,86
4162,-5.187,-0.439,0.000,163.607,1.204,0.331,86
4163,-5.186,-0.439,0.000,165.169,1.191,0.320,86
4164,-5.187,-0.438,0.000,166.791,1.197,0.264,86
4165,-5.187,-0.439,0.000,168.450,1.180,0.267,86
4166,-5.187,-0.439,0.000,170.113,1.183,0.196,86
4167,-5.187,-0.439,0.000,171.782,1.169,0.186,86
4168,-5.188,-0.439,0.000,173.438,1.168,0.138,86
4169,-5.188,-0.439,0.000,175.132,1.157,0.103,86
4170,-5.189,-0.439,0.000,176.864,1.152,0.079,86
4171,-5.188,-0.439,0.000,178.642,1.141,0.007,86
4172,-5.190,-0.439,0.000,-179.576,1.137,-0.005,86
4173,-5.189,-0.439,0.000,-177.792,1.119,-0.058,86
4174,-5.190,-0.439,0.000,-176.000,1.114,-0.073,86
4175,-5.190,-0.439,0.000,-174.168,1.098,-0.111,86
4176,-5.190,-0.438,0.000,-172.108,1.084,-0.146,86
4177,-5.191,-0.438,0.000,-169.705,1.068,-0.187,86
4178,-5.191,-0.438,0.000,-167.010,1.044,-0.257,86
4179,-5.190,-0.438,0.000,-164.302,1.019,-0.295,86
4180,-5.191,-0.438,0.000,-161.540,1.000,-0.333,86
4181,-5.191,-0.438,0.000,-158.660,0.969,-0.383,86
4182,-5.190,-0.438,0.000,-155.388,0.933,-0.437,86
4183,-5.190,-0.438,0.000,-151.434,0.892,-0.493,86
4184,-5.188,-0.437,0.000,-147.409,0.842,-0.541,86
4185,-5.186,-0.435,0.000,-144.008,0.789,-0.580,86
4186,-5.188,-0.436,0.000,-141.503,0.763,-0.614,86
4187,-5.189,-0.437,0.000,-140.259,0.748,-0.629,86
4188,-5.189,-0.438,0.000,-140.251,0.743,-0.624,86
4189,-5.189,-0.437,0.000,-141.469,0.747,-0.602,86
4190,-5.189,-0.437,0.000,-143.853,0.761,-0.563,86
4191,-5.188,-0.437,0.000,-146.840,0.780,-0.516,86
4192,-5.188,-0.436,0.000,-149.733,0.796,-0.471,86
4193,-5.188,-0.436,0.000,-152.256,0.807,-0.430,86
4194,-5.188,-0.436,0.000,-154.341,0.812,-0.396,86
4195,-5.187,-0.436,0.000,-155.989,0.813,-0.368,86
4196,-5.186,-0.436,0.000,-157.236,0.811,-0.346,86
4197,-5.186,-0.436,0.000,-158.128,0.805,-0.329,86
4198,-5.185,-0.436,0.000,-158.713,0.797,-0.316,86
4199,-5.184,-0.436,0.000,-159.034,0.788,-0.308,86
4200,-5.183,-0.435,0.000,-159.153,0.783,-0.287,86
4201,-5.182,-0.435,0.000,-159.245,0.759,-0.313,86
4202,-5.180,-0.434,0.000,-159.309,0.759,-0.272,86
4203,-5.179,-0.434,0.000,-159.332,0.734,-0.303,86
4204,-5.178,-0.434,0.000,-159.359,0.737,-0.266,86
4205,-5.177,-0.433,0.000,-159.391,0.715,-0.290,86
4206,-5.176,-0.433,0.000,-159.421,0.722,-0.237,86
4207,-5.174,-0.432,0.000,-159.438,0.693,-0.281,86
4208,-5.173,-0.432,0.000,-159.444,0.692,-0.253,86
4209,-5.172,-0.431,0.000,-159.217,0.680,-0.251,86
4210,-5.170,-0.430,0.000,-158.569,0.662,-0.266,86
4211,-5.169,-0.430,0.000,-157.841,0.658,-0.249,86
4212,-5.167,-0.429,0.000,-157.108,0.633,-0.276,86
4213,-5.166,-0.428,0.000,-156.365,0.630,-0.258,86
4214,-5.165,-0.428,0.000,-155.593,0.611,-0.280,86
4215,-5.163,-0.427,0.000,-154.740,0.601,-0.280,86
4216,-5.162,-0.426,0.000,-153.604,0.590,-0.283,86
4217,-5.160,-0.425,0.000,-152.169,0.561,-0.315,86
4218,-5.159,-0.424,0.000,-150.704,0.550,-0.314,86
4219,-5.158,-0.424,0.000,-149.181,0.544,-0.311,86
4220,-5.156,-0.423,0.000,-147.531,0.517,-0.335,86
4221,-5.155,-0.422,0.000,-145.853,0.512,-0.327,86
4222,-5.153,-0.420,0.000,-144.221,0.470,-0.369,86
4223,-5.151,-0.419,0.000,-142.578,0.474,-0.346,86
4224,-5.150,-0.418,0.000,-140.923,0.433,-0.382,86
4225,-5.148,-0.416,0.000,-139.240,0.434,-0.363,86
4226,-5.146,-0.415,0.000,-137.541,0.398,-0.390,86
4227,-5.145,-0.413,0.000,-135.792,0.406,-0.366,86
4228,-5.143,-0.412,0.000,-134.003,0.369,-0.392,86
4229,-5.142,-0.411,0.000,-132.227,0.362,-0.388,86
4230,-5.140,-0.409,0.000,-130.494,0.334,-0.399,86
4231,-5.139,-0.407,0.000,-128.685,0.312,-0.406,86
4232,-5.138,-0.406,0.000,-126.703,0.317,-0.393,86
4233,-5.137,-0.404,0.000,-124.821,0.276,-0.411,86
4234,-5.135,-0.402,0.000,-122.912,0.259,-0.414,86
4235,-5.134,-0.400,0.000,-120.890,0.247,-0.411,86
4236,-5.133,-0.399,0.000,-118.875,0.228,-0.414,86
4237,-5.132,-0.397,0.000,-116.937,0.217,-0.411,86
4238,-5.132,-0.395,0.000,-115.026,0.183,-0.423,86
4239,-5.131,-0.393,0.000,-113.172,0.169,-0.420,86
4240,-5.130,-0.391,0.000,-111.352,0.181,-0.408,86
4241,-5.129,-0.389,0.000,-109.561,0.142,-0.413,86
4242,-5.128,-0.387,0.000,-107.796,0.134,-0.410,86
4243,-5.128,-0.385,0.000,-106.092,0.129,-0.406,86
4244,-5.127,-0.383,0.000,-104.439,0.111,-0.406,86
4245,-5.127,-0.381,0.000,-102.849,0.095,-0.404,86
4246,-5.126,-0.378,0.000,-101.315,0.085,-0.400,86
4247,-5.126,-0.376,0.000,-99.830,0.075,-0.396,86
4248,-5.125,-0.374,0.000,-98.391,0.063,-0.392,86
4249,-5.125,-0.372,0.000,-96.993,0.053,-0.388,86
4250,-5.125,-0.370,0.000,-95.630,0.042,-0.383,86
4251,-5.125,-0.367,0.000,-94.291,0.025,-0.377,86
4252,-5.125,-0.365,0.000,-92.966,0.008,-0.372,86
4253,-5.124,-0.362,0.000,-91.667,0.004,-0.366,86
4254,-5.124,-0.360,0.000,-90.397,-0.001,-0.359,86
4255,-5.124,-0.357,0.000,-89.153,-0.010,-0.353,86
4256,-5.124,-0.355,0.000,-87.934,-0.000,-0.347,86
4257,-5.125,-0.353,0.000,-86.699,-0.021,-0.343,86
4258,-5.125,-0.351,0.000,-85.478,-0.024,-0.339,86
4259,-5.125,-0.349,0.000,-84.295,-0.025,-0.334,86
4260,-5.125,-0.347,0.000,-83.156,-0.033,-0.329,86
4261,-5.125,-0.345,0.000,-82.066,-0.041,-0.324,86
4262,-5.125,-0.343,0.000,-81.028,-0.045,-0.319,86
4263,-5.126,-0.341,0.000,-80.048,-0.049,-0.315,86
4264,-5.126,-0.340,0.000,-79.127,-0.054,-0.310,86
4265,-5.126,-0.338,0.000,-78.268,-0.058,-0.305,86
4266,-5.127,-0.336,0.000,-77.471,-0.061,-0.301,86
4267,-5.127,-0.334,0.000,-76.737,-0.064,-0.297,86
4268,-5.127,-0.332,0.000,-76.063,-0.067,-0.293,86
4269,-5.128,-0.331,0.000,-75.450,-0.069,-0.289,86
4270,-5.128,-0.329,0.000,-74.896,-0.071,-0.285,86
4271,-5.129,-0.327,0.000,-74.401,-0.073,-0.281,86
4272,-5.129,-0.326,0.000,-73.963,-0.074,-0.277,86
4273,-5.130,-0.324,0.000,-73.577,-0.075,-0.273,86
4274,-5.130,-0.322,0.000,-73.238,-0.075,-0.269,86
4275,-5.131,-0.320,0.000,-72.938,-0.076,-0.265,86
4276,-5.131,-0.319,0.000,-72.668,-0.076,-0.261,86
4277,-5.132,-0.317,0.000,-72.418,-0.076,-0.258,86
4278,-5.132,-0.315,0.000,-72.177,-0.076,-0.254,86
4279,-5.133,-0.314,0.000,-71.935,-0.076,-0.250,86
4280,-5.133,-0.312,0.000,-71.680,-0.076,-0.246,86
4281,-5.134,-0.311,0.000,-71.403,-0.076,-0.243,86
4282,-5.134,-0.309,0.000,-71.095,-0.076,-0.239,86
4283,-5.135,-0.307,0.000,-70.750,-0.078,-0.235,86
4284,-5.136,-0.305,0.000,-70.388,-0.084,-0.227,86
4285,-5.136,-0.304,0.000,-69.963,-0.094,-0.221,86
4286,-5.137,-0.302,0.000,-69.531,-0.089,-0.220,86
4287,-5.137,-0.301,0.000,-69.060,-0.086,-0.218,86
4288,-5.138,-0.299,0.000,-68.544,-0.089,-0.214,86
4289,-5.138,-0.298,0.000,-67.989,-0.092,-0.211,86
4290,-5.139,-0.297,0.000,-67.404,-0.093,-0.208,86
4291,-5.139,-0.295,0.000,-66.803,-0.094,-0.206,86
4292,-5.140,-0.294,0.000,-66.201,-0.078,-0.210,86
4293,-5.140,-0.293,0.000,-65.628,-0.094,-0.203,86
4294,-5.141,-0.292,0.000,-65.083,-0.090,-0.203,86
4295,-5.142,-0.290,0.000,-64.573,-0.087,-0.203,86
4296,-5.142,-0.289,0.000,-64.122,-0.090,-0.201,86
4297,-5.143,-0.288,0.000,-63.734,-0.093,-0.198,86
4298,-5.143,-0.287,0.000,-63.412,-0.093,-0.197,86
4299,-5.144,-0.286,0.000,-63.157,-0.093,-0.196,86
4300,-5.144,-0.284,0.000,-62.964,-0.093,-0.195,86
4301,-5.145,-0.283,0.000,-62.828,-0.093,-0.193,86
4302,-5.146,-0.282,0.000,-62.741,-0.093,-0.192,86
4303,-5.146,-0.281,0.000,-62.694,-0.093,-0.191,86
4304,-5.147,-0.280,0.000,-62.679,-0.092,-0.190,86
4305,-5.147,-0.279,0.000,-62.685,-0.092,-0.189,86
4306,-5.148,-0.277,0.000,-62.703,-0.091,-0.188,86
4307,-5.148,-0.276,0.000,-62.718,-0.096,-0.184,86
4308,-5.149,-0.275,0.000,-62.723,-0.093,-0.182,86
4309,-5.150,-0.273,0.000,-62.686,-0.103,-0.176,86
4310,-5.151,-0.272,0.000,-62.618,-0.101,-0.176,86
4311,-5.151,-0.271,0.000,-62.511,-0.083,-0.185,86
4312,-5.151,-0.271,0.000,-62.384,-0.099,-0.180,86
4313,-5.152,-0.269,0.000,-62.256,-0.083,-0.189,86
4314,-5.153,-0.268,0.000,-62.117,-0.091,-0.185,86
4315,-5.153,-0.267,0.000,-61.933,-0.098,-0.183,86
4316,-5.154,-0.266,0.000,-61.573,-0.095,-0.186,86
4317,-5.155,-0.265,0.000,-60.980,-0.095,-0.187,86
4318,-5.155,-0.264,0.000,-60.207,-0.100,-0.186,86
4319,-5.156,-0.263,0.000,-59.292,-0.105,-0.185,86
4320,-5.156,-0.262,0.000,-58.261,-0.108,-0.185,86
4321,-5.157,-0.261,0.000,-57.130,-0.112,-0.185,86
4322,-5.157,-0.261,0.000,-55.942,-0.138,-0.172,86
4323,-5.158,-0.259,0.000,-54.778,-0.127,-0.180,86
4324,-5.159,-0.258,0.000,-53.595,-0.133,-0.178,86
4325,-5.160,-0.258,0.000,-52.263,-0.143,-0.173,86
4326,-5.158,-0.259,0.000,-50.422,-0.158,-0.179,86
4327,-5.158,-0.260,0.000,-47.668,-0.173,-0.183,86
4328,-5.156,-0.261,0.000,-43.923,-0.195,-0.182,86
4329,-5.155,-0.262,0.000,-39.530,-0.220,-0.174,86
4330,-5.154,-0.263,0.000,-34.999,-0.243,-0.163,86
4331,-5.153,-0.263,0.000,-30.537,-0.266,-0.151,86
4332,-5.152,-0.264,0.000,-26.194,-0.289,-0.136,86
4333,-5.150,-0.265,0.000,-21.980,-0.311,-0.120,86
4334,-5.149,-0.265,0.000,-17.899,-0.328,-0.120,86
4335,-5.146,-0.266,0.000,-13.887,-0.361,-0.067,86
4336,-5.144,-0.266,0.000,-9.935,-0.376,-0.077,86
4337,-5.141,-0.267,0.000,-6.055,-0.402,-0.024,86
4338,-5.138,-0.267,0.000,-2.241,-0.421,-0.020,86
4339,-5.136,-0.267,0.000,1.500,-0.436,0.007,86
4340,-5.132,-0.267,0.000,5.181,-0.456,0.037,86
4341,-5.130,-0.266,0.000,8.792,-0.468,0.058,86
4342,-5.127,-0.266,0.000,12.343,-0.479,0.111,86
4343,-5.124,-0.265,0.000,15.851,-0.493,0.125,86
4344,-5.122,-0.264,0.000,19.338,-0.494,0.175,86
4345,-5.120,-0.264,0.000,22.523,-0.496,0.202,86
4346,-5.117,-0.263,0.000,25.529,-0.499,0.241,86
4347,-5.115,-0.261,0.000,28.417,-0.506,0.259,86
4348,-5.113,-0.260,0.000,31.179,-0.501,0.293,86
4349,-5.111,-0.259,0.000,33.717,-0.497,0.329,86
4350,-5.109,-0.257,0.000,35.815,-0.498,0.354,86
4351,-5.107,-0.256,0.000,37.505,-0.492,0.379,86
4352,-5.105,-0.254,0.000,39.083,-0.496,0.402,86
4353,-5.105,-0.254,0.000,40.490,-0.490,0.414,86
4354,-5.102,-0.252,0.000,41.755,-0.491,0.441,86
4355,-5.100,-0.250,0.000,42.925,-0.500,0.447,86
4356,-5.100,-0.250,0.000,44.027,-0.488,0.468,86
4357,-5.099,-0.248,0.000,45.037,-0.486,0.486,86
4358,-5.098,-0.247,0.000,45.739,-0.490,0.494,86
4359,-5.095,-0.245,0.000,45.985,-0.497,0.509,86
4360,-5.096,-0.245,0.000,45.826,-0.499,0.508,86
4361,-5.095,-0.244,0.000,45.404,-0.497,0.522,86
4362,-5.093,-0.243,0.000,44.930,-0.531,0.503,86
4363,-5.094,-0.243,0.000,44.431,-0.521,0.514,86
4364,-5.092,-0.241,0.000,43.850,-0.544,0.511,86
4365,-5.092,-0.242,0.000,43.171,-0.553,0.503,86
4366,-5.091,-0.240,0.000,42.445,-0.557,0.515,86
4367,-5.089,-0.239,0.000,41.676,-0.582,0.508,86
4368,-5.090,-0.239,0.000,40.753,-0.594,0.493,86
4369,-5.088,-0.238,0.000,39.691,-0.601,0.503,86
4370,-5.086,-0.237,0.000,38.522,-0.628,0.492,86
4371,-5.086,-0.236,0.000,37.183,-0.634,0.492,86
4372,-5.085,-0.235,0.000,35.527,-0.663,0.469,86
4373,-5.083,-0.234,0.000,33.701,-0.678,0.470,86
4374,-5.080,-0.233,0.000,31.839,-0.723,0.427,86
4375,-5.079,-0.232,0.000,29.972,-0.736,0.429,86
4376,-5.076,-0.230,0.000,28.114,-0.763,0.419,86
4377,-5.074,-0.229,0.000,26.251,-0.794,0.380,86
4378,-5.071,-0.228,0.000,24.432,-0.821,0.366,86
4379,-5.069,-0.227,0.000,22.632,-0.840,0.354,86
4380,-5.065,-0.225,0.000,20.847,-0.868,0.339,86
4381,-5.063,-0.224,0.000,19.078,-0.892,0.307,86
4382,-5.058,-0.223,0.000,17.312,-0.926,0.271,86
4383,-5.055,-0.222,0.000,15.558,-0.936,0.298,86
4384,-5.052,-0.221,0.000,13.806,-0.975,0.218,86
4385,-5.048,-0.220,0.000,12.054,-0.990,0.239,86
4386,-5.044,-0.219,0.000,10.307,-1.025,0.156,86
4387,-5.039,-0.219,0.000,8.566,-1.045,0.170,86
4388,-5.035,-0.218,0.000,6.848,-1.071,0.108,86
4389,-5.031,-0.218,0.000,5.139,-1.094,0.108,86
4390,-5.027,-0.217,0.000,3.444,-1.118,0.049,86
4391,-5.022,-0.217,0.000,1.763,-1.139,0.058,86
4392,-5.017,-0.217,0.000,0.095,-1.162,-0.027,86
4393,-5.013,-0.217,0.000,-1.564,-1.185,-0.001,86
4394,-5.008,-0.217,0.000,-3.216,-1.202,-0.079,86
4395,-5.003,-0.218,0.000,-4.859,-1.224,-0.095,86
4396,-4.998,-0.218,0.000,-6.527,-1.242,-0.139,86
4397,-4.993,-0.219,0.000,-8.231,-1.259,-0.189,86
4398,-4.989,-0.219,0.000,-9.920,-1.274,-0.234,86
4399,-4.984,-0.220,0.000,-11.620,-1.291,-0.262,86
4400,-4.979,-0.222,0.000,-13.336,-1.305,-0.308,86
4401,-4.974,-0.223,0.000,-15.060,-1.314,-0.360,86
4402,-4.969,-0.224,0.000,-16.776,-1.325,-0.405,86
4403,-4.964,-0.226,0.000,-18.494,-1.336,-0.446,86
4404,-4.959,-0.228,0.000,-20.229,-1.339,-0.503,86
4405,-4.955,-0.229,0.000,-21.946,-1.345,-0.548,86
4406,-4.950,-0.231,0.000,-23.618,-1.349,-0.595,86
4407,-4.945,-0.234,0.000,-25.251,-1.354,-0.639,86
4408,-4.941,-0.236,0.000,-26.845,-1.358,-0.681,86
4409,-4.936,-0.238,0.000,-28.386,-1.357,-0.730,86
4410,-4.932,-0.241,0.000,-29.911,-1.357,-0.779,86
4411,-4.927,-0.244,0.000,-31.447,-1.363,-0.815,86
4412,-4.923,-0.246,0.000,-32.957,-1.339,-0.896,86
4413,-4.918,-0.249,0.000,-34.465,-1.364,-0.900,86
4414,-4.914,-0.252,0.000,-35.973,-1.326,-0.991,86
4415,-4.911,-0.255,0.000,-37.468,-1.337,-1.009,86
4416,-4.906,-0.258,0.000,-38.949,-1.333,-1.055,86
4417,-4.903,-0.261,0.000,-40.414,-1.304,-1.122,86
4418,-4.899,-0.265,0.000,-41.869,-1.309,-1.150,86
4419,-4.896,-0.268,0.000,-43.307,-1.263,-1.230,86
4420,-4.892,-0.271,0.000,-44.760,-1.280,-1.240,86
4421,-4.889,-0.274,0.000,-46.193,-1.246,-1.302,86
4422,-4.885,-0.278,0.000,-47.573,-1.228,-1.351,86
4423,-4.883,-0.281,0.000,-48.911,-1.213,-1.387,86
4424,-4.880,-0.285,0.000,-50.262,-1.178,-1.444,86
4425,-4.877,-0.289,0.000,-51.584,-1.185,-1.468,86
4426,-4.874,-0.292,0.000,-52.887,-1.141,-1.527,86
4427,-4.871,-0.295,0.000,-54.114,-1.130,-1.558,86
4428,-4.869,-0.299,0.000,-55.169,-1.112,-1.595,86
4429,-4.866,-0.303,0.000,-55.876,-1.097,-1.631,86
4430,-4.863,-0.307,0.000,-56.522,-1.098,-1.654,86
4431,-4.861,-0.310,0.000,-57.139,-1.083,-1.683,86
4432,-4.859,-0.314,0.000,-57.697,-1.069,-1.717,86
4433,-4.856,-0.318,0.000,-58.166,-1.082,-1.731,86
4434,-4.853,-0.322,0.000,-58.082,-1.090,-1.752,86
4435,-4.851,-0.326,0.000,-57.713,-1.116,-1.758,86
4436,-4.849,-0.330,0.000,-56.948,-1.153,-1.757,86
4437,-4.846,-0.333,0.000,-55.960,-1.178,-1.763,86
4438,-4.843,-0.337,0.000,-54.965,-1.242,-1.743,86
4439,-4.841,-0.340,0.000,-54.009,-1.274,-1.742,86
4440,-4.838,-0.344,0.000,-53.060,-1.295,-1.749,86
4441,-4.836,-0.347,0.000,-52.117,-1.355,-1.729,86
4442,-4.833,-0.351,0.000,-51.153,-1.377,-1.734,86
4443,-4.830,-0.354,0.000,-50.173,-1.424,-1.704,86
4444,-4.827,-0.357,0.000,-49.169,-1.440,-1.675,86
4445,-4.824,-0.361,0.000,-48.162,-1.454,-1.628,86
4446,-4.821,-0.364,0.000,-47.166,-1.468,-1.580,86
4447,-4.819,-0.367,0.000,-46.180,-1.484,-1.529,86
4448,-4.815,-0.370,0.000,-45.188,-1.483,-1.495,86
4449,-4.812,-0.374,0.000,-44.208,-1.488,-1.456,86
4450,-4.809,-0.377,0.000,-43.272,-1.502,-1.407,86
4451,-4.806,-0.379,0.000,-42.330,-1.507,-1.363,86
4452,-4.803,-0.382,0.000,-41.415,-1.504,-1.331,86
4453,-4.799,-0.385,0.000,-40.505,-1.513,-1.282,86
4454,-4.796,-0.388,0.000,-39.614,-1.521,-1.241,86
4455,-4.792,-0.391,0.000,-38.773,-1.506,-1.222,86
4456,-4.789,-0.394,0.000,-37.970,-1.510,-1.180,86
4457,-4.785,-0.396,0.000,-37.261,-1.517,-1.135,86
4458,-4.782,-0.399,0.000,-36.539,-1.500,-1.118,86
4459,-4.779,-0.401,0.000,-35.828,-1.504,-1.075,86
4460,-4.775,-0.404,0.000,-35.190,-1.484,-1.066,86
4461,-4.772,-0.406,0.000,-34.562,-1.499,-1.005,86
4462,-4.768,-0.409,0.000,-33.951,-1.475,-1.003,86
4463,-4.765,-0.411,0.000,-33.404,-1.478,-0.959,86
4464,-4.761,-0.413,0.000,-32.889,-1.451,-0.961,86
4465,-4.758,-0.415,0.000,-32.367,-1.467,-0.894,86
4466,-4.754,-0.418,0.000,-31.854,-1.434,-0.909,86
4467,-4.751,-0.420,0.000,-31.352,-1.432,-0.872,86
4468,-4.747,-0.422,0.000,-30.858,-1.429,-0.837,86
4469,-4.743,-0.424,0.000,-30.415,-1.403,-0.843,86
4470,-4.740,-0.426,0.000,-29.987,-1.412,-0.787,86
4471,-4.737,-0.428,0.000,-29.554,-1.372,-0.816,86
4472,-4.733,-0.430,0.000,-29.105,-1.386,-0.752,86
4473,-4.730,-0.432,0.000,-28.634,-1.355,-0.767,86
4474,-4.726,-0.434,0.000,-28.167,-1.368,-0.700,86
4475,-4.723,-0.435,0.000,-27.703,-1.335,-0.716,86
4476,-4.720,-0.437,0.000,-27.289,-1.332,-0.679,86
4477,-4.716,-0.439,0.000,-26.928,-1.309,-0.682,86
4478,-4.713,-0.441,0.000,-26.568,-1.311,-0.636,86
4479,-4.709,-0.443,0.000,-26.241,-1.294,-0.631,86
4480,-4.706,-0.444,0.000,-25.965,-1.277,-0.623,86
4481,-4.702,-0.446,0.000,-25.764,-1.262,-0.610,86
4482,-4.699,-0.448,0.000,-25.570,-1.249,-0.596,86
4483,-4.695,-0.449,0.000,-25.370,-1.232,-0.588,86
4484,-4.692,-0.451,0.000,-25.175,-1.227,-0.558,86
4485,-4.689,-0.452,0.000,-24.982,-1.197,-0.576,86
4486,-4.686,-0.454,0.000,-24.768,-1.192,-0.545,86
4487,-4.682,-0.456,0.000,-24.527,-1.176,-0.537,86
4488,-4.679,-0.457,0.000,-24.286,-1.162,-0.522,86
4489,-4.676,-0.459,0.000,-24.105,-1.149,-0.512,86
4490,-4.672,-0.460,0.000,-23.918,-1.132,-0.507,86
4491,-4.669,-0.462,0.000,-23.717,-1.125,-0.482,86
4492,-4.666,-0.463,0.000,-23.509,-1.108,-0.477,86
4493,-4.663,-0.464,0.000,-23.297,-1.092,-0.471,86
4494,-4.659,-0.466,0.000,-23.086,-1.079,-0.460,86
4495,-4.656,-0.467,0.000,-22.855,-1.064,-0.455,86
4496,-4.653,-0.469,0.000,-22.632,-1.050,-0.447,86
4497,-4.650,-0.470,0.000,-22.416,-1.038,-0.434,86
4498,-4.646,-0.471,0.000,-22.205,-1.025,-0.423,86
4499,-4.643,-0.473,0.000,-22.002,-1.013,-0.413,86
4500,-4.640,-0.474,0.000,-21.804,-1.000,-0.405,86
4501,-4.637,-0.475,0.000,-21.611,-0.986,-0.398,86
4502,-4.634,-0.476,0.000,-21.427,-0.977,-0.380,86
4503,-4.630,-0.478,0.000,-21.251,-0.960,-0.383,86
4504,-4.627,-0.479,0.000,-21.045,-0.947,-0.375,86
4505,-4.624,-0.480,0.000,-20.841,-0.942,-0.346,86
4506,-4.621,-0.481,0.000,-20.644,-0.927,-0.346,86
4507,-4.618,-0.483,0.000,-20.455,-0.915,-0.338,86
4508,-4.614,-0.484,0.000,-20.268,-0.904,-0.327,86
4509,-4.611,-0.485,0.000,-20.082,-0.892,-0.319,86
4510,-4.608,-0.486,0.000,-19.898,-0.876,-0.324,86
4511,-4.605,-0.487,0.000,-19.715,-0.869,-0.307,86
4512,-4.601,-0.489,0.000,-19.607,-0.856,-0.306,86
4513,-4.598,-0.490,0.000,-19.491,-0.841,-0.307,86
4514,-4.595,-0.491,0.000,-19.363,-0.829,-0.302,86
4515,-4.592,-0.492,0.000,-19.225,-0.819,-0.290,86
4516,-4.588,-0.493,0.000,-19.080,-0.814,-0.267,86
4517,-4.585,-0.494,0.000,-19.002,-0.800,-0.271,86
4518,-4.582,-0.495,0.000,-18.942,-0.785,-0.275,86
4519,-4.578,-0.496,0.000,-18.816,-0.772,-0.274,86
4520,-4.575,-0.498,0.000,-18.667,-0.762,-0.264,86
4521,-4.572,-0.499,0.000,-18.499,-0.752,-0.255,86
4522,-4.569,-0.500,0.000,-18.318,-0.741,-0.250,86
4523,-4.566,-0.501,0.000,-18.129,-0.730,-0.245,86
4524,-4.562,-0.502,0.000,-17.934,-0.720,-0.238,86
4525,-4.559,-0.503,0.000,-17.739,-0.707,-0.240,86
4526,-4.556,-0.504,0.000,-17.553,-0.706,-0.200,86
4527,-4.553,-0.505,0.000,-17.370,-0.682,-0.240,86
4528,-4.550,-0.506,0.000,-17.199,-0.681,-0.201,86
4529,-4.547,-0.507,0.000,-17.050,-0.663,-0.224,86
4530,-4.544,-0.508,0.000,-16.905,-0.666,-0.177,86
4531,-4.541,-0.509,0.000,-16.762,-0.643,-0.216,86
4532,-4.537,-0.510,0.000,-16.619,-0.640,-0.189,86
4533,-4.534,-0.511,0.000,-16.478,-0.638,-0.159,86
4534,-4.531,-0.512,0.000,-16.338,-0.609,-0.225,86
4535,-4.528,-0.513,0.000,-16.199,-0.618,-0.158,86
4536,-4.524,-0.514,0.000,-16.062,-0.599,-0.188,86
4537,-4.521,-0.514,0.000,-15.926,-0.591,-0.180,86
4538,-4.518,-0.515,0.000,-15.793,-0.594,-0.130,86
4539,-4.515,-0.516,0.000,-15.659,-0.565,-0.205,86
4540,-4.511,-0.517,0.000,-15.521,-0.571,-0.150,86
4541,-4.508,-0.518,0.000,-15.382,-0.562,-0.147,86
4542,-4.505,-0.519,0.000,-15.245,-0.553,-0.149,86
4543,-4.502,-0.520,0.000,-15.111,-0.544,-0.146,86
4544,-4.498,-0.521,0.000,-14.980,-0.539,-0.136,86
4545,-4.495,-0.522,0.000,-14.852,-0.529,-0.144,86
4546,-4.491,-0.523,0.000,-14.737,-0.525,-0.128,86
4547,-4.488,-0.524,0.000,-14.623,-0.509,-0.154,86
4548,-4.485,-0.524,0.000,-14.490,-0.509,-0.125,86
4549,-4.481,-0.526,0.000,-14.350,-0.502,-0.133,86
4550,-4.478,-0.526,0.000,-14.227,-0.492,-0.137,86
4551,-4.474,-0.527,0.000,-14.115,-0.486,-0.129,86
4552,-4.471,-0.528,0.000,-14.019,-0.479,-0.123,86
4553,-4.468,-0.529,0.000,-13.939,-0.472,-0.122,86
4554,-4.464,-0.530,0.000,-13.872,-0.464,-0.121,86
4555,-4.461,-0.531,0.000,-13.816,-0.458,-0.118,86
4556,-4.458,-0.531,0.000,-13.767,-0.454,-0.103,86
4557,-4.454,-0.532,0.000,-13.719,-0.449,-0.096,86
4558,-4.451,-0.533,0.000,-13.675,-0.440,-0.103,86
4559,-4.448,-0.534,0.000,-13.634,-0.434,-0.103,86
4560,-4.445,-0.535,0.000,-13.596,-0.428,-0.098,86
4561,-4.441,-0.535,0.000,-13.562,-0.422,-0.097,86
4562,-4.438,-0.536,0.000,-13.531,-0.417,-0.094,86
4563,-4.435,-0.537,0.000,-13.503,-0.407,-0.110,86
4564,-4.431,-0.538,0.000,-13.475,-0.408,-0.081,86
4565,-4.427,-0.539,0.000,-13.455,-0.399,-0.104,86
4566,-4.424,-0.540,0.000,-13.415,-0.394,-0.099,86
4567,-4.421,-0.540,0.000,-13.371,-0.387,-0.106,86
4568,-4.417,-0.541,0.000,-13.329,-0.388,-0.087,86
4569,-4.414,-0.542,0.000,-13.285,-0.380,-0.094,86
4570,-4.410,-0.543,0.000,-13.216,-0.374,-0.099,86
4571,-4.407,-0.544,0.000,-13.154,-0.370,-0.093,86
4572,-4.404,-0.545,0.000,-13.097,-0.370,-0.072,86
4573,-4.400,-0.545,0.000,-13.038,-0.358,-0.102,86
4574,-4.397,-0.546,0.000,-12.980,-0.364,-0.054,86
4575,-4.393,-0.547,0.000,-12.922,-0.347,-0.107,86
4576,-4.390,-0.548,0.000,-12.864,-0.356,-0.050,86
4577,-4.387,-0.549,0.000,-12.807,-0.340,-0.101,86
4578,-4.383,-0.549,0.000,-12.751,-0.340,-0.083,86
4579,-4.380,-0.550,0.000,-12.697,-0.338,-0.071,86
4580,-4.376,-0.551,0.000,-12.643,-0.337,-0.060,86
4581,-4.373,-0.552,0.000,-12.588,-0.325,-0.096,86
4582,-4.369,-0.552,0.000,-12.535,-0.329,-0.064,86
4583,-4.366,-0.553,0.000,-12.487,-0.322,-0.079,86
4584,-4.363,-0.554,0.000,-12.438,-0.321,-0.065,86
4585,-4.359,-0.555,0.000,-12.371,-0.313,-0.082,86
4586,-4.356,-0.555,0.000,-12.284,-0.315,-0.054,86
4587,-4.352,-0.556,0.000,-12.177,-0.306,-0.082,86
4588,-4.349,-0.557,0.000,-12.058,-0.307,-0.060,86
4589,-4.346,-0.558,0.000,-11.928,-0.301,-0.067,86
4590,-4.342,-0.559,0.000,-11.759,-0.296,-0.073,86
4591,-4.339,-0.559,0.000,-11.585,-0.298,-0.047,86
4592,-4.336,-0.560,0.000,-11.409,-0.293,-0.053,86
4593,-4.332,-0.561,0.000,-11.225,-0.287,-0.067,86
4594,-4.329,-0.561,0.000,-11.040,-0.288,-0.036,86
4595,-4.326,-0.562,0.000,-10.880,-0.279,-0.062,86
4596,-4.322,-0.563,0.000,-10.732,-0.280,-0.042,86
4597,-4.319,-0.563,0.000,-10.615,-0.277,-0.040,86
4598,-4.316,-0.564,0.000,-10.481,-0.267,-0.071,86
4599,-4.312,-0.565,0.000,-10.346,-0.273,-0.022,86
4600,-4.309,-0.565,0.000,-10.190,-0.262,-0.059,86
4601,-4.306,-0.566,0.000,-10.016,-0.264,-0.030,86
4602,-4.302,-0.567,0.000,-9.855,-0.259,-0.038,86
4603,-4.299,-0.567,0.000,-9.696,-0.255,-0.045,86
4604,-4.295,-0.568,0.000,-9.534,-0.252,-0.038,86
4605,-4.292,-0.568,0.000,-9.342,-0.247,-0.047,86
4606,-4.289,-0.569,0.000,-9.146,-0.246,-0.035,86
4607,-4.286,-0.569,0.000,-8.936,-0.239,-0.045,86
4608,-4.282,-0.570,0.000,-8.724,-0.237,-0.050,86
4609,-4.279,-0.570,0.000,-8.503,-0.236,-0.033,86
4610,-4.276,-0.571,0.000,-8.260,-0.232,-0.036,86
4611,-4.272,-0.571,0.000,-7.994,-0.228,-0.040,86
4612,-4.269,-0.572,0.000,-7.705,-0.225,-0.038,86
4613,-4.266,-0.572,0.000,-7.401,-0.223,-0.028,86
4614,-4.262,-0.572,0.000,-7.089,-0.219,-0.030,86
4615,-4.259,-0.573,0.000,-6.764,-0.216,-0.034,86
4616,-4.256,-0.573,0.000,-6.429,-0.214,-0.031,86
4617,-4.253,-0.574,0.000,-6.084,-0.211,-0.027,86
4618,-4.249,-0.574,0.000,-5.733,-0.210,-0.010,86
4619,-4.246,-0.574,0.000,-5.385,-0.207,-0.009,86
4620,-4.243,-0.575,0.000,-5.037,-0.203,-0.014,86
4621,-4.240,-0.575,0.000,-4.687,-0.201,-0.013,86
4622,-4.237,-0.575,0.000,-4.338,-0.198,-0.019,86
4623,-4.233,-0.575,0.000,-3.992,-0.196,-0.009,86
4624,-4.230,-0.575,0.000,-3.652,-0.192,-0.029,86
4625,-4.227,-0.576,0.000,-3.314,-0.192,0.009,86
4626,-4.224,-0.576,0.000,-2.980,-0.187,-0.021,86
4627,-4.220,-0.576,0.000,-2.648,-0.185,-0.024,86
4628,-4.217,-0.576,0.000,-2.319,-0.184,0.003,86
4629,-4.214,-0.576,0.000,-1.993,-0.181,-0.026,86
4630,-4.211,-0.576,0.000,-1.671,-0.179,-0.001,86
4631,-4.208,-0.576,0.000,-1.354,-0.177,-0.009,86
4632,-4.204,-0.577,0.000,-1.038,-0.175,0.001,86
4633,-4.201,-0.577,0.000,-0.731,-0.172,-0.016,86
4634,-4.198,-0.577,0.000,-0.431,-0.170,0.001,86
4635,-4.195,-0.577,0.000,-0.137,-0.168,-0.000,86
4636,-4.192,-0.577,0.000,0.157,-0.166,-0.000,86
4637,-4.188,-0.577,0.000,0.442,-0.164,0.014,86
4638,-4.185,-0.577,0.000,0.716,-0.163,-0.006,86
4639,-4.182,-0.577,0.000,0.977,-0.161,0.017,86
4640,-4.179,-0.576,0.000,1.221,-0.160,-0.019,86
4641,-4.175,-0.576,0.000,1.458,-0.158,0.012,86
4642,-4.172,-0.576,0.000,1.691,-0.157,-0.003,86
4643,-4.169,-0.576,0.000,1.924,-0.155,-0.008,86
4644,-4.166,-0.576,0.000,2.151,-0.154,0.001,86
4645,-4.162,-0.576,0.000,2.363,-0.152,0.007,86
4646,-4.159,-0.576,0.000,2.554,-0.150,0.007,86
4647,-4.156,-0.576,0.000,2.722,-0.149,0.002,86
4648,-4.153,-0.575,0.000,2.868,-0.147,-0.001,86
4649,-4.150,-0.575,0.000,2.992,-0.146,0.002,86
4650,-4.146,-0.575,0.000,3.092,-0.145,0.003,86
4651,-4.143,-0.575,0.000,3.169,-0.144,0.003,86
4652,-4.140,-0.575,0.000,3.233,-0.142,0.010,86
4653,-4.137,-0.575,0.000,3.292,-0.142,0.006,86
4654,-4.134,-0.574,0.000,3.353,-0.140,0.012,86
4655,-4.130,-0.574,0.000,3.396,-0.140,-0.003,86
4656,-4.127,-0.574,0.000,3.417,-0.139,-0.000,86
4657,-4.124,-0.574,0.000,3.412,-0.138,0.005,86
4658,-4.121,-0.574,0.000,3.383,-0.137,0.004,86
4659,-4.118,-0.573,0.000,3.330,-0.137,0.002,86
4660,-4.114,-0.573,0.000,3.254,-0.136,0.001,86
4661,-4.111,-0.573,0.000,3.160,-0.135,0.020,86
4662,-4.108,-0.573,0.000,3.059,-0.136,-0.012,86
4663,-4.105,-0.573,0.000,2.964,-0.135,0.006,86
4664,-4.101,-0.572,0.000,2.867,-0.135,0.008,86
4665,-4.098,-0.572,0.000,2.769,-0.135,-0.002,86
4666,-4.095,-0.572,0.000,2.650,-0.134,0.016,86
4667,-4.092,-0.572,0.000,2.511,-0.134,0.011,86
4668,-4.089,-0.572,0.000,2.356,-0.135,-0.011,86
4669,-4.086,-0.572,0.000,2.195,-0.134,0.010,86
4670,-4.082,-0.572,0.000,2.028,-0.135,0.001,86
4671,-4.079,-0.572,0.000,1.861,-0.135,-0.007,86
4672,-4.076,-0.571,0.000,1.680,-0.135,-0.003,86
4673,-4.072,-0.571,0.000,1.483,-0.136,0.001,86
4674,-4.069,-0.571,0.000,1.272,-0.136,-0.002,86
4675,-4.066,-0.571,0.000,1.049,-0.137,-0.004,86
4676,-4.063,-0.571,0.000,0.815,-0.137,-0.004,86
4677,-4.059,-0.571,0.000,0.570,-0.138,-0.004,86
4678,-4.056,-0.571,0.000,0.316,-0.139,-0.004,86
4679,-4.053,-0.571,0.000,0.054,-0.140,-0.005,86
4680,-4.050,-0.571,0.000,-0.215,-0.142,-0.006,86
4681,-4.046,-0.571,0.000,-0.490,-0.143,-0.007,86
4682,-4.043,-0.571,0.000,-0.771,-0.145,-0.007,86
4683,-4.040,-0.571,0.000,-1.056,-0.146,-0.008,86
4684,-4.037,-0.571,0.000,-1.343,-0.148,0.008,86
4685,-4.033,-0.571,0.000,-1.633,-0.150,-0.014,86
4686,-4.030,-0.571,0.000,-1.924,-0.152,-0.012,86
4687,-4.027,-0.572,0.000,-2.215,-0.154,-0.010,86
4688,-4.023,-0.572,0.000,-2.507,-0.157,-0.006,86
4689,-4.020,-0.572,0.000,-2.797,-0.159,-0.009,86
4690,-4.017,-0.572,0.000,-3.086,-0.161,-0.010,86
4691,-4.013,-0.572,0.000,-3.380,-0.163,-0.009,86
4692,-4.010,-0.572,0.000,-3.675,-0.165,-0.018,86
4693,-4.007,-0.573,0.000,-3.966,-0.168,-0.006,86
4694,-4.003,-0.573,0.000,-4.254,-0.169,-0.024,86
4695,-4.000,-0.573,0.000,-4.538,-0.172,-0.022,86
4696,-3.997,-0.573,0.000,-4.817,-0.175,-0.010,86
4697,-3.993,-0.574,0.000,-5.088,-0.176,-0.033,86
4698,-3.990,-0.574,0.000,-5.354,-0.182,0.007,86
4699,-3.986,-0.574,0.000,-5.615,-0.181,-0.033,86
4700,-3.983,-0.575,0.000,-5.861,-0.186,-0.010,86
4701,-3.980,-0.575,0.000,-6.083,-0.189,-0.015,86
4702,-3.976,-0.575,0.000,-6.283,-0.191,-0.028,86
4703,-3.973,-0.576,0.000,-6.476,-0.196,-0.007,86
4704,-3.970,-0.576,0.000,-6.664,-0.198,-0.017,86
4705,-3.966,-0.577,0.000,-6.846,-0.198,-0.034,86
4706,-3.963,-0.577,0.000,-7.012,-0.200,-0.036,86
4707,-3.960,-0.577,0.000,-7.148,-0.204,-0.030,86
4708,-3.956,-0.578,0.000,-7.253,-0.208,-0.021,86
4709,-3.953,-0.578,0.000,-7.345,-0.208,-0.045,86
4710,-3.950,-0.579,0.000,-7.433,-0.216,-0.002,86
4711,-3.946,-0.579,0.000,-7.516,-0.215,-0.038,86
4712,-3.943,-0.579,0.000,-7.580,-0.220,-0.017,86
4713,-3.940,-0.580,0.000,-7.610,-0.220,-0.036,86
4714,-3.937,-0.580,0.000,-7.608,-0.225,-0.018,86
4715,-3.933,-0.581,0.000,-7.598,-0.226,-0.032,86
4716,-3.930,-0.581,0.000,-7.584,-0.229,-0.028,86
4717,-3.927,-0.582,0.000,-7.538,-0.231,-0.037,86
4718,-3.923,-0.582,0.000,-7.458,-0.233,-0.039,86
4719,-3.920,-0.582,0.000,-7.348,-0.237,-0.036,86
4720,-3.917,-0.583,0.000,-7.210,-0.240,-0.035,86
4721,-3.913,-0.583,0.000,-7.047,-0.243,-0.036,86
4722,-3.910,-0.584,0.000,-6.861,-0.246,-0.036,86
4723,-3.907,-0.584,0.000,-6.656,-0.249,-0.035,86
4724,-3.904,-0.584,0.000,-6.433,-0.253,-0.034,86
4725,-3.900,-0.585,0.000,-6.196,-0.257,-0.033,86
4726,-3.897,-0.585,0.000,-5.947,-0.260,-0.033,86
4727,-3.894,-0.585,0.000,-5.688,-0.264,-0.032,86
4728,-3.890,-0.586,0.000,-5.421,-0.269,-0.017,86
4729,-3.887,-0.586,0.000,-5.148,-0.272,-0.026,86
4730,-3.884,-0.586,0.000,-4.883,-0.275,-0.038,86
4731,-3.880,-0.586,0.000,-4.609,-0.279,-0.024,86
4732,-3.877,-0.587,0.000,-4.329,-0.283,-0.023,86
4733,-3.874,-0.587,0.000,-4.047,-0.287,-0.027,86
4734,-3.870,-0.587,0.000,-3.765,-0.291,-0.026,86
4735,-3.867,-0.587,0.000,-3.483,-0.295,-0.023,86
4736,-3.864,-0.588,0.000,-3.203,-0.299,-0.021,86
4737,-3.860,-0.588,0.000,-2.925,-0.303,-0.021,86
4738,-3.857,-0.588,0.000,-2.649,-0.308,-0.020,86
4739,-3.854,-0.588,0.000,-2.377,-0.312,-0.010,86
4740,-3.850,-0.588,0.000,-2.110,-0.317,-0.013,86
4741,-3.847,-0.588,0.000,-1.850,-0.321,-0.009,86
4742,-3.844,-0.588,0.000,-1.592,-0.325,-0.010,86
4743,-3.841,-0.588,0.000,-1.332,-0.329,-0.022,86
4744,-3.837,-0.589,0.000,-1.051,-0.335,-0.012,86
4745,-3.834,-0.589,0.000,-0.770,-0.339,0.014,86
4746,-3.830,-0.589,0.000,-0.499,-0.343,-0.011,86
4747,-3.827,-0.589,0.000,-0.231,-0.347,0.011,86
4748,-3.824,-0.589,0.000,0.028,-0.351,-0.009,86
4749,-3.820,-0.589,0.000,0.279,-0.355,-0.005,86
4750,-3.817,-0.589,0.000,0.521,-0.360,0.013,86
4751,-3.814,-0.589,0.000,0.758,-0.364,-0.015,86
4752,-3.811,-0.589,0.000,0.992,-0.368,0.007,86
4753,-3.807,-0.588,0.000,1.211,-0.372,0.008,86
4754,-3.804,-0.588,0.000,1.419,-0.376,0.002,86
4755,-3.801,-0.588,0.000,1.617,-0.380,0.002,86
4756,-3.798,-0.588,0.000,1.803,-0.384,0.026,86
4757,-3.794,-0.588,0.000,1.977,-0.388,0.018,86
4758,-3.791,-0.588,0.000,2.138,-0.393,0.016,86
4759,-3.788,-0.588,0.000,2.289,-0.397,0.005,86
4760,-3.784,-0.588,0.000,2.432,-0.400,0.032,86
4761,-3.781,-0.588,0.000,2.573,-0.406,0.009,86
4762,-3.778,-0.587,0.000,2.709,-0.410,0.007,86
4763,-3.775,-0.587,0.000,2.834,-0.414,0.017,86
4764,-3.771,-0.587,0.000,2.948,-0.417,0.035,86
4765,-3.768,-0.587,0.000,3.057,-0.423,0.000,86
4766,-3.765,-0.587,0.000,3.168,-0.426,0.034,86
4767,-3.761,-0.587,0.000,3.281,-0.432,0.006,86
4768,-3.758,-0.586,0.000,3.391,-0.435,0.023,86
4769,-3.755,-0.586,0.000,3.493,-0.439,0.028,86
4770,-3.752,-0.586,0.000,3.582,-0.443,0.032,86
4771,-3.748,-0.586,0.000,3.655,-0.448,0.020,86
4772,-3.745,-0.586,0.000,3.713,-0.451,0.039,86
4773,-3.742,-0.585,0.000,3.758,-0.456,0.018,86
4774,-3.739,-0.585,0.000,3.799,-0.458,0.048,86
4775,-3.735,-0.585,0.000,3.834,-0.464,0.025,86
4776,-3.732,-0.585,0.000,3.858,-0.468,0.037,86
4777,-3.729,-0.584,0.000,3.867,-0.473,0.029,86
4778,-3.726,-0.584,0.000,3.874,-0.478,0.019,86
4779,-3.722,-0.584,0.000,3.867,-0.482,0.025,86
4780,-3.719,-0.584,0.000,3.842,-0.486,0.030,86
4781,-3.716,-0.584,0.000,3.801,-0.490,0.028,86
4782,-3.713,-0.583,0.000,3.743,-0.495,0.026,86
4783,-3.709,-0.583,0.000,3.669,-0.499,0.026,86
4784,-3.706,-0.583,0.000,3.584,-0.503,0.046,86
4785,-3.703,-0.583,0.000,3.492,-0.508,0.039,86
4786,-3.700,-0.582,0.000,3.395,-0.514,0.011,86
4787,-3.696,-0.582,0.000,3.307,-0.516,0.054,86
4788,-3.693,-0.582,0.000,3.221,-0.524,0.009,86
4789,-3.690,-0.582,0.000,3.131,-0.527,0.034,86
4790,-3.686,-0.582,0.000,3.044,-0.533,0.025,86
4791,-3.683,-0.582,0.000,2.959,-0.537,0.023,86
4792,-3.680,-0.581,0.000,2.875,-0.541,0.035,86
4793,-3.677,-0.581,0.000,2.789,-0.546,0.029,86
4794,-3.673,-0.581,0.000,2.701,-0.552,0.004,86
4795,-3.670,-0.581,0.000,2.612,-0.554,0.065,86
4796,-3.667,-0.581,0.000,2.523,-0.562,-0.012,86
4797,-3.664,-0.581,0.000,2.434,-0.566,0.022,86
4798,-3.660,-0.581,0.000,2.343,-0.570,0.037,86
4799,-3.657,-0.580,0.000,2.250,-0.577,-0.007,86
4800,-3.654,-0.580,0.000,2.157,-0.579,0.061,86
4801,-3.651,-0.580,0.000,2.065,-0.586,0.003,86
4802,-3.647,-0.580,0.000,1.974,-0.590,0.041,86
4803,-3.644,-0.580,0.000,1.881,-0.595,0.012,86
4804,-3.641,-0.580,0.000,1.787,-0.601,0.015,86
4805,-3.638,-0.580,0.000,1.696,-0.606,0.006,86
4806,-3.634,-0.580,0.000,1.605,-0.611,0.026,86
4807,-3.631,-0.580,0.000,1.507,-0.616,0.009,86
4808,-3.628,-0.579,0.000,1.398,-0.622,0.015,86
4809,-3.624,-0.579,0.000,1.282,-0.627,0.019,86
4810,-3.621,-0.579,0.000,1.158,-0.633,-0.001,86
4811,-3.618,-0.579,0.000,1.020,-0.638,0.017,86
4812,-3.614,-0.579,0.000,0.881,-0.644,-0.009,86
4813,-3.611,-0.579,0.000,0.744,-0.649,0.007,86
4814,-3.608,-0.579,0.000,0.605,-0.655,0.007,86
4815,-3.604,-0.579,0.000,0.464,-0.660,0.000,86
4816,-3.601,-0.579,0.000,0.322,-0.666,0.004,86
4817,-3.598,-0.579,0.000,0.181,-0.671,-0.005,86
4818,-3.595,-0.579,0.000,0.041,-0.676,0.026,86
4819,-3.591,-0.579,0.000,-0.097,-0.682,-0.040,86
4820,-3.588,-0.579,0.000,-0.235,-0.688,0.019,86
4821,-3.585,-0.579,0.000,-0.371,-0.693,-0.029,86
4822,-3.581,-0.579,0.000,-0.507,-0.699,0.003,86
4823,-3.578,-0.579,0.000,-0.643,-0.704,-0.027,86
4824,-3.575,-0.579,0.000,-0.780,-0.710,-0.001,86
4825,-3.572,-0.579,0.000,-0.919,-0.715,-0.024,86
4826,-3.568,-0.579,0.000,-1.053,-0.721,-0.024,86
4827,-3.565,-0.579,0.000,-1.188,-0.726,-0.017,86
4828,-3.562,-0.579,0.000,-1.322,-0.732,-0.007,86
4829,-3.558,-0.579,0.000,-1.456,-0.738,-0.010,86
4830,-3.555,-0.580,0.000,-1.588,-0.742,-0.038,86
4831,-3.552,-0.580,0.000,-1.720,-0.748,-0.027,86
4832,-3.548,-0.580,0.000,-1.850,-0.754,-0.018,86
4833,-3.545,-0.580,0.000,-1.979,-0.759,-0.034,86
4834,-3.542,-0.580,0.000,-2.101,-0.765,-0.028,86
4835,-3.538,-0.580,0.000,-2.217,-0.770,-0.033,86
4836,-3.535,-0.580,0.000,-2.330,-0.776,-0.039,86
4837,-3.532,-0.580,0.000,-2.439,-0.782,-0.021,86
4838,-3.528,-0.581,0.000,-2.546,-0.787,-0.040,86
4839,-3.525,-0.581,0.000,-2.652,-0.793,-0.033,86
4840,-3.522,-0.581,0.000,-2.766,-0.799,-0.025,86
4841,-3.518,-0.581,0.000,-2.880,-0.804,-0.043,86
4842,-3.515,-0.581,0.000,-2.991,-0.809,-0.046,86
4843,-3.512,-0.581,0.000,-3.094,-0.815,-0.051,86
4844,-3.508,-0.582,0.000,-3.190,-0.820,-0.052,86
4845,-3.505,-0.582,0.000,-3.278,-0.826,-0.052,86
4846,-3.502,-0.582,0.000,-3.359,-0.832,-0.054,86
4847,-3.499,-0.582,0.000,-3.432,-0.838,-0.058,86
4848,-3.495,-0.582,0.000,-3.498,-0.844,-0.057,86
4849,-3.492,-0.582,0.000,-3.558,-0.850,-0.056,86
4850,-3.489,-0.583,0.000,-3.618,-0.857,-0.043,86
4851,-3.485,-0.583,0.000,-3.675,-0.861,-0.071,86
4852,-3.482,-0.583,0.000,-3.732,-0.870,-0.036,86
4853,-3.479,-0.583,0.000,-3.787,-0.872,-0.088,86
4854,-3.476,-0.584,0.000,-3.840,-0.881,-0.044,86
4855,-3.472,-0.584,0.000,-3.891,-0.885,-0.081,86
4856,-3.469,-0.584,0.000,-3.937,-0.893,-0.060,86
4857,-3.466,-0.584,0.000,-3.979,-0.899,-0.056,86
4858,-3.462,-0.584,0.000,-4.022,-0.905,-0.065,86
4859,-3.459,-0.585,0.000,-4.064,-0.912,-0.048,86
4860,-3.456,-0.585,0.000,-4.105,-0.915,-0.090,86
4861,-3.452,-0.585,0.000,-4.144,-0.924,-0.057,86
4862,-3.449,-0.585,0.000,-4.179,-0.928,-0.082,86
4863,-3.446,-0.586,0.000,-4.215,-0.937,-0.048,86
4864,-3.443,-0.586,0.000,-4.259,-0.942,-0.073,86
4865,-3.439,-0.586,0.000,-4.302,-0.949,-0.069,86
4866,-3.436,-0.586,0.000,-4.344,-0.956,-0.058,86
4867,-3.432,-0.587,0.000,-4.388,-0.960,-0.092,86
4868,-3.429,-0.587,0.000,-4.432,-0.967,-0.078,86
4869,-3.426,-0.587,0.000,-4.462,-0.974,-0.075,86
4870,-3.423,-0.587,0.000,-4.473,-0.979,-0.082,86
4871,-3.419,-0.588,0.000,-4.467,-0.985,-0.085,86
4872,-3.416,-0.588,0.000,-4.443,-0.992,-0.083,86
4873,-3.413,-0.588,0.000,-4.404,-0.998,-0.081,86
4874,-3.409,-0.588,0.000,-4.349,-1.004,-0.082,86
4875,-3.406,-0.589,0.000,-4.280,-1.011,-0.082,86
4876,-3.403,-0.589,0.000,-4.198,-1.018,-0.080,86
4877,-3.400,-0.589,0.000,-4.103,-1.024,-0.079,86
4878,-3.396,-0.589,0.000,-3.997,-1.031,-0.077,86
4879,-3.393,-0.589,0.000,-3.880,-1.038,-0.076,86
4880,-3.390,-0.590,0.000,-3.754,-1.045,-0.074,86
4881,-3.386,-0.590,0.000,-3.618,-1.053,-0.072,86
4882,-3.383,-0.590,0.000,-3.475,-1.060,-0.070,86
4883,-3.380,-0.590,0.000,-3.324,-1.067,-0.067,86
4884,-3.377,-0.590,0.000,-3.167,-1.075,-0.065,86
4885,-3.373,-0.591,0.000,-3.004,-1.082,-0.062,86
4886,-3.370,-0.591,0.000,-2.837,-1.090,-0.059,86
4887,-3.367,-0.591,0.000,-2.665,-1.098,-0.057,86
4888,-3.363,-0.591,0.000,-2.491,-1.106,-0.034,86
4889,-3.360,-0.591,0.000,-2.315,-1.113,-0.064,86
4890,-3.357,-0.591,0.000,-2.138,-1.121,-0.045,86
4891,-3.354,-0.591,0.000,-1.960,-1.129,-0.037,86
4892,-3.350,-0.591,0.000,-1.783,-1.136,-0.043,86
4893,-3.347,-0.592,0.000,-1.606,-1.144,-0.041,86
4894,-3.344,-0.592,0.000,-1.427,-1.152,-0.034,86
4895,-3.340,-0.592,0.000,-1.249,-1.160,-0.029,86
4896,-3.337,-0.592,0.000,-1.072,-1.168,-0.027,86
4897,-3.334,-0.592,0.000,-0.896,-1.176,-0.024,86
4898,-3.331,-0.592,0.000,-0.721,-1.184,-0.020,86
4899,-3.327,-0.592,0.000,-0.547,-1.192,-0.012,86
4900,-3.324,-0.592,0.000,-0.376,-1.200,-0.010,86
4901,-3.321,-0.592,0.000,-0.207,-1.208,-0.012,86
4902,-3.317,-0.592,0.000,-0.040,-1.216,-0.008,86
4903,-3.314,-0.592,0.000,0.123,-1.224,-0.000,86
4904,-3.311,-0.592,0.000,0.284,-1.233,-0.003,86
4905,-3.308,-0.592,0.000,0.442,-1.241,0.019,86
4906,-3.304,-0.592,0.000,0.598,-1.249,0.009,86
4907,-3.301,-0.592,0.000,0.754,-1.256,0.032,86
4908,-3.298,-0.592,0.000,0.908,-1.265,-0.000,86
4909,-3.294,-0.592,0.000,1.059,-1.273,0.024,86
4910,-3.291,-0.592,0.000,1.206,-1.281,0.028,86
4911,-3.288,-0.592,0.000,1.347,-1.289,0.020,86
4912,-3.285,-0.592,0.000,1.483,-1.297,0.024,86
4913,-3.281,-0.591,0.000,1.613,-1.305,0.033,86
4914,-3.278,-0.591,0.000,1.736,-1.313,0.036,86
4915,-3.275,-0.591,0.000,1.852,-1.321,0.038,86
4916,-3.271,-0.591,0.000,1.961,-1.330,0.039,86
4917,-3.268,-0.591,0.000,2.063,-1.338,0.043,86
4918,-3.265,-0.591,0.000,2.157,-1.346,0.046,86
4919,-3.262,-0.591,0.000,2.243,-1.355,0.048,86
4920,-3.258,-0.591,0.000,2.322,-1.363,0.050,86
4921,-3.255,-0.590,0.000,2.392,-1.372,0.052,86
4922,-3.252,-0.590,0.000,2.454,-1.381,0.054,86
4923,-3.248,-0.590,0.000,2.508,-1.390,0.055,86
4924,-3.245,-0.590,0.000,2.554,-1.398,0.057,86
4925,-3.242,-0.590,0.000,2.592,-1.407,0.058,86
4926,-3.239,-0.590,0.000,2.622,-1.416,0.059,86
4927,-3.235,-0.590,0.000,2.644,-1.426,0.060,86
4928,-3.232,-0.589,0.000,2.658,-1.435,0.061,86
4929,-3.229,-0.589,0.000,2.665,-1.444,0.063,86
4930,-3.226,-0.589,0.000,2.666,-1.453,0.066,86
4931,-3.222,-0.589,0.000,2.659,-1.462,0.070,86
4932,-3.219,-0.589,0.000,2.650,-1.472,0.055,86
4933,-3.216,-0.589,0.000,2.643,-1.481,0.059,86
4934,-3.212,-0.588,0.000,2.633,-1.489,0.088,86
4935,-3.209,-0.588,0.000,2.618,-1.499,0.069,86
4936,-3.206,-0.588,0.000,2.600,-1.508,0.055,86
4937,-3.203,-0.588,0.000,2.580,-1.517,0.074,86
4938,-3.199,-0.588,0.000,2.560,-1.526,0.052,86
4939,-3.196,-0.588,0.000,2.535,-1.535,0.060,86
4940,-3.193,-0.588,0.000,2.504,-1.543,0.067,86
4941,-3.190,-0.587,0.000,2.466,-1.552,0.063,86
4942,-3.186,-0.587,0.000,2.421,-1.561,0.059,86
4943,-3.183,-0.587,0.000,2.370,-1.570,0.059,86
4944,-3.180,-0.587,0.000,2.311,-1.580,0.059,86
4945,-3.176,-0.587,0.000,2.247,-1.589,0.062,86
4946,-3.173,-0.587,0.000,2.179,-1.598,0.061,86
4947,-3.170,-0.587,0.000,2.107,-1.607,0.061,86
4948,-3.167,-0.587,0.000,2.033,-1.616,0.057,86
4949,-3.163,-0.586,0.000,1.957,-1.625,0.060,86
4950,-3.160,-0.586,0.000,1.875,-1.634,0.060,86
4951,-3.157,-0.586,0.000,1.789,-1.644,0.057,86
4952,-3.153,-0.586,0.000,1.700,-1.653,0.054,86
4953,-3.150,-0.586,0.000,1.607,-1.663,0.032,86
4954,-3.147,-0.586,0.000,1.512,-1.672,0.045,86
4955,-3.144,-0.586,0.000,1.416,-1.681,0.040,86
4956,-3.140,-0.586,0.000,1.316,-1.691,0.031,86
4957,-3.137,-0.586,0.000,1.213,-1.701,0.029,86
4958,-3.134,-0.586,0.000,1.109,-1.710,0.048,86
4959,-3.130,-0.586,0.000,1.006,-1.720,0.039,86
4960,-3.127,-0.585,0.000,0.903,-1.730,0.007,86
4961,-3.124,-0.585,0.000,0.800,-1.738,0.051,86
4962,-3.121,-0.585,0.000,0.698,-1.749,0.003,86
4963,-3.117,-0.585,0.000,0.597,-1.758,0.041,86
4964,-3.114,-0.585,0.000,0.495,-1.768,-0.012,86
4965,-3.111,-0.585,0.000,0.396,-1.777,0.025,86
4966,-3.107,-0.585,0.000,0.300,-1.787,-0.012,86
4967,-3.104,-0.585,0.000,0.204,-1.796,0.011,86
4968,-3.101,-0.585,0.000,0.110,-1.806,0.001,86
4969,-3.097,-0.585,0.000,0.021,-1.815,-0.011,86
4970,-3.094,-0.585,0.000,-0.068,-1.825,-0.010,86
4971,-3.091,-0.585,0.000,-0.156,-1.834,-0.008,86
4972,-3.087,-0.585,0.000,-0.245,-1.844,-0.012,86
4973,-3.084,-0.585,0.000,-0.333,-1.854,-0.017,86
4974,-3.081,-0.585,0.000,-0.420,-1.863,-0.019,86
4975,-3.078,-0.585,0.000,-0.506,-1.873,-0.024,86
4976,-3.074,-0.585,0.000,-0.592,-1.883,-0.002,86
4977,-3.071,-0.585,0.000,-0.677,-1.893,-0.031,86
4978,-3.068,-0.585,0.000,-0.760,-1.903,-0.030,86
4979,-3.064,-0.586,0.000,-0.841,-1.912,-0.032,86
4980,-3.061,-0.586,0.000,-0.920,-1.922,-0.037,86
4981,-3.058,-0.586,0.000,-0.997,-1.932,-0.040,86
4982,-3.055,-0.586,0.000,-1.071,-1.943,-0.042,86
4983,-3.051,-0.586,0.000,-1.143,-1.953,-0.044,86
4984,-3.048,-0.586,0.000,-1.212,-1.963,-0.047,86
4985,-3.045,-0.586,0.000,-1.278,-1.973,-0.050,86
4986,-3.041,-0.586,0.000,-1.341,-1.984,-0.052,86
4987,-3.038,-0.586,0.000,-1.400,-1.994,-0.054,86
4988,-3.035,-0.586,0.000,-1.456,-2.005,-0.056,86
4989,-3.031,-0.586,0.000,-1.508,-2.015,-0.058,86
4990,-3.028,-0.586,0.000,-1.557,-2.026,-0.060,86
4991,-3.025,-0.586,0.000,-1.602,-2.037,-0.058,86
4992,-3.021,-0.586,0.000,-1.643,-2.048,-0.064,86
4993,-3.018,-0.587,0.000,-1.681,-2.059,-0.053,86
4994,-3.015,-0.587,0.000,-1.718,-2.070,-0.071,86
4995,-3.012,-0.587,0.000,-1.755,-2.080,-0.076,86
4996,-3.008,-0.587,0.000,-1.789,-2.092,-0.064,86
4997,-3.005,-0.587,0.000,-1.820,-2.103,-0.067,86
4998,-3.002,-0.587,0.000,-1.848,-2.113,-0.085,86
4999,-2.998,-0.587,0.000,-1.879,-2.124,-0.065,86
5000,-2.995,-0.587,0.000,-1.911,-2.135,-0.076,86
5001,-2.992,-0.587,0.000,-1.937,-2.145,-0.083,86
5002,-2.988,-0.588,0.000,-1.957,-2.156,-0.080,86
5003,-2.985,-0.588,0.000,-1.972,-2.167,-0.073,86
5004,-2.982,-0.588,0.000,-1.982,-2.178,-0.075,86
5005,-2.978,-0.588,0.000,-1.987,-2.189,-0.072,86
5006,-2.975,-0.588,0.000,-1.989,-2.199,-0.079,86
5007,-2.972,-0.588,0.000,-1.988,-2.210,-0.090,86
5008,-2.968,-0.588,0.000,-1.983,-2.219,-0.084,86
5009,-2.965,-0.588,0.000,-1.975,-2.185,-0.059,86
5010,-2.962,-0.588,0.000,-1.969,-2.141,-0.097,86
5011,-2.959,-0.589,0.000,-1.963,-2.100,-0.065,86
5012,-2.955,-0.589,0.000,-1.954,-2.058,-0.075,86
5013,-2.952,-0.589,0.000,-1.935,-2.016,-0.081,86
5014,-2.949,-0.589,0.000,-1.911,-1.975,-0.073,86
5015,-2.946,-0.589,0.000,-1.882,-1.934,-0.066,86
5016,-2.942,-0.589,0.000,-1.847,-1.893,-0.066,86
5017,-2.939,-0.589,0.000,-1.807,-1.852,-0.065,86
5018,-2.936,-0.589,0.000,-1.762,-1.813,-0.061,86
5019,-2.933,-0.589,0.000,-1.712,-1.773,-0.041,86
5020,-2.930,-0.589,0.000,-1.663,-1.734,-0.040,86
5021,-2.927,-0.590,0.000,-1.612,-1.695,-0.065,86
5022,-2.924,-0.590,0.000,-1.558,-1.656,-0.047,86
5023,-2.920,-0.590,0.000,-1.502,-1.618,-0.035,86
5024,-2.917,-0.590,0.000,-1.445,-1.580,-0.046,86
5025,-2.914,-0.590,0.000,-1.394,-1.542,-0.025,86
5026,-2.911,-0.590,0.000,-1.342,-1.503,-0.060,86
5027,-2.908,-0.590,0.000,-1.289,-1.467,-0.022,86
5028,-2.905,-0.590,0.000,-1.235,-1.430,-0.046,86
5029,-2.902,-0.590,0.000,-1.180,-1.393,-0.035,86
5030,-2.899,-0.590,0.000,-1.127,-1.357,-0.023,86
5031,-2.896,-0.590,0.000,-1.077,-1.321,-0.033,86
5032,-2.893,-0.590,0.000,-1.021,-1.285,-0.033,86
5033,-2.890,-0.590,0.000,-0.961,-1.250,-0.026,86
5034,-2.887,-0.590,0.000,-0.898,-1.215,-0.005,86
5035,-2.884,-0.590,0.000,-0.835,-1.180,-0.020,86
5036,-2.881,-0.590,0.000,-0.771,-1.146,-0.021,86
5037,-2.878,-0.591,0.000,-0.706,-1.112,-0.012,86
5038,-2.875,-0.591,0.000,-0.642,-1.078,-0.028,86
5039,-2.872,-0.591,0.000,-0.572,-1.045,0.004,86
5040,-2.869,-0.591,0.000,-0.497,-1.011,-0.002,86
5041,-2.866,-0.591,0.000,-0.422,-0.978,-0.023,86
5042,-2.863,-0.591,0.000,-0.357,-0.945,-0.014,86
5043,-2.860,-0.591,0.000,-0.290,-0.913,-0.006,86
5044,-2.857,-0.591,0.000,-0.222,-0.881,-0.008,86
5045,-2.854,-0.591,0.000,-0.152,-0.849,-0.009,86
5046,-2.851,-0.591,0.000,-0.081,-0.818,-0.007,86
5047,-2.847,-0.591,0.000,-0.009,-0.787,-0.005,86
5048,-2.844,-0.591,0.000,0.064,-0.757,-0.004,86
5049,-2.841,-0.591,0.000,0.137,-0.727,0.004,86
5050,-2.838,-0.591,0.000,0.208,-0.697,0.002,86
5051,-2.835,-0.591,0.000,0.274,-0.667,0.006,86
5052,-2.832,-0.591,0.000,0.341,-0.638,0.001,86
5053,-2.829,-0.591,0.000,0.406,-0.609,-0.011,86
5054,-2.826,-0.591,0.000,0.476,-0.580,-0.000,86
5055,-2.823,-0.591,0.000,0.546,-0.552,0.004,86
5056,-2.820,-0.591,0.000,0.615,-0.523,0.000,86
5057,-2.817,-0.591,0.000,0.683,-0.496,-0.001,86
5058,-2.814,-0.590,0.000,0.749,-0.468,0.001,86
5059,-2.811,-0.590,0.000,0.814,-0.441,0.002,86
5060,-2.808,-0.590,0.000,0.876,-0.414,0.001,86
5061,-2.804,-0.590,0.000,0.937,-0.387,0.001,86
5062,-2.801,-0.590,0.000,0.995,-0.361,0.001,86
5063,-2.798,-0.590,0.000,1.051,-0.335,0.001,86
5064,-2.795,-0.590,0.000,1.104,-0.310,0.017,86
5065,-2.792,-0.590,0.000,1.155,-0.285,0.006,86
5066,-2.789,-0.590,0.000,1.202,-0.260,0.007,86
5067,-2.786,-0.590,0.000,1.248,-0.235,0.004,86
5068,-2.783,-0.590,0.000,1.297,-0.210,0.006,86
5069,-2.780,-0.590,0.000,1.345,-0.186,0.019,86
5070,-2.777,-0.590,0.000,1.389,-0.162,-0.010,86
5071,-2.773,-0.590,0.000,1.435,-0.138,0.009,86
5072,-2.770,-0.590,0.000,1.478,-0.115,-0.001,86
5073,-2.767,-0.590,0.000,1.519,-0.091,0.003,86
5074,-2.764,-0.589,0.000,1.559,-0.068,-0.003,86
5075,-2.761,-0.589,0.000,1.593,-0.045,-0.007,86
5076,-2.758,-0.589,0.000,1.623,-0.022,-0.005,86
5077,-2.755,-0.589,0.000,1.648,0.000,-0.004,86
5078,-2.752,-0.589,0.000,1.668,0.022,-0.006,86
5079,-2.748,-0.589,0.000,1.683,0.044,-0.007,86
5080,-2.745,-0.589,0.000,1.693,0.066,-0.007,86
5081,-2.742,-0.589,0.000,1.698,0.087,-0.008,86
5082,-2.739,-0.589,0.000,1.699,0.108,0.011,86
5083,-2.736,-0.589,0.000,1.707,0.127,-0.023,86
5084,-2.733,-0.589,0.000,1.720,0.149,0.017,86
5085,-2.729,-0.588,0.000,1.731,0.168,-0.007,86
5086,-2.726,-0.588,0.000,1.738,0.188,-0.005,86
5087,-2.723,-0.588,0.000,1.737,0.208,0.004,86
5088,-2.720,-0.588,0.000,1.731,0.227,-0.014,86
5089,-2.717,-0.588,0.000,1.721,0.247,-0.016,86
5090,-2.714,-0.588,0.000,1.706,0.266,-0.013,86
5091,-2.711,-0.588,0.000,1.685,0.285,-0.013,86
5092,-2.707,-0.588,0.000,1.659,0.304,-0.014,86
5093,-2.704,-0.588,0.000,1.628,0.322,-0.015,86
5094,-2.701,-0.588,0.000,1.593,0.340,-0.015,86
5095,-2.698,-0.587,0.000,1.553,0.358,-0.015,86
5096,-2.695,-0.587,0.000,1.509,0.375,-0.015,86
5097,-2.692,-0.587,0.000,1.462,0.393,0.001,86
5098,-2.688,-0.587,0.000,1.415,0.410,-0.026,86
5099,-2.685,-0.587,0.000,1.361,0.427,-0.008,86
5100,-2.682,-0.587,0.000,1.306,0.444,-0.012,86
5101,-2.679,-0.587,0.000,1.250,0.461,-0.024,86
5102,-2.676,-0.587,0.000,1.198,0.477,-0.006,86
5103,-2.672,-0.587,0.000,1.145,0.493,-0.007,86
5104,-2.669,-0.587,0.000,1.090,0.509,-0.023,86
5105,-2.666,-0.587,0.000,1.038,0.525,-0.015,86
5106,-2.663,-0.587,0.000,0.985,0.541,-0.011,86
5107,-2.660,-0.587,0.000,0.930,0.557,-0.014,86
5108,-2.656,-0.587,0.000,0.873,0.572,-0.016,86
5109,-2.653,-0.587,0.000,0.813,0.587,-0.014,86
5110,-2.650,-0.587,0.000,0.751,0.602,-0.013,86
5111,-2.647,-0.586,0.000,0.688,0.617,-0.013,86
5112,-2.644,-0.586,0.000,0.624,0.631,-0.013,86
5113,-2.640,-0.586,0.000,0.558,0.646,0.006,86
5114,-2.637,-0.586,0.000,0.493,0.659,-0.022,86
5115,-2.634,-0.586,0.000,0.428,0.674,0.022,86
5116,-2.631,-0.586,0.000,0.364,0.687,-0.017,86
5117,-2.628,-0.586,0.000,0.302,0.701,-0.014,86
5118,-2.624,-0.586,0.000,0.240,0.715,0.016,86
5119,-2.621,-0.586,0.000,0.179,0.728,-0.012,86
5120,-2.618,-0.586,0.000,0.118,0.741,-0.007,86
5121,-2.615,-0.586,0.000,0.057,0.754,-0.005,86
5122,-2.611,-0.586,0.000,-0.004,0.767,-0.005,86
5123,-2.608,-0.586,0.000,-0.064,0.780,-0.005,86
5124,-2.605,-0.586,0.000,-0.123,0.792,0.005,86
5125,-2.602,-0.586,0.000,-0.182,0.805,-0.000,86
5126,-2.599,-0.586,0.000,-0.240,0.817,-0.005,86
5127,-2.595,-0.586,0.000,-0.296,0.829,-0.003,86
5128,-2.592,-0.586,0.000,-0.352,0.841,0.010,86
5129,-2.589,-0.586,0.000,-0.407,0.853,0.016,86
5130,-2.586,-0.586,0.000,-0.461,0.865,-0.004,86
5131,-2.582,-0.586,0.000,-0.514,0.877,0.011,86
5132,-2.579,-0.586,0.000,-0.566,0.889,0.017,86
5133,-2.576,-0.586,0.000,-0.616,0.900,-0.001,86
5134,-2.573,-0.586,0.000,-0.661,0.911,-0.002,86
5135,-2.569,-0.587,0.000,-0.705,0.922,0.008,86
5136,-2.566,-0.587,0.000,-0.747,0.934,0.010,86
5137,-2.563,-0.587,0.000,-0.787,0.945,0.007,86
5138,-2.560,-0.587,0.000,-0.825,0.955,0.007,86
5139,-2.556,-0.587,0.000,-0.860,0.966,0.009,86
5140,-2.553,-0.587,0.000,-0.894,0.976,0.010,86
5141,-2.550,-0.587,0.000,-0.925,0.987,0.010,86
5142,-2.547,-0.587,0.000,-0.954,0.997,0.011,86
5143,-2.543,-0.587,0.000,-0.982,1.006,0.010,86
5144,-2.540,-0.587,0.000,-1.008,1.016,0.017,86
5145,-2.537,-0.587,0.000,-1.031,1.026,0.014,86
5146,-2.534,-0.587,0.000,-1.052,1.035,0.016,86
5147,-2.530,-0.587,0.000,-1.071,1.045,0.011,86
5148,-2.527,-0.587,0.000,-1.088,1.054,0.029,86
5149,-2.524,-0.587,0.000,-1.103,1.063,0.003,86
5150,-2.521,-0.587,0.000,-1.119,1.072,0.025,86
5151,-2.517,-0.587,0.000,-1.136,1.080,0.018,86
5152,-2.514,-0.587,0.000,-1.146,1.089,0.012,86
5153,-2.511,-0.588,0.000,-1.154,1.098,0.015,86
5154,-2.507,-0.588,0.000,-1.160,1.107,0.022,86
5155,-2.504,-0.588,0.000,-1.164,1.115,0.011,86
5156,-2.501,-0.588,0.000,-1.169,1.123,0.028,86
5157,-2.498,-0.588,0.000,-1.175,1.132,0.010,86
5158,-2.494,-0.588,0.000,-1.176,1.140,0.025,86
5159,-2.491,-0.588,0.000,-1.174,1.148,0.012,86
5160,-2.488,-0.588,0.000,-1.171,1.156,0.027,86
5161,-2.485,-0.588,0.000,-1.167,1.165,0.019,86
5162,-2.481,-0.588,0.000,-1.160,1.173,0.019,86
5163,-2.478,-0.588,0.000,-1.153,1.181,0.026,86
5164,-2.475,-0.588,0.000,-1.148,1.189,0.021,86
5165,-2.471,-0.588,0.000,-1.141,1.197,0.015,86
5166,-2.468,-0.588,0.000,-1.131,1.204,0.018,86
5167,-2.465,-0.588,0.000,-1.119,1.212,0.020,86
5168,-2.462,-0.588,0.000,-1.105,1.219,0.018,86
5169,-2.458,-0.589,0.000,-1.088,1.226,0.017,86
5170,-2.455,-0.589,0.000,-1.069,1.233,0.018,86
5171,-2.452,-0.589,0.000,-1.048,1.240,0.017,86
5172,-2.448,-0.589,0.000,-1.025,1.247,0.017,86
5173,-2.445,-0.589,0.000,-1.000,1.253,0.016,86
5174,-2.442,-0.589,0.000,-0.973,1.260,0.016,86
5175,-2.439,-0.589,0.000,-0.945,1.266,0.016,86
5176,-2.435,-0.589,0.000,-0.915,1.272,0.034,86
5177,-2.432,-0.589,0.000,-0.888,1.278,0.010,86
5178,-2.429,-0.589,0.000,-0.861,1.284,0.031,86
5179,-2.426,-0.589,0.000,-0.834,1.290,0.001,86
5180,-2.422,-0.589,0.000,-0.810,1.296,0.017,86
5181,-2.419,-0.589,0.000,-0.784,1.301,0.019,86
5182,-2.416,-0.589,0.000,-0.757,1.307,0.004,86
5183,-2.412,-0.589,0.000,-0.730,1.313,0.009,86
5184,-2.409,-0.589,0.000,-0.703,1.319,0.014,86
5185,-2.406,-0.589,0.000,-0.674,1.325,0.011,86
5186,-2.403,-0.589,0.000,-0.644,1.330,0.008,86
5187,-2.399,-0.589,0.000,-0.612,1.336,0.008,86
5188,-2.396,-0.589,0.000,-0.579,1.341,0.009,86
5189,-2.393,-0.589,0.000,-0.546,1.346,0.009,86
5190,-2.389,-0.590,0.000,-0.512,1.351,0.000,86
5191,-2.386,-0.590,0.000,-0.478,1.356,0.013,86
5192,-2.383,-0.590,0.000,-0.444,1.361,0.009,86
5193,-2.380,-0.590,0.000,-0.409,1.366,0.002,86
5194,-2.376,-0.590,0.000,-0.373,1.371,0.002,86
5195,-2.373,-0.590,0.000,-0.336,1.376,0.004,86
5196,-2.370,-0.590,0.000,-0.299,1.380,0.003,86
5197,-2.367,-0.590,0.000,-0.262,1.385,0.001,86
5198,-2.363,-0.590,0.000,-0.224,1.389,-0.000,86
5199,-2.360,-0.590,0.000,-0.186,1.393,-0.001,86
5200,-2.357,-0.590,0.000,-0.147,1.397,-0.002,86
5201,-2.353,-0.590,0.000,-0.109,1.401,-0.003,86
5202,-2.350,-0.590,0.000,-0.070,1.405,-0.004,86
5203,-2.347,-0.590,0.000,-0.031,1.409,-0.005,86
5204,-2.344,-0.590,0.000,0.008,1.412,-0.006,86
5205,-2.340,-0.590,0.000,0.046,1.416,-0.007,86
5206,-2.337,-0.590,0.000,0.084,1.419,0.012,86
5207,-2.334,-0.590,0.000,0.119,1.422,0.002,86
5208,-2.330,-0.590,0.000,0.154,1.425,-0.010,86
5209,-2.327,-0.590,0.000,0.191,1.429,-0.015,86
5210,-2.324,-0.590,0.000,0.228,1.432,-0.012,86
5211,-2.321,-0.590,0.000,0.265,1.435,-0.010,86
5212,-2.317,-0.590,0.000,0.301,1.439,-0.013,86
5213,-2.314,-0.590,0.000,0.336,1.442,-0.015,86
5214,-2.311,-0.590,0.000,0.371,1.444,-0.015,86
5215,-2.308,-0.590,0.000,0.405,1.447,-0.015,86
5216,-2.304,-0.590,0.000,0.438,1.450,-0.016,86
5217,-2.301,-0.590,0.000,0.470,1.453,-0.017,86
5218,-2.298,-0.590,0.000,0.502,1.455,-0.018,86
5219,-2.295,-0.590,0.000,0.532,1.457,-0.019,86
5220,-2.291,-0.589,0.000,0.562,1.460,-0.020,86
5221,-2.288,-0.589,0.000,0.590,1.462,-0.021,86
5222,-2.285,-0.589,0.000,0.618,1.464,-0.018,86
5223,-2.281,-0.589,0.000,0.645,1.466,-0.021,86
5224,-2.278,-0.589,0.000,0.670,1.468,-0.024,86
5225,-2.275,-0.589,0.000,0.694,1.470,-0.023,86
5226,-2.272,-0.589,0.000,0.716,1.472,-0.023,86
5227,-2.268,-0.589,0.000,0.738,1.474,-0.024,86
5228,-2.265,-0.589,0.000,0.757,1.475,-0.025,86
5229,-2.262,-0.589,0.000,0.775,1.477,-0.025,86
5230,-2.259,-0.589,0.000,0.792,1.478,-0.026,86
5231,-2.255,-0.589,0.000,0.807,1.479,-0.026,86
5232,-2.252,-0.589,0.000,0.821,1.480,-0.027,86
5233,-2.249,-0.589,0.000,0.833,1.481,-0.027,86
5234,-2.245,-0.589,0.000,0.843,1.482,-0.027,86
5235,-2.242,-0.589,0.000,0.852,1.483,-0.031,86
5236,-2.239,-0.589,0.000,0.859,1.484,-0.007,86
5237,-2.236,-0.589,0.000,0.862,1.484,-0.033,86
5238,-2.232,-0.589,0.000,0.863,1.486,-0.005,86
5239,-2.229,-0.589,0.000,0.863,1.486,-0.046,86
5240,-2.226,-0.589,0.000,0.866,1.487,-0.016,86
5241,-2.222,-0.589,0.000,0.869,1.487,-0.029,86
5242,-2.219,-0.589,0.000,0.871,1.487,-0.037,86
5243,-2.216,-0.588,0.000,0.876,1.488,-0.026,86
5244,-2.213,-0.588,0.000,0.882,1.489,-0.024,86
5245,-2.209,-0.588,0.000,0.884,1.489,-0.029,86
5246,-2.206,-0.588,0.000,0.885,1.490,-0.030,86
5247,-2.203,-0.588,0.000,0.884,1.490,-0.028,86
5248,-2.199,-0.588,0.000,0.880,1.490,-0.028,86
5249,-2.196,-0.588,0.000,0.874,1.491,-0.028,86
5250,-2.193,-0.588,0.000,0.867,1.491,-0.010,86
5251,-2.190,-0.588,0.000,0.859,1.491,-0.040,86
5252,-2.186,-0.588,0.000,0.851,1.491,0.003,86
5253,-2.183,-0.588,0.000,0.842,1.490,-0.056,86
5254,-2.180,-0.588,0.000,0.833,1.491,-0.004,86
5255,-2.176,-0.588,0.000,0.824,1.491,-0.047,86
5256,-2.173,-0.588,0.000,0.818,1.491,-0.010,86
5257,-2.170,-0.588,0.000,0.813,1.490,-0.037,86
5258,-2.167,-0.588,0.000,0.808,1.491,-0.029,86
5259,-2.163,-0.588,0.000,0.802,1.491,-0.020,86
5260,-2.160,-0.588,0.000,0.795,1.491,-0.024,86
5261,-2.157,-0.588,0.000,0.786,1.490,-0.028,86
5262,-2.153,-0.588,0.000,0.775,1.490,-0.027,86
5263,-2.150,-0.587,0.000,0.761,1.490,-0.024,86
5264,-2.147,-0.587,0.000,0.744,1.490,-0.024,86
5265,-2.143,-0.587,0.000,0.725,1.490,-0.024,86
5266,-2.140,-0.587,0.000,0.705,1.489,-0.016,86
5267,-2.137,-0.587,0.000,0.683,1.489,-0.022,86
5268,-2.134,-0.587,0.000,0.659,1.488,-0.032,86
5269,-2.130,-0.587,0.000,0.636,1.488,-0.018,86
5270,-2.127,-0.587,0.000,0.612,1.487,-0.017,86
5271,-2.124,-0.587,0.000,0.586,1.487,-0.022,86
5272,-2.120,-0.587,0.000,0.558,1.486,-0.022,86
5273,-2.117,-0.587,0.000,0.528,1.485,-0.019,86
5274,-2.114,-0.587,0.000,0.497,1.484,-0.018,86
5275,-2.111,-0.587,0.000,0.465,1.484,-0.003,86
5276,-2.107,-0.587,0.000,0.432,1.482,-0.031,86
5277,-2.104,-0.587,0.000,0.399,1.481,-0.002,86
5278,-2.101,-0.587,0.000,0.366,1.480,-0.022,86
5279,-2.097,-0.587,0.000,0.335,1.479,-0.019,86
5280,-2.094,-0.587,0.000,0.304,1.478,-0.010,86
5281,-2.091,-0.587,0.000,0.272,1.478,0.001,86
5282,-2.087,-0.587,0.000,0.240,1.477,0.001,86
5283,-2.084,-0.587,0.000,0.207,1.476,-0.012,86
5284,-2.081,-0.587,0.000,0.175,1.475,-0.017,86
5285,-2.078,-0.587,0.000,0.142,1.474,-0.009,86
5286,-2.074,-0.587,0.000,0.109,1.473,-0.005,86
5287,-2.071,-0.587,0.000,0.075,1.472,-0.007,86
5288,-2.068,-0.587,0.000,0.041,1.471,-0.008,86
5289,-2.064,-0.587,0.000,0.007,1.470,-0.006,86
5290,-2.061,-0.587,0.000,-0.027,1.469,-0.004,86
5291,-2.058,-0.587,0.000,-0.061,1.467,-0.004,86
5292,-2.055,-0.587,0.000,-0.095,1.466,-0.003,86
5293,-2.051,-0.587,0.000,-0.129,1.464,-0.002,86
5294,-2.048,-0.587,0.000,-0.163,1.463,-0.001,86
5295,-2.045,-0.587,0.000,-0.196,1.461,0.013,86
5296,-2.041,-0.587,0.000,-0.230,1.459,0.005,86
5297,-2.038,-0.587,0.000,-0.266,1.458,0.011,86
5298,-2.035,-0.587,0.000,-0.301,1.456,0.003,86
5299,-2.031,-0.587,0.000,-0.335,1.454,0.009,86
5300,-2.028,-0.587,0.000,-0.369,1.453,-0.000,86
5301,-2.025,-0.587,0.000,-0.402,1.451,0.002,86
5302,-2.022,-0.587,0.000,-0.435,1.449,0.015,86
5303,-2.018,-0.587,0.000,-0.467,1.448,-0.003,86
5304,-2.015,-0.587,0.000,-0.492,1.446,0.004,86
5305,-2.012,-0.587,0.000,-0.516,1.444,0.012,86
5306,-2.008,-0.587,0.000,-0.538,1.443,0.018,86
5307,-2.005,-0.587,0.000,-0.560,1.441,0.002,86
5308,-2.002,-0.587,0.000,-0.580,1.439,0.009,86
5309,-1.999,-0.587,0.000,-0.600,1.438,0.012,86
5310,-1.995,-0.587,0.000,-0.618,1.436,0.010,86
5311,-1.992,-0.587,0.000,-0.635,1.434,0.009,86
5312,-1.989,-0.587,0.000,-0.651,1.432,0.011,86
5313,-1.985,-0.587,0.000,-0.665,1.430,0.012,86
5314,-1.982,-0.587,0.000,-0.679,1.428,0.012,86
5315,-1.979,-0.587,0.000,-0.691,1.426,0.012,86
5316,-1.976,-0.587,0.000,-0.702,1.423,0.012,86
5317,-1.972,-0.588,0.000,-0.712,1.421,0.020,86
5318,-1.969,-0.588,0.000,-0.725,1.418,0.005,86
5319,-1.966,-0.588,0.000,-0.743,1.416,0.024,86
5320,-1.962,-0.588,0.000,-0.761,1.414,0.004,86
5321,-1.959,-0.588,0.000,-0.779,1.411,0.010,86
5322,-1.956,-0.588,0.000,-0.795,1.409,0.018,86
5323,-1.953,-0.588,0.000,-0.808,1.407,0.016,86
5324,-1.949,-0.588,0.000,-0.820,1.404,0.013,86
5325,-1.946,-0.588,0.000,-0.829,1.402,0.014,86
5326,-1.943,-0.588,0.000,-0.837,1.399,0.016,86
5327,-1.939,-0.588,0.000,-0.842,1.397,0.015,86
5328,-1.936,-0.588,0.000,-0.845,1.394,0.015,86
5329,-1.933,-0.588,0.000,-0.846,1.391,0.015,86
5330,-1.930,-0.588,0.000,-0.844,1.388,0.015,86
5331,-1.926,-0.588,0.000,-0.841,1.386,0.015,86
5332,-1.923,-0.588,0.000,-0.836,1.383,0.015,86
5333,-1.920,-0.588,0.000,-0.829,1.380,0.015,86
5334,-1.917,-0.588,0.000,-0.819,1.376,0.014,86
5335,-1.913,-0.588,0.000,-0.808,1.373,0.014,86
5336,-1.910,-0.588,0.000,-0.795,1.370,0.014,86
5337,-1.907,-0.588,0.000,-0.781,1.367,0.033,86
5338,-1.903,-0.588,0.000,-0.775,1.363,-0.002,86
5339,-1.900,-0.589,0.000,-0.770,1.360,0.018,86
5340,-1.897,-0.589,0.000,-0.765,1.356,0.019,86
5341,-1.893,-0.589,0.000,-0.758,1.353,0.010,86
5342,-1.890,-0.589,0.000,-0.751,1.350,0.026,86
5343,-1.887,-0.589,0.000,-0.740,1.348,0.005,86
5344,-1.884,-0.589,0.000,-0.731,1.344,0.007,86
5345,-1.881,-0.589,0.000,-0.726,1.342,0.021,86
5346,-1.877,-0.589,0.000,-0.727,1.339,0.011,86
5347,-1.874,-0.589,0.000,-0.726,1.336,0.007,86
5348,-1.871,-0.589,0.000,-0.722,1.333,0.011,86
5349,-1.867,-0.589,0.000,-0.716,1.330,0.013,86
5350,-1.864,-0.589,0.000,-0.707,1.327,0.011,86
5351,-1.861,-0.589,0.000,-0.697,1.324,0.010,86
5352,-1.858,-0.589,0.000,-0.684,1.320,0.010,86
5353,-1.854,-0.589,0.000,-0.669,1.317,0.010,86
5354,-1.851,-0.589,0.000,-0.652,1.314,0.010,86
5355,-1.848,-0.589,0.000,-0.633,1.310,0.009,86
5356,-1.845,-0.589,0.000,-0.613,1.307,0.009,86
5357,-1.841,-0.589,0.000,-0.591,1.303,0.008,86
5358,-1.838,-0.589,0.000,-0.567,1.299,0.007,86
5359,-1.835,-0.589,0.000,-0.542,1.296,0.009,86
5360,-1.831,-0.589,0.000,-0.516,1.292,0.007,86
5361,-1.828,-0.589,0.000,-0.488,1.288,0.005,86
5362,-1.825,-0.589,0.000,-0.459,1.284,0.005,86
5363,-1.822,-0.589,0.000,-0.429,1.280,0.004,86
5364,-1.818,-0.589,0.000,-0.398,1.276,0.004,86
5365,-1.815,-0.589,0.000,-0.366,1.272,0.003,86
5366,-1.812,-0.589,0.000,-0.333,1.268,0.002,86
5367,-1.809,-0.589,0.000,-0.299,1.263,0.001,86
5368,-1.805,-0.589,0.000,-0.265,1.259,0.000,86
5369,-1.802,-0.590,0.000,-0.231,1.255,-0.000,86
5370,-1.799,-0.590,0.000,-0.196,1.250,-0.001,86
5371,-1.795,-0.590,0.000,-0.160,1.246,-0.002,86
5372,-1.792,-0.590,0.000,-0.125,1.241,-0.003,86
5373,-1.789,-0.590,0.000,-0.089,1.236,-0.003,86
5374,-1.786,-0.590,0.000,-0.054,1.232,-0.004,86
5375,-1.782,-0.590,0.000,-0.018,1.227,-0.005,86
5376,-1.779,-0.590,0.000,0.017,1.222,-0.006,86
5377,-1.776,-0.590,0.000,0.052,1.217,-0.007,86
5378,-1.772,-0.590,0.000,0.086,1.212,-0.007,86
5379,-1.769,-0.590,0.000,0.120,1.207,-0.008,86
5380,-1.766,-0.590,0.000,0.154,1.202,-0.009,86
5381,-1.763,-0.590,0.000,0.187,1.197,-0.009,86
5382,-1.759,-0.590,0.000,0.219,1.192,-0.010,86
5383,-1.756,-0.590,0.000,0.250,1.186,-0.011,86
5384,-1.753,-0.589,0.000,0.280,1.181,-0.011,86
5385,-1.749,-0.589,0.000,0.310,1.176,-0.012,86
5386,-1.746,-0.589,0.000,0.338,1.170,-0.012,86
5387,-1.743,-0.589,0.000,0.365,1.165,-0.013,86
5388,-1.740,-0.589,0.000,0.391,1.159,-0.013,86
5389,-1.736,-0.589,0.000,0.417,1.154,-0.008,86
5390,-1.733,-0.589,0.000,0.441,1.148,-0.008,86
5391,-1.730,-0.589,0.000,0.465,1.143,-0.020,86
5392,-1.726,-0.589,0.000,0.488,1.138,0.004,86
5393,-1.723,-0.589,0.000,0.511,1.132,-0.032,86
5394,-1.720,-0.589,0.000,0.534,1.127,-0.005,86
5395,-1.717,-0.589,0.000,0.555,1.121,-0.017,86
5396,-1.713,-0.589,0.000,0.576,1.116,-0.026,86
5397,-1.710,-0.589,0.000,0.597,1.111,-0.013,86
5398,-1.707,-0.589,0.000,0.617,1.106,-0.013,86
5399,-1.703,-0.589,0.000,0.635,1.101,-0.019,86
5400,-1.700,-0.589,0.000,0.652,1.095,-0.020,86
5401,-1.697,-0.589,0.000,0.666,1.090,-0.018,86
5402,-1.694,-0.589,0.000,0.679,1.085,-0.018,86
5403,-1.690,-0.589,0.000,0.690,1.079,-0.019,86
5404,-1.687,-0.589,0.000,0.699,1.074,0.000,86
5405,-1.684,-0.589,0.000,0.716,1.069,-0.033,86
5406,-1.681,-0.589,0.000,0.733,1.064,-0.016,86
5407,-1.677,-0.589,0.000,0.751,1.058,-0.012,86
5408,-1.674,-0.589,0.000,0.772,1.053,-0.020,86
5409,-1.671,-0.589,0.000,0.791,1.048,-0.011,86
5410,-1.667,-0.589,0.000,0.811,1.042,-0.028,86
5411,-1.664,-0.589,0.000,0.829,1.037,-0.019,86
5412,-1.661,-0.589,0.000,0.847,1.032,-0.014,86
5413,-1.658,-0.588,0.000,0.864,1.027,-0.028,86
5414,-1.654,-0.588,0.000,0.879,1.023,0.002,86
5415,-1.651,-0.588,0.000,0.894,1.017,-0.041,86
5416,-1.648,-0.588,0.000,0.907,1.012,-0.007,86
5417,-1.644,-0.588,0.000,0.920,1.007,-0.027,86
5418,-1.641,-0.588,0.000,0.932,1.002,-0.028,86
5419,-1.638,-0.588,0.000,0.948,0.997,-0.016,86
5420,-1.634,-0.588,0.000,0.965,0.992,-0.005,86
5421,-1.631,-0.588,0.000,0.979,0.987,-0.033,86
5422,-1.628,-0.588,0.000,0.991,0.982,-0.025,86
5423,-1.625,-0.588,0.000,1.000,0.978,-0.015,86
5424,-1.621,-0.588,0.000,1.008,0.973,-0.024,86
5425,-1.618,-0.588,0.000,1.011,0.968,-0.026,86
5426,-1.615,-0.588,0.000,1.012,0.964,-0.022,86
5427,-1.611,-0.588,0.000,1.009,0.959,-0.021,86
5428,-1.608,-0.588,0.000,1.003,0.954,-0.022,86
5429,-1.605,-0.588,0.000,0.993,0.949,-0.022,86
5430,-1.602,-0.588,0.000,0.981,0.944,-0.022,86
5431,-1.598,-0.587,0.000,0.965,0.939,-0.021,86
5432,-1.595,-0.587,0.000,0.947,0.934,-0.021,86
5433,-1.592,-0.587,0.000,0.926,0.928,-0.020,86
5434,-1.588,-0.587,0.000,0.902,0.923,-0.001,86
5435,-1.585,-0.587,0.000,0.884,0.918,-0.010,86
5436,-1.582,-0.587,0.000,0.866,0.913,-0.030,86
5437,-1.579,-0.587,0.000,0.847,0.908,-0.007,86
5438,-1.575,-0.587,0.000,0.823,0.903,-0.009,86
5439,-1.572,-0.587,0.000,0.798,0.897,-0.025,86
5440,-1.569,-0.587,0.000,0.778,0.892,-0.022,86
5441,-1.565,-0.587,0.000,0.756,0.887,-0.015,86
5442,-1.562,-0.587,0.000,0.732,0.882,-0.015,86
5443,-1.559,-0.587,0.000,0.705,0.877,0.003,86
5444,-1.555,-0.587,0.000,0.674,0.872,-0.005,86
5445,-1.552,-0.587,0.000,0.640,0.867,-0.019,86
5446,-1.549,-0.587,0.000,0.604,0.862,-0.007,86
5447,-1.546,-0.587,0.000,0.567,0.857,-0.012,86
5448,-1.542,-0.587,0.000,0.528,0.852,-0.017,86
5449,-1.539,-0.587,0.000,0.488,0.847,-0.014,86
5450,-1.536,-0.587,0.000,0.446,0.842,-0.011,86
5451,-1.532,-0.587,0.000,0.403,0.836,0.003,86
5452,-1.529,-0.587,0.000,0.342,0.831,-0.014,86
5453,-1.526,-0.587,0.000,0.280,0.826,-0.017,86
5454,-1.522,-0.587,0.000,0.217,0.821,-0.003,86
5455,-1.519,-0.587,0.000,0.153,0.816,-0.004,86
5456,-1.516,-0.587,0.000,0.090,0.811,-0.009,86
5457,-1.513,-0.587,0.000,0.028,0.805,-0.007,86
5458,-1.509,-0.587,0.000,-0.033,0.800,0.008,86
5459,-1.506,-0.587,0.000,-0.093,0.795,-0.009,86
5460,-1.503,-0.587,0.000,-0.153,0.790,0.025,86
5461,-1.500,-0.587,0.000,-0.212,0.785,-0.017,86
5462,-1.496,-0.587,0.000,-0.269,0.779,0.003,86
5463,-1.493,-0.587,0.000,-0.323,0.774,0.006,86
5464,-1.490,-0.587,0.000,-0.370,0.769,-0.004,86
5465,-1.486,-0.587,0.000,-0.416,0.763,0.016,86
5466,-1.483,-0.587,0.000,-0.460,0.758,-0.001,86
5467,-1.480,-0.587,0.000,-0.503,0.753,0.005,86
5468,-1.477,-0.587,0.000,-0.543,0.748,0.002,86
5469,-1.473,-0.587,0.000,-0.582,0.742,0.010,86
5470,-1.470,-0.587,0.000,-0.620,0.737,0.004,86
5471,-1.467,-0.587,0.000,-0.656,0.732,-0.006,86
5472,-1.463,-0.587,0.000,-0.691,0.726,0.009,86
5473,-1.460,-0.587,0.000,-0.722,0.721,0.008,86
5474,-1.457,-0.587,0.000,-0.752,0.716,0.003,86
5475,-1.453,-0.587,0.000,-0.780,0.710,0.018,86
5476,-1.450,-0.587,0.000,-0.809,0.706,0.003,86
5477,-1.447,-0.587,0.000,-0.835,0.700,0.006,86
5478,-1.444,-0.587,0.000,-0.860,0.695,0.006,86
5479,-1.440,-0.587,0.000,-0.882,0.690,0.005,86
5480,-1.437,-0.587,0.000,-0.901,0.684,0.005,86
5481,-1.434,-0.587,0.000,-0.919,0.679,0.020,86
5482,-1.431,-0.587,0.000,-0.929,0.674,0.002,86
5483,-1.427,-0.587,0.000,-0.936,0.669,-0.002,86
5484,-1.424,-0.587,0.000,-0.938,0.663,0.012,86
5485,-1.421,-0.588,0.000,-0.936,0.658,0.009,86
5486,-1.417,-0.588,0.000,-0.933,0.652,0.003,86
5487,-1.414,-0.588,0.000,-0.927,0.647,0.004,86
5488,-1.411,-0.588,0.000,-0.919,0.641,0.019,86
5489,-1.408,-0.588,0.000,-0.911,0.636,-0.010,86
5490,-1.404,-0.588,0.000,-0.900,0.631,0.017,86
5491,-1.401,-0.588,0.000,-0.891,0.626,0.001,86
5492,-1.398,-0.588,0.000,-0.892,0.621,-0.002,86
5493,-1.395,-0.588,0.000,-0.890,0.615,0.005,86
5494,-1.391,-0.588,0.000,-0.887,0.610,0.007,86
5495,-1.388,-0.588,0.000,-0.881,0.605,0.004,86
5496,-1.385,-0.588,0.000,-0.873,0.599,0.003,86
5497,-1.382,-0.588,0.000,-0.863,0.593,0.004,86
5498,-1.378,-0.588,0.000,-0.851,0.588,0.004,86
5499,-1.375,-0.588,0.000,-0.837,0.582,0.003,86
5500,-1.372,-0.588,0.000,-0.821,0.576,0.003,86
5501,-1.368,-0.588,0.000,-0.803,0.570,0.003,86
5502,-1.365,-0.588,0.000,-0.783,0.565,0.002,86
5503,-1.362,-0.588,0.000,-0.762,0.559,0.005,86
5504,-1.359,-0.588,0.000,-0.741,0.553,-0.000,86
5505,-1.355,-0.588,0.000,-0.721,0.547,0.010,86
5506,-1.352,-0.589,0.000,-0.701,0.541,-0.009,86
5507,-1.349,-0.589,0.000,-0.681,0.535,0.000,86
5508,-1.346,-0.589,0.000,-0.659,0.529,0.006,86
5509,-1.342,-0.589,0.000,-0.637,0.523,0.001,86
5510,-1.339,-0.589,0.000,-0.612,0.517,-0.002,86
5511,-1.336,-0.589,0.000,-0.587,0.511,0.008,86
5512,-1.332,-0.589,0.000,-0.563,0.505,0.000,86
5513,-1.329,-0.589,0.000,-0.541,0.499,0.005,86
5514,-1.326,-0.589,0.000,-0.515,0.493,-0.000,86
5515,-1.322,-0.589,0.000,-0.488,0.487,-0.004,86
5516,-1.319,-0.589,0.000,-0.461,0.481,-0.002,86
5517,-1.316,-0.589,0.000,-0.433,0.475,-0.001,86
5518,-1.313,-0.589,0.000,-0.405,0.469,-0.002,86
5519,-1.309,-0.589,0.000,-0.376,0.462,0.013,86
5520,-1.306,-0.589,0.000,-0.347,0.456,-0.013,86
5521,-1.303,-0.589,0.000,-0.317,0.450,-0.005,86
5522,-1.299,-0.589,0.000,-0.288,0.444,0.001,86
5523,-1.296,-0.589,0.000,-0.258,0.438,-0.003,86
5524,-1.293,-0.589,0.000,-0.229,0.432,-0.005,86
5525,-1.290,-0.589,0.000,-0.200,0.426,-0.004,86
5526,-1.286,-0.589,0.000,-0.171,0.419,-0.003,86
5527,-1.283,-0.589,0.000,-0.142,0.413,0.006,86
5528,-1.280,-0.589,0.000,-0.113,0.407,-0.004,86
5529,-1.276,-0.589,0.000,-0.085,0.401,-0.013,86
5530,-1.273,-0.589,0.000,-0.058,0.394,-0.005,86
5531,-1.270,-0.589,0.000,-0.033,0.388,-0.001,86
5532,-1.267,-0.589,0.000,-0.008,0.382,-0.005,86
5533,-1.263,-0.589,0.000,0.015,0.376,-0.007,86
5534,-1.260,-0.589,0.000,0.038,0.369,0.010,86
5535,-1.257,-0.589,0.000,0.057,0.363,0.001,86
5536,-1.253,-0.589,0.000,0.072,0.357,-0.016,86
5537,-1.250,-0.589,0.000,0.089,0.350,-0.004,86
5538,-1.247,-0.589,0.000,0.106,0.344,-0.001,86
5539,-1.243,-0.589,0.000,0.122,0.338,-0.007,86
5540,-1.240,-0.589,0.000,0.136,0.332,-0.008,86
5541,-1.237,-0.589,0.000,0.150,0.326,-0.006,86
5542,-1.234,-0.589,0.000,0.162,0.319,0.013,86
5543,-1.230,-0.589,0.000,0.173,0.313,-0.016,86
5544,-1.227,-0.589,0.000,0.186,0.307,0.010,86
5545,-1.224,-0.589,0.000,0.185,0.299,-0.017,86
5546,-1.220,-0.589,0.000,0.184,0.293,-0.008,86
5547,-1.217,-0.589,0.000,0.179,0.287,0.002,86
5548,-1.214,-0.589,0.000,0.172,0.281,-0.007,86
5549,-1.211,-0.589,0.000,0.164,0.275,-0.010,86
5550,-1.207,-0.589,0.000,0.155,0.268,0.006,86
5551,-1.204,-0.589,0.000,0.146,0.262,-0.014,86
5552,-1.201,-0.589,0.000,0.144,0.256,-0.011,86
5553,-1.197,-0.589,0.000,0.142,0.249,-0.003,86
5554,-1.194,-0.589,0.000,0.138,0.243,-0.004,86
5555,-1.191,-0.589,0.000,0.134,0.237,-0.007,86
5556,-1.187,-0.589,0.000,0.129,0.230,-0.007,86
5557,-1.184,-0.589,0.000,0.123,0.224,0.013,86
5558,-1.181,-0.589,0.000,0.116,0.217,0.001,86
5559,-1.178,-0.589,0.000,0.107,0.211,-0.017,86
5560,-1.174,-0.589,0.000,0.098,0.205,-0.003,86
5561,-1.171,-0.589,0.000,0.089,0.199,-0.000,86
5562,-1.168,-0.589,0.000,0.079,0.192,-0.007,86
5563,-1.164,-0.589,0.000,0.069,0.186,-0.008,86
5564,-1.161,-0.589,0.000,0.059,0.179,0.014,86
5565,-1.158,-0.589,0.000,0.042,0.173,0.004,86
5566,-1.154,-0.589,0.000,0.024,0.166,0.001,86
5567,-1.151,-0.589,0.000,0.007,0.160,0.006,86
5568,-1.148,-0.589,0.000,-0.009,0.154,0.007,86
5569,-1.145,-0.589,0.000,-0.025,0.147,0.006,86
5570,-1.141,-0.589,0.000,-0.040,0.141,0.005,86
5571,-1.138,-0.589,0.000,-0.054,0.134,0.005,86
5572,-1.135,-0.589,0.000,-0.067,0.127,0.006,86
5573,-1.132,-0.589,0.000,-0.079,0.121,-0.008,86
5574,-1.128,-0.589,0.000,-0.091,0.114,0.020,86
5575,-1.125,-0.589,0.000,-0.102,0.107,-0.025,86
5576,-1.122,-0.589,0.000,-0.114,0.100,0.026,86
5577,-1.118,-0.589,0.000,-0.125,0.094,-0.004,86
5578,-1.115,-0.589,0.000,-0.135,0.087,0.012,86
5579,-1.112,-0.589,0.000,-0.146,0.080,-0.002,86
5580,-1.109,-0.589,0.000,-0.158,0.074,0.017,86
5581,-1.105,-0.589,0.000,-0.170,0.067,-0.023,86
5582,-1.102,-0.589,0.000,-0.182,0.061,0.023,86
5583,-1.099,-0.589,0.000,-0.193,0.054,-0.002,86
5584,-1.096,-0.589,0.000,-0.201,0.048,0.010,86
5585,-1.092,-0.589,0.000,-0.208,0.041,-0.001,86
5586,-1.089,-0.589,0.000,-0.215,0.035,0.017,86
5587,-1.086,-0.589,0.000,-0.220,0.028,-0.004,86
5588,-1.083,-0.589,0.000,-0.225,0.022,0.003,86
5589,-1.079,-0.589,0.000,-0.234,0.015,-0.004,86
5590,-1.076,-0.589,0.000,-0.241,0.009,-0.008,86
5591,-1.073,-0.589,0.000,-0.247,0.002,0.006,86
5592,-1.070,-0.589,0.000,-0.253,-0.004,-0.010,86
5593,-1.066,-0.589,0.000,-0.258,-0.011,-0.011,86
5594,-1.063,-0.589,0.000,-0.265,-0.017,0.004,86
5595,-1.060,-0.589,0.000,-0.271,-0.024,0.004,86
5596,-1.056,-0.589,0.000,-0.275,-0.030,0.006,86
5597,-1.053,-0.589,0.000,-0.276,-0.037,0.006,86
5598,-1.050,-0.589,0.000,-0.275,-0.043,0.005,86
5599,-1.047,-0.589,0.000,-0.271,-0.050,0.005,86
5600,-1.043,-0.589,0.000,-0.266,-0.057,0.005,86
5601,-1.040,-0.589,0.000,-0.258,-0.063,0.005,86
5602,-1.037,-0.589,0.000,-0.247,-0.070,0.005,86
5603,-1.034,-0.589,0.000,-0.235,-0.077,-0.014,86
5604,-1.030,-0.589,0.000,-0.223,-0.084,0.019,86
5605,-1.027,-0.589,0.000,-0.209,-0.091,0.002,86
5606,-1.024,-0.589,0.000,-0.194,-0.097,-0.012,86
5607,-1.021,-0.589,0.000,-0.165,-0.104,0.004,86
5608,-1.018,-0.589,0.000,-0.136,-0.111,-0.018,86
5609,-1.014,-0.589,0.000,-0.109,-0.118,-0.003,86
5610,-1.011,-0.589,0.000,-0.081,-0.125,0.017,86
5611,-1.008,-0.589,0.000,-0.057,-0.132,0.000,86
5612,-1.005,-0.589,0.000,-0.033,-0.138,-0.002,86
5613,-1.001,-0.589,0.000,-0.007,-0.145,0.001,86
5614,-0.998,-0.589,0.000,0.021,-0.152,0.009,86
5615,-0.995,-0.589,0.000,0.050,-0.158,0.004,86
5616,-0.991,-0.589,0.000,0.085,-0.166,-0.005,86
5617,-0.988,-0.589,0.000,0.131,-0.173,-0.009,86
5618,-0.985,-0.589,0.000,0.176,-0.179,-0.005,86
5619,-0.981,-0.589,0.000,0.221,-0.186,-0.003,86
5620,-0.978,-0.589,0.000,0.265,-0.193,0.015,86
5621,-0.975,-0.589,0.000,0.308,-0.200,0.008,86
5622,-0.972,-0.589,0.000,0.351,-0.207,-0.016,86
5623,-0.968,-0.589,0.000,0.394,-0.213,0.027,86
5624,-0.965,-0.589,0.000,0.437,-0.220,-0.008,86
5625,-0.962,-0.589,0.000,0.479,-0.227,-0.006,86
5626,-0.959,-0.589,0.000,0.519,-0.233,-0.003,86
5627,-0.955,-0.589,0.000,0.558,-0.240,0.015,86
5628,-0.952,-0.589,0.000,0.589,-0.248,-0.019,86
5629,-0.949,-0.589,0.000,0.616,-0.254,0.011,86
5630,-0.946,-0.589,0.000,0.644,-0.261,-0.009,86
5631,-0.942,-0.589,0.000,0.671,-0.268,0.019,86
5632,-0.939,-0.589,0.000,0.698,-0.275,-0.024,86
5633,-0.936,-0.589,0.000,0.724,-0.281,0.017,86
5634,-0.933,-0.589,0.000,0.750,-0.289,-0.015,86
5635,-0.929,-0.589,0.000,0.776,-0.295,0.001,86
5636,-0.926,-0.589,0.000,0.800,-0.302,0.016,86
5637,-0.923,-0.589,0.000,0.825,-0.309,-0.008,86
5638,-0.919,-0.589,0.000,0.849,-0.316,0.001,86
5639,-0.916,-0.589,0.000,0.873,-0.322,-0.004,86
5640,-0.913,-0.589,0.000,0.895,-0.329,0.008,86
5641,-0.910,-0.588,0.000,0.913,-0.336,-0.011,86
5642,-0.907,-0.588,0.000,0.929,-0.342,0.029,86
5643,-0.903,-0.588,0.000,0.942,-0.349,-0.025,86
5644,-0.900,-0.588,0.000,0.954,-0.356,0.021,86
5645,-0.897,-0.588,0.000,0.961,-0.363,0.008,86
5646,-0.893,-0.588,0.000,0.964,-0.370,0.007,86
5647,-0.890,-0.588,0.000,0.964,-0.376,-0.005,86
5648,-0.887,-0.588,0.000,0.968,-0.383,0.007,86
5649,-0.884,-0.588,0.000,0.974,-0.390,0.005,86
5650,-0.880,-0.588,0.000,0.977,-0.397,0.005,86
5651,-0.877,-0.588,0.000,0.978,-0.404,0.007,86
5652,-0.874,-0.588,0.000,0.977,-0.410,0.017,86
5653,-0.870,-0.588,0.000,0.975,-0.417,0.002,86
5654,-0.867,-0.588,0.000,0.973,-0.423,0.016,86
5655,-0.864,-0.588,0.000,0.975,-0.430,0.020,86
5656,-0.861,-0.588,0.000,0.976,-0.437,-0.013,86
5657,-0.857,-0.588,0.000,0.977,-0.443,0.016,86
5658,-0.854,-0.588,0.000,0.980,-0.451,-0.008,86
5659,-0.851,-0.588,0.000,0.982,-0.457,0.029,86
5660,-0.848,-0.587,0.000,0.980,-0.464,0.006,86
5661,-0.844,-0.587,0.000,0.977,-0.470,0.009,86
5662,-0.841,-0.587,0.000,0.978,-0.477,0.021,86
5663,-0.838,-0.587,0.000,0.977,-0.484,-0.009,86
5664,-0.834,-0.587,0.000,0.981,-0.490,0.027,86
5665,-0.831,-0.587,0.000,0.985,-0.497,-0.002,86
5666,-0.828,-0.587,0.000,0.995,-0.504,-0.003,86
5667,-0.825,-0.587,0.000,1.001,-0.510,0.029,86
5668,-0.821,-0.587,0.000,1.005,-0.517,0.002,86
5669,-0.818,-0.587,0.000,1.003,-0.524,0.007,86
5670,-0.815,-0.587,0.000,0.997,-0.531,0.003,86
5671,-0.811,-0.587,0.000,0.987,-0.537,0.013,86
5672,-0.808,-0.587,0.000,0.975,-0.544,0.000,86
5673,-0.805,-0.587,0.000,0.955,-0.551,0.009,86
5674,-0.802,-0.587,0.000,0.932,-0.558,0.016,86
5675,-0.798,-0.587,0.000,0.908,-0.564,0.009,86
5676,-0.795,-0.587,0.000,0.885,-0.571,0.025,86
5677,-0.792,-0.587,0.000,0.863,-0.578,0.004,86
5678,-0.788,-0.586,0.000,0.841,-0.585,0.004,86
5679,-0.785,-0.586,0.000,0.816,-0.591,0.019,86
5680,-0.782,-0.586,0.000,0.787,-0.598,-0.003,86
5681,-0.779,-0.586,0.000,0.753,-0.605,-0.004,86
5682,-0.775,-0.586,0.000,0.715,-0.611,0.019,86
5683,-0.772,-0.586,0.000,0.671,-0.619,0.004,86
5684,-0.769,-0.586,0.000,0.623,-0.625,0.004,86
5685,-0.765,-0.586,0.000,0.573,-0.632,0.001,86
5686,-0.762,-0.586,0.000,0.523,-0.639,-0.005,86
5687,-0.759,-0.586,0.000,0.471,-0.646,0.020,86
5688,-0.755,-0.586,0.000,0.418,-0.653,-0.013,86
5689,-0.752,-0.586,0.000,0.363,-0.659,-0.001,86
5690,-0.749,-0.586,0.000,0.310,-0.666,0.019,86
5691,-0.746,-0.586,0.000,0.261,-0.673,0.011,86
5692,-0.742,-0.586,0.000,0.213,-0.679,-0.017,86
5693,-0.739,-0.586,0.000,0.165,-0.686,0.008,86
5694,-0.736,-0.586,0.000,0.118,-0.692,-0.004,86
5695,-0.733,-0.586,0.000,0.079,-0.699,0.007,86
5696,-0.729,-0.586,0.000,0.038,-0.706,-0.009,86
5697,-0.726,-0.586,0.000,-0.006,-0.713,0.001,86
5698,-0.723,-0.586,0.000,-0.049,-0.719,-0.004,86
5699,-0.719,-0.586,0.000,-0.093,-0.726,-0.009,86
5700,-0.716,-0.586,0.000,-0.136,-0.733,-0.008,86
5701,-0.713,-0.586,0.000,-0.178,-0.740,-0.007,86
5702,-0.709,-0.586,0.000,-0.220,-0.747,-0.008,86
5703,-0.706,-0.586,0.000,-0.262,-0.754,-0.011,86
5704,-0.703,-0.586,0.000,-0.302,-0.761,-0.001,86
5705,-0.700,-0.586,0.000,-0.341,-0.767,-0.012,86
5706,-0.696,-0.586,0.000,-0.379,-0.774,-0.015,86
5707,-0.693,-0.586,0.000,-0.415,-0.781,-0.011,86
5708,-0.690,-0.586,0.000,-0.449,-0.788,-0.010,86
5709,-0.686,-0.586,0.000,-0.482,-0.795,-0.012,86
5710,-0.683,-0.586,0.000,-0.514,-0.802,-0.005,86
5711,-0.680,-0.586,0.000,-0.543,-0.809,-0.011,86
5712,-0.677,-0.586,0.000,-0.572,-0.816,-0.024,86
5713,-0.673,-0.586,0.000,-0.588,-0.824,0.014,86
5714,-0.670,-0.586,0.000,-0.593,-0.830,-0.022,86
5715,-0.667,-0.586,0.000,-0.595,-0.838,-0.014,86
5716,-0.663,-0.586,0.000,-0.596,-0.845,-0.011,86
5717,-0.660,-0.586,0.000,-0.595,-0.852,-0.014,86
5718,-0.657,-0.586,0.000,-0.593,-0.859,-0.008,86
5719,-0.654,-0.586,0.000,-0.591,-0.866,-0.026,86
5720,-0.650,-0.587,0.000,-0.593,-0.873,-0.009,86
5721,-0.647,-0.587,0.000,-0.595,-0.880,-0.010,86
5722,-0.644,-0.587,0.000,-0.596,-0.887,-0.016,86
5723,-0.641,-0.587,0.000,-0.595,-0.894,-0.017,86
5724,-0.637,-0.587,0.000,-0.591,-0.901,-0.014,86
5725,-0.634,-0.587,0.000,-0.587,-0.909,-0.013,86
5726,-0.631,-0.587,0.000,-0.580,-0.916,0.005,86
5727,-0.628,-0.587,0.000,-0.562,-0.923,-0.030,86
5728,-0.624,-0.587,0.000,-0.539,-0.930,-0.004,86
5729,-0.621,-0.587,0.000,-0.514,-0.937,-0.011,86
5730,-0.618,-0.587,0.000,-0.485,-0.945,-0.018,86
5731,-0.615,-0.587,0.000,-0.455,-0.952,-0.013,86
5732,-0.611,-0.587,0.000,-0.425,-0.960,-0.014,86
5733,-0.608,-0.587,0.000,-0.393,-0.967,0.000,86
5734,-0.605,-0.587,0.000,-0.361,-0.974,-0.025,86
5735,-0.601,-0.587,0.000,-0.329,-0.982,0.018,86
5736,-0.598,-0.587,0.000,-0.296,-0.990,-0.025,86
5737,-0.595,-0.587,0.000,-0.263,-0.997,-0.008,86
5738,-0.592,-0.587,0.000,-0.231,-1.005,-0.006,86
5739,-0.588,-0.587,0.000,-0.199,-1.012,-0.010,86
5740,-0.585,-0.587,0.000,-0.166,-1.020,0.007,86
5741,-0.582,-0.587,0.000,-0.134,-1.027,-0.003,86
5742,-0.579,-0.587,0.000,-0.102,-1.035,-0.007,86
5743,-0.575,-0.587,0.000,-0.068,-1.043,-0.000,86
5744,-0.572,-0.587,0.000,-0.031,-1.050,-0.012,86
5745,-0.569,-0.587,0.000,0.006,-1.058,0.009,86
5746,-0.566,-0.587,0.000,0.043,-1.066,-0.003,86
5747,-0.562,-0.587,0.000,0.079,-1.074,-0.003,86
5748,-0.559,-0.587,0.000,0.115,-1.082,-0.004,86
5749,-0.556,-0.587,0.000,0.150,-1.089,-0.003,86
5750,-0.553,-0.587,0.000,0.184,-1.097,-0.002,86
5751,-0.549,-0.587,0.000,0.216,-1.106,0.001,86
5752,-0.546,-0.587,0.000,0.251,-1.113,0.008,86
5753,-0.543,-0.587,0.000,0.290,-1.121,-0.003,86
5754,-0.540,-0.587,0.000,0.328,-1.129,-0.000,86
5755,-0.536,-0.587,0.000,0.364,-1.137,0.022,86
5756,-0.533,-0.587,0.000,0.394,-1.146,0.005,86
5757,-0.530,-0.587,0.000,0.423,-1.154,0.007,86
5758,-0.527,-0.587,0.000,0.450,-1.162,0.010,86
5759,-0.523,-0.587,0.000,0.475,-1.169,-0.005,86
5760,-0.520,-0.587,0.000,0.499,-1.177,0.002,86
5761,-0.517,-0.587,0.000,0.521,-1.185,0.009,86
5762,-0.513,-0.587,0.000,0.541,-1.193,0.007,86
5763,-0.510,-0.587,0.000,0.559,-1.201,0.005,86
5764,-0.507,-0.587,0.000,0.574,-1.209,0.010,86
5765,-0.504,-0.587,0.000,0.589,-1.217,0.013,86
5766,-0.500,-0.587,0.000,0.601,-1.225,0.021,86
5767,-0.497,-0.587,0.000,0.612,-1.233,0.021,86
5768,-0.494,-0.587,0.000,0.620,-1.241,0.018,86
5769,-0.491,-0.587,0.000,0.627,-1.249,0.001,86
5770,-0.488,-0.586,0.000,0.620,-1.257,0.004,86
5771,-0.484,-0.586,0.000,0.612,-1.265,0.032,86
5772,-0.481,-0.586,0.000,0.603,-1.273,0.013,86
5773,-0.478,-0.586,0.000,0.603,-1.280,0.014,86
5774,-0.475,-0.586,0.000,0.609,-1.288,0.021,86
5775,-0.471,-0.586,0.000,0.613,-1.296,0.008,86
5776,-0.468,-0.586,0.000,0.613,-1.304,0.018,86
5777,-0.465,-0.586,0.000,0.611,-1.313,0.011,86
5778,-0.461,-0.586,0.000,0.610,-1.321,0.005,86
5779,-0.458,-0.586,0.000,0.609,-1.328,0.023,86
5780,-0.455,-0.586,0.000,0.606,-1.337,-0.001,86
5781,-0.452,-0.586,0.000,0.604,-1.344,0.016,86
5782,-0.448,-0.586,0.000,0.599,-1.353,0.006,86
5783,-0.445,-0.586,0.000,0.592,-1.361,0.007,86
5784,-0.442,-0.586,0.000,0.581,-1.369,0.010,86
5785,-0.439,-0.586,0.000,0.569,-1.377,0.009,86
5786,-0.435,-0.586,0.000,0.553,-1.385,0.009,86
5787,-0.432,-0.586,0.000,0.536,-1.393,0.007,86
5788,-0.429,-0.586,0.000,0.516,-1.402,0.019,86
5789,-0.425,-0.586,0.000,0.494,-1.411,0.011,86
5790,-0.422,-0.586,0.000,0.469,-1.419,0.006,86
5791,-0.419,-0.586,0.000,0.443,-1.427,0.014,86
5792,-0.416,-0.586,0.000,0.414,-1.435,-0.001,86
5793,-0.412,-0.586,0.000,0.393,-1.444,-0.000,86
5794,-0.409,-0.586,0.000,0.369,-1.452,0.006,86
5795,-0.406,-0.586,0.000,0.344,-1.461,0.005,86
5796,-0.402,-0.586,0.000,0.317,-1.469,0.005,86
5797,-0.399,-0.586,0.000,0.288,-1.478,-0.001,86
5798,-0.396,-0.586,0.000,0.258,-1.486,0.000,86
5799,-0.392,-0.586,0.000,0.227,-1.495,0.002,86
5800,-0.389,-0.586,0.000,0.193,-1.503,0.000,86
5801,-0.386,-0.586,0.000,0.159,-1.513,0.014,86
5802,-0.382,-0.586,0.000,0.124,-1.521,0.013,86
5803,-0.379,-0.586,0.000,0.090,-1.530,-0.012,86
5804,-0.376,-0.586,0.000,0.054,-1.538,-0.008,86
5805,-0.373,-0.586,0.000,0.020,-1.547,-0.000,86
5806,-0.369,-0.586,0.000,-0.013,-1.555,-0.003,86
5807,-0.366,-0.586,0.000,-0.048,-1.564,0.002,86
5808,-0.363,-0.586,0.000,-0.084,-1.573,-0.006,86
5809,-0.359,-0.586,0.000,-0.124,-1.581,-0.004,86
5810,-0.356,-0.586,0.000,-0.165,-1.590,-0.011,86
5811,-0.353,-0.586,0.000,-0.208,-1.599,-0.013,86
5812,-0.349,-0.586,0.000,-0.253,-1.608,-0.012,86
5813,-0.346,-0.586,0.000,-0.300,-1.616,-0.013,86
5814,-0.343,-0.586,0.000,-0.349,-1.626,-0.015,86
5815,-0.340,-0.586,0.000,-0.399,-1.635,-0.017,86
5816,-0.336,-0.586,0.000,-0.450,-1.644,-0.017,86
5817,-0.333,-0.586,0.000,-0.503,-1.653,-0.012,86
5818,-0.329,-0.586,0.000,-0.559,-1.663,-0.007,86
5819,-0.326,-0.586,0.000,-0.616,-1.672,-0.028,86
5820,-0.323,-0.586,0.000,-0.671,-1.681,-0.032,86
5821,-0.320,-0.586,0.000,-0.730,-1.690,-0.000,86
5822,-0.316,-0.586,0.000,-0.791,-1.699,-0.029,86
5823,-0.313,-0.586,0.000,-0.852,-1.708,-0.027,86
5824,-0.310,-0.586,0.000,-0.913,-1.717,-0.025,86
5825,-0.306,-0.586,0.000,-0.973,-1.726,-0.045,86
5826,-0.303,-0.586,0.000,-1.032,-1.735,-0.037,86
5827,-0.300,-0.586,0.000,-1.091,-1.744,-0.033,86
5828,-0.296,-0.586,0.000,-1.148,-1.753,-0.040,86
5829,-0.293,-0.586,0.000,-1.205,-1.762,-0.045,86
5830,-0.290,-0.586,0.000,-1.261,-1.771,-0.041,86
5831,-0.287,-0.586,0.000,-1.315,-1.780,-0.045,86
5832,-0.283,-0.587,0.000,-1.367,-1.790,-0.049,86
5833,-0.280,-0.587,0.000,-1.417,-1.800,-0.031,86
5834,-0.277,-0.587,0.000,-1.471,-1.809,-0.058,86
5835,-0.273,-0.587,0.000,-1.522,-1.818,-0.053,86
5836,-0.270,-0.587,0.000,-1.571,-1.828,-0.053,86
5837,-0.267,-0.587,0.000,-1.618,-1.838,-0.058,86
5838,-0.263,-0.587,0.000,-1.661,-1.847,-0.054,86
5839,-0.260,-0.587,0.000,-1.707,-1.858,-0.063,86
5840,-0.257,-0.587,0.000,-1.759,-1.868,-0.054,86
5841,-0.253,-0.587,0.000,-1.811,-1.877,-0.076,86
5842,-0.250,-0.587,0.000,-1.862,-1.887,-0.066,86
5843,-0.247,-0.588,0.000,-1.911,-1.897,-0.063,86
5844,-0.243,-0.588,0.000,-1.956,-1.906,-0.070,86
5845,-0.240,-0.588,0.000,-1.995,-1.916,-0.075,86
5846,-0.237,-0.588,0.000,-2.029,-1.925,-0.074,86
5847,-0.234,-0.588,0.000,-2.058,-1.935,-0.074,86
5848,-0.230,-0.588,0.000,-2.082,-1.945,-0.076,86
5849,-0.227,-0.588,0.000,-2.101,-1.955,-0.077,86
5850,-0.224,-0.588,0.000,-2.114,-1.965,-0.078,86
5851,-0.220,-0.589,0.000,-2.123,-1.975,-0.078,86
5852,-0.217,-0.589,0.000,-2.128,-1.986,-0.068,86
5853,-0.214,-0.589,0.000,-2.137,-1.997,-0.067,86
5854,-0.210,-0.589,0.000,-2.144,-2.006,-0.082,86
5855,-0.207,-0.589,0.000,-2.144,-2.016,-0.089,86
5856,-0.204,-0.589,0.000,-2.138,-2.027,-0.081,86
5857,-0.200,-0.589,0.000,-2.125,-2.037,-0.077,86
5858,-0.197,-0.589,0.000,-2.108,-2.047,-0.080,86
5859,-0.194,-0.589,0.000,-2.087,-2.057,-0.072,86
5860,-0.190,-0.590,0.000,-2.068,-2.068,-0.064,86
5861,-0.187,-0.590,0.000,-2.048,-2.076,-0.086,86
5862,-0.184,-0.590,0.000,-2.038,-2.086,-0.086,86
5863,-0.181,-0.590,0.000,-2.030,-2.097,-0.052,86
5864,-0.177,-0.590,0.000,-2.026,-2.106,-0.087,86
5865,-0.174,-0.590,0.000,-2.021,-2.117,-0.055,86
5866,-0.171,-0.590,0.000,-2.014,-2.126,-0.101,86
5867,-0.167,-0.590,0.000,-2.001,-2.138,-0.044,86
5868,-0.164,-0.591,0.000,-1.983,-2.146,-0.101,86
5869,-0.161,-0.591,0.000,-1.965,-2.157,-0.071,86
5870,-0.158,-0.591,0.000,-1.948,-2.167,-0.084,86
5871,-0.154,-0.591,0.000,-1.930,-2.177,-0.074,86
5872,-0.151,-0.591,0.000,-1.905,-2.187,-0.073,86
5873,-0.148,-0.591,0.000,-1.874,-2.197,-0.065,86
5874,-0.144,-0.591,0.000,-1.835,-2.203,-0.063,86
5875,-0.141,-0.591,0.000,-1.789,-2.205,-0.084,86
5876,-0.138,-0.591,0.000,-1.734,-2.207,-0.072,86
5877,-0.135,-0.591,0.000,-1.673,-2.210,-0.065,86
5878,-0.131,-0.592,0.000,-1.605,-2.211,-0.066,86
5879,-0.128,-0.592,0.000,-1.532,-2.186,-0.056,86
5880,-0.125,-0.592,0.000,-1.455,-2.160,-0.059,86
5881,-0.121,-0.592,0.000,-1.372,-2.134,-0.045,86
5882,-0.118,-0.592,0.000,-1.282,-2.108,-0.048,86
5883,-0.115,-0.592,0.000,-1.191,-2.083,-0.039,86
5884,-0.112,-0.592,0.000,-1.097,-2.057,-0.042,86
5885,-0.108,-0.592,0.000,-1.001,-2.032,-0.033,86
5886,-0.105,-0.592,0.000,-0.904,-2.007,-0.019,86
5887,-0.102,-0.592,0.000,-0.805,-1.983,-0.023,86
5888,-0.099,-0.592,0.000,-0.703,-1.958,-0.021,86
5889,-0.096,-0.592,0.000,-0.597,-1.934,-0.033,86
5890,-0.093,-0.592,0.000,-0.491,-1.910,-0.017,86
5891,-0.090,-0.592,0.000,-0.384,-1.886,-0.014,86
5892,-0.086,-0.592,0.000,-0.275,-1.863,-0.016,86
5893,-0.083,-0.592,0.000,-0.165,-1.840,0.007,86
5894,-0.080,-0.592,0.000,-0.055,-1.817,0.002,86
5895,-0.077,-0.592,0.000,0.055,-1.795,-0.003,86
5896,-0.074,-0.592,0.000,0.165,-1.772,0.007,86
5897,-0.071,-0.592,0.000,0.274,-1.750,0.010,86
5898,-0.068,-0.592,0.000,0.382,-1.728,0.005,86
5899,-0.065,-0.592,0.000,0.489,-1.707,0.011,86
5900,-0.062,-0.592,0.000,0.595,-1.685,0.040,86
5901,-0.058,-0.592,0.000,0.700,-1.664,0.003,86
5902,-0.055,-0.592,0.000,0.804,-1.642,0.050,86
5903,-0.052,-0.592,0.000,0.907,-1.623,-0.010,86
5904,-0.049,-0.592,0.000,1.009,-1.601,0.059,86
5905,-0.046,-0.592,0.000,1.111,-1.581,0.039,86
5906,-0.043,-0.592,0.000,1.211,-1.562,-0.012,86
5907,-0.040,-0.592,0.000,1.310,-1.541,0.065,86
5908,-0.037,-0.592,0.000,1.408,-1.522,0.012,86
5909,-0.034,-0.592,0.000,1.505,-1.503,0.035,86
5910,-0.031,-0.592,0.000,1.599,-1.482,0.078,86
5911,-0.028,-0.592,0.000,1.692,-1.466,-0.003,86
5912,-0.024,-0.591,0.000,1.783,-1.446,0.054,86
5913,-0.021,-0.591,0.000,1.873,-1.427,0.056,86
5914,-0.018,-0.591,0.000,1.959,-1.410,0.046,86
5915,-0.015,-0.591,0.000,2.046,-1.391,0.058,86
5916,-0.012,-0.591,0.000,2.122,-1.374,0.057,86
5917,-0.009,-0.591,0.000,2.193,-1.356,0.056,86
5918,-0.006,-0.591,0.000,2.254,-1.339,0.058,86
5919,-0.003,-0.591,0.000,2.304,-1.322,0.046,86
5920,0.001,-0.591,0.000,2.350,-1.305,0.064,86
5921,0.004,-0.590,0.000,2.396,-1.289,0.052,86
5922,0.007,-0.590,0.000,2.436,-1.272,0.057,86
5923,0.010,-0.590,0.000,2.463,-1.256,0.062,86
5924,0.013,-0.590,0.000,2.478,-1.240,0.060,86
5925,0.016,-0.590,0.000,2.482,-1.224,0.057,86
5926,0.019,-0.590,0.000,2.475,-1.209,0.060,86
5927,0.022,-0.590,0.000,2.457,-1.194,0.056,86
5928,0.026,-0.590,0.000,2.428,-1.179,0.054,86
5929,0.029,-0.589,0.000,2.388,-1.165,0.054,86
5930,0.032,-0.589,0.000,2.338,-1.151,0.053,86
5931,0.035,-0.589,0.000,2.283,-1.137,0.053,86
5932,0.038,-0.589,0.000,2.229,-1.123,0.040,86
5933,0.041,-0.589,0.000,2.180,-1.109,0.054,86
5934,0.045,-0.589,0.000,2.123,-1.096,0.051,86
5935,0.048,-0.589,0.000,2.058,-1.083,0.031,86
5936,0.051,-0.589,0.000,1.990,-1.069,0.047,86
5937,0.054,-0.588,0.000,1.914,-1.056,0.048,86
5938,0.057,-0.588,0.000,1.830,-1.044,0.038,86
5939,0.061,-0.588,0.000,1.738,-1.031,0.034,86
5940,0.064,-0.588,0.000,1.639,-1.018,0.035,86
5941,0.067,-0.588,0.000,1.536,-1.006,0.037,86
5942,0.070,-0.588,0.000,1.438,-0.993,0.021,86
5943,0.073,-0.588,0.000,1.345,-0.981,0.023,86
5944,0.077,-0.588,0.000,1.247,-0.969,0.028,86
5945,0.080,-0.588,0.000,1.143,-0.957,0.027,86
5946,0.083,-0.588,0.000,1.033,-0.946,0.022,86
5947,0.086,-0.588,0.000,0.917,-0.935,0.019,86
5948,0.089,-0.588,0.000,0.797,-0.924,0.018,86
5949,0.093,-0.588,0.000,0.674,-0.913,-0.003,86
5950,0.096,-0.588,0.000,0.550,-0.902,0.024,86
5951,0.099,-0.588,0.000,0.425,-0.892,0.013,86
5952,0.102,-0.588,0.000,0.297,-0.882,0.005,86
5953,0.106,-0.588,0.000,0.167,-0.871,0.007,86
5954,0.109,-0.588,0.000,0.034,-0.861,0.008,86
5955,0.112,-0.588,0.000,-0.100,-0.852,0.004,86
5956,0.115,-0.588,0.000,-0.235,-0.842,0.001,86
5957,0.119,-0.588,0.000,-0.371,-0.833,-0.000,86
5958,0.122,-0.588,0.000,-0.506,-0.824,-0.002,86
5959,0.125,-0.588,0.000,-0.642,-0.815,-0.004,86
5960,0.128,-0.588,0.000,-0.777,-0.807,-0.006,86
5961,0.132,-0.588,0.000,-0.910,-0.798,-0.007,86
5962,0.135,-0.588,0.000,-1.042,-0.790,-0.009,86
5963,0.138,-0.588,0.000,-1.171,-0.782,-0.011,86
5964,0.141,-0.588,0.000,-1.297,-0.774,-0.012,86
5965,0.145,-0.588,0.000,-1.421,-0.767,-0.014,86
5966,0.148,-0.588,0.000,-1.541,-0.759,-0.030,86
5967,0.151,-0.588,0.000,-1.657,-0.752,-0.021,86
5968,0.155,-0.588,0.000,-1.769,-0.745,-0.021,86
5969,0.158,-0.588,0.000,-1.877,-0.737,-0.026,86
5970,0.161,-0.588,0.000,-1.982,-0.731,-0.015,86
5971,0.164,-0.589,0.000,-2.089,-0.724,-0.017,86
5972,0.168,-0.589,0.000,-2.192,-0.716,-0.045,86
5973,0.171,-0.589,0.000,-2.293,-0.710,-0.025,86
5974,0.174,-0.589,0.000,-2.390,-0.703,-0.032,86
5975,0.177,-0.589,0.000,-2.475,-0.696,-0.040,86
5976,0.181,-0.589,0.000,-2.554,-0.690,-0.019,86
5977,0.184,-0.589,0.000,-2.625,-0.683,-0.024,86
5978,0.187,-0.590,0.000,-2.689,-0.677,-0.030,86
5979,0.190,-0.590,0.000,-2.746,-0.670,-0.026,86
5980,0.194,-0.590,0.000,-2.800,-0.664,-0.038,86
5981,0.197,-0.590,0.000,-2.852,-0.659,-0.016,86
5982,0.200,-0.590,0.000,-2.889,-0.651,-0.028,86
5983,0.203,-0.590,0.000,-2.916,-0.645,-0.032,86
5984,0.207,-0.591,0.000,-2.935,-0.640,-0.027,86
5985,0.210,-0.591,0.000,-2.945,-0.634,-0.025,86
5986,0.213,-0.591,0.000,-2.946,-0.629,-0.027,86
5987,0.216,-0.591,0.000,-2.940,-0.623,-0.023,86
5988,0.220,-0.591,0.000,-2.927,-0.618,-0.029,86
5989,0.223,-0.591,0.000,-2.906,-0.612,-0.036,86
5990,0.226,-0.592,0.000,-2.877,-0.607,-0.039,86
5991,0.229,-0.592,0.000,-2.839,-0.602,-0.036,86
5992,0.233,-0.592,0.000,-2.794,-0.598,-0.033,86
5993,0.236,-0.592,0.000,-2.740,-0.593,-0.034,86
5994,0.239,-0.592,0.000,-2.680,-0.589,-0.029,86
5995,0.242,-0.592,0.000,-2.616,-0.585,-0.026,86
5996,0.246,-0.592,0.000,-2.553,-0.581,-0.017,86
5997,0.249,-0.593,0.000,-2.484,-0.577,-0.017,86
5998,0.252,-0.593,0.000,-2.407,-0.573,-0.020,86
5999,0.255,-0.593,0.000,-2.325,-0.569,-0.035,86
6000,0.259,-0.593,0.000,-2.234,-0.566,-0.016,86
6001,0.262,-0.593,0.000,-2.135,-0.562,-0.022,86
6002,0.265,-0.593,0.000,-2.032,-0.559,-0.020,86
6003,0.268,-0.593,0.000,-1.925,-0.555,-0.017,86
6004,0.272,-0.593,0.000,-1.817,-0.552,-0.027,86
6005,0.275,-0.594,0.000,-1.708,-0.549,-0.010,86
6006,0.278,-0.594,0.000,-1.600,-0.546,-0.004,86
6007,0.281,-0.594,0.000,-1.492,-0.542,-0.017,86
6008,0.285,-0.594,0.000,-1.380,-0.540,-0.017,86
6009,0.288,-0.594,0.000,-1.284,-0.537,-0.006,86
6010,0.291,-0.594,0.000,-1.188,-0.535,-0.006,86
6011,0.295,-0.594,0.000,-1.092,-0.531,-0.036,86
6012,0.298,-0.594,0.000,-1.001,-0.529,0.007,86
6013,0.301,-0.594,0.000,-0.912,-0.526,-0.032,86
6014,0.304,-0.594,0.000,-0.820,-0.524,-0.001,86
6015,0.307,-0.594,0.000,-0.728,-0.521,-0.014,86
6016,0.311,-0.594,0.000,-0.636,-0.519,-0.020,86
6017,0.314,-0.594,0.000,-0.549,-0.516,0.010,86
6018,0.317,-0.594,0.000,-0.460,-0.513,-0.027,86
6019,0.320,-0.594,0.000,-0.370,-0.511,0.013,86
6020,0.323,-0.594,0.000,-0.279,-0.509,-0.001,86
6021,0.327,-0.594,0.000,-0.188,-0.507,-0.008,86
6022,0.330,-0.594,0.000,-0.096,-0.505,0.001,86
6023,0.333,-0.594,0.000,-0.005,-0.503,-0.001,86
6024,0.336,-0.594,0.000,0.086,-0.501,0.004,86
6025,0.340,-0.594,0.000,0.176,-0.499,-0.001,86
6026,0.343,-0.594,0.000,0.267,-0.497,-0.012,86
6027,0.346,-0.594,0.000,0.350,-0.495,-0.002,86
6028,0.349,-0.594,0.000,0.431,-0.493,0.003,86
6029,0.353,-0.594,0.000,0.511,-0.491,0.018,86
6030,0.356,-0.594,0.000,0.602,-0.488,-0.018,86
6031,0.359,-0.594,0.000,0.704,-0.487,0.015,86
6032,0.362,-0.594,0.000,0.805,-0.485,-0.006,86
6033,0.365,-0.594,0.000,0.903,-0.484,-0.004,86
6034,0.369,-0.594,0.000,1.002,-0.482,0.006,86
6035,0.372,-0.594,0.000,1.100,-0.480,0.022,86
6036,0.375,-0.594,0.000,1.192,-0.479,0.005,86
6037,0.379,-0.594,0.000,1.280,-0.478,0.003,86
6038,0.382,-0.594,0.000,1.363,-0.477,0.015,86
6039,0.385,-0.594,0.000,1.442,-0.476,-0.004,86
6040,0.388,-0.594,0.000,1.522,-0.474,0.020,86
6041,0.392,-0.594,0.000,1.604,-0.474,0.002,86
6042,0.395,-0.593,0.000,1.687,-0.473,0.003,86
6043,0.398,-0.593,0.000,1.764,-0.472,0.011,86
6044,0.402,-0.593,0.000,1.833,-0.471,0.012,86
6045,0.405,-0.593,0.000,1.898,-0.470,0.015,86
6046,0.408,-0.593,0.000,1.959,-0.469,0.017,86
6047,0.411,-0.593,0.000,2.019,-0.469,0.006,86
6048,0.415,-0.593,0.000,2.072,-0.467,0.028,86
6049,0.418,-0.593,0.000,2.124,-0.468,0.002,86
6050,0.421,-0.593,0.000,2.174,-0.465,0.045,86
6051,0.424,-0.592,0.000,2.222,-0.467,-0.018,86
6052,0.428,-0.592,0.000,2.269,-0.465,0.037,86
6053,0.431,-0.592,0.000,2.314,-0.466,0.012,86
6054,0.434,-0.592,0.000,2.355,-0.464,0.028,86
6055,0.437,-0.592,0.000,2.390,-0.464,0.028,86
6056,0.441,-0.592,0.000,2.422,-0.464,0.009,86
6057,0.444,-0.592,0.000,2.459,-0.465,0.008,86
6058,0.447,-0.591,0.000,2.471,-0.463,0.018,86
6059,0.451,-0.591,0.000,2.471,-0.462,0.036,86
6060,0.454,-0.591,0.000,2.462,-0.464,-0.000,86
6061,0.457,-0.591,0.000,2.446,-0.463,0.021,86
6062,0.461,-0.591,0.000,2.424,-0.463,0.018,86
6063,0.464,-0.591,0.000,2.391,-0.463,0.011,86
6064,0.467,-0.591,0.000,2.350,-0.463,0.012,86
6065,0.470,-0.591,0.000,2.303,-0.463,0.025,86
6066,0.474,-0.590,0.000,2.245,-0.463,0.026,86
6067,0.477,-0.590,0.000,2.186,-0.463,0.024,86
6068,0.480,-0.590,0.000,2.126,-0.464,0.005,86
6069,0.484,-0.590,0.000,2.060,-0.463,0.029,86
6070,0.487,-0.590,0.000,1.993,-0.464,-0.003,86
6071,0.490,-0.590,0.000,1.927,-0.463,0.018,86
6072,0.493,-0.590,0.000,1.858,-0.463,0.025,86
6073,0.497,-0.590,0.000,1.782,-0.464,0.003,86
6074,0.500,-0.589,0.000,1.701,-0.464,0.007,86
6075,0.503,-0.589,0.000,1.615,-0.464,0.010,86
6076,0.507,-0.589,0.000,1.523,-0.464,0.007,86
6077,0.510,-0.589,0.000,1.426,-0.465,0.005,86
6078,0.513,-0.589,0.000,1.324,-0.465,0.005,86
6079,0.516,-0.589,0.000,1.220,-0.466,0.022,86
6080,0.520,-0.589,0.000,1.109,-0.468,-0.004,86
6081,0.523,-0.589,0.000,0.991,-0.468,0.028,86
6082,0.527,-0.589,0.000,0.877,-0.469,-0.019,86
6083,0.530,-0.589,0.000,0.763,-0.470,0.017,86
6084,0.533,-0.589,0.000,0.650,-0.471,-0.005,86
6085,0.536,-0.589,0.000,0.537,-0.472,0.021,86
6086,0.540,-0.589,0.000,0.426,-0.473,-0.002,86
6087,0.543,-0.589,0.000,0.318,-0.474,-0.009,86
6088,0.546,-0.589,0.000,0.210,-0.475,0.005,86
6089,0.550,-0.589,0.000,0.101,-0.476,-0.015,86
6090,0.553,-0.589,0.000,-0.002,-0.478,0.013,86
6091,0.557,-0.589,0.000,-0.106,-0.479,0.008,86
6092,0.560,-0.589,0.000,-0.211,-0.480,-0.020,86
6093,0.563,-0.589,0.000,-0.316,-0.481,-0.001,86
6094,0.567,-0.589,0.000,-0.421,-0.482,-0.004,86
6095,0.570,-0.589,0.000,-0.523,-0.483,-0.012,86
6096,0.573,-0.589,0.000,-0.624,-0.485,-0.013,86
6097,0.576,-0.589,0.000,-0.724,-0.486,-0.011,86
6098,0.580,-0.589,0.000,-0.823,-0.487,-0.011,86
6099,0.583,-0.589,0.000,-0.921,-0.489,0.003,86
6100,0.586,-0.589,0.000,-1.018,-0.490,-0.028,86
6101,0.590,-0.589,0.000,-1.114,-0.492,-0.011,86
6102,0.593,-0.589,0.000,-1.206,-0.494,-0.010,86
6103,0.596,-0.589,0.000,-1.290,-0.496,-0.017,86
6104,0.600,-0.589,0.000,-1.372,-0.497,-0.020,86
6105,0.603,-0.589,0.000,-1.452,-0.499,-0.018,86
6106,0.606,-0.589,0.000,-1.528,-0.501,-0.007,86
6107,0.609,-0.590,0.000,-1.594,-0.502,-0.031,86
6108,0.613,-0.590,0.000,-1.646,-0.504,-0.007,86
6109,0.616,-0.590,0.000,-1.697,-0.506,-0.029,86
6110,0.619,-0.590,0.000,-1.741,-0.509,-0.009,86
6111,0.623,-0.590,0.000,-1.783,-0.510,-0.023,86
6112,0.626,-0.590,0.000,-1.828,-0.512,-0.029,86
6113,0.629,-0.590,0.000,-1.872,-0.515,0.005,86
6114,0.633,-0.590,0.000,-1.918,-0.516,-0.023,86
6115,0.636,-0.590,0.000,-1.961,-0.518,-0.012,86
6116,0.639,-0.590,0.000,-1.990,-0.521,-0.014,86
6117,0.643,-0.591,0.000,-2.020,-0.522,-0.031,86
6118,0.646,-0.591,0.000,-2.048,-0.525,-0.015,86
6119,0.649,-0.591,0.000,-2.075,-0.526,-0.037,86
6120,0.653,-0.591,0.000,-2.096,-0.529,-0.019,86
6121,0.656,-0.591,0.000,-2.111,-0.532,-0.020,86
6122,0.659,-0.591,0.000,-2.118,-0.534,-0.027,86
6123,0.663,-0.591,0.000,-2.120,-0.536,-0.028,86
6124,0.666,-0.591,0.000,-2.118,-0.539,-0.025,86
6125,0.669,-0.592,0.000,-2.112,-0.541,-0.021,86
6126,0.673,-0.592,0.000,-2.104,-0.544,-0.020,86
6127,0.676,-0.592,0.000,-2.095,-0.547,-0.009,86
6128,0.679,-0.592,0.000,-2.085,-0.549,-0.025,86
6129,0.682,-0.592,0.000,-2.076,-0.552,-0.008,86
6130,0.686,-0.592,0.000,-2.065,-0.554,-0.009,86
6131,0.689,-0.592,0.000,-2.049,-0.556,-0.037,86
6132,0.692,-0.592,0.000,-2.026,-0.560,-0.022,86
6133,0.696,-0.592,0.000,-1.996,-0.562,-0.020,86
6134,0.699,-0.593,0.000,-1.962,-0.565,-0.025,86
6135,0.702,-0.593,0.000,-1.924,-0.567,-0.027,86
6136,0.706,-0.593,0.000,-1.881,-0.570,-0.024,86
6137,0.709,-0.593,0.000,-1.834,-0.573,-0.023,86
6138,0.712,-0.593,0.000,-1.783,-0.576,-0.023,86
6139,0.715,-0.593,0.000,-1.728,-0.579,-0.023,86
6140,0.719,-0.593,0.000,-1.669,-0.582,-0.022,86
6141,0.722,-0.593,0.000,-1.608,-0.586,-0.010,86
6142,0.725,-0.593,0.000,-1.547,-0.588,-0.024,86
6143,0.729,-0.593,0.000,-1.485,-0.591,-0.029,86
6144,0.732,-0.594,0.000,-1.420,-0.596,0.008,86
6145,0.735,-0.594,0.000,-1.352,-0.598,-0.024,86
6146,0.738,-0.594,0.000,-1.283,-0.602,0.001,86
6147,0.742,-0.594,0.000,-1.214,-0.605,-0.033,86
6148,0.745,-0.594,0.000,-1.145,-0.609,-0.011,86
6149,0.748,-0.594,0.000,-1.075,-0.612,0.005,86
6150,0.752,-0.594,0.000,-1.009,-0.615,-0.024,86
6151,0.755,-0.594,0.000,-0.942,-0.619,-0.015,86
6152,0.758,-0.594,0.000,-0.872,-0.622,-0.012,86
6153,0.761,-0.594,0.000,-0.800,-0.626,-0.014,86
6154,0.765,-0.594,0.000,-0.726,-0.629,-0.015,86
6155,0.768,-0.594,0.000,-0.649,-0.633,-0.013,86
6156,0.771,-0.594,0.000,-0.570,-0.637,-0.011,86
6157,0.774,-0.594,0.000,-0.490,-0.641,-0.011,86
6158,0.778,-0.594,0.000,-0.408,-0.645,0.010,86
6159,0.781,-0.594,0.000,-0.331,-0.649,-0.025,86
6160,0.784,-0.594,0.000,-0.257,-0.653,0.018,86
6161,0.787,-0.594,0.000,-0.183,-0.657,-0.004,86
6162,0.791,-0.594,0.000,-0.108,-0.661,-0.008,86
6163,0.794,-0.594,0.000,-0.034,-0.665,0.001,86
6164,0.797,-0.594,0.000,0.041,-0.669,-0.017,86
6165,0.800,-0.594,0.000,0.113,-0.673,0.002,86
6166,0.804,-0.594,0.000,0.185,-0.677,0.002,86
6167,0.807,-0.594,0.000,0.257,-0.681,-0.004,86
6168,0.810,-0.594,0.000,0.330,-0.685,-0.004,86
6169,0.813,-0.594,0.000,0.403,-0.690,0.000,86
6170,0.816,-0.594,0.000,0.476,-0.694,0.001,86
6171,0.820,-0.594,0.000,0.548,-0.698,0.014,86
6172,0.823,-0.594,0.000,0.619,-0.702,-0.000,86
6173,0.826,-0.594,0.000,0.690,-0.707,0.003,86
6174,0.829,-0.594,0.000,0.761,-0.711,0.021,86
6175,0.833,-0.594,0.000,0.830,-0.715,0.003,86
6176,0.836,-0.594,0.000,0.897,-0.719,0.024,86
6177,0.839,-0.594,0.000,0.964,-0.724,-0.009,86
6178,0.842,-0.594,0.000,1.031,-0.728,0.016,86
6179,0.846,-0.594,0.000,1.099,-0.733,0.013,86
6180,0.849,-0.594,0.000,1.170,-0.737,0.023,86
6181,0.852,-0.594,0.000,1.237,-0.742,0.021,86
6182,0.855,-0.594,0.000,1.302,-0.746,0.019,86
6183,0.859,-0.594,0.000,1.364,-0.751,0.016,86
6184,0.862,-0.593,0.000,1.421,-0.756,0.010,86
6185,0.865,-0.593,0.000,1.475,-0.760,0.012,86
6186,0.868,-0.593,0.000,1.525,-0.765,0.016,86
6187,0.872,-0.593,0.000,1.571,-0.769,0.021,86
6188,0.875,-0.593,0.000,1.616,-0.774,0.020,86
6189,0.878,-0.593,0.000,1.654,-0.778,0.027,86
6190,0.881,-0.593,0.000,1.690,-0.783,0.037,86
6191,0.885,-0.593,0.000,1.725,-0.788,0.018,86
6192,0.888,-0.593,0.000,1.758,-0.793,0.041,86
6193,0.891,-0.593,0.000,1.789,-0.799,0.001,86
6194,0.894,-0.593,0.000,1.819,-0.802,0.055,86
6195,0.898,-0.592,0.000,1.847,-0.809,-0.002,86
6196,0.901,-0.592,0.000,1.874,-0.813,0.033,86
6197,0.904,-0.592,0.000,1.900,-0.817,0.057,86
6198,0.907,-0.592,0.000,1.926,-0.824,-0.019,86
6199,0.911,-0.592,0.000,1.951,-0.828,0.048,86
6200,0.914,-0.592,0.000,1.977,-0.833,0.022,86
6201,0.917,-0.592,0.000,2.002,-0.839,0.008,86
6202,0.920,-0.592,0.000,2.027,-0.842,0.072,86
6203,0.924,-0.592,0.000,2.052,-0.850,-0.007,86
6204,0.927,-0.591,0.000,2.076,-0.855,0.025,86
6205,0.930,-0.591,0.000,2.102,-0.859,0.050,86
6206,0.934,-0.591,0.000,2.128,-0.867,-0.003,86
6207,0.937,-0.591,0.000,2.143,-0.869,0.052,86
6208,0.940,-0.591,0.000,2.153,-0.877,0.006,86
6209,0.943,-0.591,0.000,2.161,-0.881,0.046,86
6210,0.947,-0.591,0.000,2.166,-0.887,0.016,86
6211,0.950,-0.591,0.000,2.171,-0.891,0.059,86
6212,0.953,-0.590,0.000,2.169,-0.898,0.024,86
6213,0.956,-0.590,0.000,2.159,-0.904,0.026,86
6214,0.960,-0.590,0.000,2.140,-0.909,0.030,86
6215,0.963,-0.590,0.000,2.110,-0.915,0.030,86
6216,0.966,-0.590,0.000,2.071,-0.921,0.027,86
6217,0.970,-0.590,0.000,2.023,-0.927,0.028,86
6218,0.973,-0.590,0.000,1.968,-0.933,0.035,86
6219,0.976,-0.590,0.000,1.903,-0.939,0.023,86
6220,0.980,-0.589,0.000,1.830,-0.945,0.024,86
6221,0.983,-0.589,0.000,1.750,-0.952,0.025,86
6222,0.986,-0.589,0.000,1.662,-0.958,0.023,86
6223,0.989,-0.589,0.000,1.567,-0.964,0.021,86
6224,0.993,-0.589,0.000,1.467,-0.971,0.021,86
6225,0.996,-0.589,0.000,1.363,-0.977,0.011,86
6226,0.999,-0.589,0.000,1.255,-0.983,0.026,86
6227,1.003,-0.589,0.000,1.141,-0.990,0.014,86
6228,1.006,-0.589,0.000,1.029,-0.997,0.008,86
6229,1.009,-0.589,0.000,0.913,-1.003,0.010,86
6230,1.013,-0.589,0.000,0.794,-1.010,0.010,86
6231,1.016,-0.589,0.000,0.671,-1.016,0.007,86
6232,1.019,-0.589,0.000,0.545,-1.023,0.004,86
6233,1.023,-0.589,0.000,0.417,-1.029,0.022,86
6234,1.026,-0.589,0.000,0.293,-1.036,0.007,86
6235,1.029,-0.589,0.000,0.168,-1.043,-0.000,86
6236,1.032,-0.589,0.000,0.042,-1.049,-0.008,86
6237,1.036,-0.589,0.000,-0.085,-1.056,-0.008,86
6238,1.039,-0.589,0.000,-0.213,-1.063,-0.008,86
6239,1.042,-0.589,0.000,-0.341,-1.070,-0.011,86
6240,1.046,-0.589,0.000,-0.470,-1.076,-0.015,86
6241,1.049,-0.589,0.000,-0.598,-1.084,0.002,86
6242,1.052,-0.589,0.000,-0.721,-1.090,-0.037,86
6243,1.056,-0.589,0.000,-0.836,-1.098,-0.006,86
6244,1.059,-0.589,0.000,-0.948,-1.105,-0.013,86
6245,1.062,-0.589,0.000,-1.059,-1.112,-0.017,86
6246,1.066,-0.589,0.000,-1.169,-1.119,-0.018,86
6247,1.069,-0.589,0.000,-1.280,-1.126,-0.028,86
6248,1.072,-0.589,0.000,-1.412,-1.133,-0.023,86
6249,1.075,-0.589,0.000,-1.544,-1.140,-0.032,86
6250,1.079,-0.589,0.000,-1.673,-1.147,-0.048,86
6251,1.082,-0.589,0.000,-1.798,-1.154,-0.043,86
6252,1.085,-0.589,0.000,-1.918,-1.162,-0.041,86
6253,1.089,-0.590,0.000,-2.033,-1.169,-0.044,86
6254,1.092,-0.590,0.000,-2.142,-1.176,-0.050,86
6255,1.095,-0.590,0.000,-2.244,-1.183,-0.051,86
6256,1.099,-0.590,0.000,-2.341,-1.191,-0.033,86
6257,1.102,-0.590,0.000,-2.436,-1.197,-0.075,86
6258,1.105,-0.590,0.000,-2.529,-1.206,-0.045,86
6259,1.109,-0.590,0.000,-2.620,-1.213,-0.064,86
6260,1.112,-0.590,0.000,-2.710,-1.221,-0.042,86
6261,1.115,-0.591,0.000,-2.795,-1.228,-0.054,86
6262,1.118,-0.591,0.000,-2.872,-1.235,-0.065,86
6263,1.122,-0.591,0.000,-2.939,-1.242,-0.067,86
6264,1.125,-0.591,0.000,-3.003,-1.249,-0.063,86
6265,1.128,-0.591,0.000,-3.060,-1.256,-0.075,86
6266,1.131,-0.591,0.000,-3.106,-1.263,-0.078,86
6267,1.135,-0.592,0.000,-3.143,-1.270,-0.071,86
6268,1.138,-0.592,0.000,-3.178,-1.277,-0.069,86
6269,1.141,-0.592,0.000,-3.210,-1.283,-0.081,86
6270,1.145,-0.592,0.000,-3.230,-1.290,-0.082,86
6271,1.148,-0.592,0.000,-3.235,-1.298,-0.078,86
6272,1.151,-0.593,0.000,-3.227,-1.305,-0.077,86
6273,1.154,-0.593,0.000,-3.206,-1.312,-0.079,86
6274,1.158,-0.593,0.000,-3.172,-1.319,-0.079,86
6275,1.161,-0.593,0.000,-3.127,-1.327,-0.060,86
6276,1.164,-0.593,0.000,-3.076,-1.334,-0.061,86
6277,1.167,-0.593,0.000,-3.023,-1.341,-0.069,86
6278,1.171,-0.594,0.000,-2.968,-1.348,-0.084,86
6279,1.174,-0.594,0.000,-2.911,-1.356,-0.063,86
6280,1.177,-0.594,0.000,-2.852,-1.362,-0.084,86
6281,1.180,-0.594,0.000,-2.793,-1.369,-0.073,86
6282,1.184,-0.594,0.000,-2.725,-1.377,-0.066,86
6283,1.187,-0.594,0.000,-2.646,-1.384,-0.069,86
6284,1.190,-0.595,0.000,-2.557,-1.392,-0.050,86
6285,1.193,-0.595,0.000,-2.458,-1.399,-0.055,86
6286,1.197,-0.595,0.000,-2.350,-1.405,-0.071,86
6287,1.200,-0.595,0.000,-2.242,-1.413,-0.053,86
6288,1.203,-0.595,0.000,-2.132,-1.420,-0.056,86
6289,1.206,-0.595,0.000,-2.014,-1.428,-0.059,86
6290,1.210,-0.595,0.000,-1.888,-1.435,-0.055,86
6291,1.213,-0.595,0.000,-1.755,-1.443,-0.048,86
6292,1.216,-0.595,0.000,-1.618,-1.450,-0.031,86
6293,1.219,-0.596,0.000,-1.482,-1.459,-0.027,86
6294,1.223,-0.596,0.000,-1.342,-1.466,-0.030,86
6295,1.226,-0.596,0.000,-1.196,-1.473,-0.041,86
6296,1.229,-0.596,0.000,-1.057,-1.480,-0.025,86
6297,1.232,-0.596,0.000,-0.920,-1.488,-0.028,86
6298,1.236,-0.596,0.000,-0.779,-1.496,-0.010,86
6299,1.239,-0.596,0.000,-0.634,-1.503,-0.011,86
6300,1.242,-0.596,0.000,-0.487,-1.511,-0.009,86
6301,1.245,-0.596,0.000,-0.337,-1.518,-0.004,86
6302,1.248,-0.596,0.000,-0.186,-1.526,0.001,86
6303,1.252,-0.596,0.000,-0.033,-1.534,0.005,86
6304,1.255,-0.596,0.000,0.120,-1.542,0.008,86
6305,1.258,-0.596,0.000,0.274,-1.550,0.001,86
6306,1.262,-0.596,0.000,0.427,-1.558,0.013,86
6307,1.265,-0.596,0.000,0.579,-1.566,0.012,86
6308,1.268,-0.596,0.000,0.730,-1.574,0.012,86
6309,1.271,-0.596,0.000,0.879,-1.582,0.038,86
6310,1.275,-0.596,0.000,1.026,-1.591,0.023,86
6311,1.278,-0.596,0.000,1.171,-1.598,0.036,86
6312,1.281,-0.596,0.000,1.315,-1.607,0.024,86
6313,1.284,-0.596,0.000,1.456,-1.615,0.036,86
6314,1.288,-0.595,0.000,1.596,-1.623,0.047,86
6315,1.291,-0.595,0.000,1.732,-1.631,0.034,86
6316,1.294,-0.595,0.000,1.869,-1.639,0.046,86
6317,1.298,-0.595,0.000,2.000,-1.647,0.056,86
6318,1.301,-0.595,0.000,2.126,-1.655,0.076,86
6319,1.304,-0.595,0.000,2.243,-1.663,0.068,86
6320,1.307,-0.595,0.000,2.353,-1.672,0.053,86
6321,1.311,-0.595,0.000,2.458,-1.679,0.077,86
6322,1.314,-0.594,0.000,2.553,-1.687,0.069,86
6323,1.317,-0.594,0.000,2.639,-1.695,0.083,86
6324,1.321,-0.594,0.000,2.717,-1.703,0.076,86
6325,1.324,-0.594,0.000,2.785,-1.712,0.074,86
6326,1.327,-0.594,0.000,2.843,-1.720,0.079,86
6327,1.330,-0.594,0.000,2.891,-1.728,0.083,86
6328,1.334,-0.593,0.000,2.929,-1.736,0.084,86
6329,1.337,-0.593,0.000,2.956,-1.745,0.084,86
6330,1.340,-0.593,0.000,2.975,-1.754,0.087,86
6331,1.344,-0.593,0.000,2.986,-1.762,0.091,86
6332,1.347,-0.593,0.000,2.987,-1.771,0.087,86
6333,1.350,-0.593,0.000,2.980,-1.779,0.100,86
6334,1.353,-0.592,0.000,2.969,-1.787,0.105,86
6335,1.357,-0.592,0.000,2.951,-1.796,0.097,86
6336,1.360,-0.592,0.000,2.924,-1.806,0.075,86
6337,1.363,-0.592,0.000,2.899,-1.814,0.094,86
6338,1.367,-0.592,0.000,2.873,-1.824,0.090,86
6339,1.370,-0.592,0.000,2.845,-1.832,0.083,86
6340,1.373,-0.591,0.000,2.806,-1.841,0.083,86
6341,1.377,-0.591,0.000,2.760,-1.849,0.105,86
6342,1.380,-0.591,0.000,2.716,-1.858,0.082,86
6343,1.383,-0.591,0.000,2.665,-1.867,0.083,86
6344,1.387,-0.591,0.000,2.605,-1.876,0.080,86
6345,1.390,-0.591,0.000,2.536,-1.885,0.078,86
6346,1.393,-0.590,0.000,2.459,-1.894,0.076,86
6347,1.396,-0.590,0.000,2.373,-1.903,0.074,86
6348,1.400,-0.590,0.000,2.280,-1.913,0.071,86
6349,1.403,-0.590,0.000,2.181,-1.922,0.083,86
6350,1.406,-0.590,0.000,2.076,-1.932,0.070,86
6351,1.410,-0.590,0.000,1.966,-1.941,0.069,86
6352,1.413,-0.590,0.000,1.852,-1.951,0.052,86
6353,1.416,-0.590,0.000,1.733,-1.960,0.062,86
6354,1.420,-0.590,0.000,1.611,-1.970,0.056,86
6355,1.423,-0.589,0.000,1.486,-1.979,0.044,86
6356,1.426,-0.589,0.000,1.361,-1.989,0.044,86
6357,1.430,-0.589,0.000,1.233,-1.998,0.058,86
6358,1.433,-0.589,0.000,1.106,-2.009,0.017,86
6359,1.436,-0.589,0.000,0.976,-2.018,0.040,86
6360,1.440,-0.589,0.000,0.846,-2.027,0.026,86
6361,1.443,-0.589,0.000,0.714,-2.037,0.013,86
6362,1.446,-0.589,0.000,0.582,-2.046,0.013,86
6363,1.449,-0.589,0.000,0.452,-2.056,0.014,86
6364,1.453,-0.589,0.000,0.322,-2.065,0.025,86
6365,1.456,-0.589,0.000,0.193,-2.075,-0.016,86
6366,1.459,-0.589,0.000,0.066,-2.085,0.011,86
6367,1.463,-0.589,0.000,-0.062,-2.094,-0.012,86
6368,1.466,-0.589,0.000,-0.199,-2.103,-0.019,86
6369,1.469,-0.589,0.000,-0.333,-2.112,-0.016,86
6370,1.473,-0.589,0.000,-0.463,-2.122,-0.018,86
6371,1.476,-0.589,0.000,-0.588,-2.132,-0.022,86
6372,1.479,-0.589,0.000,-0.710,-2.141,-0.015,86
6373,1.482,-0.589,0.000,-0.826,-2.151,-0.023,86
6374,1.486,-0.589,0.000,-0.937,-2.160,-0.044,86
6375,1.489,-0.589,0.000,-1.042,-2.170,-0.040,86
6376,1.492,-0.589,0.000,-1.143,-2.180,-0.029,86
6377,1.496,-0.589,0.000,-1.243,-2.189,-0.052,86
6378,1.499,-0.589,0.000,-1.337,-2.199,-0.054,86
6379,1.502,-0.590,0.000,-1.425,-2.206,-0.051,86
6380,1.506,-0.590,0.000,-1.509,-2.199,-0.059,86
6381,1.509,-0.590,0.000,-1.592,-2.188,-0.075,86
6382,1.512,-0.590,0.000,-1.673,-2.177,-0.067,86
6383,1.516,-0.590,0.000,-1.748,-2.167,-0.068,86
6384,1.519,-0.590,0.000,-1.814,-2.157,-0.061,86
6385,1.522,-0.590,0.000,-1.880,-2.147,-0.084,86
6386,1.526,-0.590,0.000,-1.946,-2.138,-0.067,86
6387,1.529,-0.590,0.000,-2.007,-2.128,-0.082,86
6388,1.532,-0.590,0.000,-2.054,-2.118,-0.087,86
6389,1.536,-0.591,0.000,-2.092,-2.108,-0.082,86
6390,1.539,-0.591,0.000,-2.120,-2.099,-0.081,86
6391,1.542,-0.591,0.000,-2.137,-2.090,-0.083,86
6392,1.545,-0.591,0.000,-2.145,-2.081,-0.084,86
6393,1.549,-0.591,0.000,-2.146,-2.073,-0.070,86
6394,1.552,-0.591,0.000,-2.146,-2.063,-0.083,86
6395,1.555,-0.591,0.000,-2.142,-2.055,-0.063,86
6396,1.558,-0.591,0.000,-2.140,-2.047,-0.067,86
6397,1.561,-0.591,0.000,-2.129,-2.038,-0.074,86
6398,1.565,-0.592,0.000,-2.108,-2.030,-0.077,86
6399,1.568,-0.592,0.000,-2.080,-2.022,-0.071,86
6400,1.571,-0.592,0.000,-2.046,-2.013,-0.089,86
6401,1.574,-0.592,0.000,-2.008,-2.006,-0.058,86
6402,1.577,-0.592,0.000,-1.962,-1.998,-0.064,86
6403,1.581,-0.592,0.000,-1.906,-1.991,-0.064,86
6404,1.584,-0.592,0.000,-1.841,-1.984,-0.058,86
6405,1.587,-0.592,0.000,-1.768,-1.977,-0.056,86
6406,1.590,-0.592,0.000,-1.691,-1.969,-0.062,86
6407,1.593,-0.593,0.000,-1.612,-1.962,-0.066,86
6408,1.596,-0.593,0.000,-1.526,-1.955,-0.059,86
6409,1.600,-0.593,0.000,-1.433,-1.949,-0.052,86
6410,1.603,-0.593,0.000,-1.333,-1.943,-0.050,86
6411,1.606,-0.593,0.000,-1.228,-1.936,-0.048,86
6412,1.609,-0.593,0.000,-1.116,-1.931,-0.043,86
6413,1.612,-0.593,0.000,-1.000,-1.925,-0.039,86
6414,1.616,-0.593,0.000,-0.879,-1.919,-0.035,86
6415,1.619,-0.593,0.000,-0.754,-1.914,-0.031,86
6416,1.622,-0.593,0.000,-0.626,-1.910,-0.012,86
6417,1.625,-0.593,0.000,-0.502,-1.904,-0.006,86
6418,1.628,-0.593,0.000,-0.376,-1.899,-0.028,86
6419,1.632,-0.593,0.000,-0.249,-1.894,-0.016,86
6420,1.635,-0.593,0.000,-0.117,-1.890,0.013,86
6421,1.638,-0.593,0.000,0.019,-1.885,-0.022,86
6422,1.641,-0.593,0.000,0.155,-1.880,0.015,86
6423,1.645,-0.593,0.000,0.288,-1.875,-0.009,86
6424,1.648,-0.593,0.000,0.418,-1.870,0.037,86
6425,1.651,-0.593,0.000,0.548,-1.866,0.009,86
6426,1.654,-0.593,0.000,0.678,-1.862,0.015,86
6427,1.657,-0.593,0.000,0.807,-1.858,0.022,86
6428,1.661,-0.593,0.000,0.935,-1.854,0.026,86
6429,1.664,-0.593,0.000,1.061,-1.850,0.028,86
6430,1.667,-0.593,0.000,1.185,-1.847,0.042,86
6431,1.670,-0.593,0.000,1.306,-1.844,0.041,86
6432,1.673,-0.593,0.000,1.421,-1.840,0.041,86
6433,1.677,-0.593,0.000,1.534,-1.837,0.042,86
6434,1.680,-0.593,0.000,1.643,-1.834,0.047,86
6435,1.683,-0.592,0.000,1.748,-1.831,0.051,86
6436,1.686,-0.592,0.000,1.849,-1.829,0.054,86
6437,1.689,-0.592,0.000,1.945,-1.826,0.056,86
6438,1.693,-0.592,0.000,2.036,-1.824,0.059,86
6439,1.696,-0.592,0.000,2.122,-1.822,0.062,86
6440,1.699,-0.592,0.000,2.202,-1.820,0.065,86
6441,1.702,-0.592,0.000,2.277,-1.819,0.067,86
6442,1.706,-0.592,0.000,2.345,-1.817,0.069,86
6443,1.709,-0.591,0.000,2.407,-1.816,0.071,86
6444,1.712,-0.591,0.000,2.462,-1.814,0.073,86
6445,1.715,-0.591,0.000,2.511,-1.813,0.075,86
6446,1.718,-0.591,0.000,2.553,-1.812,0.095,86
6447,1.722,-0.591,0.000,2.594,-1.812,0.074,86
6448,1.725,-0.591,0.000,2.630,-1.811,0.074,86
6449,1.728,-0.591,0.000,2.660,-1.811,0.079,86
6450,1.731,-0.590,0.000,2.684,-1.809,0.092,86
6451,1.735,-0.590,0.000,2.703,-1.810,0.077,86
6452,1.738,-0.590,0.000,2.714,-1.810,0.078,86
6453,1.741,-0.590,0.000,2.718,-1.810,0.082,86
6454,1.744,-0.590,0.000,2.714,-1.810,0.082,86
6455,1.748,-0.590,0.000,2.702,-1.810,0.080,86
6456,1.751,-0.589,0.000,2.682,-1.811,0.079,86
6457,1.754,-0.589,0.000,2.656,-1.811,0.079,86
6458,1.757,-0.589,0.000,2.622,-1.812,0.078,86
6459,1.760,-0.589,0.000,2.581,-1.813,0.076,86
6460,1.764,-0.589,0.000,2.533,-1.814,0.075,86
6461,1.767,-0.589,0.000,2.480,-1.815,0.090,86
6462,1.770,-0.589,0.000,2.421,-1.817,0.077,86
6463,1.774,-0.588,0.000,2.356,-1.818,0.077,86
6464,1.777,-0.588,0.000,2.285,-1.820,0.080,86
6465,1.780,-0.588,0.000,2.211,-1.821,0.062,86
6466,1.783,-0.588,0.000,2.136,-1.824,0.056,86
6467,1.787,-0.588,0.000,2.056,-1.825,0.061,86
6468,1.790,-0.588,0.000,1.972,-1.827,0.060,86
6469,1.793,-0.588,0.000,1.884,-1.829,0.054,86
6470,1.796,-0.588,0.000,1.791,-1.831,0.051,86
6471,1.800,-0.588,0.000,1.695,-1.833,0.049,86
6472,1.803,-0.587,0.000,1.596,-1.836,0.046,86
6473,1.806,-0.587,0.000,1.493,-1.838,0.042,86
6474,1.809,-0.587,0.000,1.387,-1.841,0.039,86
6475,1.813,-0.587,0.000,1.279,-1.844,0.036,86
6476,1.816,-0.587,0.000,1.169,-1.847,0.032,86
6477,1.819,-0.587,0.000,1.057,-1.850,0.043,86
6478,1.822,-0.587,0.000,0.946,-1.853,0.019,86
6479,1.826,-0.587,0.000,0.835,-1.856,0.040,86
6480,1.829,-0.587,0.000,0.725,-1.860,0.003,86
6481,1.832,-0.587,0.000,0.613,-1.863,0.022,86
6482,1.835,-0.587,0.000,0.501,-1.866,0.016,86
6483,1.839,-0.587,0.000,0.391,-1.869,0.024,86
6484,1.842,-0.587,0.000,0.281,-1.873,-0.020,86
6485,1.845,-0.587,0.000,0.172,-1.876,0.047,86
6486,1.849,-0.587,0.000,0.064,-1.880,-0.019,86
6487,1.852,-0.587,0.000,-0.043,-1.883,0.008,86
6488,1.855,-0.587,0.000,-0.149,-1.887,0.013,86
6489,1.858,-0.587,0.000,-0.254,-1.891,-0.049,86
6490,1.862,-0.587,0.000,-0.358,-1.895,0.013,86
6491,1.865,-0.587,0.000,-0.461,-1.899,-0.043,86
6492,1.868,-0.587,0.000,-0.563,-1.903,-0.005,86
6493,1.871,-0.587,0.000,-0.664,-1.907,-0.003,86
6494,1.875,-0.587,0.000,-0.763,-1.910,-0.069,86
6495,1.878,-0.587,0.000,-0.861,-1.915,0.011,86
6496,1.881,-0.587,0.000,-0.958,-1.919,-0.024,86
6497,1.885,-0.587,0.000,-1.054,-1.922,-0.087,86
6498,1.888,-0.587,0.000,-1.148,-1.928,0.005,86
6499,1.891,-0.587,0.000,-1.242,-1.933,-0.014,86
6500,1.894,-0.587,0.000,-1.334,-1.935,-0.107,86
6501,1.898,-0.587,0.000,-1.425,-1.941,-0.036,86
6502,1.901,-0.587,0.000,-1.514,-1.947,-0.021,86
6503,1.904,-0.588,0.000,-1.602,-1.949,-0.104,86
6504,1.908,-0.588,0.000,-1.690,-1.956,-0.040,86
6505,1.911,-0.588,0.000,-1.776,-1.960,-0.059,86
6506,1.914,-0.588,0.000,-1.861,-1.964,-0.094,86
6507,1.917,-0.588,0.000,-1.945,-1.971,-0.022,86
6508,1.921,-0.588,0.000,-2.027,-1.974,-0.097,86
6509,1.924,-0.588,0.000,-2.109,-1.979,-0.099,86
6510,1.927,-0.588,0.000,-2.189,-1.986,-0.045,86
6511,1.931,-0.588,0.000,-2.268,-1.989,-0.097,86
6512,1.934,-0.589,0.000,-2.345,-1.996,-0.057,86
6513,1.937,-0.589,0.000,-2.422,-1.999,-0.116,86
6514,1.941,-0.589,0.000,-2.497,-2.007,-0.058,86
6515,1.944,-0.589,0.000,-2.572,-2.011,-0.095,86
6516,1.947,-0.589,0.000,-2.643,-2.015,-0.128,86
6517,1.950,-0.589,0.000,-2.714,-2.023,-0.068,86
6518,1.954,-0.589,0.000,-2.782,-2.026,-0.131,86
6519,1.957,-0.590,0.000,-2.849,-2.034,-0.087,86
6520,1.960,-0.590,0.000,-2.915,-2.039,-0.109,86
6521,1.964,-0.590,0.000,-2.977,-2.045,-0.100,86
6522,1.967,-0.590,0.000,-3.037,-2.051,-0.098,86
6523,1.970,-0.590,0.000,-3.083,-2.055,-0.116,86
6524,1.974,-0.591,0.000,-3.114,-2.061,-0.113,86
6525,1.977,-0.591,0.000,-3.130,-2.067,-0.118,86
6526,1.980,-0.591,0.000,-3.132,-2.073,-0.121,86
6527,1.983,-0.591,0.000,-3.119,-2.079,-0.119,86
6528,1.987,-0.591,0.000,-3.092,-2.085,-0.117,86
6529,1.990,-0.591,0.000,-3.052,-2.091,-0.114,86
6530,1.993,-0.592,0.000,-3.002,-2.098,-0.106,86
6531,1.997,-0.592,0.000,-2.941,-2.105,-0.099,86
6532,2.000,-0.592,0.000,-2.868,-2.111,-0.109,86
6533,2.003,-0.592,0.000,-2.785,-2.118,-0.103,86
6534,2.006,-0.592,0.000,-2.691,-2.125,-0.106,86
6535,2.010,-0.592,0.000,-2.588,-2.132,-0.104,86
6536,2.013,-0.592,0.000,-2.476,-2.139,-0.098,86
6537,2.016,-0.593,0.000,-2.355,-2.146,-0.093,86
6538,2.020,-0.593,0.000,-2.227,-2.154,-0.089,86
6539,2.023,-0.593,0.000,-2.094,-2.162,-0.065,86
6540,2.026,-0.593,0.000,-1.962,-2.169,-0.066,86
6541,2.030,-0.593,0.000,-1.826,-2.176,-0.067,86
6542,2.033,-0.593,0.000,-1.686,-2.183,-0.079,86
6543,2.036,-0.593,0.000,-1.538,-2.191,-0.064,86
6544,2.040,-0.593,0.000,-1.385,-2.199,-0.054,86
6545,2.043,-0.593,0.000,-1.228,-2.206,-0.053,86
6546,2.046,-0.593,0.000,-1.069,-2.206,-0.049,86
6547,2.050,-0.594,0.000,-0.908,-2.201,-0.038,86
6548,2.053,-0.594,0.000,-0.745,-2.197,-0.033,86
6549,2.056,-0.594,0.000,-0.581,-2.192,-0.029,86
6550,2.059,-0.594,0.000,-0.415,-2.188,-0.022,86
6551,2.063,-0.594,0.000,-0.249,-2.184,-0.015,86
6552,2.066,-0.594,0.000,-0.083,-2.180,-0.008,86
6553,2.069,-0.594,0.000,0.082,-2.177,0.014,86
6554,2.073,-0.594,0.000,0.241,-2.174,-0.011,86
6555,2.076,-0.594,0.000,0.393,-2.170,0.021,86
6556,2.079,-0.594,0.000,0.544,-2.167,0.019,86
6557,2.082,-0.594,0.000,0.693,-2.163,0.031,86
6558,2.086,-0.594,0.000,0.840,-2.160,0.046,86
6559,2.089,-0.593,0.000,0.987,-2.157,0.015,86
6560,2.092,-0.593,0.000,1.131,-2.154,0.056,86
6561,2.095,-0.593,0.000,1.274,-2.151,0.028,86
6562,2.099,-0.593,0.000,1.416,-2.147,0.081,86
6563,2.102,-0.593,0.000,1.556,-2.146,0.025,86
6564,2.105,-0.593,0.000,1.698,-2.142,0.077,86
6565,2.108,-0.593,0.000,1.842,-2.140,0.049,86
6566,2.112,-0.593,0.000,1.984,-2.137,0.082,86
6567,2.115,-0.593,0.000,2.124,-2.135,0.060,86
6568,2.118,-0.593,0.000,2.250,-2.131,0.084,86
6569,2.121,-0.592,0.000,2.363,-2.128,0.089,86
6570,2.124,-0.592,0.000,2.462,-2.126,0.084,86
6571,2.128,-0.592,0.000,2.553,-2.124,0.086,86
6572,2.131,-0.592,0.000,2.640,-2.121,0.113,86
6573,2.134,-0.592,0.000,2.738,-2.120,0.082,86
6574,2.137,-0.592,0.000,2.835,-2.117,0.103,86
6575,2.140,-0.592,0.000,2.931,-2.116,0.110,86
6576,2.144,-0.591,0.000,3.032,-2.114,0.105,86
6577,2.147,-0.591,0.000,3.124,-2.111,0.124,86
6578,2.150,-0.591,0.000,3.214,-2.111,0.108,86
6579,2.153,-0.591,0.000,3.305,-2.109,0.109,86
6580,2.157,-0.591,0.000,3.397,-2.107,0.125,86
6581,2.160,-0.590,0.000,3.482,-2.105,0.126,86
6582,2.163,-0.590,0.000,3.553,-2.104,0.123,86
6583,2.166,-0.590,0.000,3.609,-2.103,0.127,86
6584,2.170,-0.590,0.000,3.656,-2.101,0.139,86
6585,2.173,-0.590,0.000,3.693,-2.101,0.132,86
6586,2.176,-0.589,0.000,3.734,-2.101,0.124,86
6587,2.179,-0.589,0.000,3.762,-2.100,0.132,86
6588,2.182,-0.589,0.000,3.776,-2.099,0.136,86
6589,2.186,-0.589,0.000,3.775,-2.098,0.153,86
6590,2.189,-0.588,0.000,3.768,-2.099,0.143,86
6591,2.192,-0.588,0.000,3.749,-2.099,0.139,86
6592,2.195,-0.588,0.000,3.718,-2.099,0.141,86
6593,2.199,-0.588,0.000,3.679,-2.100,0.133,86
6594,2.202,-0.588,0.000,3.629,-2.100,0.142,86
6595,2.205,-0.587,0.000,3.578,-2.102,0.122,86
6596,2.208,-0.587,0.000,3.524,-2.101,0.136,86
6597,2.212,-0.587,0.000,3.463,-2.101,0.140,86
6598,2.215,-0.587,0.000,3.390,-2.104,0.111,86
6599,2.218,-0.587,0.000,3.308,-2.104,0.116,86
6600,2.221,-0.586,0.000,3.215,-2.105,0.118,86
6601,2.224,-0.586,0.000,3.114,-2.106,0.102,86
6602,2.228,-0.586,0.000,3.010,-2.106,0.130,86
6603,2.231,-0.586,0.000,2.906,-2.108,0.092,86
6604,2.234,-0.586,0.000,2.802,-2.110,0.098,86
6605,2.237,-0.586,0.000,2.697,-2.110,0.096,86
6606,2.241,-0.586,0.000,2.592,-2.112,0.093,86
6607,2.244,-0.585,0.000,2.484,-2.113,0.088,86
6608,2.247,-0.585,0.000,2.377,-2.115,0.085,86
6609,2.250,-0.585,0.000,2.269,-2.117,0.085,86
6610,2.254,-0.585,0.000,2.154,-2.118,0.084,86
6611,2.257,-0.585,0.000,2.035,-2.121,0.073,86
6612,2.260,-0.585,0.000,1.917,-2.123,0.059,86
6613,2.263,-0.585,0.000,1.793,-2.125,0.059,86
6614,2.267,-0.585,0.000,1.663,-2.127,0.059,86
6615,2.270,-0.584,0.000,1.528,-2.128,0.071,86
6616,2.273,-0.584,0.000,1.393,-2.131,0.052,86
6617,2.276,-0.584,0.000,1.255,-2.133,0.048,86
6618,2.280,-0.584,0.000,1.114,-2.136,0.048,86
6619,2.283,-0.584,0.000,0.969,-2.138,0.043,86
6620,2.286,-0.584,0.000,0.823,-2.142,0.019,86
6621,2.290,-0.584,0.000,0.680,-2.144,0.023,86
6622,2.293,-0.584,0.000,0.538,-2.147,0.022,86
6623,2.296,-0.584,0.000,0.393,-2.149,0.023,86
6624,2.299,-0.584,0.000,0.247,-2.152,0.016,86
6625,2.303,-0.584,0.000,0.100,-2.155,0.007,86
6626,2.306,-0.584,0.000,-0.047,-2.158,-0.005,86
6627,2.309,-0.584,0.000,-0.193,-2.161,-0.016,86
6628,2.312,-0.584,0.000,-0.339,-2.164,-0.020,86
6629,2.316,-0.584,0.000,-0.484,-2.167,-0.022,86
6630,2.319,-0.584,0.000,-0.628,-2.170,-0.028,86
6631,2.322,-0.584,0.000,-0.770,-2.173,-0.035,86
6632,2.325,-0.584,0.000,-0.911,-2.177,-0.040,86
6633,2.329,-0.584,0.000,-1.049,-2.181,-0.027,86
6634,2.332,-0.584,0.000,-1.186,-2.184,-0.061,86
6635,2.335,-0.584,0.000,-1.318,-2.188,-0.058,86
6636,2.339,-0.584,0.000,-1.448,-2.192,-0.054,86
6637,2.342,-0.585,0.000,-1.573,-2.196,-0.064,86
6638,2.345,-0.585,0.000,-1.694,-2.199,-0.070,86
6639,2.348,-0.585,0.000,-1.814,-2.203,-0.068,86
6640,2.352,-0.585,0.000,-1.931,-2.206,-0.090,86
6641,2.355,-0.585,0.000,-2.044,-2.211,-0.084,86
6642,2.358,-0.585,0.000,-2.152,-2.215,-0.084,86
6643,2.362,-0.585,0.000,-2.253,-2.218,-0.093,86
6644,2.365,-0.585,0.000,-2.348,-2.222,-0.099,86
6645,2.368,-0.585,0.000,-2.436,-2.223,-0.099,86
6646,2.371,-0.586,0.000,-2.517,-2.218,-0.100,86
6647,2.375,-0.586,0.000,-2.593,-2.197,-0.098,86
6648,2.378,-0.586,0.000,-2.664,-2.171,-0.097,86
6649,2.381,-0.586,0.000,-2.732,-2.145,-0.101,86
6650,2.384,-0.586,0.000,-2.799,-2.118,-0.098,86
6651,2.387,-0.586,0.000,-2.849,-2.092,-0.105,86
6652,2.391,-0.587,0.000,-2.891,-2.066,-0.109,86
6653,2.394,-0.587,0.000,-2.928,-2.042,-0.102,86
6654,2.397,-0.587,0.000,-2.960,-2.017,-0.096,86
6655,2.400,-0.587,0.000,-2.984,-1.992,-0.102,86
6656,2.404,-0.587,0.000,-2.998,-1.967,-0.099,86
6657,2.407,-0.587,0.000,-3.005,-1.942,-0.105,86
6658,2.410,-0.588,0.000,-2.998,-1.919,-0.109,86
6659,2.413,-0.588,0.000,-2.983,-1.895,-0.105,86
6660,2.416,-0.588,0.000,-2.959,-1.873,-0.101,86
6661,2.419,-0.588,0.000,-2.927,-1.850,-0.100,86
6662,2.422,-0.588,0.000,-2.888,-1.828,-0.098,86
6663,2.426,-0.588,0.000,-2.842,-1.807,-0.081,86
6664,2.429,-0.589,0.000,-2.792,-1.784,-0.096,86
6665,2.432,-0.589,0.000,-2.734,-1.763,-0.091,86
6666,2.435,-0.589,0.000,-2.670,-1.742,-0.085,86
6667,2.438,-0.589,0.000,-2.599,-1.721,-0.083,86
6668,2.441,-0.589,0.000,-2.523,-1.701,-0.074,86
6669,2.445,-0.589,0.000,-2.444,-1.680,-0.085,86
6670,2.448,-0.589,0.000,-2.362,-1.661,-0.078,86
6671,2.451,-0.589,0.000,-2.274,-1.641,-0.068,86
6672,2.454,-0.590,0.000,-2.182,-1.621,-0.065,86
6673,2.457,-0.590,0.000,-2.085,-1.602,-0.065,86
6674,2.460,-0.590,0.000,-1.984,-1.583,-0.061,86
6675,2.464,-0.590,0.000,-1.879,-1.564,-0.056,86
6676,2.467,-0.590,0.000,-1.771,-1.546,-0.053,86
6677,2.470,-0.590,0.000,-1.661,-1.528,-0.050,86
6678,2.473,-0.590,0.000,-1.547,-1.511,-0.028,86
6679,2.476,-0.590,0.000,-1.434,-1.492,-0.050,86
6680,2.479,-0.590,0.000,-1.321,-1.475,-0.043,86
6681,2.482,-0.590,0.000,-1.206,-1.458,-0.013,86
6682,2.486,-0.590,0.000,-1.092,-1.441,-0.025,86
6683,2.489,-0.591,0.000,-0.974,-1.423,-0.039,86
6684,2.492,-0.591,0.000,-0.844,-1.406,-0.014,86
6685,2.495,-0.591,0.000,-0.714,-1.389,-0.028,86
6686,2.498,-0.591,0.000,-0.577,-1.373,-0.007,86
6687,2.501,-0.591,0.000,-0.442,-1.357,-0.007,86
6688,2.505,-0.591,0.000,-0.309,-1.341,-0.020,86
6689,2.508,-0.591,0.000,-0.172,-1.325,-0.013,86
6690,2.511,-0.591,0.000,-0.037,-1.310,-0.003,86
6691,2.514,-0.591,0.000,0.094,-1.294,-0.002,86
6692,2.517,-0.591,0.000,0.223,-1.279,-0.002,86
6693,2.520,-0.591,0.000,0.348,-1.264,0.019,86
6694,2.524,-0.591,0.000,0.469,-1.249,0.006,86
6695,2.527,-0.591,0.000,0.590,-1.234,0.018,86
6696,2.530,-0.591,0.000,0.712,-1.220,0.012,86
6697,2.533,-0.591,0.000,0.830,-1.206,0.013,86
6698,2.536,-0.590,0.000,0.942,-1.192,0.014,86
6699,2.540,-0.590,0.000,1.050,-1.178,0.016,86
6700,2.543,-0.590,0.000,1.153,-1.164,0.032,86
6701,2.546,-0.590,0.000,1.252,-1.152,0.013,86
6702,2.549,-0.590,0.000,1.351,-1.138,0.016,86
6703,2.552,-0.590,0.000,1.446,-1.124,0.048,86
6704,2.555,-0.590,0.000,1.539,-1.112,0.009,86
6705,2.559,-0.590,0.000,1.630,-1.099,0.035,86
6706,2.562,-0.590,0.000,1.720,-1.087,0.017,86
6707,2.565,-0.590,0.000,1.807,-1.074,0.051,86
6708,2.568,-0.590,0.000,1.894,-1.062,0.033,86
6709,2.571,-0.590,0.000,1.978,-1.051,0.012,86
6710,2.574,-0.589,0.000,2.062,-1.037,0.080,86
6711,2.578,-0.589,0.000,2.145,-1.028,0.003,86
6712,2.581,-0.589,0.000,2.226,-1.015,0.029,86
6713,2.584,-0.589,0.000,2.305,-1.001,0.092,86
6714,2.587,-0.589,0.000,2.382,-0.993,0.012,86
6715,2.590,-0.589,0.000,2.458,-0.981,0.049,86
6716,2.593,-0.589,0.000,2.534,-0.971,0.031,86
6717,2.597,-0.589,0.000,2.608,-0.960,0.044,86
6718,2.600,-0.588,0.000,2.683,-0.950,0.030,86
6719,2.603,-0.588,0.000,2.756,-0.938,0.065,86
6720,2.606,-0.588,0.000,2.828,-0.929,0.031,86
6721,2.610,-0.588,0.000,2.899,-0.919,0.036,86
6722,2.613,-0.588,0.000,2.971,-0.908,0.051,86
6723,2.616,-0.588,0.000,3.040,-0.899,0.035,86
6724,2.619,-0.587,0.000,3.105,-0.887,0.070,86
6725,2.622,-0.587,0.000,3.166,-0.880,0.033,86
6726,2.625,-0.587,0.000,3.220,-0.868,0.072,86
6727,2.629,-0.587,0.000,3.267,-0.861,0.043,86
6728,2.632,-0.587,0.000,3.310,-0.851,0.048,86
6729,2.635,-0.587,0.000,3.351,-0.843,0.045,86
6730,2.638,-0.586,0.000,3.391,-0.834,0.034,86
6731,2.641,-0.586,0.000,3.433,-0.824,0.054,86
6732,2.645,-0.586,0.000,3.474,-0.816,0.045,86
6733,2.648,-0.586,0.000,3.511,-0.808,0.039,86
6734,2.651,-0.586,0.000,3.529,-0.799,0.043,86
6735,2.654,-0.585,0.000,3.528,-0.791,0.045,86
6736,2.658,-0.585,0.000,3.507,-0.783,0.044,86
6737,2.661,-0.585,0.000,3.477,-0.774,0.045,86
6738,2.664,-0.585,0.000,3.453,-0.765,0.046,86
6739,2.667,-0.585,0.000,3.409,-0.757,0.030,86
6740,2.670,-0.584,0.000,3.359,-0.749,0.038,86
6741,2.673,-0.584,0.000,3.301,-0.740,0.060,86
6742,2.676,-0.584,0.000,3.242,-0.734,0.035,86
6743,2.680,-0.584,0.000,3.178,-0.725,0.048,86
6744,2.683,-0.584,0.000,3.101,-0.719,0.033,86
6745,2.686,-0.583,0.000,3.010,-0.711,0.042,86
6746,2.689,-0.583,0.000,2.915,-0.706,0.032,86
6747,2.693,-0.583,0.000,2.826,-0.698,0.020,86
6748,2.696,-0.583,0.000,2.726,-0.691,0.029,86
6749,2.699,-0.583,0.000,2.620,-0.684,0.031,86
6750,2.702,-0.583,0.000,2.502,-0.677,0.024,86
6751,2.705,-0.582,0.000,2.373,-0.671,0.020,86
6752,2.709,-0.582,0.000,2.234,-0.665,0.021,86
6753,2.712,-0.582,0.000,2.087,-0.659,0.019,86
6754,2.715,-0.582,0.000,1.932,-0.653,0.017,86
6755,2.718,-0.582,0.000,1.770,-0.647,0.017,86
6756,2.722,-0.582,0.000,1.604,-0.642,0.019,86
6757,2.725,-0.582,0.000,1.433,-0.636,0.025,86
6758,2.728,-0.582,0.000,1.257,-0.631,0.018,86
6759,2.732,-0.582,0.000,1.080,-0.626,0.009,86
6760,2.735,-0.582,0.000,0.903,-0.620,-0.001,86
6761,2.738,-0.582,0.000,0.724,-0.615,0.000,86
6762,2.741,-0.582,0.000,0.542,-0.610,0.002,86
6763,2.745,-0.582,0.000,0.359,-0.605,-0.001,86
6764,2.748,-0.581,0.000,0.176,-0.601,-0.004,86
6765,2.751,-0.581,0.000,-0.008,-0.596,-0.006,86
6766,2.754,-0.581,0.000,-0.192,-0.592,-0.007,86
6767,2.758,-0.582,0.000,-0.375,-0.588,0.002,86
6768,2.761,-0.582,0.000,-0.558,-0.584,0.003,86
6769,2.764,-0.582,0.000,-0.740,-0.579,-0.017,86
6770,2.767,-0.582,0.000,-0.920,-0.576,0.003,86
6771,2.771,-0.582,0.000,-1.097,-0.572,-0.002,86
6772,2.774,-0.582,0.000,-1.273,-0.568,-0.031,86
6773,2.777,-0.582,0.000,-1.446,-0.565,0.006,86
6774,2.780,-0.582,0.000,-1.618,-0.561,-0.021,86
6775,2.784,-0.582,0.000,-1.787,-0.558,-0.001,86
6776,2.787,-0.582,0.000,-1.952,-0.554,-0.024,86
6777,2.790,-0.582,0.000,-2.107,-0.550,-0.025,86
6778,2.794,-0.582,0.000,-2.255,-0.546,-0.027,86
6779,2.797,-0.582,0.000,-2.396,-0.543,-0.028,86
6780,2.800,-0.583,0.000,-2.529,-0.540,-0.029,86
6781,2.803,-0.583,0.000,-2.654,-0.537,-0.030,86
6782,2.807,-0.583,0.000,-2.771,-0.534,-0.031,86
6783,2.810,-0.583,0.000,-2.879,-0.532,-0.032,86
6784,2.813,-0.583,0.000,-2.978,-0.529,-0.033,86
6785,2.816,-0.583,0.000,-3.069,-0.527,-0.014,86
6786,2.819,-0.584,0.000,-3.134,-0.524,-0.022,86
6787,2.823,-0.584,0.000,-3.187,-0.521,-0.041,86
6788,2.826,-0.584,0.000,-3.230,-0.520,-0.027,86
6789,2.829,-0.584,0.000,-3.264,-0.517,-0.032,86
6790,2.833,-0.584,0.000,-3.289,-0.515,-0.038,86
6791,2.836,-0.584,0.000,-3.306,-0.513,-0.036,86
6792,2.839,-0.585,0.000,-3.315,-0.512,-0.034,86
6793,2.842,-0.585,0.000,-3.317,-0.510,-0.034,86
6794,2.846,-0.585,0.000,-3.310,-0.509,-0.035,86
6795,2.849,-0.585,0.000,-3.296,-0.508,-0.035,86
6796,2.852,-0.585,0.000,-3.276,-0.508,-0.016,86
6797,2.856,-0.586,0.000,-3.250,-0.506,-0.027,86
6798,2.859,-0.586,0.000,-3.219,-0.505,-0.027,86
6799,2.862,-0.586,0.000,-3.182,-0.504,-0.025,86
6800,2.866,-0.586,0.000,-3.144,-0.503,-0.030,86
6801,2.869,-0.586,0.000,-3.110,-0.503,-0.015,86
6802,2.872,-0.586,0.000,-3.082,-0.501,-0.036,86
6803,2.876,-0.587,0.000,-3.051,-0.501,-0.035,86
6804,2.879,-0.587,0.000,-3.017,-0.501,-0.018,86
6805,2.882,-0.587,0.000,-2.981,-0.499,-0.041,86
6806,2.885,-0.587,0.000,-2.941,-0.499,-0.031,86
6807,2.889,-0.587,0.000,-2.896,-0.499,-0.022,86
6808,2.892,-0.588,0.000,-2.842,-0.498,-0.036,86
6809,2.895,-0.588,0.000,-2.782,-0.498,-0.035,86
6810,2.899,-0.588,0.000,-2.716,-0.497,-0.027,86
6811,2.902,-0.588,0.000,-2.646,-0.497,-0.026,86
6812,2.905,-0.588,0.000,-2.571,-0.497,-0.028,86
6813,2.909,-0.588,0.000,-2.492,-0.497,-0.028,86
6814,2.912,-0.588,0.000,-2.409,-0.497,-0.023,86
6815,2.915,-0.589,0.000,-2.324,-0.497,-0.019,86
6816,2.919,-0.589,0.000,-2.241,-0.497,-0.011,86
6817,2.922,-0.589,0.000,-2.154,-0.498,-0.011,86
6818,2.925,-0.589,0.000,-2.065,-0.498,-0.014,86
6819,2.928,-0.589,0.000,-1.973,-0.498,-0.013,86
6820,2.932,-0.589,0.000,-1.878,-0.499,-0.012,86
6821,2.935,-0.589,0.000,-1.782,-0.499,-0.018,86
6822,2.938,-0.589,0.000,-1.682,-0.499,-0.024,86
6823,2.942,-0.589,0.000,-1.581,-0.500,-0.021,86
6824,2.945,-0.590,0.000,-1.480,-0.501,-0.017,86
6825,2.948,-0.590,0.000,-1.377,-0.502,-0.016,86
6826,2.952,-0.590,0.000,-1.275,-0.503,-0.017,86
6827,2.955,-0.590,0.000,-1.173,-0.504,-0.016,86
6828,2.958,-0.590,0.000,-1.071,-0.506,0.003,86
6829,2.962,-0.590,0.000,-0.977,-0.508,0.002,86
6830,2.965,-0.590,0.000,-0.884,-0.509,-0.005,86
6831,2.968,-0.590,0.000,-0.791,-0.510,-0.018,86
6832,2.971,-0.590,0.000,-0.698,-0.512,0.007,86
6833,2.975,-0.590,0.000,-0.606,-0.513,0.003,86
6834,2.978,-0.590,0.000,-0.514,-0.514,-0.006,86
6835,2.981,-0.590,0.000,-0.424,-0.516,-0.001,86
6836,2.985,-0.590,0.000,-0.336,-0.517,0.005,86
6837,2.988,-0.590,0.000,-0.249,-0.519,-0.015,86
6838,2.991,-0.590,0.000,-0.162,-0.521,-0.008,86
6839,2.995,-0.590,0.000,-0.077,-0.522,-0.006,86
6840,2.998,-0.590,0.000,0.006,-0.524,-0.005,86
6841,3.001,-0.590,0.000,0.087,-0.526,-0.005,86
6842,3.005,-0.590,0.000,0.165,-0.528,-0.004,86
6843,3.008,-0.590,0.000,0.241,-0.530,-0.003,86
6844,3.011,-0.590,0.000,0.314,-0.532,-0.002,86
6845,3.014,-0.590,0.000,0.384,-0.534,0.015,86
6846,3.018,-0.590,0.000,0.458,-0.537,0.005,86
6847,3.021,-0.590,0.000,0.532,-0.539,0.007,86
6848,3.024,-0.590,0.000,0.604,-0.541,0.012,86
6849,3.028,-0.590,0.000,0.673,-0.543,0.019,86
6850,3.031,-0.590,0.000,0.739,-0.546,0.012,86
6851,3.034,-0.590,0.000,0.802,-0.548,-0.009,86
6852,3.037,-0.590,0.000,0.865,-0.551,0.012,86
6853,3.041,-0.590,0.000,0.930,-0.553,0.006,86
6854,3.044,-0.590,0.000,0.997,-0.556,-0.000,86
6855,3.047,-0.590,0.000,1.059,-0.558,0.003,86
6856,3.051,-0.590,0.000,1.116,-0.561,0.007,86
6857,3.054,-0.590,0.000,1.169,-0.563,0.025,86
6858,3.057,-0.589,0.000,1.214,-0.566,0.014,86
6859,3.061,-0.589,0.000,1.256,-0.568,0.018,86
6860,3.064,-0.589,0.000,1.295,-0.571,0.011,86
6861,3.067,-0.589,0.000,1.333,-0.573,0.028,86
6862,3.071,-0.589,0.000,1.360,-0.576,0.021,86
6863,3.074,-0.589,0.000,1.383,-0.579,0.015,86
6864,3.077,-0.589,0.000,1.402,-0.581,0.019,86
6865,3.081,-0.589,0.000,1.416,-0.584,0.022,86
6866,3.084,-0.589,0.000,1.426,-0.587,0.020,86
6867,3.087,-0.589,0.000,1.434,-0.590,0.009,86
6868,3.090,-0.589,0.000,1.445,-0.593,0.004,86
6869,3.094,-0.589,0.000,1.453,-0.596,0.009,86
6870,3.097,-0.589,0.000,1.455,-0.599,0.012,86
6871,3.100,-0.588,0.000,1.453,-0.602,0.010,86
6872,3.104,-0.588,0.000,1.446,-0.605,0.009,86
6873,3.107,-0.588,0.000,1.435,-0.608,0.010,86
6874,3.110,-0.588,0.000,1.420,-0.612,0.010,86
6875,3.113,-0.588,0.000,1.401,-0.615,0.010,86
6876,3.117,-0.588,0.000,1.378,-0.619,0.009,86
6877,3.120,-0.588,0.000,1.353,-0.623,0.022,86
6878,3.123,-0.588,0.000,1.323,-0.626,0.026,86
6879,3.127,-0.588,0.000,1.291,-0.630,0.018,86
6880,3.130,-0.588,0.000,1.255,-0.634,0.018,86
6881,3.133,-0.588,0.000,1.218,-0.638,0.018,86
6882,3.137,-0.588,0.000,1.180,-0.642,0.011,86
6883,3.140,-0.588,0.000,1.148,-0.646,0.003,86
6884,3.143,-0.587,0.000,1.113,-0.650,0.005,86
6885,3.147,-0.587,0.000,1.075,-0.654,0.009,86
6886,3.150,-0.587,0.000,1.035,-0.658,0.021,86
6887,3.153,-0.587,0.000,0.993,-0.663,-0.008,86
6888,3.156,-0.587,0.000,0.949,-0.666,0.013,86
6889,3.160,-0.587,0.000,0.903,-0.671,0.010,86
6890,3.163,-0.587,0.000,0.858,-0.675,0.002,86
6891,3.166,-0.587,0.000,0.812,-0.679,0.021,86
6892,3.170,-0.587,0.000,0.763,-0.683,0.015,86
6893,3.173,-0.587,0.000,0.713,-0.688,-0.005,86
6894,3.176,-0.587,0.000,0.661,-0.692,0.010,86
6895,3.179,-0.587,0.000,0.606,-0.696,0.005,86
6896,3.183,-0.587,0.000,0.550,-0.701,-0.002,86
6897,3.186,-0.587,0.000,0.494,-0.705,-0.001,86
6898,3.189,-0.587,0.000,0.437,-0.709,0.020,86
6899,3.193,-0.587,0.000,0.374,-0.714,-0.009,86
6900,3.196,-0.587,0.000,0.313,-0.719,-0.006,86
6901,3.199,-0.587,0.000,0.251,-0.723,0.002,86
6902,3.203,-0.587,0.000,0.190,-0.728,0.000,86
6903,3.206,-0.587,0.000,0.129,-0.732,0.001,86
6904,3.209,-0.587,0.000,0.068,-0.737,-0.006,86
6905,3.212,-0.587,0.000,0.008,-0.741,-0.007,86
6906,3.216,-0.587,0.000,-0.052,-0.746,-0.006,86
6907,3.219,-0.587,0.000,-0.111,-0.751,-0.005,86
6908,3.222,-0.587,0.000,-0.169,-0.756,-0.002,86
6909,3.226,-0.587,0.000,-0.236,-0.761,0.008,86
6910,3.229,-0.587,0.000,-0.301,-0.766,-0.018,86
6911,3.232,-0.587,0.000,-0.368,-0.771,0.002,86
6912,3.235,-0.587,0.000,-0.438,-0.775,-0.014,86
6913,3.239,-0.587,0.000,-0.518,-0.780,-0.018,86
6914,3.242,-0.587,0.000,-0.595,-0.785,0.005,86
6915,3.245,-0.587,0.000,-0.673,-0.790,-0.004,86
6916,3.249,-0.587,0.000,-0.748,-0.794,-0.008,86
6917,3.252,-0.587,0.000,-0.820,-0.799,-0.018,86
6918,3.255,-0.587,0.000,-0.891,-0.804,-0.010,86
6919,3.259,-0.587,0.000,-0.960,-0.809,-0.020,86
6920,3.262,-0.587,0.000,-1.026,-0.814,-0.024,86
6921,3.265,-0.587,0.000,-1.087,-0.818,-0.021,86
6922,3.268,-0.587,0.000,-1.144,-0.824,-0.020,86
6923,3.272,-0.587,0.000,-1.198,-0.829,-0.017,86
6924,3.275,-0.587,0.000,-1.248,-0.834,-0.025,86
6925,3.278,-0.588,0.000,-1.298,-0.839,-0.016,86
6926,3.282,-0.588,0.000,-1.346,-0.844,-0.032,86
6927,3.285,-0.588,0.000,-1.387,-0.849,-0.031,86
6928,3.288,-0.588,0.000,-1.423,-0.855,-0.024,86
6929,3.292,-0.588,0.000,-1.455,-0.860,-0.030,86
6930,3.295,-0.588,0.000,-1.485,-0.865,-0.014,86
6931,3.298,-0.588,0.000,-1.508,-0.870,-0.032,86
6932,3.301,-0.588,0.000,-1.531,-0.876,-0.004,86
6933,3.305,-0.588,0.000,-1.553,-0.879,-0.058,86
6934,3.308,-0.588,0.000,-1.575,-0.886,-0.004,86
6935,3.311,-0.588,0.000,-1.597,-0.890,-0.052,86
6936,3.315,-0.588,0.000,-1.615,-0.897,-0.014,86
6937,3.318,-0.589,0.000,-1.630,-0.901,-0.043,86
6938,3.321,-0.589,0.000,-1.638,-0.907,-0.028,86
6939,3.325,-0.589,0.000,-1.643,-0.913,-0.019,86
6940,3.328,-0.589,0.000,-1.645,-0.918,-0.015,86
6941,3.331,-0.589,0.000,-1.642,-0.923,-0.023,86
6942,3.335,-0.589,0.000,-1.636,-0.928,-0.033,86
6943,3.338,-0.589,0.000,-1.624,-0.933,-0.037,86
6944,3.341,-0.589,0.000,-1.607,-0.938,-0.032,86
6945,3.344,-0.589,0.000,-1.586,-0.944,-0.029,86
6946,3.348,-0.589,0.000,-1.562,-0.949,-0.024,86
6947,3.351,-0.589,0.000,-1.534,-0.955,-0.017,86
6948,3.354,-0.590,0.000,-1.503,-0.960,-0.036,86
6949,3.358,-0.590,0.000,-1.467,-0.965,-0.036,86
6950,3.361,-0.590,0.000,-1.427,-0.971,-0.028,86
6951,3.364,-0.590,0.000,-1.385,-0.976,-0.027,86
6952,3.367,-0.590,0.000,-1.340,-0.982,-0.029,86
6953,3.371,-0.590,0.000,-1.292,-0.987,-0.029,86
6954,3.374,-0.590,0.000,-1.241,-0.993,-0.027,86
6955,3.377,-0.590,0.000,-1.189,-0.999,-0.014,86
6956,3.381,-0.590,0.000,-1.141,-1.005,-0.027,86
6957,3.384,-0.590,0.000,-1.091,-1.011,-0.020,86
6958,3.387,-0.590,0.000,-1.038,-1.016,-0.023,86
6959,3.391,-0.590,0.000,-0.984,-1.022,-0.025,86
6960,3.394,-0.590,0.000,-0.928,-1.028,-0.006,86
6961,3.397,-0.590,0.000,-0.878,-1.035,-0.004,86
6962,3.401,-0.590,0.000,-0.826,-1.041,-0.011,86
6963,3.404,-0.591,0.000,-0.772,-1.046,-0.025,86
6964,3.407,-0.591,0.000,-0.716,-1.053,-0.014,86
6965,3.411,-0.591,0.000,-0.657,-1.059,-0.014,86
6966,3.414,-0.591,0.000,-0.596,-1.065,-0.018,86
6967,3.417,-0.591,0.000,-0.535,-1.071,-0.017,86
6968,3.420,-0.591,0.000,-0.474,-1.077,-0.012,86
6969,3.424,-0.591,0.000,-0.412,-1.083,-0.003,86
6970,3.427,-0.591,0.000,-0.351,-1.090,0.001,86
6971,3.430,-0.591,0.000,-0.289,-1.096,-0.006,86
6972,3.434,-0.591,0.000,-0.225,-1.102,-0.004,86
6973,3.437,-0.591,0.000,-0.157,-1.109,-0.009,86
6974,3.440,-0.591,0.000,-0.090,-1.115,-0.010,86
6975,3.444,-0.591,0.000,-0.023,-1.122,-0.006,86
6976,3.447,-0.591,0.000,0.042,-1.128,-0.003,86
6977,3.450,-0.591,0.000,0.106,-1.135,0.010,86
6978,3.453,-0.591,0.000,0.166,-1.141,-0.002,86
6979,3.457,-0.591,0.000,0.225,-1.148,0.013,86
6980,3.460,-0.591,0.000,0.289,-1.154,0.005,86
6981,3.463,-0.591,0.000,0.354,-1.160,0.000,86
6982,3.467,-0.591,0.000,0.417,-1.167,0.012,86
6983,3.470,-0.591,0.000,0.480,-1.173,-0.002,86
6984,3.473,-0.591,0.000,0.542,-1.179,0.001,86
6985,3.476,-0.591,0.000,0.602,-1.186,0.015,86
6986,3.480,-0.591,0.000,0.659,-1.192,0.015,86
6987,3.483,-0.591,0.000,0.714,-1.199,0.004,86
6988,3.486,-0.591,0.000,0.766,-1.205,0.008,86
6989,3.490,-0.590,0.000,0.815,-1.212,0.014,86
6990,3.493,-0.590,0.000,0.861,-1.218,0.018,86
6991,3.496,-0.590,0.000,0.905,-1.225,0.019,86
6992,3.499,-0.590,0.000,0.944,-1.232,0.028,86
6993,3.503,-0.590,0.000,0.982,-1.239,0.016,86
6994,3.506,-0.590,0.000,1.018,-1.245,0.033,86
6995,3.509,-0.590,0.000,1.053,-1.252,0.032,86
6996,3.513,-0.590,0.000,1.089,-1.259,0.011,86
6997,3.516,-0.590,0.000,1.127,-1.265,0.031,86
6998,3.519,-0.590,0.000,1.163,-1.272,0.010,86
6999,3.522,-0.590,0.000,1.201,-1.279,0.020,86
7000,3.526,-0.590,0.000,1.237,-1.286,0.027,86
7001,3.529,-0.590,0.000,1.269,-1.293,0.024,86
7002,3.532,-0.590,0.000,1.295,-1.299,0.022,86
7003,3.536,-0.590,0.000,1.318,-1.306,0.024,86
7004,3.539,-0.590,0.000,1.336,-1.313,0.026,86
7005,3.542,-0.589,0.000,1.349,-1.321,0.026,86
7006,3.545,-0.589,0.000,1.359,-1.328,0.026,86
7007,3.549,-0.589,0.000,1.365,-1.335,0.043,86
7008,3.552,-0.589,0.000,1.372,-1.342,0.033,86
7009,3.555,-0.589,0.000,1.381,-1.349,0.037,86
7010,3.559,-0.589,0.000,1.386,-1.357,0.025,86
7011,3.562,-0.589,0.000,1.396,-1.364,0.035,86
7012,3.565,-0.589,0.000,1.406,-1.372,0.032,86
7013,3.569,-0.589,0.000,1.420,-1.379,0.020,86
7014,3.572,-0.589,0.000,1.434,-1.386,0.046,86
7015,3.575,-0.589,0.000,1.444,-1.394,0.040,86
7016,3.578,-0.589,0.000,1.450,-1.402,0.022,86
7017,3.582,-0.588,0.000,1.456,-1.409,0.037,86
7018,3.585,-0.588,0.000,1.461,-1.416,0.034,86
7019,3.588,-0.588,0.000,1.461,-1.424,0.029,86
7020,3.592,-0.588,0.000,1.457,-1.431,0.029,86
7021,3.595,-0.588,0.000,1.447,-1.439,0.032,86
7022,3.598,-0.588,0.000,1.434,-1.447,0.031,86
7023,3.601,-0.588,0.000,1.416,-1.454,0.047,86
7024,3.605,-0.588,0.000,1.395,-1.462,0.035,86
7025,3.608,-0.588,0.000,1.370,-1.470,0.025,86
7026,3.611,-0.588,0.000,1.342,-1.477,0.039,86
7027,3.615,-0.588,0.000,1.311,-1.486,0.022,86
7028,3.618,-0.588,0.000,1.284,-1.493,0.023,86
7029,3.621,-0.588,0.000,1.254,-1.501,0.029,86
7030,3.624,-0.587,0.000,1.220,-1.508,0.029,86
7031,3.628,-0.587,0.000,1.183,-1.516,0.025,86
7032,3.631,-0.587,0.000,1.143,-1.524,0.024,86
7033,3.634,-0.587,0.000,1.100,-1.532,0.024,86
7034,3.638,-0.587,0.000,1.055,-1.540,0.023,86
7035,3.641,-0.587,0.000,1.006,-1.548,0.022,86
7036,3.644,-0.587,0.000,0.956,-1.557,0.020,86
7037,3.647,-0.587,0.000,0.903,-1.565,0.019,86
7038,3.651,-0.587,0.000,0.849,-1.573,0.018,86
7039,3.654,-0.587,0.000,0.793,-1.582,0.016,86
7040,3.657,-0.587,0.000,0.735,-1.590,0.015,86
7041,3.660,-0.587,0.000,0.676,-1.599,0.013,86
7042,3.664,-0.587,0.000,0.616,-1.608,0.012,86
7043,3.667,-0.587,0.000,0.555,-1.617,0.010,86
7044,3.670,-0.587,0.000,0.493,-1.626,0.009,86
7045,3.673,-0.587,0.000,0.431,-1.635,0.007,86
7046,3.677,-0.587,0.000,0.368,-1.643,0.024,86
7047,3.680,-0.587,0.000,0.306,-1.653,-0.010,86
7048,3.683,-0.587,0.000,0.244,-1.662,0.004,86
7049,3.687,-0.587,0.000,0.183,-1.671,0.007,86
7050,3.690,-0.587,0.000,0.123,-1.680,-0.003,86
7051,3.693,-0.587,0.000,0.064,-1.689,-0.007,86
7052,3.696,-0.587,0.000,0.005,-1.698,-0.005,86
7053,3.700,-0.587,0.000,-0.054,-1.708,-0.006,86
7054,3.703,-0.587,0.000,-0.111,-1.717,-0.009,86
7055,3.706,-0.587,0.000,-0.168,-1.726,-0.017,86
7056,3.710,-0.587,0.000,-0.222,-1.736,-0.009,86
7057,3.713,-0.587,0.000,-0.273,-1.745,-0.010,86
7058,3.716,-0.587,0.000,-0.323,-1.754,-0.016,86
7059,3.719,-0.587,0.000,-0.372,-1.764,-0.018,86
7060,3.723,-0.587,0.000,-0.419,-1.773,-0.018,86
7061,3.726,-0.587,0.000,-0.465,-1.783,-0.019,86
7062,3.729,-0.587,0.000,-0.509,-1.792,-0.021,86
7063,3.732,-0.587,0.000,-0.551,-1.802,-0.023,86
7064,3.736,-0.587,0.000,-0.591,-1.812,-0.024,86
7065,3.739,-0.587,0.000,-0.630,-1.822,-0.025,86
7066,3.742,-0.587,0.000,-0.666,-1.832,-0.027,86
7067,3.746,-0.587,0.000,-0.701,-1.842,-0.028,86
7068,3.749,-0.587,0.000,-0.734,-1.852,-0.029,86
7069,3.752,-0.587,0.000,-0.765,-1.862,-0.030,86
7070,3.755,-0.587,0.000,-0.794,-1.872,-0.031,86
7071,3.759,-0.587,0.000,-0.821,-1.883,-0.032,86
7072,3.762,-0.587,0.000,-0.847,-1.893,-0.033,86
7073,3.765,-0.587,0.000,-0.870,-1.904,-0.034,86
7074,3.769,-0.587,0.000,-0.891,-1.914,-0.035,86
7075,3.772,-0.587,0.000,-0.910,-1.925,-0.033,86
7076,3.775,-0.587,0.000,-0.928,-1.936,-0.035,86
7077,3.779,-0.587,0.000,-0.945,-1.947,-0.030,86
7078,3.782,-0.587,0.000,-0.960,-1.957,-0.047,86
7079,3.785,-0.588,0.000,-0.984,-1.967,-0.042,86
7080,3.788,-0.588,0.000,-1.005,-1.978,-0.037,86
7081,3.792,-0.588,0.000,-1.024,-1.989,-0.040,86
7082,3.795,-0.588,0.000,-1.040,-1.999,-0.043,86
7083,3.798,-0.588,0.000,-1.053,-2.010,-0.043,86
7084,3.802,-0.588,0.000,-1.064,-2.021,-0.042,86
7085,3.805,-0.588,0.000,-1.072,-2.032,-0.023,86
7086,3.808,-0.588,0.000,-1.080,-2.043,-0.060,86
7087,3.812,-0.588,0.000,-1.089,-2.054,-0.037,86
7088,3.815,-0.588,0.000,-1.096,-2.065,-0.040,86
7089,3.818,-0.588,0.000,-1.097,-2.076,-0.052,86
7090,3.822,-0.588,0.000,-1.096,-2.087,-0.049,86
7091,3.825,-0.588,0.000,-1.093,-2.098,-0.043,86
7092,3.828,-0.588,0.000,-1.087,-2.109,-0.043,86
7093,3.831,-0.588,0.000,-1.079,-2.120,-0.046,86
7094,3.835,-0.588,0.000,-1.069,-2.131,-0.046,86
7095,3.838,-0.589,0.000,-1.057,-2.142,-0.045,86
7096,3.841,-0.589,0.000,-1.043,-2.153,-0.044,86
7097,3.845,-0.589,0.000,-1.027,-2.165,-0.044,86
7098,3.848,-0.589,0.000,-1.009,-2.176,-0.044,86
7099,3.851,-0.589,0.000,-0.990,-2.187,-0.043,86
7100,3.855,-0.589,0.000,-0.969,-2.199,-0.023,86
7101,3.858,-0.589,0.000,-0.946,-2.210,-0.058,86
7102,3.861,-0.589,0.000,-0.922,-2.222,-0.032,86
7103,3.865,-0.589,0.000,-0.898,-2.231,-0.036,86
7104,3.868,-0.589,0.000,-0.871,-2.216,-0.048,86
7105,3.871,-0.589,0.000,-0.842,-2.198,-0.038,86
7106,3.875,-0.589,0.000,-0.811,-2.179,-0.032,86
7107,3.878,-0.589,0.000,-0.780,-2.161,-0.027,86
7108,3.881,-0.589,0.000,-0.748,-2.143,-0.040,86
7109,3.884,-0.589,0.000,-0.717,-2.126,-0.022,86
7110,3.888,-0.589,0.000,-0.686,-2.108,-0.043,86
7111,3.891,-0.589,0.000,-0.656,-2.090,-0.026,86
7112,3.894,-0.589,0.000,-0.625,-2.073,-0.022,86
7113,3.897,-0.589,0.000,-0.594,-2.056,-0.027,86
7114,3.901,-0.589,0.000,-0.563,-2.039,-0.028,86
7115,3.904,-0.589,0.000,-0.530,-2.022,-0.024,86
7116,3.907,-0.589,0.000,-0.497,-2.006,-0.022,86
7117,3.910,-0.589,0.000,-0.463,-1.989,-0.021,86
7118,3.913,-0.590,0.000,-0.429,-1.974,-0.021,86
7119,3.917,-0.590,0.000,-0.394,-1.958,-0.019,86
7120,3.920,-0.590,0.000,-0.360,-1.942,-0.017,86
7121,3.923,-0.590,0.000,-0.325,-1.927,-0.016,86
7122,3.926,-0.590,0.000,-0.290,-1.912,-0.015,86
7123,3.929,-0.590,0.000,-0.254,-1.898,-0.008,86
7124,3.933,-0.590,0.000,-0.220,-1.883,-0.023,86
7125,3.936,-0.590,0.000,-0.185,-1.869,-0.001,86
7126,3.939,-0.590,0.000,-0.150,-1.855,-0.009,86
7127,3.942,-0.590,0.000,-0.113,-1.841,-0.014,86
7128,3.945,-0.590,0.000,-0.077,-1.827,-0.009,86
7129,3.949,-0.590,0.000,-0.041,-1.814,-0.005,86
7130,3.952,-0.590,0.000,-0.006,-1.800,-0.005,86
7131,3.955,-0.590,0.000,0.028,-1.787,-0.005,86
7132,3.958,-0.590,0.000,0.062,-1.775,-0.004,86
7133,3.961,-0.590,0.000,0.095,-1.762,-0.002,86
7134,3.964,-0.590,0.000,0.127,-1.750,-0.001,86
7135,3.968,-0.590,0.000,0.158,-1.738,-0.001,86
7136,3.971,-0.590,0.000,0.188,-1.726,0.000,86
7137,3.974,-0.590,0.000,0.218,-1.714,0.009,86
7138,3.977,-0.590,0.000,0.246,-1.703,0.004,86
7139,3.980,-0.590,0.000,0.274,-1.691,0.003,86
7140,3.983,-0.590,0.000,0.302,-1.680,-0.004,86
7141,3.987,-0.590,0.000,0.328,-1.669,0.003,86
7142,3.990,-0.590,0.000,0.353,-1.658,0.008,86
7143,3.993,-0.590,0.000,0.377,-1.648,0.006,86
7144,3.996,-0.589,0.000,0.399,-1.637,0.005,86
7145,3.999,-0.589,0.000,0.420,-1.627,0.006,86
7146,4.002,-0.589,0.000,0.440,-1.617,0.007,86
7147,4.006,-0.589,0.000,0.459,-1.608,0.008,86
7148,4.009,-0.589,0.000,0.476,-1.598,0.008,86
7149,4.012,-0.589,0.000,0.492,-1.589,0.008,86
7150,4.015,-0.589,0.000,0.507,-1.580,0.009,86
7151,4.018,-0.589,0.000,0.521,-1.571,0.009,86
7152,4.022,-0.589,0.000,0.533,-1.563,0.009,86
7153,4.025,-0.589,0.000,0.544,-1.555,0.009,86
7154,4.028,-0.589,0.000,0.553,-1.546,0.007,86
7155,4.031,-0.589,0.000,0.562,-1.538,0.013,86
7156,4.034,-0.589,0.000,0.570,-1.530,0.011,86
7157,4.037,-0.589,0.000,0.576,-1.523,0.009,86
7158,4.041,-0.589,0.000,0.581,-1.515,0.009,86
7159,4.044,-0.589,0.000,0.584,-1.508,0.010,86
7160,4.047,-0.589,0.000,0.587,-1.501,0.010,86
7161,4.050,-0.589,0.000,0.588,-1.494,0.010,86
7162,4.053,-0.589,0.000,0.588,-1.488,0.010,86
7163,4.057,-0.589,0.000,0.586,-1.481,0.010,86
7164,4.060,-0.589,0.000,0.583,-1.475,0.010,86
7165,4.063,-0.589,0.000,0.580,-1.469,0.009,86
7166,4.066,-0.589,0.000,0.574,-1.463,0.009,86
7167,4.069,-0.589,0.000,0.568,-1.458,0.009,86
7168,4.073,-0.589,0.000,0.561,-1.452,0.028,86
7169,4.076,-0.589,0.000,0.545,-1.448,-0.007,86
7170,4.079,-0.589,0.000,0.528,-1.442,0.013,86
7171,4.082,-0.589,0.000,0.512,-1.437,0.014,86
7172,4.086,-0.589,0.000,0.496,-1.432,0.004,86
7173,4.089,-0.589,0.000,0.479,-1.428,0.003,86
7174,4.092,-0.589,0.000,0.462,-1.423,0.007,86
7175,4.095,-0.589,0.000,0.445,-1.419,0.007,86
7176,4.098,-0.589,0.000,0.427,-1.415,0.005,86
7177,4.102,-0.589,0.000,0.409,-1.411,0.004,86
7178,4.105,-0.588,0.000,0.390,-1.407,0.004,86
7179,4.108,-0.588,0.000,0.372,-1.403,0.004,86
7180,4.111,-0.588,0.000,0.353,-1.400,0.003,86
7181,4.114,-0.588,0.000,0.334,-1.396,0.003,86
7182,4.118,-0.588,0.000,0.314,-1.393,0.002,86
7183,4.121,-0.588,0.000,0.295,-1.390,0.002,86
7184,4.124,-0.588,0.000,0.277,-1.387,0.012,86
7185,4.127,-0.588,0.000,0.262,-1.384,0.015,86
7186,4.130,-0.588,0.000,0.248,-1.382,-0.003,86
7187,4.134,-0.588,0.000,0.234,-1.379,-0.007,86
7188,4.137,-0.588,0.000,0.220,-1.376,0.001,86
7189,4.140,-0.588,0.000,0.206,-1.374,0.003,86
7190,4.143,-0.588,0.000,0.192,-1.371,-0.001,86
7191,4.147,-0.588,0.000,0.177,-1.369,-0.003,86
7192,4.150,-0.588,0.000,0.163,-1.367,-0.001,86
7193,4.153,-0.588,0.000,0.149,-1.365,-0.001,86
7194,4.156,-0.588,0.000,0.135,-1.363,-0.002,86
7195,4.160,-0.588,0.000,0.120,-1.361,-0.003,86
7196,4.163,-0.588,0.000,0.106,-1.360,-0.003,86
7197,4.166,-0.588,0.000,0.091,-1.358,-0.003,86
7198,4.169,-0.588,0.000,0.077,-1.357,-0.003,86
7199,4.172,-0.588,0.000,0.063,-1.356,0.007,86
7200,4.176,-0.588,0.000,0.052,-1.355,-0.003,86
7201,4.179,-0.588,0.000,0.034,-1.353,-0.011,86
7202,4.182,-0.588,0.000,0.016,-1.353,-0.006,86
7203,4.185,-0.588,0.000,-0.002,-1.352,-0.003,86
7204,4.189,-0.588,0.000,-0.020,-1.351,-0.005,86
7205,4.192,-0.588,0.000,-0.037,-1.351,-0.007,86
7206,4.195,-0.588,0.000,-0.054,-1.350,-0.007,86
7207,4.198,-0.588,0.000,-0.070,-1.350,-0.007,86
7208,4.202,-0.588,0.000,-0.086,-1.350,-0.007,86
7209,4.205,-0.588,0.000,-0.102,-1.350,-0.008,86
7210,4.208,-0.588,0.000,-0.117,-1.351,-0.008,86
7211,4.211,-0.588,0.000,-0.132,-1.351,-0.008,86
7212,4.215,-0.588,0.000,-0.146,-1.352,-0.009,86
7213,4.218,-0.588,0.000,-0.161,-1.352,-0.009,86
7214,4.221,-0.588,0.000,-0.174,-1.353,-0.009,86
7215,4.225,-0.588,0.000,-0.190,-1.355,-0.004,86
7216,4.228,-0.588,0.000,-0.212,-1.356,-0.007,86
7217,4.231,-0.588,0.000,-0.235,-1.357,-0.021,86
7218,4.234,-0.588,0.000,-0.258,-1.358,-0.008,86
7219,4.238,-0.588,0.000,-0.280,-1.359,0.001,86
7220,4.241,-0.588,0.000,-0.302,-1.360,-0.024,86
7221,4.244,-0.588,0.000,-0.324,-1.361,-0.013,86
7222,4.248,-0.588,0.000,-0.346,-1.363,-0.007,86
7223,4.251,-0.588,0.000,-0.365,-1.364,-0.013,86
7224,4.254,-0.588,0.000,-0.383,-1.365,-0.017,86
7225,4.257,-0.588,0.000,-0.400,-1.366,-0.003,86
7226,4.261,-0.588,0.000,-0.416,-1.368,-0.022,86
7227,4.264,-0.589,0.000,-0.432,-1.369,-0.020,86
7228,4.267,-0.589,0.000,-0.446,-1.371,-0.006,86
7229,4.270,-0.589,0.000,-0.464,-1.372,-0.020,86
7230,4.274,-0.589,0.000,-0.494,-1.373,-0.022,86
7231,4.277,-0.589,0.000,-0.522,-1.374,-0.018,86
7232,4.280,-0.589,0.000,-0.548,-1.376,-0.016,86
7233,4.283,-0.589,0.000,-0.571,-1.378,-0.019,86
7234,4.287,-0.589,0.000,-0.593,-1.380,-0.021,86
7235,4.290,-0.589,0.000,-0.612,-1.382,-0.020,86
7236,4.293,-0.589,0.000,-0.630,-1.384,-0.001,86
7237,4.297,-0.589,0.000,-0.652,-1.387,-0.011,86
7238,4.300,-0.589,0.000,-0.674,-1.389,-0.032,86
7239,4.303,-0.589,0.000,-0.695,-1.391,-0.011,86
7240,4.306,-0.589,0.000,-0.718,-1.392,-0.025,86
7241,4.310,-0.589,0.000,-0.752,-1.395,-0.030,86
7242,4.313,-0.589,0.000,-0.783,-1.397,-0.025,86
7243,4.316,-0.589,0.000,-0.811,-1.399,-0.023,86
7244,4.320,-0.589,0.000,-0.835,-1.402,-0.026,86
7245,4.323,-0.589,0.000,-0.856,-1.405,-0.022,86
7246,4.326,-0.589,0.000,-0.875,-1.407,-0.035,86
7247,4.329,-0.589,0.000,-0.893,-1.410,-0.014,86
7248,4.333,-0.589,0.000,-0.910,-1.413,-0.032,86
7249,4.336,-0.589,0.000,-0.922,-1.416,-0.036,86
7250,4.339,-0.589,0.000,-0.932,-1.419,-0.025,86
7251,4.343,-0.589,0.000,-0.940,-1.422,-0.025,86
7252,4.346,-0.590,0.000,-0.943,-1.425,-0.026,86
7253,4.349,-0.590,0.000,-0.947,-1.428,-0.023,86
7254,4.353,-0.590,0.000,-0.954,-1.431,-0.031,86
7255,4.356,-0.590,0.000,-0.957,-1.434,-0.011,86
7256,4.359,-0.590,0.000,-0.943,-1.436,-0.044,86
7257,4.362,-0.590,0.000,-0.919,-1.440,-0.020,86
7258,4.366,-0.590,0.000,-0.893,-1.443,-0.024,86
7259,4.369,-0.590,0.000,-0.865,-1.446,-0.031,86
7260,4.372,-0.590,0.000,-0.834,-1.449,-0.029,86
7261,4.375,-0.590,0.000,-0.801,-1.453,-0.024,86
7262,4.379,-0.590,0.000,-0.767,-1.456,-0.022,86
7263,4.382,-0.590,0.000,-0.731,-1.460,-0.024,86
7264,4.385,-0.590,0.000,-0.693,-1.464,-0.024,86
7265,4.389,-0.590,0.000,-0.653,-1.468,-0.022,86
7266,4.392,-0.590,0.000,-0.612,-1.472,-0.021,86
7267,4.395,-0.590,0.000,-0.571,-1.476,-0.005,86
7268,4.398,-0.590,0.000,-0.529,-1.480,-0.003,86
7269,4.402,-0.590,0.000,-0.487,-1.484,-0.031,86
7270,4.405,-0.590,0.000,-0.444,-1.488,-0.015,86
7271,4.408,-0.590,0.000,-0.407,-1.492,-0.007,86
7272,4.412,-0.590,0.000,-0.366,-1.495,-0.015,86
7273,4.415,-0.590,0.000,-0.324,-1.499,-0.018,86
7274,4.418,-0.590,0.000,-0.281,-1.503,-0.013,86
7275,4.421,-0.590,0.000,-0.237,-1.507,-0.010,86
7276,4.425,-0.590,0.000,-0.193,-1.512,0.008,86
7277,4.428,-0.590,0.000,-0.154,-1.516,-0.024,86
7278,4.431,-0.590,0.000,-0.118,-1.521,0.002,86
7279,4.435,-0.590,0.000,-0.083,-1.525,-0.006,86
7280,4.438,-0.590,0.000,-0.046,-1.529,-0.012,86
7281,4.441,-0.590,0.000,-0.009,-1.534,-0.007,86
7282,4.445,-0.590,0.000,0.029,-1.538,-0.003,86
7283,4.448,-0.590,0.000,0.068,-1.543,-0.003,86
7284,4.451,-0.590,0.000,0.106,-1.547,-0.003,86
7285,4.455,-0.590,0.000,0.144,-1.553,0.012,86
7286,4.458,-0.590,0.000,0.166,-1.557,0.006,86
7287,4.461,-0.590,0.000,0.190,-1.562,0.006,86
7288,4.464,-0.590,0.000,0.213,-1.567,-0.010,86
7289,4.468,-0.590,0.000,0.236,-1.572,0.010,86
7290,4.471,-0.590,0.000,0.260,-1.577,-0.000,86
7291,4.474,-0.590,0.000,0.283,-1.581,-0.005,86
7292,4.477,-0.590,0.000,0.306,-1.586,0.013,86
7293,4.481,-0.590,0.000,0.328,-1.591,0.006,86
7294,4.484,-0.590,0.000,0.351,-1.596,0.013,86
7295,4.487,-0.590,0.000,0.374,-1.601,-0.003,86
7296,4.491,-0.590,0.000,0.397,-1.606,0.008,86
7297,4.494,-0.590,0.000,0.420,-1.611,0.013,86
7298,4.497,-0.590,0.000,0.442,-1.616,-0.003,86
7299,4.500,-0.590,0.000,0.470,-1.621,0.007,86
7300,4.504,-0.590,0.000,0.499,-1.626,0.014,86
7301,4.507,-0.590,0.000,0.527,-1.631,0.010,86
7302,4.510,-0.590,0.000,0.556,-1.636,0.009,86
7303,4.513,-0.590,0.000,0.583,-1.641,0.011,86
7304,4.517,-0.590,0.000,0.611,-1.647,0.013,86
7305,4.520,-0.590,0.000,0.637,-1.652,0.013,86
7306,4.523,-0.590,0.000,0.664,-1.658,0.013,86
7307,4.527,-0.590,0.000,0.689,-1.663,0.015,86
7308,4.530,-0.590,0.000,0.714,-1.669,0.012,86
7309,4.533,-0.590,0.000,0.738,-1.675,0.042,86
7310,4.536,-0.590,0.000,0.761,-1.681,0.018,86
7311,4.540,-0.590,0.000,0.784,-1.686,0.022,86
7312,4.543,-0.590,0.000,0.805,-1.692,0.018,86
7313,4.546,-0.590,0.000,0.826,-1.698,0.013,86
7314,4.549,-0.590,0.000,0.846,-1.704,0.020,86
7315,4.553,-0.590,0.000,0.864,-1.710,0.027,86
7316,4.556,-0.590,0.000,0.881,-1.715,0.027,86
7317,4.559,-0.589,0.000,0.896,-1.722,0.024,86
7318,4.563,-0.589,0.000,0.913,-1.728,0.030,86
7319,4.566,-0.589,0.000,0.933,-1.734,0.020,86
7320,4.569,-0.589,0.000,0.952,-1.740,0.020,86
7321,4.572,-0.589,0.000,0.968,-1.746,0.025,86
7322,4.576,-0.589,0.000,0.983,-1.752,0.045,86
7323,4.579,-0.589,0.000,1.004,-1.758,0.038,86
7324,4.582,-0.589,0.000,1.024,-1.764,0.015,86
7325,4.585,-0.589,0.000,1.041,-1.770,0.036,86
7326,4.589,-0.589,0.000,1.057,-1.776,0.030,86
7327,4.592,-0.589,0.000,1.075,-1.783,0.025,86
7328,4.595,-0.589,0.000,1.091,-1.789,0.027,86
7329,4.599,-0.589,0.000,1.103,-1.795,0.030,86
7330,4.602,-0.589,0.000,1.112,-1.801,0.030,86
7331,4.605,-0.589,0.000,1.118,-1.808,0.029,86
7332,4.608,-0.589,0.000,1.121,-1.814,0.030,86
7333,4.612,-0.589,0.000,1.121,-1.821,0.030,86
7334,4.615,-0.588,0.000,1.118,-1.828,0.030,86
7335,4.618,-0.588,0.000,1.112,-1.835,0.030,86
7336,4.621,-0.588,0.000,1.103,-1.842,0.030,86
7337,4.625,-0.588,0.000,1.092,-1.849,0.038,86
7338,4.628,-0.588,0.000,1.079,-1.856,0.028,86
7339,4.631,-0.588,0.000,1.067,-1.863,0.036,86
7340,4.635,-0.588,0.000,1.056,-1.870,0.031,86
7341,4.638,-0.588,0.000,1.042,-1.878,0.026,86
7342,4.641,-0.588,0.000,1.025,-1.885,0.028,86
7343,4.645,-0.588,0.000,1.005,-1.892,0.029,86
7344,4.648,-0.588,0.000,0.982,-1.900,0.028,86
7345,4.651,-0.588,0.000,0.957,-1.907,0.026,86
7346,4.654,-0.588,0.000,0.928,-1.915,0.025,86
7347,4.658,-0.588,0.000,0.897,-1.923,0.025,86
7348,4.661,-0.588,0.000,0.863,-1.931,0.024,86
7349,4.664,-0.588,0.000,0.827,-1.939,0.023,86
7350,4.668,-0.588,0.000,0.788,-1.947,0.021,86
7351,4.671,-0.587,0.000,0.747,-1.955,0.020,86
7352,4.674,-0.587,0.000,0.704,-1.964,0.018,86
7353,4.677,-0.587,0.000,0.660,-1.971,0.040,86
7354,4.681,-0.587,0.000,0.619,-1.980,0.018,86
7355,4.684,-0.587,0.000,0.577,-1.988,0.011,86
7356,4.687,-0.587,0.000,0.535,-1.996,0.012,86
7357,4.691,-0.587,0.000,0.490,-2.005,0.013,86
7358,4.694,-0.587,0.000,0.443,-2.013,0.011,86
7359,4.697,-0.587,0.000,0.395,-2.022,0.008,86
7360,4.700,-0.587,0.000,0.345,-2.030,0.011,86
7361,4.704,-0.587,0.000,0.295,-2.039,0.001,86
7362,4.707,-0.587,0.000,0.246,-2.048,0.013,86
7363,4.710,-0.587,0.000,0.197,-2.057,-0.009,86
7364,4.714,-0.587,0.000,0.139,-2.065,-0.001,86
7365,4.717,-0.587,0.000,0.078,-2.074,0.003,86
7366,4.720,-0.587,0.000,0.017,-2.082,-0.004,86
7367,4.724,-0.587,0.000,-0.044,-2.091,-0.003,86
7368,4.727,-0.587,0.000,-0.105,-2.100,-0.004,86
7369,4.730,-0.587,0.000,-0.165,-2.109,0.010,86
7370,4.733,-0.587,0.000,-0.225,-2.118,-0.041,86
7371,4.737,-0.587,0.000,-0.284,-2.127,0.024,86
7372,4.740,-0.587,0.000,-0.343,-2.136,-0.042,86
7373,4.743,-0.587,0.000,-0.401,-2.145,-0.021,86
7374,4.747,-0.587,0.000,-0.459,-2.154,-0.007,86
7375,4.750,-0.587,0.000,-0.516,-2.163,-0.046,86
7376,4.753,-0.587,0.000,-0.573,-2.172,-0.008,86
7377,4.757,-0.587,0.000,-0.630,-2.181,-0.030,86
7378,4.760,-0.587,0.000,-0.686,-2.190,-0.015,86
7379,4.763,-0.587,0.000,-0.738,-2.199,-0.031,86
7380,4.767,-0.587,0.000,-0.788,-2.208,-0.037,86
7381,4.770,-0.588,0.000,-0.836,-2.217,-0.039,86
7382,4.773,-0.588,0.000,-0.883,-2.226,-0.039,86
7383,4.777,-0.588,0.000,-0.927,-2.202,-0.039,86
7384,4.780,-0.588,0.000,-0.971,-2.149,-0.035,86
7385,4.783,-0.588,0.000,-1.016,-2.097,-0.025,86
7386,4.786,-0.588,0.000,-1.058,-2.044,-0.030,86
7387,4.790,-0.588,0.000,-1.098,-1.992,-0.053,86
7388,4.793,-0.588,0.000,-1.141,-1.940,-0.048,86
7389,4.796,-0.588,0.000,-1.181,-1.889,-0.040,86
7390,4.799,-0.588,0.000,-1.218,-1.838,-0.043,86
7391,4.802,-0.588,0.000,-1.252,-1.788,-0.031,86
7392,4.806,-0.588,0.000,-1.282,-1.737,-0.047,86
7393,4.809,-0.588,0.000,-1.309,-1.688,-0.048,86
7394,4.812,-0.588,0.000,-1.332,-1.639,-0.043,86
7395,4.815,-0.588,0.000,-1.352,-1.590,-0.041,86
7396,4.818,-0.588,0.000,-1.368,-1.542,-0.043,86
7397,4.821,-0.589,0.000,-1.381,-1.494,-0.042,86
7398,4.824,-0.589,0.000,-1.390,-1.447,-0.022,86
7399,4.827,-0.589,0.000,-1.399,-1.400,-0.044,86
7400,4.830,-0.589,0.000,-1.407,-1.354,-0.015,86
7401,4.833,-0.589,0.000,-1.422,-1.308,-0.028,86
7402,4.836,-0.589,0.000,-1.437,-1.262,-0.033,86
7403,4.839,-0.589,0.000,-1.447,-1.217,-0.033,86
7404,4.843,-0.589,0.000,-1.452,-1.173,-0.036,86
7405,4.846,-0.589,0.000,-1.452,-1.129,-0.036,86
7406,4.849,-0.589,0.000,-1.448,-1.085,-0.032,86
7407,4.852,-0.589,0.000,-1.440,-1.042,-0.031,86
7408,4.855,-0.589,0.000,-1.427,-1.000,-0.021,86
7409,4.858,-0.589,0.000,-1.416,-0.958,-0.034,86
7410,4.861,-0.590,0.000,-1.404,-0.917,-0.018,86
7411,4.864,-0.590,0.000,-1.388,-0.875,-0.029,86
7412,4.867,-0.590,0.000,-1.364,-0.834,-0.030,86
7413,4.870,-0.590,0.000,-1.336,-0.794,-0.024,86
7414,4.873,-0.590,0.000,-1.305,-0.754,-0.002,86
7415,4.876,-0.590,0.000,-1.274,-0.713,-0.018,86
7416,4.879,-0.590,0.000,-1.243,-0.674,-0.015,86
7417,4.882,-0.590,0.000,-1.208,-0.635,-0.012,86
7418,4.885,-0.590,0.000,-1.167,-0.595,-0.022,86
7419,4.888,-0.590,0.000,-1.123,-0.557,-0.020,86
7420,4.891,-0.590,0.000,-1.076,-0.519,-0.014,86
7421,4.894,-0.590,0.000,-1.026,-0.481,-0.013,86
7422,4.897,-0.590,0.000,-0.974,-0.444,-0.013,86
7423,4.900,-0.590,0.000,-0.920,-0.407,-0.013,86
7424,4.904,-0.590,0.000,-0.864,-0.370,-0.011,86
7425,4.907,-0.590,0.000,-0.806,-0.334,-0.010,86
7426,4.910,-0.590,0.000,-0.746,-0.299,-0.009,86
7427,4.913,-0.590,0.000,-0.684,-0.263,-0.009,86
7428,4.916,-0.591,0.000,-0.621,-0.229,0.002,86
7429,4.919,-0.591,0.000,-0.560,-0.194,-0.003,86
7430,4.922,-0.591,0.000,-0.500,-0.160,0.004,86
7431,4.925,-0.591,0.000,-0.440,-0.126,0.008,86
7432,4.928,-0.591,0.000,-0.378,-0.093,-0.015,86
7433,4.931,-0.591,0.000,-0.312,-0.060,-0.008,86
7434,4.934,-0.591,0.000,-0.244,-0.027,-0.002,86
7435,4.937,-0.591,0.000,-0.176,0.006,-0.004,86
7436,4.940,-0.591,0.000,-0.109,0.038,-0.007,86
7437,4.943,-0.591,0.000,-0.042,0.070,-0.006,86
7438,4.947,-0.591,0.000,0.024,0.101,-0.005,86
7439,4.950,-0.591,0.000,0.090,0.132,0.014,86
7440,4.953,-0.591,0.000,0.153,0.163,-0.006,86
7441,4.956,-0.591,0.000,0.214,0.193,-0.004,86
7442,4.959,-0.591,0.000,0.274,0.223,-0.006,86
7443,4.962,-0.591,0.000,0.333,0.253,0.008,86
7444,4.965,-0.591,0.000,0.389,0.282,-0.020,86
7445,4.968,-0.591,0.000,0.441,0.312,0.004,86
7446,4.972,-0.591,0.000,0.494,0.340,-0.010,86
7447,4.975,-0.591,0.000,0.553,0.369,-0.015,86
7448,4.978,-0.591,0.000,0.611,0.398,-0.010,86
7449,4.981,-0.590,0.000,0.666,0.426,-0.008,86
7450,4.984,-0.590,0.000,0.720,0.453,-0.011,86
7451,4.987,-0.590,0.000,0.771,0.481,-0.013,86
7452,4.990,-0.590,0.000,0.819,0.508,-0.013,86
7453,4.993,-0.590,0.000,0.866,0.535,-0.013,86
7454,4.996,-0.590,0.000,0.910,0.561,-0.014,86
7455,4.999,-0.590,0.000,0.951,0.588,-0.015,86
7456,5.003,-0.590,0.000,0.990,0.613,-0.016,86
7457,5.006,-0.590,0.000,1.026,0.639,-0.017,86
7458,5.009,-0.590,0.000,1.060,0.664,-0.018,86
7459,5.012,-0.590,0.000,1.091,0.689,-0.019,86
7460,5.015,-0.590,0.000,1.120,0.714,-0.019,86
7461,5.018,-0.590,0.000,1.146,0.738,-0.016,86
7462,5.021,-0.590,0.000,1.170,0.762,-0.027,86
7463,5.024,-0.590,0.000,1.195,0.786,-0.011,86
7464,5.028,-0.590,0.000,1.221,0.809,-0.031,86
7465,5.031,-0.590,0.000,1.250,0.832,-0.028,86
7466,5.034,-0.590,0.000,1.278,0.856,-0.004,86
7467,5.037,-0.589,0.000,1.304,0.878,-0.043,86
7468,5.040,-0.589,0.000,1.329,0.902,-0.013,86
7469,5.044,-0.589,0.000,1.353,0.923,-0.030,86
7470,5.047,-0.589,0.000,1.382,0.946,-0.036,86
7471,5.050,-0.589,0.000,1.412,0.968,-0.028,86
7472,5.053,-0.589,0.000,1.439,0.991,-0.027,86
7473,5.056,-0.589,0.000,1.462,1.012,-0.031,86
7474,5.059,-0.589,0.000,1.480,1.034,-0.034,86
7475,5.062,-0.589,0.000,1.494,1.055,-0.033,86
7476,5.066,-0.589,0.000,1.503,1.077,-0.021,86
7477,5.069,-0.589,0.000,1.511,1.097,-0.048,86
7478,5.072,-0.589,0.000,1.522,1.118,-0.023,86
7479,5.075,-0.589,0.000,1.534,1.138,-0.037,86
7480,5.078,-0.588,0.000,1.550,1.159,-0.044,86
7481,5.082,-0.588,0.000,1.560,1.179,-0.038,86
7482,5.085,-0.588,0.000,1.566,1.199,-0.035,86
7483,5.088,-0.588,0.000,1.566,1.219,-0.039,86
7484,5.091,-0.588,0.000,1.561,1.238,-0.040,86
7485,5.094,-0.588,0.000,1.552,1.257,-0.040,86
7486,5.097,-0.588,0.000,1.538,1.276,-0.039,86
7487,5.101,-0.588,0.000,1.519,1.295,-0.040,86
7488,5.104,-0.588,0.000,1.496,1.313,-0.040,86
7489,5.107,-0.588,0.000,1.470,1.331,-0.040,86
7490,5.110,-0.588,0.000,1.439,1.349,-0.039,86
7491,5.113,-0.587,0.000,1.405,1.367,-0.039,86
7492,5.117,-0.587,0.000,1.367,1.385,-0.038,86
7493,5.120,-0.587,0.000,1.326,1.402,-0.038,86
7494,5.123,-0.587,0.000,1.282,1.419,-0.033,86
7495,5.126,-0.587,0.000,1.238,1.435,-0.046,86
7496,5.129,-0.587,0.000,1.172,1.454,-0.010,86
7497,5.132,-0.587,0.000,1.098,1.470,-0.043,86
7498,5.136,-0.587,0.000,1.024,1.487,-0.016,86
7499,5.139,-0.587,0.000,0.950,1.503,-0.040,86
7500,5.142,-0.587,0.000,0.878,1.519,-0.028,86
7501,5.145,-0.587,0.000,0.806,1.535,-0.019,86
7502,5.148,-0.587,0.000,0.735,1.551,-0.032,86
7503,5.152,-0.587,0.000,0.668,1.566,-0.028,86
7504,5.155,-0.587,0.000,0.601,1.582,-0.019,86
7505,5.158,-0.587,0.000,0.534,1.598,-0.018,86
7506,5.161,-0.587,0.000,0.467,1.613,-0.019,86
7507,5.165,-0.587,0.000,0.400,1.628,-0.018,86
7508,5.168,-0.587,0.000,0.333,1.643,-0.015,86
7509,5.171,-0.587,0.000,0.267,1.658,-0.013,86
7510,5.174,-0.587,0.000,0.201,1.672,-0.011,86
7511,5.178,-0.587,0.000,0.136,1.686,-0.010,86
7512,5.181,-0.587,0.000,0.071,1.700,-0.007,86
7513,5.184,-0.587,0.000,0.008,1.714,-0.006,86
7514,5.187,-0.587,0.000,-0.055,1.728,-0.004,86
7515,5.191,-0.587,0.000,-0.116,1.741,-0.002,86
7516,5.194,-0.587,0.000,-0.177,1.754,-0.000,86
7517,5.197,-0.587,0.000,-0.236,1.767,0.002,86
7518,5.200,-0.587,0.000,-0.293,1.780,0.004,86
7519,5.204,-0.587,0.000,-0.350,1.792,0.006,86
7520,5.207,-0.587,0.000,-0.404,1.805,0.007,86
7521,5.210,-0.587,0.000,-0.457,1.817,0.027,86
7522,5.213,-0.587,0.000,-0.512,1.829,0.018,86
7523,5.217,-0.587,0.000,-0.567,1.841,0.002,86
7524,5.220,-0.587,0.000,-0.618,1.852,0.020,86
7525,5.223,-0.587,0.000,-0.665,1.864,0.019,86
7526,5.227,-0.587,0.000,-0.711,1.876,0.019,86
7527,5.230,-0.587,0.000,-0.755,1.888,0.018,86
7528,5.233,-0.587,0.000,-0.797,1.899,0.021,86
7529,5.236,-0.587,0.000,-0.836,1.910,0.043,86
7530,5.240,-0.587,0.000,-0.887,1.921,0.008,86
7531,5.243,-0.587,0.000,-0.938,1.932,0.043,86
7532,5.246,-0.587,0.000,-0.986,1.943,0.041,86
7533,5.250,-0.587,0.000,-1.031,1.953,0.038,86
7534,5.253,-0.587,0.000,-1.073,1.964,0.041,86
7535,5.256,-0.587,0.000,-1.111,1.974,0.042,86
7536,5.259,-0.587,0.000,-1.145,1.984,0.038,86
7537,5.263,-0.587,0.000,-1.170,1.994,0.030,86
7538,5.266,-0.587,0.000,-1.193,2.004,0.034,86
7539,5.269,-0.588,0.000,-1.213,2.014,0.039,86
7540,5.273,-0.588,0.000,-1.230,2.024,0.039,86
7541,5.276,-0.588,0.000,-1.244,2.034,0.038,86
7542,5.279,-0.588,0.000,-1.256,2.043,0.039,86
7543,5.282,-0.588,0.000,-1.265,2.052,0.040,86
7544,5.286,-0.588,0.000,-1.271,2.061,0.041,86
7545,5.289,-0.588,0.000,-1.274,2.070,0.041,86
7546,5.292,-0.588,0.000,-1.275,2.079,0.044,86
7547,5.295,-0.588,0.000,-1.275,2.088,0.039,86
7548,5.299,-0.588,0.000,-1.273,2.097,0.050,86
7549,5.302,-0.588,0.000,-1.270,2.105,0.050,86
7550,5.305,-0.588,0.000,-1.266,2.114,0.049,86
7551,5.309,-0.588,0.000,-1.259,2.122,0.046,86
7552,5.312,-0.588,0.000,-1.249,2.131,0.037,86
7553,5.315,-0.589,0.000,-1.237,2.139,0.038,86
7554,5.318,-0.589,0.000,-1.223,2.146,0.060,86
7555,5.322,-0.589,0.000,-1.214,2.154,0.055,86
7556,5.325,-0.589,0.000,-1.206,2.163,0.026,86
7557,5.328,-0.589,0.000,-1.196,2.170,0.072,86
7558,5.332,-0.589,0.000,-1.187,2.179,0.015,86
7559,5.335,-0.589,0.000,-1.176,2.186,0.055,86
7560,5.338,-0.589,0.000,-1.165,2.194,0.028,86
7561,5.341,-0.589,0.000,-1.155,2.202,0.050,86
7562,5.345,-0.589,0.000,-1.145,2.210,0.025,86
7563,5.348,-0.589,0.000,-1.133,2.205,0.062,86
7564,5.351,-0.589,0.000,-1.116,2.189,0.038,86
7565,5.355,-0.589,0.000,-1.096,2.173,0.036,86
7566,5.358,-0.589,0.000,-1.074,2.156,0.035,86
7567,5.361,-0.589,0.000,-1.050,2.140,0.034,86
7568,5.364,-0.590,0.000,-1.024,2.123,0.039,86
7569,5.368,-0.590,0.000,-0.996,2.107,0.035,86
7570,5.371,-0.590,0.000,-0.967,2.091,0.029,86
7571,5.374,-0.590,0.000,-0.937,2.075,0.036,86
7572,5.378,-0.590,0.000,-0.905,2.059,0.043,86
7573,5.381,-0.590,0.000,-0.872,2.043,0.021,86
7574,5.384,-0.590,0.000,-0.837,2.027,0.027,86
7575,5.388,-0.590,0.000,-0.800,2.011,0.025,86
7576,5.391,-0.590,0.000,-0.763,1.996,0.020,86
7577,5.395,-0.590,0.000,-0.724,1.980,0.019,86
7578,5.398,-0.590,0.000,-0.685,1.964,0.018,86
7579,5.401,-0.590,0.000,-0.645,1.948,0.035,86
7580,5.405,-0.590,0.000,-0.609,1.933,0.031,86
7581,5.408,-0.590,0.000,-0.573,1.917,0.000,86
7582,5.411,-0.590,0.000,-0.537,1.902,0.018,86
7583,5.415,-0.590,0.000,-0.500,1.887,0.016,86
7584,5.418,-0.590,0.000,-0.465,1.872,0.008,86
7585,5.422,-0.590,0.000,-0.429,1.857,0.015,86
7586,5.425,-0.590,0.000,-0.394,1.842,0.012,86
7587,5.428,-0.590,0.000,-0.360,1.828,0.010,86
7588,5.432,-0.590,0.000,-0.326,1.813,0.012,86
7589,5.435,-0.590,0.000,-0.293,1.799,-0.004,86
7590,5.439,-0.590,0.000,-0.251,1.784,-0.001,86
7591,5.442,-0.590,0.000,-0.209,1.770,0.004,86
7592,5.446,-0.590,0.000,-0.167,1.756,0.001,86
7593,5.449,-0.590,0.000,-0.126,1.742,-0.003,86
7594,5.452,-0.590,0.000,-0.085,1.728,0.016,86
7595,5.456,-0.590,0.000,-0.047,1.714,0.009,86
7596,5.459,-0.590,0.000,-0.011,1.700,0.002,86
7597,5.463,-0.590,0.000,0.026,1.687,-0.012,86
7598,5.466,-0.590,0.000,0.062,1.673,-0.009,86
7599,5.469,-0.590,0.000,0.098,1.661,0.006,86
7600,5.473,-0.590,0.000,0.134,1.647,0.008,86
7601,5.476,-0.590,0.000,0.170,1.633,-0.023,86
7602,5.479,-0.590,0.000,0.205,1.620,0.021,86
7603,5.483,-0.590,0.000,0.240,1.607,-0.018,86
7604,5.486,-0.590,0.000,0.275,1.594,-0.019,86
7605,5.490,-0.590,0.000,0.310,1.582,-0.009,86
7606,5.493,-0.590,0.000,0.345,1.569,-0.012,86
7607,5.496,-0.590,0.000,0.379,1.557,-0.018,86
7608,5.500,-0.590,0.000,0.411,1.544,-0.018,86
7609,5.503,-0.590,0.000,0.442,1.532,0.004,86
7610,5.507,-0.590,0.000,0.467,1.519,-0.008,86
7611,5.510,-0.590,0.000,0.488,1.507,-0.012,86
7612,5.513,-0.590,0.000,0.510,1.494,-0.027,86
7613,5.517,-0.590,0.000,0.531,1.482,-0.019,86
7614,5.520,-0.590,0.000,0.553,1.470,-0.015,86
7615,5.523,-0.590,0.000,0.573,1.458,-0.015,86
7616,5.527,-0.590,0.000,0.592,1.447,-0.031,86
7617,5.530,-0.590,0.000,0.612,1.435,-0.008,86
7618,5.533,-0.590,0.000,0.631,1.423,-0.031,86
7619,5.537,-0.590,0.000,0.646,1.412,-0.017,86
7620,5.540,-0.590,0.000,0.657,1.401,-0.017,86
7621,5.543,-0.590,0.000,0.668,1.390,-0.023,86
7622,5.547,-0.590,0.000,0.677,1.378,-0.023,86
7623,5.550,-0.590,0.000,0.684,1.367,-0.021,86
7624,5.553,-0.590,0.000,0.691,1.356,-0.021,86
7625,5.557,-0.590,0.000,0.697,1.345,-0.016,86
7626,5.560,-0.590,0.000,0.701,1.333,-0.017,86
7627,5.564,-0.590,0.000,0.704,1.323,-0.009,86
7628,5.567,-0.590,0.000,0.706,1.312,-0.023,86
7629,5.570,-0.590,0.000,0.698,1.301,-0.028,86
7630,5.573,-0.589,0.000,0.691,1.290,-0.021,86
7631,5.577,-0.589,0.000,0.682,1.279,-0.018,86
7632,5.580,-0.589,0.000,0.673,1.269,-0.022,86
7633,5.583,-0.589,0.000,0.663,1.258,-0.020,86
7634,5.587,-0.589,0.000,0.653,1.247,-0.003,86
7635,5.590,-0.589,0.000,0.643,1.236,-0.029,86
7636,5.593,-0.589,0.000,0.633,1.226,-0.023,86
7637,5.597,-0.589,0.000,0.624,1.215,-0.013,86
7638,5.600,-0.589,0.000,0.616,1.205,-0.016,86
7639,5.603,-0.589,0.000,0.608,1.195,-0.020,86
7640,5.607,-0.589,0.000,0.599,1.184,-0.019,86
7641,5.610,-0.589,0.000,0.589,1.174,-0.017,86
7642,5.613,-0.589,0.000,0.580,1.164,-0.017,86
7643,5.617,-0.589,0.000,0.569,1.153,-0.017,86
7644,5.620,-0.589,0.000,0.559,1.143,-0.017,86
7645,5.623,-0.589,0.000,0.548,1.133,-0.016,86
7646,5.627,-0.589,0.000,0.536,1.122,0.002,86
7647,5.630,-0.589,0.000,0.527,1.112,-0.032,86
7648,5.633,-0.589,0.000,0.520,1.102,-0.003,86
7649,5.636,-0.589,0.000,0.513,1.092,-0.016,86
7650,5.640,-0.589,0.000,0.507,1.082,-0.021,86
7651,5.643,-0.589,0.000,0.501,1.071,-0.016,86
7652,5.646,-0.589,0.000,0.493,1.061,-0.012,86
7653,5.650,-0.589,0.000,0.485,1.051,-0.014,86
7654,5.653,-0.589,0.000,0.477,1.041,-0.015,86
7655,5.656,-0.589,0.000,0.467,1.031,-0.014,86
7656,5.660,-0.589,0.000,0.457,1.021,-0.013,86
7657,5.663,-0.589,0.000,0.447,1.010,-0.013,86
7658,5.666,-0.589,0.000,0.436,1.000,-0.013,86
7659,5.669,-0.589,0.000,0.424,0.990,-0.013,86
7660,5.673,-0.589,0.000,0.412,0.980,-0.012,86
7661,5.676,-0.588,0.000,0.400,0.969,-0.003,86
7662,5.679,-0.588,0.000,0.390,0.959,-0.012,86
7663,5.683,-0.588,0.000,0.380,0.949,-0.007,86
7664,5.686,-0.588,0.000,0.368,0.939,-0.008,86
7665,5.689,-0.588,0.000,0.357,0.929,-0.003,86
7666,5.692,-0.588,0.000,0.344,0.920,0.001,86
7667,5.696,-0.588,0.000,0.332,0.909,-0.011,86
7668,5.699,-0.588,0.000,0.320,0.900,-0.004,86
7669,5.702,-0.588,0.000,0.309,0.890,-0.009,86
7670,5.706,-0.588,0.000,0.297,0.880,-0.013,86
7671,5.709,-0.588,0.000,0.285,0.870,-0.010,86
7672,5.712,-0.588,0.000,0.272,0.860,-0.009,86
7673,5.716,-0.588,0.000,0.259,0.851,-0.009,86
7674,5.719,-0.588,0.000,0.245,0.841,-0.009,86
7675,5.722,-0.588,0.000,0.232,0.831,-0.009,86
7676,5.725,-0.588,0.000,0.218,0.821,-0.008,86
7677,5.729,-0.588,0.000,0.203,0.811,0.007,86
7678,5.732,-0.588,0.000,0.189,0.801,-0.015,86
7679,5.735,-0.588,0.000,0.175,0.791,-0.013,86
7680,5.738,-0.588,0.000,0.158,0.782,0.001,86
7681,5.742,-0.588,0.000,0.139,0.772,-0.006,86
7682,5.745,-0.588,0.000,0.120,0.763,-0.011,86
7683,5.748,-0.588,0.000,0.101,0.753,-0.008,86
7684,5.752,-0.588,0.000,0.082,0.744,-0.005,86
7685,5.755,-0.588,0.000,0.063,0.734,-0.006,86
7686,5.758,-0.588,0.000,0.044,0.724,-0.007,86
7687,5.761,-0.588,0.000,0.025,0.715,-0.006,86
7688,5.765,-0.588,0.000,0.006,0.705,-0.005,86
7689,5.768,-0.588,0.000,-0.013,0.695,-0.005,86
7690,5.771,-0.588,0.000,-0.031,0.686,-0.005,86
7691,5.775,-0.588,0.000,-0.050,0.676,-0.005,86
7692,5.778,-0.588,0.000,-0.068,0.666,0.014,86
7693,5.781,-0.588,0.000,-0.078,0.657,-0.011,86
7694,5.785,-0.588,0.000,-0.083,0.647,-0.006,86
7695,5.788,-0.588,0.000,-0.089,0.638,0.007,86
7696,5.791,-0.588,0.000,-0.095,0.628,-0.004,86
7697,5.794,-0.588,0.000,-0.100,0.619,-0.013,86
7698,5.798,-0.588,0.000,-0.102,0.609,-0.004,86
7699,5.801,-0.588,0.000,-0.103,0.600,-0.000,86
7700,5.804,-0.588,0.000,-0.105,0.591,-0.004,86
7701,5.808,-0.588,0.000,-0.108,0.582,-0.006,86
7702,5.811,-0.588,0.000,-0.111,0.572,-0.004,86
7703,5.814,-0.588,0.000,-0.114,0.563,-0.004,86
7704,5.818,-0.588,0.000,-0.118,0.554,-0.004,86
7705,5.821,-0.588,0.000,-0.123,0.544,-0.004,86
7706,5.824,-0.588,0.000,-0.128,0.535,-0.004,86
7707,5.827,-0.588,0.000,-0.133,0.525,0.008,86
7708,5.831,-0.588,0.000,-0.139,0.516,-0.008,86
7709,5.834,-0.588,0.000,-0.145,0.507,-0.011,86
7710,5.837,-0.588,0.000,-0.152,0.498,0.004,86
7711,5.841,-0.588,0.000,-0.159,0.488,-0.002,86
7712,5.844,-0.588,0.000,-0.166,0.479,-0.008,86
7713,5.847,-0.588,0.000,-0.174,0.470,-0.006,86
7714,5.850,-0.588,0.000,-0.181,0.461,-0.003,86
7715,5.854,-0.588,0.000,-0.189,0.452,-0.003,86
7716,5.857,-0.588,0.000,-0.198,0.443,-0.004,86
7717,5.860,-0.588,0.000,-0.206,0.433,-0.004,86
7718,5.864,-0.588,0.000,-0.214,0.424,-0.004,86
7719,5.867,-0.588,0.000,-0.223,0.415,-0.004,86
7720,5.870,-0.588,0.000,-0.232,0.405,-0.004,86
7721,5.874,-0.588,0.000,-0.240,0.396,-0.004,86
7722,5.877,-0.588,0.000,-0.249,0.386,-0.003,86
7723,5.880,-0.588,0.000,-0.257,0.377,0.005,86
7724,5.883,-0.588,0.000,-0.262,0.368,-0.000,86
7725,5.887,-0.588,0.000,-0.266,0.358,-0.012,86
7726,5.890,-0.588,0.000,-0.268,0.349,-0.006,86
7727,5.893,-0.588,0.000,-0.269,0.340,-0.000,86
7728,5.897,-0.588,0.000,-0.271,0.331,-0.003,86
7729,5.900,-0.588,0.000,-0.272,0.322,-0.005,86
7730,5.903,-0.589,0.000,-0.274,0.313,-0.004,86
7731,5.907,-0.589,0.000,-0.276,0.303,-0.003,86
7732,5.910,-0.589,0.000,-0.278,0.294,-0.004,86
7733,5.913,-0.589,0.000,-0.280,0.285,-0.004,86
7734,5.916,-0.589,0.000,-0.282,0.275,-0.004,86
7735,5.920,-0.589,0.000,-0.285,0.266,-0.004,86
7736,5.923,-0.589,0.000,-0.287,0.257,-0.004,86
7737,5.926,-0.589,0.000,-0.289,0.247,-0.004,86
7738,5.930,-0.589,0.000,-0.291,0.238,0.000,86
7739,5.933,-0.589,0.000,-0.293,0.228,-0.014,86
7740,5.936,-0.589,0.000,-0.294,0.219,0.005,86
7741,5.939,-0.589,0.000,-0.296,0.209,-0.003,86
7742,5.943,-0.589,0.000,-0.297,0.200,-0.008,86
7743,5.946,-0.589,0.000,-0.298,0.191,-0.006,86
7744,5.949,-0.589,0.000,-0.298,0.181,-0.003,86
7745,5.953,-0.589,0.000,-0.298,0.172,-0.004,86
7746,5.956,-0.589,0.000,-0.298,0.163,-0.005,86
7747,5.959,-0.589,0.000,-0.297,0.153,-0.005,86
7748,5.963,-0.589,0.000,-0.296,0.144,-0.004,86
7749,5.966,-0.589,0.000,-0.294,0.134,-0.005,86
7750,5.969,-0.589,0.000,-0.292,0.125,-0.005,86
7751,5.972,-0.589,0.000,-0.289,0.115,-0.005,86
7752,5.976,-0.589,0.000,-0.286,0.105,-0.005,86
7753,5.979,-0.589,0.000,-0.282,0.095,0.004,86
7754,5.982,-0.589,0.000,-0.280,0.086,-0.005,86
7755,5.986,-0.589,0.000,-0.278,0.076,-0.015,86
7756,5.989,-0.589,0.000,-0.273,0.066,0.000,86
7757,5.992,-0.589,0.000,-0.265,0.057,-0.001,86
7758,5.995,-0.589,0.000,-0.257,0.047,-0.007,86
7759,5.999,-0.589,0.000,-0.249,0.038,-0.007,86
7760,6.002,-0.589,0.000,-0.240,0.028,-0.005,86
7761,6.005,-0.589,0.000,-0.230,0.018,-0.005,86
7762,6.009,-0.589,0.000,-0.220,0.009,-0.006,86
7763,6.012,-0.589,0.000,-0.210,-0.001,-0.006,86
7764,6.015,-0.589,0.000,-0.199,-0.011,-0.005,86
7765,6.018,-0.589,0.000,-0.188,-0.021,-0.005,86
7766,6.022,-0.589,0.000,-0.176,-0.031,-0.006,86
7767,6.025,-0.589,0.000,-0.164,-0.041,-0.006,86
7768,6.028,-0.589,0.000,-0.151,-0.051,0.004,86
7769,6.032,-0.589,0.000,-0.138,-0.060,-0.017,86
7770,6.035,-0.589,0.000,-0.125,-0.070,-0.003,86
7771,6.038,-0.589,0.000,-0.112,-0.080,0.010,86
7772,6.041,-0.589,0.000,-0.101,-0.090,-0.021,86
7773,6.045,-0.589,0.000,-0.088,-0.100,0.008,86
7774,6.048,-0.589,0.000,-0.076,-0.109,-0.009,86
7775,6.051,-0.589,0.000,-0.063,-0.119,-0.012,86
7776,6.054,-0.589,0.000,-0.051,-0.128,0.015,86
7777,6.058,-0.589,0.000,-0.037,-0.138,-0.020,86
7778,6.061,-0.589,0.000,-0.026,-0.147,0.003,86
7779,6.064,-0.589,0.000,-0.014,-0.156,-0.002,86
7780,6.068,-0.589,0.000,-0.002,-0.166,-0.013,86
7781,6.071,-0.589,0.000,0.012,-0.175,-0.008,86
7782,6.074,-0.589,0.000,0.027,-0.184,-0.002,86
7783,6.078,-0.589,0.000,0.041,-0.193,0.006,86
7784,6.081,-0.589,0.000,0.056,-0.202,-0.013,86
7785,6.084,-0.589,0.000,0.070,-0.211,-0.002,86
7786,6.087,-0.589,0.000,0.085,-0.220,-0.001,86
7787,6.091,-0.589,0.000,0.099,-0.229,-0.006,86
7788,6.094,-0.589,0.000,0.114,-0.238,-0.007,86
7789,6.097,-0.589,0.000,0.128,-0.247,-0.004,86
7790,6.101,-0.589,0.000,0.142,-0.256,-0.004,86
7791,6.104,-0.589,0.000,0.156,-0.266,-0.003,86
7792,6.107,-0.589,0.000,0.171,-0.275,-0.003,86
7793,6.110,-0.589,0.000,0.180,-0.284,0.002,86
7794,6.114,-0.589,0.000,0.187,-0.293,-0.015,86
7795,6.117,-0.589,0.000,0.188,-0.302,-0.004,86
7796,6.120,-0.589,0.000,0.187,-0.311,-0.000,86
7797,6.123,-0.589,0.000,0.186,-0.320,-0.004,86
7798,6.127,-0.589,0.000,0.186,-0.328,-0.006,86
7799,6.130,-0.589,0.000,0.186,-0.337,-0.004,86
7800,6.133,-0.589,0.000,0.187,-0.346,0.010,86
7801,6.137,-0.589,0.000,0.182,-0.356,-0.009,86
7802,6.140,-0.589,0.000,0.177,-0.365,-0.011,86
7803,6.143,-0.589,0.000,0.168,-0.373,0.003,86
7804,6.146,-0.589,0.000,0.156,-0.382,-0.003,86
7805,6.150,-0.589,0.000,0.146,-0.391,0.011,86
7806,6.153,-0.589,0.000,0.136,-0.399,-0.011,86
7807,6.156,-0.589,0.000,0.129,-0.408,0.018,86
7808,6.159,-0.589,0.000,0.123,-0.417,-0.023,86
7809,6.163,-0.589,0.000,0.117,-0.425,0.008,86
7810,6.166,-0.589,0.000,0.111,-0.434,-0.007,86
7811,6.169,-0.589,0.000,0.105,-0.443,-0.013,86
7812,6.172,-0.589,0.000,0.102,-0.452,-0.004,86
7813,6.176,-0.589,0.000,0.100,-0.460,-0.001,86
7814,6.179,-0.589,0.000,0.099,-0.469,0.013,86
7815,6.182,-0.589,0.000,0.098,-0.477,-0.013,86
7816,6.186,-0.589,0.000,0.103,-0.486,0.011,86
7817,6.189,-0.589,0.000,0.109,-0.495,-0.013,86
7818,6.192,-0.589,0.000,0.117,-0.503,-0.007,86
7819,6.195,-0.589,0.000,0.125,-0.512,0.004,86
7820,6.199,-0.589,0.000,0.132,-0.520,-0.005,86
7821,6.202,-0.589,0.000,0.140,-0.528,-0.009,86
7822,6.205,-0.589,0.000,0.148,-0.537,0.015,86
7823,6.209,-0.589,0.000,0.155,-0.545,-0.018,86
7824,6.212,-0.589,0.000,0.163,-0.553,-0.001,86
7825,6.215,-0.589,0.000,0.173,-0.562,0.003,86
7826,6.218,-0.589,0.000,0.188,-0.570,-0.005,86
7827,6.222,-0.589,0.000,0.202,-0.578,-0.007,86
7828,6.225,-0.589,0.000,0.215,-0.586,-0.003,86
7829,6.228,-0.589,0.000,0.228,-0.595,-0.002,86
7830,6.231,-0.589,0.000,0.240,-0.603,0.010,86
7831,6.235,-0.589,0.000,0.251,-0.611,0.015,86
7832,6.238,-0.589,0.000,0.259,-0.620,0.002,86
7833,6.241,-0.589,0.000,0.263,-0.628,-0.008,86
7834,6.245,-0.589,0.000,0.267,-0.636,0.008,86
7835,6.248,-0.589,0.000,0.270,-0.644,-0.009,86
7836,6.251,-0.589,0.000,0.274,-0.652,0.018,86
7837,6.254,-0.589,0.000,0.278,-0.660,-0.000,86
7838,6.258,-0.589,0.000,0.281,-0.668,-0.003,86
7839,6.261,-0.589,0.000,0.283,-0.676,0.007,86
7840,6.264,-0.589,0.000,0.281,-0.685,-0.000,86
7841,6.268,-0.589,0.000,0.274,-0.693,0.003,86
7842,6.271,-0.589,0.000,0.266,-0.701,-0.003,86
7843,6.274,-0.589,0.000,0.257,-0.710,-0.004,86
7844,6.278,-0.589,0.000,0.248,-0.718,-0.002,86
7845,6.281,-0.589,0.000,0.239,-0.726,0.009,86
7846,6.284,-0.589,0.000,0.229,-0.735,0.014,86
7847,6.287,-0.588,0.000,0.219,-0.743,-0.012,86
7848,6.291,-0.588,0.000,0.210,-0.751,-0.007,86
7849,6.294,-0.588,0.000,0.205,-0.760,0.004,86
7850,6.297,-0.588,0.000,0.202,-0.768,-0.000,86
7851,6.301,-0.588,0.000,0.198,-0.776,-0.005,86
7852,6.304,-0.588,0.000,0.193,-0.785,-0.004,86
7853,6.307,-0.588,0.000,0.187,-0.793,0.015,86
7854,6.311,-0.588,0.000,0.181,-0.801,-0.014,86
7855,6.314,-0.588,0.000,0.174,-0.810,-0.002,86
7856,6.317,-0.588,0.000,0.166,-0.818,0.005,86
7857,6.320,-0.588,0.000,0.156,-0.826,-0.006,86
7858,6.324,-0.588,0.000,0.145,-0.834,-0.008,86
7859,6.327,-0.588,0.000,0.134,-0.842,-0.003,86
7860,6.330,-0.588,0.000,0.121,-0.850,0.008,86
7861,6.333,-0.588,0.000,0.107,-0.858,0.006,86
7862,6.337,-0.588,0.000,0.093,-0.867,-0.007,86
7863,6.340,-0.588,0.000,0.079,-0.875,0.011,86
7864,6.343,-0.588,0.000,0.066,-0.883,-0.005,86
7865,6.347,-0.588,0.000,0.054,-0.891,-0.013,86
7866,6.350,-0.588,0.000,0.041,-0.899,0.009,86
7867,6.353,-0.588,0.000,0.027,-0.907,-0.009,86
7868,6.356,-0.588,0.000,0.012,-0.916,0.005,86
7869,6.360,-0.588,0.000,-0.003,-0.923,-0.011,86
7870,6.363,-0.588,0.000,-0.013,-0.932,-0.011,86
7871,6.366,-0.588,0.000,-0.023,-0.940,-0.004,86
7872,6.370,-0.588,0.000,-0.035,-0.948,-0.004,86
7873,6.373,-0.588,0.000,-0.048,-0.957,-0.007,86
7874,6.376,-0.588,0.000,-0.062,-0.965,-0.007,86
7875,6.380,-0.588,0.000,-0.076,-0.973,-0.007,86
7876,6.383,-0.588,0.000,-0.091,-0.982,0.006,86
7877,6.386,-0.588,0.000,-0.119,-0.991,-0.012,86
7878,6.390,-0.588,0.000,-0.149,-1.000,0.019,86
7879,6.393,-0.588,0.000,-0.179,-1.008,-0.040,86
7880,6.396,-0.588,0.000,-0.209,-1.016,0.017,86
7881,6.400,-0.588,0.000,-0.238,-1.025,-0.032,86
7882,6.403,-0.588,0.000,-0.268,-1.033,0.020,86
7883,6.406,-0.588,0.000,-0.297,-1.042,-0.010,86
7884,6.409,-0.588,0.000,-0.325,-1.050,-0.033,86
7885,6.413,-0.588,0.000,-0.352,-1.059,0.015,86
7886,6.416,-0.588,0.000,-0.378,-1.067,-0.037,86
7887,6.419,-0.589,0.000,-0.404,-1.076,0.008,86
7888,6.423,-0.589,0.000,-0.430,-1.084,-0.030,86
7889,6.426,-0.589,0.000,-0.455,-1.093,-0.004,86
7890,6.429,-0.589,0.000,-0.478,-1.101,-0.010,86
7891,6.433,-0.589,0.000,-0.495,-1.109,-0.005,86
7892,6.436,-0.589,0.000,-0.512,-1.118,-0.024,86
7893,6.439,-0.589,0.000,-0.522,-1.126,-0.002,86
7894,6.443,-0.589,0.000,-0.529,-1.135,-0.008,86
7895,6.446,-0.589,0.000,-0.535,-1.143,-0.013,86
7896,6.449,-0.589,0.000,-0.540,-1.151,-0.019,86
7897,6.452,-0.589,0.000,-0.543,-1.159,-0.019,86
7898,6.456,-0.589,0.000,-0.545,-1.168,0.001,86
7899,6.459,-0.589,0.000,-0.546,-1.176,-0.020,86
7900,6.462,-0.589,0.000,-0.545,-1.184,-0.024,86
7901,6.466,-0.589,0.000,-0.542,-1.192,-0.016,86
7902,6.469,-0.589,0.000,-0.538,-1.201,-0.013,86
7903,6.472,-0.589,0.000,-0.532,-1.209,-0.017,86
7904,6.475,-0.589,0.000,-0.525,-1.217,-0.018,86
7905,6.479,-0.589,0.000,-0.516,-1.226,-0.016,86
7906,6.482,-0.589,0.000,-0.506,-1.234,-0.016,86
7907,6.485,-0.589,0.000,-0.494,-1.243,0.002,86
7908,6.488,-0.589,0.000,-0.482,-1.251,-0.030,86
7909,6.492,-0.589,0.000,-0.470,-1.260,-0.013,86
7910,6.495,-0.589,0.000,-0.461,-1.268,-0.009,86
7911,6.498,-0.589,0.000,-0.454,-1.276,-0.017,86
7912,6.502,-0.589,0.000,-0.445,-1.285,0.000,86
7913,6.505,-0.589,0.000,-0.434,-1.293,-0.003,86
7914,6.508,-0.589,0.000,-0.421,-1.302,-0.004,86
7915,6.511,-0.589,0.000,-0.407,-1.310,-0.006,86
7916,6.515,-0.589,0.000,-0.390,-1.319,-0.004,86
7917,6.518,-0.589,0.000,-0.371,-1.328,-0.022,86
7918,6.521,-0.589,0.000,-0.349,-1.337,-0.013,86
7919,6.525,-0.589,0.000,-0.325,-1.346,-0.009,86
7920,6.528,-0.589,0.000,-0.299,-1.354,0.006,86
7921,6.531,-0.589,0.000,-0.268,-1.364,-0.026,86
7922,6.535,-0.589,0.000,-0.231,-1.373,-0.000,86
7923,6.538,-0.589,0.000,-0.192,-1.382,-0.007,86
7924,6.541,-0.589,0.000,-0.153,-1.390,0.002,86
7925,6.544,-0.589,0.000,-0.115,-1.399,-0.013,86
7926,6.548,-0.589,0.000,-0.076,-1.408,0.002,86
7927,6.551,-0.589,0.000,-0.034,-1.417,-0.008,86
7928,6.554,-0.589,0.000,0.010,-1.426,-0.010,86
7929,6.558,-0.589,0.000,0.055,-1.434,0.001,86
7930,6.561,-0.589,0.000,0.099,-1.443,0.004,86
7931,6.564,-0.589,0.000,0.144,-1.451,0.011,86
7932,6.567,-0.589,0.000,0.189,-1.460,-0.003,86
7933,6.571,-0.589,0.000,0.238,-1.469,-0.007,86
7934,6.574,-0.589,0.000,0.286,-1.478,0.002,86
7935,6.577,-0.589,0.000,0.335,-1.487,0.006,86
7936,6.580,-0.589,0.000,0.382,-1.495,0.005,86
7937,6.584,-0.589,0.000,0.428,-1.504,0.005,86
7938,6.587,-0.589,0.000,0.474,-1.513,0.022,86
7939,6.590,-0.589,0.000,0.518,-1.522,-0.000,86
7940,6.594,-0.589,0.000,0.563,-1.531,0.007,86
7941,6.597,-0.589,0.000,0.609,-1.540,0.027,86
7942,6.600,-0.589,0.000,0.655,-1.549,0.014,86
7943,6.603,-0.589,0.000,0.702,-1.557,0.025,86
7944,6.607,-0.589,0.000,0.746,-1.566,0.029,86
7945,6.610,-0.589,0.000,0.788,-1.575,0.014,86
7946,6.613,-0.589,0.000,0.830,-1.583,0.037,86
7947,6.616,-0.589,0.000,0.871,-1.592,0.030,86
7948,6.619,-0.589,0.000,0.910,-1.601,0.012,86
7949,6.623,-0.589,0.000,0.950,-1.609,0.030,121
7950,6.622,-0.589,0.000,0.983,-1.600,0.016,121
7951,6.621,-0.589,0.000,1.017,-1.589,0.033,121
7952,6.620,-0.589,0.000,1.050,-1.579,0.021,121
7953,6.619,-0.589,0.000,1.075,-1.570,0.020,121
7954,6.618,-0.589,0.000,1.093,-1.560,0.025,121
7955,6.617,-0.589,0.000,1.103,-1.552,0.026,121
7956,6.616,-0.589,0.000,1.106,-1.543,0.024,121
7957,6.615,-0.589,0.000,1.101,-1.535,0.023,121
7958,6.615,-0.589,0.000,1.090,-1.528,0.024,121
7959,6.614,-0.589,0.000,1.072,-1.521,0.023,121
7960,6.614,-0.589,0.000,1.049,-1.515,0.022,121
7961,6.613,-0.589,0.000,1.022,-1.508,0.021,121
7962,6.613,-0.589,0.000,0.992,-1.503,0.021,121
7963,6.613,-0.589,0.000,0.961,-1.497,0.020,121
7964,6.613,-0.589,0.000,0.931,-1.493,0.019,121
7965,6.613,-0.589,0.000,0.902,-1.489,0.018,121
7966,6.613,-0.589,0.000,0.875,-1.485,0.017,121
7967,6.613,-0.589,0.000,0.848,-1.481,0.017,121
7968,6.613,-0.589,0.000,0.821,-1.477,0.016,121
7969,6.613,-0.589,0.000,0.792,-1.474,0.015,121
7970,6.613,-0.589,0.000,0.755,-1.472,0.014,121
7971,6.614,-0.589,0.000,0.712,-1.469,0.013,121
7972,6.614,-0.589,0.000,0.663,-1.468,0.012,121
7973,6.615,-0.589,0.000,0.609,-1.466,0.010,121
7974,6.615,-0.589,0.000,0.548,-1.465,0.009,121
7975,6.616,-0.589,0.000,0.483,-1.464,0.007,121
7976,6.616,-0.589,0.000,0.412,-1.464,0.005,121
7977,6.617,-0.589,0.000,0.337,-1.464,0.003,121
7978,6.618,-0.589,0.000,0.258,-1.464,0.001,121
7979,6.619,-0.589,0.000,0.176,-1.465,-0.001,121
7980,6.620,-0.589,0.000,0.091,-1.466,-0.003,121
7981,6.621,-0.589,0.000,0.004,-1.467,-0.005,121
7982,6.622,-0.589,0.000,-0.085,-1.468,-0.008,121
7983,6.623,-0.589,0.000,-0.175,-1.470,-0.010,121
7984,6.624,-0.589,0.000,-0.266,-1.472,-0.012,121
7985,6.625,-0.589,0.000,-0.357,-1.475,-0.015,121
7986,6.627,-0.589,0.000,-0.447,-1.477,-0.003,121
7987,6.628,-0.589,0.000,-0.526,-1.480,-0.004,121
7988,6.629,-0.589,0.000,-0.604,-1.482,-0.032,121
7989,6.631,-0.589,0.000,-0.680,-1.484,-0.023,121
7990,6.632,-0.589,0.000,-0.753,-1.487,-0.018,121
7991,6.634,-0.589,0.000,-0.821,-1.489,-0.028,121
7992,6.636,-0.589,0.000,-0.888,-1.491,-0.032,121
7993,6.637,-0.589,0.000,-0.953,-1.494,-0.030,121
7994,6.639,-0.589,0.000,-1.016,-1.497,-0.031,121
7995,6.641,-0.589,0.000,-1.078,-1.501,-0.034,121
7996,6.642,-0.589,0.000,-1.137,-1.504,-0.036,121
7997,6.644,-0.589,0.000,-1.193,-1.508,-0.037,121
7998,6.646,-0.589,0.000,-1.246,-1.512,-0.038,121
7999,6.648,-0.589,0.000,-1.297,-1.516,-0.040,121
8000,6.650,-0.589,0.000,-1.345,-1.522,-0.023,121
8001,6.652,-0.589,0.000,-1.382,-1.526,-0.029,121
8002,6.654,-0.590,0.000,-1.417,-1.530,-0.049,121
8003,6.656,-0.590,0.000,-1.457,-1.534,-0.050,121
8004,6.658,-0.590,0.000,-1.494,-1.539,-0.046,121
8005,6.660,-0.590,0.000,-1.528,-1.544,-0.044,121
8006,6.663,-0.590,0.000,-1.558,-1.549,-0.047,121
8007,6.665,-0.590,0.000,-1.585,-1.554,-0.050,121
8008,6.667,-0.590,0.000,-1.609,-1.560,-0.049,121
8009,6.670,-0.590,0.000,-1.629,-1.566,-0.050,121
8010,6.672,-0.590,0.000,-1.646,-1.572,-0.041,121
8011,6.674,-0.590,0.000,-1.657,-1.578,-0.050,121
8012,6.677,-0.590,0.000,-1.670,-1.584,-0.061,121
8013,6.679,-0.590,0.000,-1.684,-1.591,-0.024,121
8014,6.682,-0.590,0.000,-1.699,-1.597,-0.074,121
8015,6.684,-0.590,0.000,-1.714,-1.605,-0.025,121
8016,6.687,-0.590,0.000,-1.728,-1.611,-0.046,121
8017,6.689,-0.591,0.000,-1.732,-1.617,-0.049,121
8018,6.692,-0.591,0.000,-1.737,-1.625,-0.039,121
8019,6.695,-0.591,0.000,-1.746,-1.632,-0.052,121
8020,6.697,-0.591,0.000,-1.747,-1.639,-0.059,121
8021,6.700,-0.591,0.000,-1.746,-1.647,-0.039,146
8022,6.703,-0.591,0.000,-1.741,-1.654,-0.054,146
8023,6.706,-0.591,0.000,-1.734,-1.662,-0.035,146
8024,6.708,-0.591,0.000,-1.727,-1.669,-0.059,146
8025,6.711,-0.591,0.000,-1.717,-1.676,-0.054,146
8026,6.714,-0.591,0.000,-1.705,-1.684,-0.054,146
8027,6.717,-0.591,0.000,-1.691,-1.692,-0.055,146
8028,6.720,-0.591,0.000,-1.675,-1.700,-0.058,146
8029,6.723,-0.592,0.000,-1.657,-1.709,-0.054,146
8030,6.726,-0.592,0.000,-1.637,-1.717,-0.040,146
8031,6.729,-0.592,0.000,-1.618,-1.725,-0.060,146
8032,6.732,-0.592,0.000,-1.598,-1.734,-0.044,146
8033,6.735,-0.592,0.000,-1.578,-1.743,-0.035,146
8034,6.738,-0.592,0.000,-1.562,-1.752,-0.042,146
8035,6.741,-0.592,0.000,-1.545,-1.760,-0.053,146
8036,6.744,-0.592,0.000,-1.527,-1.769,-0.047,146
8037,6.747,-0.592,0.000,-1.506,-1.778,-0.043,146
8038,6.750,-0.592,0.000,-1.484,-1.787,-0.048,146
8039,6.754,-0.592,0.000,-1.461,-1.795,-0.034,146
8040,6.757,-0.592,0.000,-1.441,-1.805,-0.039,146
8041,6.760,-0.592,0.000,-1.421,-1.813,-0.047,146
8042,6.763,-0.593,0.000,-1.399,-1.823,-0.044,146
8043,6.767,-0.593,0.000,-1.378,-1.832,-0.043,146
8044,6.770,-0.593,0.000,-1.356,-1.841,-0.052,146
8045,6.773,-0.593,0.000,-1.334,-1.850,-0.052,146
8046,6.776,-0.593,0.000,-1.312,-1.860,-0.027,146
8047,6.780,-0.593,0.000,-1.290,-1.869,-0.033,146
8048,6.783,-0.593,0.000,-1.268,-1.878,-0.062,146
8049,6.786,-0.593,0.000,-1.247,-1.889,-0.015,146
8050,6.790,-0.593,0.000,-1.225,-1.898,-0.064,146
8051,6.793,-0.593,0.000,-1.204,-1.908,-0.012,146
8052,6.797,-0.593,0.000,-1.183,-1.917,-0.059,146
8053,6.800,-0.593,0.000,-1.162,-1.928,-0.048,146
8054,6.803,-0.593,0.000,-1.142,-1.938,-0.033,146
8055,6.807,-0.594,0.000,-1.122,-1.948,-0.053,146
8056,6.810,-0.594,0.000,-1.103,-1.959,-0.007,146
8057,6.814,-0.594,0.000,-1.084,-1.968,-0.077,146
8058,6.817,-0.594,0.000,-1.066,-1.980,-0.020,146
8059,6.821,-0.594,0.000,-1.048,-1.990,-0.054,146
8060,6.824,-0.594,0.000,-1.030,-2.001,-0.037,146
8061,6.828,-0.594,0.000,-1.007,-2.011,-0.043,146
8062,6.831,-0.594,0.000,-0.985,-2.023,-0.032,146
8063,6.835,-0.594,0.000,-0.964,-2.033,-0.051,121
8064,6.839,-0.594,0.000,-0.939,-2.044,-0.015,121
8065,6.842,-0.594,0.000,-0.917,-2.055,-0.029,121
8066,6.846,-0.594,0.000,-0.899,-2.067,-0.033,121
8067,6.850,-0.594,0.000,-0.888,-2.078,-0.027,121
8068,6.853,-0.594,0.000,-0.879,-2.090,-0.024,121
8069,6.857,-0.594,0.000,-0.873,-2.101,-0.026,121
8070,6.860,-0.594,0.000,-0.870,-2.112,-0.036,121
8071,6.864,-0.594,0.000,-0.869,-2.124,-0.030,121
8072,6.868,-0.595,0.000,-0.870,-2.136,-0.023,121
8073,6.872,-0.595,0.000,-0.874,-2.147,-0.025,121
8074,6.875,-0.595,0.000,-0.881,-2.159,-0.029,121
8075,6.879,-0.595,0.000,-0.891,-2.171,-0.028,121
8076,6.883,-0.595,0.000,-0.903,-2.183,-0.031,121
8077,6.886,-0.595,0.000,-0.917,-2.195,-0.040,121
8078,6.890,-0.595,0.000,-0.934,-2.205,-0.043,121
8079,6.894,-0.595,0.000,-0.954,-2.203,-0.027,121
8080,6.898,-0.595,0.000,-0.975,-2.194,-0.037,121
8081,6.902,-0.595,0.000,-1.001,-2.184,-0.035,121
8082,6.905,-0.595,0.000,-1.028,-2.175,-0.051,121
8083,6.909,-0.595,0.000,-1.055,-2.167,-0.020,121
8084,6.913,-0.595,0.000,-1.083,-2.157,-0.067,121
8085,6.917,-0.595,0.000,-1.111,-2.150,-0.031,121
8086,6.920,-0.595,0.000,-1.139,-2.141,-0.051,121
8087,6.924,-0.596,0.000,-1.168,-2.133,-0.045,121
8088,6.928,-0.596,0.000,-1.197,-2.126,-0.038,121
8089,6.932,-0.596,0.000,-1.226,-2.118,-0.064,121
8090,6.935,-0.596,0.000,-1.255,-2.111,-0.023,121
8091,6.939,-0.596,0.000,-1.283,-2.103,-0.057,146
8092,6.943,-0.596,0.000,-1.312,-2.097,-0.049,146
8093,6.947,-0.596,0.000,-1.342,-2.090,-0.052,146
8094,6.951,-0.596,0.000,-1.374,-2.083,-0.057,146
8095,6.954,-0.596,0.000,-1.406,-2.077,-0.057,146
8096,6.958,-0.596,0.000,-1.441,-2.071,-0.046,146
8097,6.962,-0.596,0.000,-1.476,-2.065,-0.071,146
8098,6.966,-0.596,0.000,-1.514,-2.060,-0.047,146
8099,6.970,-0.597,0.000,-1.551,-2.054,-0.065,146
8100,6.973,-0.597,0.000,-1.591,-2.049,-0.068,146
8101,6.977,-0.597,0.000,-1.632,-2.044,-0.054,146
8102,6.981,-0.597,0.000,-1.673,-2.039,-0.056,121
8103,6.985,-0.597,0.000,-1.715,-2.034,-0.058,121
8104,6.989,-0.597,0.000,-1.757,-2.030,-0.056,121
8105,6.993,-0.597,0.000,-1.800,-2.025,-0.076,121
8106,6.997,-0.597,0.000,-1.842,-2.022,-0.074,121
8107,7.000,-0.598,0.000,-1.885,-2.018,-0.069,121
8108,7.004,-0.598,0.000,-1.927,-2.014,-0.072,121
8109,7.008,-0.598,0.000,-1.970,-2.011,-0.063,121
8110,7.012,-0.598,0.000,-2.013,-2.008,-0.075,121
8111,7.016,-0.598,0.000,-2.053,-2.005,-0.072,121
8112,7.020,-0.598,0.000,-2.093,-2.001,-0.083,146
8113,7.024,-0.598,0.000,-2.133,-1.999,-0.070,146
8114,7.028,-0.598,0.000,-2.172,-1.995,-0.088,121
8115,7.032,-0.599,0.000,-2.205,-1.993,-0.087,121
8116,7.036,-0.599,0.000,-2.237,-1.992,-0.062,121
8117,7.039,-0.599,0.000,-2.265,-1.989,-0.076,121
8118,7.043,-0.599,0.000,-2.290,-1.986,-0.079,121
8119,7.047,-0.599,0.000,-2.313,-1.985,-0.074,121
8120,7.051,-0.599,0.000,-2.336,-1.983,-0.083,121
8121,7.055,-0.600,0.000,-2.360,-1.981,-0.081,121
8122,7.059,-0.600,0.000,-2.388,-1.980,-0.074,121
8123,7.063,-0.600,0.000,-2.415,-1.978,-0.079,121
8124,7.067,-0.600,0.000,-2.443,-1.977,-0.085,121
8125,7.071,-0.600,0.000,-2.469,-1.975,-0.083,121
8126,7.075,-0.600,0.000,-2.495,-1.974,-0.071,121
8127,7.078,-0.601,0.000,-2.521,-1.972,-0.093,121
8128,7.082,-0.601,0.000,-2.546,-1.970,-0.085,121
8129,7.088,-0.601,0.000,-2.581,-1.980,-0.093,121
8130,7.094,-0.601,0.000,-2.618,-1.986,-0.088,146
8131,7.100,-0.602,0.000,-2.664,-1.995,-0.078,146
8132,7.105,-0.602,0.000,-2.735,-2.002,-0.090,146
8133,7.111,-0.602,0.000,-2.843,-2.009,-0.116,146
8134,7.117,-0.602,0.000,-2.963,-2.020,-0.081,146
8135,7.123,-0.603,0.000,-3.084,-2.026,-0.122,146
8136,7.129,-0.603,0.000,-3.208,-2.036,-0.096,146
8137,7.134,-0.603,0.000,-3.333,-2.042,-0.144,146
8138,7.140,-0.604,0.000,-3.460,-2.051,-0.116,146
8139,7.145,-0.604,0.000,-3.591,-2.058,-0.130,146
8140,7.150,-0.604,0.000,-3.715,-2.064,-0.131,146
8141,7.156,-0.605,0.000,-3.833,-2.070,-0.147,146
8142,7.160,-0.605,0.000,-3.950,-2.078,-0.121,146
8143,7.165,-0.605,0.000,-4.067,-2.080,-0.183,146
8144,7.170,-0.606,0.000,-4.187,-2.089,-0.134,146
8145,7.175,-0.606,0.000,-4.308,-2.090,-0.183,146
8146,7.179,-0.606,0.000,-4.435,-2.097,-0.152,146
8147,7.184,-0.607,0.000,-4.567,-2.102,-0.158,146
8148,7.188,-0.607,0.000,-4.710,-2.105,-0.177,146
8149,7.193,-0.607,0.000,-4.857,-2.110,-0.177,146
8150,7.197,-0.608,0.000,-5.020,-2.114,-0.177,146
8151,7.201,-0.608,0.000,-5.188,-2.117,-0.186,146
8152,7.205,-0.609,0.000,-5.357,-2.120,-0.199,146
8153,7.210,-0.609,0.000,-5.525,-2.124,-0.192,146
8154,7.214,-0.609,0.000,-5.693,-2.123,-0.232,146
8155,7.218,-0.610,0.000,-5.857,-2.129,-0.210,146
8156,7.222,-0.610,0.000,-6.017,-2.130,-0.231,146
8157,7.226,-0.611,0.000,-6.174,-2.134,-0.226,146
8158,7.229,-0.611,0.000,-6.340,-2.137,-0.224,146
8159,7.233,-0.611,0.000,-6.502,-2.136,-0.263,146
8160,7.237,-0.612,0.000,-6.653,-2.140,-0.249,146
8161,7.241,-0.612,0.000,-6.800,-2.141,-0.255,146
8162,7.244,-0.613,0.000,-6.959,-2.142,-0.269,146
8163,7.248,-0.613,0.000,-7.099,-2.144,-0.275,146
8164,7.252,-0.614,0.000,-7.222,-2.147,-0.277,146
8165,7.256,-0.614,0.000,-7.331,-2.151,-0.267,146
8166,7.259,-0.615,0.000,-7.451,-2.154,-0.271,146
8167,7.263,-0.615,0.000,-7.552,-2.155,-0.281,146
8168,7.267,-0.616,0.000,-7.633,-2.158,-0.283,146
8169,7.270,-0.616,0.000,-7.694,-2.158,-0.305,146
8170,7.274,-0.617,0.000,-7.757,-2.164,-0.274,146
8171,7.277,-0.617,0.000,-7.814,-2.162,-0.308,146
8172,7.281,-0.618,0.000,-7.862,-2.168,-0.282,146
8173,7.284,-0.618,0.000,-7.903,-2.165,-0.325,146
8174,7.288,-0.619,0.000,-7.941,-2.173,-0.289,146
8175,7.291,-0.619,0.000,-7.976,-2.172,-0.323,146
8176,7.295,-0.620,0.000,-8.024,-2.177,-0.303,146
8177,7.298,-0.620,0.000,-8.057,-2.181,-0.300,146
8178,7.302,-0.621,0.000,-8.067,-2.178,-0.322,121
8179,7.305,-0.621,0.000,-8.055,-2.179,-0.294,121
8180,7.309,-0.622,0.000,-8.037,-2.175,-0.298,121
8181,7.312,-0.622,0.000,-8.007,-2.172,-0.304,121
8182,7.316,-0.623,0.000,-7.960,-2.167,-0.318,146
8183,7.319,-0.623,0.000,-7.879,-2.167,-0.300,146
8184,7.323,-0.623,0.000,-7.782,-2.164,-0.297,146
8185,7.326,-0.624,0.000,-7.676,-2.162,-0.298,146
8186,7.330,-0.624,0.000,-7.566,-2.162,-0.278,146
8187,7.333,-0.625,0.000,-7.453,-2.158,-0.292,146
8188,7.337,-0.625,0.000,-7.341,-2.160,-0.257,146
8189,7.340,-0.626,0.000,-7.230,-2.155,-0.281,146
8190,7.344,-0.626,0.000,-7.148,-2.152,-0.281,146
8191,7.347,-0.627,0.000,-7.064,-2.151,-0.272,146
8192,7.350,-0.627,0.000,-6.979,-2.150,-0.266,146
8193,7.354,-0.627,0.000,-6.894,-2.148,-0.259,146
8194,7.357,-0.628,0.000,-6.809,-2.147,-0.242,146
8195,7.360,-0.628,0.000,-6.726,-2.142,-0.271,146
8196,7.363,-0.629,0.000,-6.633,-2.144,-0.238,146
8197,7.367,-0.629,0.000,-6.538,-2.141,-0.239,146
8198,7.370,-0.629,0.000,-6.448,-2.139,-0.242,146
8199,7.373,-0.630,0.000,-6.361,-2.137,-0.239,146
8200,7.377,-0.630,0.000,-6.277,-2.137,-0.233,146
8201,7.380,-0.630,0.000,-6.196,-2.135,-0.235,146
8202,7.383,-0.631,0.000,-6.119,-2.134,-0.231,146
8203,7.386,-0.631,0.000,-6.050,-2.133,-0.213,146
8204,7.390,-0.631,0.000,-5.999,-2.130,-0.229,146
8205,7.393,-0.632,0.000,-5.965,-2.129,-0.225,146
8206,7.396,-0.632,0.000,-5.931,-2.126,-0.226,146
8207,7.399,-0.632,0.000,-5.897,-2.125,-0.211,146
8208,7.402,-0.633,0.000,-5.850,-2.122,-0.225,146
8209,7.405,-0.633,0.000,-5.823,-2.120,-0.223,146
8210,7.408,-0.633,0.000,-5.797,-2.121,-0.197,146
8211,7.411,-0.634,0.000,-5.772,-2.116,-0.236,146
8212,7.414,-0.634,0.000,-5.747,-2.119,-0.197,146
8213,7.417,-0.634,0.000,-5.722,-2.118,-0.206,146
8214,7.421,-0.635,0.000,-5.698,-2.113,-0.245,146
8215,7.424,-0.635,0.000,-5.674,-2.119,-0.186,146
8216,7.427,-0.635,0.000,-5.651,-2.114,-0.228,146
8217,7.430,-0.636,0.000,-5.628,-2.115,-0.205,146
8218,7.433,-0.636,0.000,-5.606,-2.115,-0.196,146
8219,7.436,-0.636,0.000,-5.585,-2.111,-0.221,146
8220,7.439,-0.637,0.000,-5.564,-2.113,-0.188,146
8221,7.442,-0.637,0.000,-5.543,-2.108,-0.234,146
8222,7.445,-0.637,0.000,-5.524,-2.112,-0.189,146
8223,7.449,-0.637,0.000,-5.505,-2.110,-0.214,146
8224,7.452,-0.638,0.000,-5.487,-2.111,-0.199,146
8225,7.455,-0.638,0.000,-5.469,-2.113,-0.187,146
8226,7.459,-0.638,0.000,-5.462,-2.112,-0.212,146
8227,7.462,-0.639,0.000,-5.462,-2.115,-0.189,146
8228,7.466,-0.639,0.000,-5.470,-2.116,-0.191,146
8229,7.469,-0.639,0.000,-5.479,-2.114,-0.221,146
8230,7.472,-0.640,0.000,-5.488,-2.118,-0.191,146
8231,7.476,-0.640,0.000,-5.498,-2.116,-0.221,146
8232,7.479,-0.640,0.000,-5.507,-2.122,-0.181,146
8233,7.483,-0.641,0.000,-5.517,-2.118,-0.236,146
8234,7.486,-0.641,0.000,-5.526,-2.124,-0.189,146
8235,7.490,-0.641,0.000,-5.539,-2.125,-0.202,146
8236,7.493,-0.642,0.000,-5.552,-2.125,-0.222,146
8237,7.497,-0.642,0.000,-5.555,-2.129,-0.214,146
8238,7.500,-0.642,0.000,-5.557,-2.132,-0.208,146
8239,7.504,-0.643,0.000,-5.563,-2.135,-0.211,146
8240,7.507,-0.643,0.000,-5.571,-2.138,-0.208,146
8241,7.511,-0.643,0.000,-5.583,-2.140,-0.217,146
8242,7.515,-0.644,0.000,-5.600,-2.143,-0.215,146
8243,7.518,-0.644,0.000,-5.621,-2.147,-0.206,146
8244,7.522,-0.644,0.000,-5.646,-2.149,-0.219,146
8245,7.525,-0.645,0.000,-5.676,-2.153,-0.215,146
8246,7.529,-0.645,0.000,-5.712,-2.156,-0.221,146
8247,7.533,-0.646,0.000,-5.750,-2.160,-0.216,146
8248,7.536,-0.646,0.000,-5.791,-2.164,-0.218,146
8249,7.540,-0.646,0.000,-5.839,-2.167,-0.218,146
8250,7.544,-0.647,0.000,-5.895,-2.170,-0.233,146
8251,7.547,-0.647,0.000,-5.954,-2.176,-0.218,146
8252,7.551,-0.647,0.000,-6.025,-2.177,-0.247,146
8253,7.555,-0.648,0.000,-6.100,-2.185,-0.203,146
8254,7.558,-0.648,0.000,-6.175,-2.181,-0.273,146
8255,7.562,-0.649,0.000,-6.249,-2.191,-0.212,146
8256,7.565,-0.649,0.000,-6.325,-2.193,-0.228,146
8257,7.568,-0.649,0.000,-6.398,-2.192,-0.265,146
8258,7.572,-0.650,0.000,-6.471,-2.201,-0.216,146
8259,7.575,-0.650,0.000,-6.543,-2.188,-0.276,146
8260,7.578,-0.650,0.000,-6.615,-2.178,-0.243,146
8261,7.582,-0.651,0.000,-6.687,-2.162,-0.265,146
8262,7.585,-0.651,0.000,-6.758,-2.152,-0.237,146
8263,7.589,-0.652,0.000,-6.828,-2.134,-0.286,146
8264,7.593,-0.652,0.000,-6.898,-2.129,-0.219,146
8265,7.596,-0.653,0.000,-6.968,-2.109,-0.282,146
8266,7.600,-0.653,0.000,-7.036,-2.097,-0.279,146
8267,7.603,-0.653,0.000,-7.104,-2.093,-0.213,146
8268,7.606,-0.654,0.000,-7.171,-2.071,-0.287,146
8269,7.610,-0.654,0.000,-7.237,-2.064,-0.246,146
8270,7.613,-0.655,0.000,-7.302,-2.051,-0.250,146
8271,7.616,-0.655,0.000,-7.366,-2.032,-0.301,146
8272,7.619,-0.656,0.000,-7.429,-2.031,-0.221,146
8273,7.623,-0.656,0.000,-7.492,-2.013,-0.271,146
8274,7.626,-0.656,0.000,-7.565,-2.001,-0.275,146
8275,7.630,-0.657,0.000,-7.633,-1.994,-0.253,146
8276,7.633,-0.657,0.000,-7.702,-1.980,-0.275,146
8277,7.637,-0.658,0.000,-7.754,-1.970,-0.281,146
8278,7.640,-0.658,0.000,-7.793,-1.961,-0.271,146
8279,7.644,-0.659,0.000,-7.822,-1.952,-0.263,146
8280,7.647,-0.659,0.000,-7.840,-1.941,-0.265,146
8281,7.650,-0.660,0.000,-7.854,-1.930,-0.266,146
8282,7.653,-0.660,0.000,-7.857,-1.918,-0.268,146
8283,7.656,-0.661,0.000,-7.849,-1.910,-0.251,146
8284,7.659,-0.661,0.000,-7.834,-1.895,-0.281,146
8285,7.662,-0.661,0.000,-7.815,-1.889,-0.252,146
8286,7.666,-0.662,0.000,-7.783,-1.880,-0.252,146
8287,7.669,-0.662,0.000,-7.742,-1.871,-0.253,146
8288,7.673,-0.663,0.000,-7.692,-1.863,-0.253,146
8289,7.676,-0.663,0.000,-7.627,-1.856,-0.245,146
8290,7.680,-0.664,0.000,-7.550,-1.847,-0.252,146
8291,7.683,-0.664,0.000,-7.469,-1.840,-0.236,146
8292,7.686,-0.665,0.000,-7.386,-1.831,-0.247,146
8293,7.690,-0.665,0.000,-7.301,-1.823,-0.238,146
8294,7.693,-0.665,0.000,-7.216,-1.818,-0.214,146
8295,7.696,-0.666,0.000,-7.131,-1.807,-0.234,146
8296,7.699,-0.666,0.000,-7.048,-1.800,-0.220,146
8297,7.703,-0.667,0.000,-6.960,-1.792,-0.219,146
8298,7.706,-0.667,0.000,-6.855,-1.785,-0.222,146
8299,7.710,-0.667,0.000,-6.743,-1.778,-0.219,146
8300,7.713,-0.668,0.000,-6.626,-1.775,-0.191,146
8301,7.717,-0.668,0.000,-6.496,-1.766,-0.212,146
8302,7.720,-0.669,0.000,-6.361,-1.761,-0.199,146
8303,7.724,-0.669,0.000,-6.227,-1.755,-0.190,146
8304,7.727,-0.669,0.000,-6.107,-1.748,-0.192,146
8305,7.730,-0.670,0.000,-5.984,-1.742,-0.181,146
8306,7.733,-0.670,0.000,-5.849,-1.736,-0.174,146
8307,7.736,-0.670,0.000,-5.715,-1.729,-0.171,146
8308,7.740,-0.671,0.000,-5.581,-1.721,-0.188,146
8309,7.743,-0.671,0.000,-5.448,-1.721,-0.127,146
8310,7.746,-0.671,0.000,-5.315,-1.709,-0.199,146
8311,7.750,-0.672,0.000,-5.183,-1.708,-0.149,146
8312,7.753,-0.672,0.000,-5.052,-1.704,-0.146,146
8313,7.757,-0.672,0.000,-4.921,-1.697,-0.171,146
8314,7.761,-0.673,0.000,-4.791,-1.699,-0.101,146
8315,7.764,-0.673,0.000,-4.662,-1.688,-0.172,146
8316,7.767,-0.673,0.000,-4.533,-1.686,-0.141,146
8317,7.771,-0.673,0.000,-4.405,-1.685,-0.095,146
8318,7.774,-0.674,0.000,-4.278,-1.676,-0.150,146
8319,7.777,-0.674,0.000,-4.152,-1.675,-0.092,146
8320,7.781,-0.674,0.000,-4.027,-1.667,-0.147,146
8321,7.784,-0.674,0.000,-3.903,-1.666,-0.107,146
8322,7.787,-0.675,0.000,-3.782,-1.661,-0.119,146
8323,7.791,-0.675,0.000,-3.662,-1.659,-0.108,146
8324,7.795,-0.675,0.000,-3.543,-1.658,-0.080,146
8325,7.798,-0.675,0.000,-3.425,-1.652,-0.131,146
8326,7.802,-0.676,0.000,-3.308,-1.654,-0.058,146
8327,7.805,-0.676,0.000,-3.193,-1.649,-0.111,146
8328,7.809,-0.676,0.000,-3.078,-1.646,-0.114,146
8329,7.812,-0.676,0.000,-2.964,-1.646,-0.059,146
8330,7.816,-0.676,0.000,-2.851,-1.640,-0.110,146
8331,7.819,-0.676,0.000,-2.739,-1.640,-0.046,146
8332,7.822,-0.677,0.000,-2.629,-1.635,-0.097,146
8333,7.826,-0.677,0.000,-2.521,-1.633,-0.086,146
8334,7.829,-0.677,0.000,-2.422,-1.632,-0.055,146
8335,7.833,-0.677,0.000,-2.325,-1.630,-0.059,146
8336,7.836,-0.677,0.000,-2.229,-1.628,-0.078,146
8337,7.840,-0.677,0.000,-2.135,-1.629,-0.047,146
8338,7.844,-0.677,0.000,-2.041,-1.628,-0.053,146
8339,7.847,-0.678,0.000,-1.945,-1.627,-0.048,146
8340,7.851,-0.678,0.000,-1.850,-1.626,-0.054,146
8341,7.854,-0.678,0.000,-1.757,-1.625,-0.033,146
8342,7.858,-0.678,0.000,-1.667,-1.622,-0.072,146
8343,7.861,-0.678,0.000,-1.578,-1.622,-0.016,146
8344,7.864,-0.678,0.000,-1.490,-1.619,-0.067,146
8345,7.868,-0.678,0.000,-1.404,-1.619,-0.042,146
8346,7.871,-0.678,0.000,-1.319,-1.619,-0.007,146
8347,7.875,-0.678,0.000,-1.235,-1.618,-0.079,146
8348,7.879,-0.678,0.000,-1.153,-1.620,-0.004,146
8349,7.883,-0.678,0.000,-1.071,-1.620,-0.006,146
8350,7.886,-0.679,0.000,-0.991,-1.620,-0.057,146
8351,7.890,-0.679,0.000,-0.912,-1.622,-0.009,146
8352,7.894,-0.679,0.000,-0.834,-1.622,-0.047,146
8353,7.897,-0.679,0.000,-0.754,-1.623,-0.003,146
8354,7.901,-0.679,0.000,-0.675,-1.623,-0.015,146
8355,7.904,-0.679,0.000,-0.599,-1.623,-0.018,146
8356,7.908,-0.679,0.000,-0.530,-1.624,-0.010,146
8357,7.911,-0.679,0.000,-0.467,-1.624,-0.005,146
8358,7.915,-0.679,0.000,-0.410,-1.625,-0.011,146
8359,7.919,-0.679,0.000,-0.358,-1.626,-0.004,146
8360,7.922,-0.679,0.000,-0.306,-1.628,-0.021,146
8361,7.926,-0.679,0.000,-0.259,-1.630,-0.003,146
8362,7.930,-0.679,0.000,-0.214,-1.632,-0.023,146
8363,7.934,-0.679,0.000,-0.167,-1.635,0.019,146
8364,7.938,-0.679,0.000,-0.115,-1.637,-0.010,146
8365,7.941,-0.679,0.000,-0.064,-1.640,-0.000,146
8366,7.945,-0.679,0.000,-0.014,-1.643,-0.006,146
8367,7.949,-0.679,0.000,0.033,-1.645,-0.013,146
8368,7.953,-0.679,0.000,0.078,-1.649,0.024,146
8369,7.957,-0.679,0.000,0.121,-1.652,-0.006,146
8370,7.961,-0.679,0.000,0.162,-1.655,-0.002,146
8371,7.965,-0.679,0.000,0.197,-1.659,0.003,146
8372,7.971,-0.679,0.000,0.219,-1.672,0.012,146
8373,7.976,-0.679,0.000,0.236,-1.684,0.001,146
8374,7.979,-0.679,0.000,0.283,-1.681,0.017,146
8375,7.981,-0.679,0.000,0.337,-1.678,-0.003,146
8376,7.984,-0.679,0.000,0.393,-1.677,0.002,146
8377,7.986,-0.679,0.000,0.456,-1.674,0.031,146
8378,7.989,-0.679,0.000,0.518,-1.674,0.002,146
8379,7.992,-0.679,0.000,0.582,-1.672,0.010,146
8380,7.995,-0.679,0.000,0.643,-1.672,0.051,146
8381,7.998,-0.679,0.000,0.707,-1.674,-0.024,146
8382,8.001,-0.679,0.000,0.772,-1.673,0.038,146
8383,8.005,-0.679,0.000,0.838,-1.676,0.023,146
8384,8.008,-0.679,0.000,0.906,-1.677,0.028,146
8385,8.011,-0.679,0.000,0.980,-1.680,0.033,146
8386,8.015,-0.678,0.000,1.062,-1.682,0.040,146
8387,8.018,-0.678,0.000,1.150,-1.685,0.024,146
8388,8.022,-0.678,0.000,1.238,-1.689,0.032,146
8389,8.025,-0.678,0.000,1.327,-1.692,0.050,146
8390,8.029,-0.678,0.000,1.415,-1.696,0.036,146
8391,8.033,-0.678,0.000,1.503,-1.699,0.032,146
8392,8.036,-0.678,0.000,1.590,-1.702,0.082,146
8393,8.040,-0.678,0.000,1.676,-1.707,0.027,146
8394,8.043,-0.678,0.000,1.762,-1.709,0.058,146
8395,8.047,-0.678,0.000,1.846,-1.713,0.063,146
8396,8.050,-0.678,0.000,1.929,-1.717,0.054,146
8397,8.054,-0.677,0.000,2.007,-1.722,0.055,146
8398,8.058,-0.677,0.000,2.080,-1.725,0.076,146
8399,8.062,-0.677,0.000,2.173,-1.730,0.075,146
8400,8.065,-0.677,0.000,2.261,-1.736,0.053,146
8401,8.069,-0.677,0.000,2.344,-1.740,0.091,146
8402,8.073,-0.677,0.000,2.424,-1.748,0.048,146
8403,8.077,-0.676,0.000,2.503,-1.751,0.106,146
8404,8.081,-0.676,0.000,2.580,-1.758,0.067,146
8405,8.085,-0.676,0.000,2.656,-1.762,0.085,146
8406,8.088,-0.676,0.000,2.725,-1.768,0.080,146
8407,8.092,-0.676,0.000,2.778,-1.773,0.076,146
8408,8.096,-0.676,0.000,2.815,-1.778,0.083,146
8409,8.100,-0.675,0.000,2.839,-1.783,0.100,146
8410,8.104,-0.675,0.000,2.838,-1.791,0.079,146
8411,8.108,-0.675,0.000,2.833,-1.796,0.104,146
8412,8.112,-0.675,0.000,2.824,-1.806,0.063,146
8413,8.116,-0.675,0.000,2.814,-1.810,0.124,146
8414,8.120,-0.674,0.000,2.802,-1.820,0.055,146
8415,8.124,-0.674,0.000,2.789,-1.826,0.094,146
8416,8.128,-0.674,0.000,2.774,-1.830,0.124,146
8417,8.131,-0.674,0.000,2.761,-1.841,0.040,146
8418,8.135,-0.674,0.000,2.748,-1.845,0.105,146
8419,8.139,-0.673,0.000,2.736,-1.849,0.124,146
8420,8.143,-0.673,0.000,2.728,-1.859,0.057,146
8421,8.147,-0.673,0.000,2.727,-1.864,0.105,146
8422,8.150,-0.673,0.000,2.726,-1.873,0.066,146
8423,8.154,-0.673,0.000,2.722,-1.879,0.098,146
8424,8.158,-0.673,0.000,2.700,-1.886,0.093,146
8425,8.162,-0.672,0.000,2.661,-1.895,0.085,146
8426,8.166,-0.672,0.000,2.606,-1.903,0.090,146
8427,8.170,-0.672,0.000,2.530,-1.911,0.083,146
8428,8.174,-0.672,0.000,2.435,-1.920,0.074,146
8429,8.178,-0.672,0.000,2.321,-1.927,0.090,146
8430,8.183,-0.671,0.000,2.193,-1.937,0.060,146
8431,8.187,-0.671,0.000,2.063,-1.945,0.078,146
8432,8.191,-0.671,0.000,1.929,-1.954,0.057,146
8433,8.195,-0.671,0.000,1.796,-1.963,0.060,146
8434,8.199,-0.671,0.000,1.651,-1.971,0.061,146
8435,8.203,-0.671,0.000,1.489,-1.981,0.048,146
8436,8.207,-0.671,0.000,1.316,-1.990,0.033,146
8437,8.211,-0.671,0.000,1.130,-1.998,0.053,146
8438,8.215,-0.671,0.000,0.939,-2.008,0.014,146
8439,8.219,-0.670,0.000,0.746,-2.017,0.023,146
8440,8.223,-0.670,0.000,0.545,-2.026,0.020,146
8441,8.227,-0.670,0.000,0.332,-2.035,0.005,146
8442,8.232,-0.670,0.000,0.108,-2.044,0.008,146
8443,8.236,-0.670,0.000,-0.125,-2.053,-0.012,146
8444,8.240,-0.670,0.000,-0.379,-2.062,-0.006,146
8445,8.244,-0.670,0.000,-0.635,-2.072,-0.018,146
8446,8.248,-0.671,0.000,-0.897,-2.081,-0.029,146
8447,8.252,-0.671,0.000,-1.168,-2.091,-0.037,146
8448,8.257,-0.671,0.000,-1.445,-2.101,-0.046,146
8449,8.261,-0.671,0.000,-1.728,-2.110,-0.074,146
8450,8.265,-0.671,0.000,-2.010,-2.120,-0.063,146
8451,8.269,-0.671,0.000,-2.286,-2.129,-0.075,146
8452,8.273,-0.671,0.000,-2.565,-2.137,-0.111,146
8453,8.277,-0.671,0.000,-2.843,-2.148,-0.083,146
8454,8.281,-0.672,0.000,-3.120,-2.153,-0.147,146
8455,8.285,-0.672,0.000,-3.396,-2.163,-0.114,146
8456,8.289,-0.672,0.000,-3.671,-2.169,-0.161,146
8457,8.292,-0.672,0.000,-3.944,-2.179,-0.141,146
8458,8.296,-0.673,0.000,-4.214,-2.186,-0.170,146
8459,8.300,-0.673,0.000,-4.483,-2.197,-0.156,146
8460,8.304,-0.673,0.000,-4.749,-2.204,-0.178,146
8461,8.308,-0.674,0.000,-5.016,-2.206,-0.201,146
8462,8.312,-0.674,0.000,-5.288,-2.192,-0.188,146
8463,8.316,-0.674,0.000,-5.555,-2.173,-0.229,146
8464,8.320,-0.675,0.000,-5.820,-2.160,-0.213,146
8465,8.324,-0.675,0.000,-6.081,-2.141,-0.245,146
8466,8.328,-0.676,0.000,-6.324,-2.126,-0.241,146
8467,8.331,-0.676,0.000,-6.548,-2.111,-0.241,146
8468,8.335,-0.676,0.000,-6.764,-2.093,-0.257,146
8469,8.338,-0.677,0.000,-6.960,-2.080,-0.240,146
8470,8.342,-0.677,0.000,-7.131,-2.060,-0.281,146
8471,8.346,-0.678,0.000,-7.279,-2.052,-0.232,146
8472,8.350,-0.678,0.000,-7.428,-2.032,-0.279,146
8473,8.353,-0.679,0.000,-7.574,-2.023,-0.247,146
8474,8.357,-0.679,0.000,-7.714,-2.002,-0.300,146
8475,8.361,-0.680,0.000,-7.868,-1.994,-0.250,146
8476,8.364,-0.680,0.000,-8.042,-1.975,-0.302,146
8477,8.368,-0.681,0.000,-8.216,-1.964,-0.279,146
8478,8.372,-0.681,0.000,-8.386,-1.954,-0.263,146
8479,8.375,-0.682,0.000,-8.553,-1.930,-0.334,146
8480,8.379,-0.682,0.000,-8.717,-1.926,-0.272,146
8481,8.382,-0.683,0.000,-8.880,-1.907,-0.316,146
8482,8.385,-0.683,0.000,-9.053,-1.895,-0.297,146
8483,8.389,-0.684,0.000,-9.236,-1.879,-0.324,146
8484,8.392,-0.684,0.000,-9.425,-1.870,-0.301,146
8485,8.396,-0.685,0.000,-9.616,-1.855,-0.324,146
8486,8.400,-0.686,0.000,-9.800,-1.847,-0.305,146
8487,8.403,-0.686,0.000,-9.974,-1.834,-0.314,146
8488,8.407,-0.687,0.000,-10.138,-1.820,-0.342,146
8489,8.411,-0.688,0.000,-10.312,-1.812,-0.322,146
8490,8.414,-0.688,0.000,-10.459,-1.799,-0.340,146
8491,8.418,-0.689,0.000,-10.516,-1.789,-0.338,146
8492,8.422,-0.690,0.000,-10.475,-1.783,-0.316,146
8493,8.425,-0.690,0.000,-10.399,-1.765,-0.346,146
8494,8.429,-0.691,0.000,-10.284,-1.761,-0.312,146
8495,8.432,-0.691,0.000,-10.130,-1.749,-0.324,146
8496,8.436,-0.692,0.000,-9.944,-1.741,-0.316,146
8497,8.440,-0.693,0.000,-9.720,-1.738,-0.279,146
8498,8.443,-0.693,0.000,-9.482,-1.724,-0.313,146
8499,8.447,-0.694,0.000,-9.219,-1.724,-0.262,146
8500,8.451,-0.695,0.000,-8.947,-1.711,-0.294,146
8501,8.455,-0.695,0.000,-8.674,-1.710,-0.250,146
8502,8.459,-0.696,0.000,-8.362,-1.704,-0.243,146
8503,8.462,-0.697,0.000,-7.997,-1.697,-0.235,146
8504,8.466,-0.697,0.000,-7.588,-1.692,-0.221,146
8505,8.470,-0.698,0.000,-7.154,-1.685,-0.217,146
8506,8.474,-0.698,0.000,-6.701,-1.680,-0.207,146
8507,8.478,-0.698,0.000,-6.241,-1.677,-0.178,146
8508,8.482,-0.699,0.000,-5.790,-1.673,-0.159,146
8509,8.486,-0.699,0.000,-5.327,-1.665,-0.168,146
8510,8.490,-0.700,0.000,-4.854,-1.663,-0.128,146
8511,8.494,-0.700,0.000,-4.382,-1.656,-0.143,146
8512,8.498,-0.700,0.000,-3.911,-1.655,-0.088,146
8513,8.501,-0.700,0.000,-3.442,-1.646,-0.133,146
8514,8.505,-0.701,0.000,-2.976,-1.645,-0.068,146
8515,8.509,-0.701,0.000,-2.514,-1.638,-0.097,146
8516,8.513,-0.701,0.000,-2.055,-1.636,-0.048,146
8517,8.517,-0.701,0.000,-1.602,-1.631,-0.061,146
8518,8.521,-0.701,0.000,-1.153,-1.627,-0.042,146
8519,8.525,-0.701,0.000,-0.705,-1.623,-0.020,146
8520,8.529,-0.701,0.000,-0.259,-1.619,-0.010,146
8521,8.533,-0.701,0.000,0.179,-1.615,0.010,146
8522,8.537,-0.701,0.000,0.614,-1.611,0.023,146
8523,8.541,-0.701,0.000,1.040,-1.608,0.019,146
8524,8.545,-0.701,0.000,1.461,-1.604,0.039,146
8525,8.549,-0.701,0.000,1.876,-1.600,0.053,146
8526,8.553,-0.701,0.000,2.279,-1.596,0.065,146
8527,8.557,-0.701,0.000,2.676,-1.594,0.074,146
8528,8.561,-0.700,0.000,3.073,-1.591,0.075,146
8529,8.565,-0.700,0.000,3.463,-1.586,0.108,146
8530,8.570,-0.700,0.000,3.845,-1.585,0.102,146
8531,8.574,-0.700,0.000,4.209,-1.580,0.131,146
8532,8.578,-0.699,0.000,4.558,-1.579,0.125,146
8533,8.582,-0.699,0.000,4.895,-1.577,0.122,146
8534,8.586,-0.699,0.000,5.224,-1.572,0.165,146
8535,8.590,-0.698,0.000,5.548,-1.573,0.128,146
8536,8.594,-0.698,0.000,5.867,-1.568,0.173,146
8537,8.598,-0.697,0.000,6.174,-1.568,0.155,146
8538,8.602,-0.697,0.000,6.472,-1.565,0.179,146
8539,8.606,-0.697,0.000,6.756,-1.562,0.186,146
8540,8.610,-0.696,0.000,7.010,-1.560,0.200,146
8541,8.614,-0.696,0.000,7.219,-1.561,0.193,146
8542,8.618,-0.695,0.000,7.391,-1.560,0.202,146
8543,8.622,-0.695,0.000,7.524,-1.558,0.211,146
8544,8.626,-0.694,0.000,7.620,-1.561,0.199,146
8545,8.630,-0.693,0.000,7.690,-1.558,0.221,146
8546,8.635,-0.693,0.000,7.730,-1.562,0.207,146
8547,8.638,-0.692,0.000,7.776,-1.558,0.224,146
8548,8.642,-0.692,0.000,7.820,-1.563,0.190,146
8549,8.646,-0.691,0.000,7.857,-1.556,0.246,146
8550,8.650,-0.691,0.000,7.891,-1.565,0.181,146
8551,8.654,-0.690,0.000,7.919,-1.558,0.231,146
8552,8.657,-0.690,0.000,7.937,-1.562,0.200,146
8553,8.661,-0.689,0.000,7.950,-1.559,0.228,146
8554,8.665,-0.689,0.000,7.961,-1.557,0.231,146
8555,8.669,-0.688,0.000,7.950,-1.564,0.194,146
8556,8.673,-0.687,0.000,7.935,-1.556,0.253,146
8557,8.677,-0.687,0.000,7.927,-1.565,0.199,146
8558,8.681,-0.686,0.000,7.923,-1.560,0.243,146
8559,8.684,-0.686,0.000,7.915,-1.569,0.190,146
8560,8.689,-0.685,0.000,7.903,-1.566,0.234,146
8561,8.692,-0.685,0.000,7.888,-1.570,0.212,146
8562,8.696,-0.684,0.000,7.858,-1.569,0.235,146
8563,8.700,-0.684,0.000,7.817,-1.576,0.193,146
8564,8.704,-0.683,0.000,7.766,-1.573,0.223,146
8565,8.707,-0.683,0.000,7.705,-1.577,0.196,146
8566,8.711,-0.682,0.000,7.636,-1.575,0.220,146
8567,8.715,-0.682,0.000,7.551,-1.580,0.199,146
8568,8.719,-0.681,0.000,7.435,-1.581,0.198,146
8569,8.722,-0.681,0.000,7.271,-1.583,0.198,146
8570,8.726,-0.680,0.000,7.078,-1.585,0.202,146
8571,8.730,-0.680,0.000,6.859,-1.588,0.198,146
8572,8.734,-0.679,0.000,6.609,-1.592,0.191,146
8573,8.738,-0.679,0.000,6.330,-1.596,0.182,146
8574,8.742,-0.678,0.000,6.026,-1.600,0.172,146
8575,8.746,-0.678,0.000,5.712,-1.605,0.159,146
8576,8.750,-0.678,0.000,5.403,-1.609,0.140,146
8577,8.754,-0.677,0.000,5.096,-1.612,0.141,146
8578,8.757,-0.677,0.000,4.793,-1.613,0.150,146
8579,8.761,-0.677,0.000,4.478,-1.617,0.134,146
8580,8.765,-0.676,0.000,4.153,-1.622,0.104,146
8581,8.769,-0.676,0.000,3.823,-1.623,0.131,146
8582,8.772,-0.676,0.000,3.490,-1.630,0.074,146
8583,8.776,-0.676,0.000,3.156,-1.632,0.106,146
8584,8.780,-0.676,0.000,2.825,-1.637,0.080,146
8585,8.784,-0.675,0.000,2.496,-1.643,0.049,146
8586,8.788,-0.675,0.000,2.170,-1.645,0.103,146
8587,8.792,-0.675,0.000,1.847,-1.651,0.030,146
8588,8.796,-0.675,0.000,1.526,-1.655,0.054,146
8589,8.800,-0.675,0.000,1.207,-1.659,0.026,146
8590,8.804,-0.675,0.000,0.891,-1.663,0.022,146
8591,8.807,-0.675,0.000,0.578,-1.666,0.002,146
8592,8.811,-0.675,0.000,0.267,-1.670,0.004,146
8593,8.815,-0.675,0.000,-0.040,-1.673,0.015,146
8594,8.819,-0.675,0.000,-0.342,-1.677,-0.015,146
8595,8.823,-0.675,0.000,-0.641,-1.682,-0.015,146
8596,8.827,-0.675,0.000,-0.939,-1.687,-0.020,146
8597,8.831,-0.675,0.000,-1.233,-1.692,-0.041,146
8598,8.835,-0.675,0.000,-1.522,-1.697,-0.030,146
8599,8.839,-0.675,0.000,-1.806,-1.702,-0.061,146
8600,8.843,-0.675,0.000,-2.080,-1.706,-0.065,146
8601,8.847,-0.675,0.000,-2.342,-1.710,-0.071,146
8602,8.850,-0.676,0.000,-2.596,-1.714,-0.077,146
8603,8.854,-0.676,0.000,-2.838,-1.718,-0.086,146
8604,8.858,-0.676,0.000,-3.062,-1.721,-0.098,146
8605,8.861,-0.676,0.000,-3.271,-1.726,-0.087,146
8606,8.865,-0.676,0.000,-3.467,-1.730,-0.096,146
8607,8.869,-0.677,0.000,-3.647,-1.734,-0.107,146
8608,8.873,-0.677,0.000,-3.808,-1.739,-0.112,146
8609,8.877,-0.677,0.000,-3.951,-1.744,-0.127,146
8610,8.881,-0.677,0.000,-4.080,-1.750,-0.123,146
8611,8.885,-0.678,0.000,-4.194,-1.755,-0.133,146
8612,8.889,-0.678,0.000,-4.295,-1.762,-0.132,146
8613,8.893,-0.678,0.000,-4.384,-1.767,-0.145,146
8614,8.897,-0.679,0.000,-4.461,-1.773,-0.135,146
8615,8.901,-0.679,0.000,-4.524,-1.779,-0.146,146
8616,8.904,-0.679,0.000,-4.571,-1.784,-0.151,146
8617,8.908,-0.679,0.000,-4.612,-1.790,-0.155,146
8618,8.912,-0.680,0.000,-4.645,-1.797,-0.126,146
8619,8.916,-0.680,0.000,-4.668,-1.801,-0.155,146
8620,8.920,-0.680,0.000,-4.688,-1.807,-0.158,146
8621,8.924,-0.681,0.000,-4.694,-1.814,-0.153,146
8622,8.928,-0.681,0.000,-4.684,-1.820,-0.152,146
8623,8.932,-0.681,0.000,-4.666,-1.828,-0.142,146
8624,8.936,-0.682,0.000,-4.636,-1.833,-0.162,146
8625,8.939,-0.682,0.000,-4.606,-1.841,-0.137,146
8626,8.943,-0.682,0.000,-4.568,-1.847,-0.145,146
8627,8.947,-0.683,0.000,-4.522,-1.852,-0.163,146
8628,8.951,-0.683,0.000,-4.481,-1.860,-0.150,146
8629,8.955,-0.683,0.000,-4.439,-1.867,-0.145,146
8630,8.959,-0.684,0.000,-4.388,-1.873,-0.149,146
8631,8.963,-0.684,0.000,-4.330,-1.880,-0.150,146
8632,8.967,-0.684,0.000,-4.266,-1.888,-0.146,146
8633,8.971,-0.684,0.000,-4.197,-1.895,-0.144,146
8634,8.975,-0.685,0.000,-4.124,-1.904,-0.132,146
8635,8.979,-0.685,0.000,-4.043,-1.910,-0.140,146
8636,8.982,-0.685,0.000,-3.950,-1.918,-0.126,146
8637,8.986,-0.685,0.000,-3.860,-1.927,-0.119,146
8638,8.990,-0.686,0.000,-3.772,-1.934,-0.123,146
8639,8.994,-0.686,0.000,-3.683,-1.941,-0.142,146
8640,8.998,-0.686,0.000,-3.595,-1.951,-0.100,146
8641,9.002,-0.686,0.000,-3.507,-1.956,-0.143,146
8642,9.006,-0.687,0.000,-3.420,-1.966,-0.112,146
8643,9.012,-0.687,0.000,-3.331,-1.983,-0.118,146
8644,9.018,-0.687,0.000,-3.238,-2.000,-0.120,146
8645,9.024,-0.688,0.000,-3.145,-2.016,-0.119,146
8646,9.030,-0.688,0.000,-3.080,-2.033,-0.110,146
8647,9.035,-0.688,0.000,-3.051,-2.050,-0.116,146
8648,9.041,-0.689,0.000,-3.063,-2.067,-0.113,146
8649,9.047,-0.689,0.000,-3.122,-2.084,-0.118,146
8650,9.053,-0.689,0.000,-3.220,-2.102,-0.114,146
8651,9.059,-0.690,0.000,-3.336,-2.117,-0.132,146
8652,9.065,-0.690,0.000,-3.464,-2.134,-0.124,146
8653,9.070,-0.690,0.000,-3.616,-2.150,-0.135,146
8654,9.075,-0.691,0.000,-3.790,-2.165,-0.138,146
8655,9.081,-0.691,0.000,-3.983,-2.180,-0.144,146
8656,9.086,-0.692,0.000,-4.187,-2.193,-0.156,146
8657,9.091,-0.692,0.000,-4.393,-2.200,-0.184,146
8658,9.096,-0.692,0.000,-4.595,-2.201,-0.176,146
8659,9.101,-0.693,0.000,-4.789,-2.199,-0.186,146
8660,9.105,-0.693,0.000,-4.980,-2.198,-0.180,146
8661,9.110,-0.693,0.000,-5.171,-2.193,-0.197,146
8662,9.114,-0.694,0.000,-5.353,-2.178,-0.214,146
8663,9.119,-0.694,0.000,-5.528,-2.165,-0.201,146
8664,9.123,-0.695,0.000,-5.698,-2.148,-0.231,146
8665,9.127,-0.695,0.000,-5.868,-2.135,-0.215,146
8666,9.131,-0.695,0.000,-6.025,-2.118,-0.225,146
8667,9.134,-0.696,0.000,-6.155,-2.102,-0.231,146
8668,9.138,-0.696,0.000,-6.247,-2.086,-0.227,146
8669,9.142,-0.697,0.000,-6.316,-2.068,-0.244,146
8670,9.145,-0.697,0.000,-6.373,-2.053,-0.235,146
8671,9.149,-0.697,0.000,-6.387,-2.040,-0.216,146
8672,9.152,-0.698,0.000,-6.381,-2.022,-0.247,146
8673,9.155,-0.698,0.000,-6.376,-2.009,-0.209,146
8674,9.159,-0.699,0.000,-6.394,-1.993,-0.230,146
8675,9.163,-0.699,0.000,-6.387,-1.978,-0.226,146
8676,9.166,-0.699,0.000,-6.319,-1.965,-0.203,146
8677,9.169,-0.700,0.000,-6.234,-1.949,-0.214,146
8678,9.173,-0.700,0.000,-6.138,-1.933,-0.216,146
8679,9.175,-0.700,0.000,-6.040,-1.919,-0.183,146
8680,9.179,-0.701,0.000,-5.932,-1.900,-0.221,146
8681,9.181,-0.701,0.000,-5.817,-1.886,-0.174,146
8682,9.184,-0.701,0.000,-5.702,-1.871,-0.189,146
8683,9.187,-0.701,0.000,-5.568,-1.856,-0.179,146
8684,9.190,-0.702,0.000,-5.414,-1.842,-0.166,146
8685,9.193,-0.702,0.000,-5.231,-1.824,-0.185,146
8686,9.196,-0.702,0.000,-5.031,-1.812,-0.144,146
8687,9.199,-0.703,0.000,-4.823,-1.797,-0.155,146
8688,9.203,-0.703,0.000,-4.603,-1.785,-0.144,146
8689,9.206,-0.703,0.000,-4.358,-1.771,-0.130,146
8690,9.209,-0.703,0.000,-4.111,-1.756,-0.143,146
8691,9.211,-0.704,0.000,-3.868,-1.744,-0.101,146
8692,9.214,-0.704,0.000,-3.621,-1.727,-0.134,146
8693,9.217,-0.704,0.000,-3.366,-1.716,-0.092,146
8694,9.221,-0.704,0.000,-3.082,-1.703,-0.095,146
8695,9.224,-0.704,0.000,-2.761,-1.691,-0.081,146
8696,9.227,-0.704,0.000,-2.400,-1.679,-0.074,146
8697,9.230,-0.705,0.000,-2.021,-1.667,-0.057,146
8698,9.234,-0.705,0.000,-1.630,-1.657,-0.048,146
8699,9.237,-0.705,0.000,-1.231,-1.645,-0.031,146
8700,9.240,-0.705,0.000,-0.837,-1.634,-0.032,146
8701,9.244,-0.705,0.000,-0.435,-1.624,-0.003,146
8702,9.247,-0.705,0.000,-0.033,-1.613,0.012,146
8703,9.250,-0.705,0.000,0.370,-1.603,-0.007,146
8704,9.254,-0.705,0.000,0.774,-1.592,0.035,146
8705,9.257,-0.705,0.000,1.177,-1.582,0.013,146
8706,9.260,-0.705,0.000,1.587,-1.570,0.057,146
8707,9.263,-0.705,0.000,2.011,-1.559,0.038,146
8708,9.267,-0.704,0.000,2.439,-1.548,0.092,146
8709,9.270,-0.704,0.000,2.866,-1.541,0.048,146
8710,9.274,-0.704,0.000,3.290,-1.529,0.101,146
8711,9.277,-0.704,0.000,3.712,-1.522,0.080,146
8712,9.281,-0.704,0.000,4.130,-1.512,0.107,146
8713,9.284,-0.703,0.000,4.550,-1.503,0.121,146
8714,9.288,-0.703,0.000,4.980,-1.495,0.124,146
8715,9.291,-0.703,0.000,5.415,-1.484,0.151,146
8716,9.295,-0.702,0.000,5.855,-1.476,0.147,146
8717,9.298,-0.702,0.000,6.295,-1.464,0.179,146
8718,9.301,-0.702,0.000,6.738,-1.456,0.167,146
8719,9.304,-0.701,0.000,7.184,-1.446,0.186,146
8720,9.308,-0.701,0.000,7.625,-1.436,0.199,146
8721,9.311,-0.700,0.000,8.058,-1.430,0.188,146
8722,9.314,-0.700,0.000,8.484,-1.418,0.220,146
8723,9.318,-0.699,0.000,8.905,-1.410,0.225,146
8724,9.322,-0.699,0.000,9.312,-1.404,0.224,146
8725,9.325,-0.698,0.000,9.738,-1.394,0.247,146
8726,9.329,-0.698,0.000,10.143,-1.385,0.260,146
8727,9.332,-0.697,0.000,10.511,-1.378,0.260,146
8728,9.335,-0.696,0.000,10.837,-1.371,0.265,146
8729,9.339,-0.696,0.000,11.120,-1.362,0.274,146
8730,9.342,-0.695,0.000,11.367,-1.357,0.261,146
8731,9.345,-0.695,0.000,11.626,-1.346,0.278,146
8732,9.348,-0.694,0.000,11.889,-1.341,0.274,146
8733,9.351,-0.693,0.000,12.097,-1.334,0.277,146
8734,9.355,-0.692,0.000,12.247,-1.325,0.292,146
8735,9.358,-0.692,0.000,12.366,-1.323,0.274,146
8736,9.362,-0.691,0.000,12.481,-1.310,0.314,146
8737,9.365,-0.690,0.000,12.603,-1.311,0.283,146
8738,9.368,-0.689,0.000,12.737,-1.300,0.309,146
8739,9.372,-0.689,0.000,12.872,-1.296,0.306,146
8740,9.375,-0.688,0.000,12.974,-1.293,0.298,146
8741,9.378,-0.687,0.000,13.050,-1.289,0.290,146
8742,9.381,-0.686,0.000,13.098,-1.278,0.307,146
8743,9.385,-0.686,0.000,13.123,-1.272,0.310,146
8744,9.388,-0.685,0.000,13.130,-1.269,0.296,146
8745,9.391,-0.684,0.000,13.105,-1.266,0.283,146
8746,9.394,-0.683,0.000,13.091,-1.259,0.293,146
8747,9.398,-0.682,0.000,13.077,-1.253,0.301,146
8748,9.401,-0.682,0.000,13.053,-1.254,0.275,146
8749,9.405,-0.681,0.000,13.027,-1.245,0.297,146
8750,9.408,-0.680,0.000,12.995,-1.244,0.282,146
8751,9.411,-0.679,0.000,12.908,-1.239,0.283,146
8752,9.415,-0.678,0.000,12.741,-1.236,0.278,146
8753,9.418,-0.678,0.000,12.522,-1.234,0.266,146
8754,9.421,-0.677,0.000,12.253,-1.231,0.259,146
8755,9.424,-0.676,0.000,11.958,-1.223,0.273,146
8756,9.427,-0.676,0.000,11.649,-1.220,0.260,146
8757,9.430,-0.675,0.000,11.328,-1.220,0.239,146
8758,9.434,-0.674,0.000,11.005,-1.216,0.239,146
8759,9.437,-0.674,0.000,10.669,-1.215,0.224,146
8760,9.440,-0.673,0.000,10.342,-1.209,0.236,146
8761,9.443,-0.672,0.000,10.050,-1.212,0.200,146
8762,9.447,-0.672,0.000,9.771,-1.205,0.231,146
8763,9.450,-0.671,0.000,9.494,-1.213,0.168,146
8764,9.454,-0.671,0.000,9.216,-1.204,0.214,146
8765,9.457,-0.670,0.000,8.934,-1.209,0.165,146
8766,9.460,-0.670,0.000,8.653,-1.199,0.213,146
8767,9.464,-0.669,0.000,8.377,-1.205,0.155,146
8768,9.467,-0.669,0.000,8.098,-1.201,0.161,146
8769,9.470,-0.668,0.000,7.820,-1.192,0.206,146
8770,9.474,-0.668,0.000,7.545,-1.203,0.115,146
8771,9.477,-0.667,0.000,7.271,-1.196,0.153,146
8772,9.481,-0.667,0.000,6.999,-1.190,0.194,146
8773,9.484,-0.666,0.000,6.730,-1.200,0.101,146
8774,9.488,-0.666,0.000,6.462,-1.195,0.138,146
8775,9.491,-0.666,0.000,6.195,-1.195,0.136,146
8776,9.495,-0.665,0.000,5.931,-1.197,0.101,146
8777,9.498,-0.665,0.000,5.670,-1.191,0.151,146
8778,9.501,-0.665,0.000,5.411,-1.195,0.095,146
8779,9.505,-0.664,0.000,5.155,-1.193,0.106,146
8780,9.508,-0.664,0.000,4.900,-1.192,0.101,146
8781,9.511,-0.664,0.000,4.645,-1.192,0.085,146
8782,9.515,-0.664,0.000,4.396,-1.190,0.102,146
8783,9.518,-0.663,0.000,4.152,-1.191,0.091,146
8784,9.522,-0.663,0.000,3.916,-1.191,0.084,146
8785,9.526,-0.663,0.000,3.688,-1.193,0.068,146
8786,9.529,-0.663,0.000,3.469,-1.192,0.083,146
8787,9.533,-0.662,0.000,3.258,-1.195,0.055,146
8788,9.536,-0.662,0.000,3.055,-1.194,0.073,146
8789,9.540,-0.662,0.000,2.860,-1.196,0.042,146
8790,9.543,-0.662,0.000,2.676,-1.194,0.063,146
8791,9.547,-0.662,0.000,2.501,-1.195,0.043,146
8792,9.550,-0.661,0.000,2.332,-1.194,0.058,146
8793,9.553,-0.661,0.000,2.165,-1.195,0.034,146
8794,9.557,-0.661,0.000,1.996,-1.196,0.030,146
8795,9.560,-0.661,0.000,1.836,-1.196,0.052,146
8796,9.564,-0.661,0.000,1.687,-1.197,0.040,146
8797,9.568,-0.661,0.000,1.546,-1.199,0.028,146
8798,9.572,-0.661,0.000,1.415,-1.201,0.041,146
8799,9.575,-0.661,0.000,1.290,-1.203,0.014,146
8800,9.579,-0.661,0.000,1.167,-1.204,0.045,146
8801,9.583,-0.661,0.000,1.048,-1.207,0.013,146
8802,9.586,-0.661,0.000,0.936,-1.207,0.039,146
8803,9.590,-0.660,0.000,0.831,-1.209,-0.009,146
8804,9.593,-0.660,0.000,0.732,-1.209,0.034,146
8805,9.597,-0.660,0.000,0.636,-1.211,-0.012,146
8806,9.600,-0.660,0.000,0.544,-1.212,0.022,146
8807,9.604,-0.660,0.000,0.457,-1.214,-0.004,146
8808,9.608,-0.660,0.000,0.372,-1.217,0.028,146
8809,9.611,-0.660,0.000,0.290,-1.220,-0.001,146
8810,9.615,-0.660,0.000,0.214,-1.223,-0.004,146
8811,9.619,-0.660,0.000,0.145,-1.226,-0.002,146
8812,9.623,-0.660,0.000,0.084,-1.229,0.017,146
8813,9.627,-0.660,0.000,0.023,-1.232,0.006,146
8814,9.630,-0.660,0.000,-0.032,-1.235,-0.018,146
8815,9.634,-0.660,0.000,-0.083,-1.238,0.012,146
8816,9.637,-0.660,0.000,-0.131,-1.240,-0.025,146
8817,9.641,-0.660,0.000,-0.169,-1.243,0.004,146
8818,9.645,-0.660,0.000,-0.196,-1.245,0.000,146
8819,9.648,-0.660,0.000,-0.216,-1.249,-0.008,146
8820,9.652,-0.660,0.000,-0.224,-1.252,-0.014,146
8821,9.656,-0.660,0.000,-0.230,-1.255,0.003,146
8822,9.660,-0.660,0.000,-0.235,-1.259,-0.018,146
8823,9.664,-0.660,0.000,-0.239,-1.263,-0.013,146
8824,9.667,-0.660,0.000,-0.245,-1.267,-0.002,146
8825,9.671,-0.660,0.000,-0.252,-1.271,-0.015,146
8826,9.675,-0.660,0.000,-0.255,-1.275,0.003,146
8827,9.679,-0.660,0.000,-0.255,-1.279,0.005,146
8828,9.682,-0.660,0.000,-0.254,-1.282,-0.021,146
8829,9.686,-0.660,0.000,-0.250,-1.285,0.011,146
8830,9.689,-0.660,0.000,-0.247,-1.288,-0.000,146
8831,9.693,-0.660,0.000,-0.244,-1.291,-0.005,146
8832,9.697,-0.660,0.000,-0.240,-1.295,-0.016,146
8833,9.700,-0.660,0.000,-0.236,-1.299,-0.014,146
8834,9.704,-0.660,0.000,-0.234,-1.303,0.003,146
8835,9.708,-0.661,0.000,-0.233,-1.307,-0.005,146
8836,9.712,-0.661,0.000,-0.235,-1.312,-0.013,146
8837,9.715,-0.661,0.000,-0.240,-1.316,-0.002,146
8838,9.719,-0.661,0.000,-0.249,-1.321,-0.013,146
8839,9.723,-0.661,0.000,-0.261,-1.324,-0.016,146
8840,9.726,-0.661,0.000,-0.274,-1.328,0.006,146
8841,9.730,-0.661,0.000,-0.288,-1.332,-0.011,146
8842,9.733,-0.661,0.000,-0.304,-1.335,-0.003,146
8843,9.737,-0.661,0.000,-0.324,-1.339,-0.010,146
8844,9.740,-0.661,0.000,-0.349,-1.343,0.005,146
8845,9.744,-0.661,0.000,-0.383,-1.348,0.000,146
8846,9.748,-0.661,0.000,-0.422,-1.352,-0.008,146
8847,9.751,-0.661,0.000,-0.465,-1.357,-0.016,146
8848,9.755,-0.661,0.000,-0.514,-1.362,-0.021,146
8849,9.759,-0.661,0.000,-0.568,-1.368,-0.019,146
8850,9.763,-0.661,0.000,-0.629,-1.373,-0.019,146
8851,9.766,-0.661,0.000,-0.695,-1.378,-0.022,146
8852,9.770,-0.661,0.000,-0.766,-1.382,-0.015,146
8853,9.773,-0.661,0.000,-0.839,-1.386,-0.035,146
8854,9.777,-0.661,0.000,-0.912,-1.390,-0.024,146
8855,9.780,-0.661,0.000,-0.990,-1.395,-0.022,146
8856,9.784,-0.661,0.000,-1.070,-1.399,-0.036,146
8857,9.787,-0.661,0.000,-1.155,-1.405,-0.016,146
8858,9.791,-0.661,0.000,-1.242,-1.410,-0.019,146
8859,9.795,-0.661,0.000,-1.332,-1.416,-0.033,146
8860,9.799,-0.661,0.000,-1.426,-1.421,-0.048,146
8861,9.802,-0.662,0.000,-1.516,-1.427,-0.047,146
8862,9.806,-0.662,0.000,-1.611,-1.433,-0.043,146
8863,9.810,-0.662,0.000,-1.713,-1.438,-0.047,146
8864,9.813,-0.662,0.000,-1.822,-1.442,-0.052,146
8865,9.817,-0.662,0.000,-1.936,-1.447,-0.055,146
8866,9.820,-0.662,0.000,-2.055,-1.452,-0.048,146
8867,9.824,-0.662,0.000,-2.176,-1.456,-0.059,146
8868,9.827,-0.662,0.000,-2.302,-1.462,-0.061,146
8869,9.831,-0.663,0.000,-2.434,-1.467,-0.068,146
8870,9.834,-0.663,0.000,-2.571,-1.473,-0.073,146
8871,9.838,-0.663,0.000,-2.714,-1.480,-0.061,146
8872,9.842,-0.663,0.000,-2.859,-1.485,-0.094,146
8873,9.846,-0.663,0.000,-3.005,-1.494,-0.052,146
8874,9.849,-0.664,0.000,-3.151,-1.498,-0.094,146
8875,9.853,-0.664,0.000,-3.296,-1.505,-0.075,146
8876,9.856,-0.664,0.000,-3.446,-1.510,-0.087,146
8877,9.860,-0.664,0.000,-3.600,-1.515,-0.092,146
8878,9.863,-0.664,0.000,-3.756,-1.521,-0.099,146
8879,9.867,-0.665,0.000,-3.914,-1.527,-0.094,146
8880,9.870,-0.665,0.000,-4.074,-1.531,-0.114,146
8881,9.874,-0.665,0.000,-4.238,-1.537,-0.118,146
8882,9.877,-0.665,0.000,-4.403,-1.544,-0.116,146
8883,9.881,-0.666,0.000,-4.568,-1.552,-0.113,146
8884,9.885,-0.666,0.000,-4.732,-1.556,-0.145,146
8885,9.889,-0.666,0.000,-4.895,-1.565,-0.119,146
8886,9.892,-0.667,0.000,-5.056,-1.571,-0.130,146
8887,9.896,-0.667,0.000,-5.215,-1.576,-0.143,146
8888,9.899,-0.667,0.000,-5.370,-1.582,-0.145,146
8889,9.902,-0.668,0.000,-5.522,-1.588,-0.142,146
8890,9.906,-0.668,0.000,-5.671,-1.591,-0.176,146
8891,9.909,-0.668,0.000,-5.817,-1.598,-0.165,146
8892,9.913,-0.669,0.000,-5.954,-1.605,-0.158,146
8893,9.916,-0.669,0.000,-6.077,-1.610,-0.175,146
8894,9.920,-0.669,0.000,-6.195,-1.617,-0.172,146
8895,9.923,-0.670,0.000,-6.310,-1.623,-0.180,146
8896,9.927,-0.670,0.000,-6.422,-1.631,-0.173,146
8897,9.931,-0.671,0.000,-6.533,-1.637,-0.189,146
8898,9.934,-0.671,0.000,-6.634,-1.643,-0.199,146
8899,9.938,-0.671,0.000,-6.727,-1.652,-0.186,146
8900,9.941,-0.672,0.000,-6.818,-1.659,-0.185,146
8901,9.945,-0.672,0.000,-6.903,-1.663,-0.200,146
8902,9.948,-0.673,0.000,-6.983,-1.670,-0.203,146
8903,9.952,-0.673,0.000,-7.051,-1.675,-0.214,146
8904,9.955,-0.673,0.000,-7.107,-1.681,-0.218,146
8905,9.959,-0.674,0.000,-7.152,-1.688,-0.217,146
8906,9.962,-0.674,0.000,-7.188,-1.698,-0.200,146
8907,9.966,-0.675,0.000,-7.222,-1.703,-0.225,146
8908,9.970,-0.675,0.000,-7.246,-1.712,-0.224,146
8909,9.973,-0.676,0.000,-7.261,-1.721,-0.224,146
8910,9.977,-0.676,0.000,-7.268,-1.731,-0.212,146
8911,9.981,-0.677,0.000,-7.273,-1.737,-0.230,146
8912,9.984,-0.677,0.000,-7.276,-1.747,-0.210,146
8913,9.988,-0.678,0.000,-7.278,-1.754,-0.216,146
8914,9.991,-0.678,0.000,-7.278,-1.758,-0.239,146
8915,9.994,-0.678,0.000,-7.280,-1.767,-0.222,146
8916,9.998,-0.679,0.000,-7.299,-1.773,-0.243,146
8917,10.002,-0.679,0.000,-7.318,-1.786,-0.206,146
8918,10.007,-0.680,0.000,-7.321,-1.794,-0.258,146
8919,10.011,-0.681,0.000,-7.312,-1.813,-0.205,146
8920,10.015,-0.681,0.000,-7.306,-1.817,-0.240,146
8921,10.019,-0.682,0.000,-7.294,-1.832,-0.231,146
8922,10.025,-0.682,0.000,-7.280,-1.847,-0.233,146
8923,10.030,-0.683,0.000,-7.239,-1.865,-0.242,146
8924,10.037,-0.684,0.000,-7.142,-1.886,-0.232,146
8925,10.042,-0.684,0.000,-6.992,-1.904,-0.221,146
8926,10.048,-0.685,0.000,-6.778,-1.922,-0.241,146
8927,10.054,-0.686,0.000,-6.529,-1.945,-0.208,146
8928,10.060,-0.687,0.000,-6.278,-1.961,-0.231,144
8929,10.057,-0.686,0.000,-6.047,-1.946,-0.181,144
8930,10.055,-0.686,0.000,-5.832,-1.926,-0.231,144
8931,10.055,-0.686,0.000,-5.634,-1.925,-0.174,144
8932,10.056,-0.686,0.000,-5.411,-1.919,-0.184,144
8933,10.058,-0.686,0.000,-5.094,-1.923,-0.174,144
8934,10.057,-0.686,0.000,-4.707,-1.914,-0.168,144
8935,10.060,-0.687,0.000,-4.249,-1.926,-0.132,144
8936,10.062,-0.687,0.000,-3.759,-1.925,-0.153,144
8937,10.065,-0.687,0.000,-3.284,-1.938,-0.072,144
8938,10.070,-0.687,0.000,-2.818,-1.950,-0.116,144
8939,10.073,-0.687,0.000,-2.343,-1.961,-0.072,144
8940,10.078,-0.688,0.000,-1.811,-1.977,-0.076,144
8941,10.083,-0.688,0.000,-1.208,-1.993,-0.044,144
8942,10.088,-0.688,0.000,-0.545,-2.009,-0.004,144
8943,10.093,-0.688,0.000,0.159,-2.026,-0.015,144
8944,10.098,-0.688,0.000,0.883,-2.043,0.048,144
8945,10.104,-0.688,0.000,1.630,-2.060,0.065,144
8946,10.109,-0.687,0.000,2.419,-2.078,0.088,144
8947,10.115,-0.687,0.000,3.241,-2.094,0.125,144
8948,10.120,-0.687,0.000,4.076,-2.112,0.150,144
8949,10.126,-0.686,0.000,4.927,-2.128,0.187,144
8950,10.132,-0.686,0.000,5.808,-2.145,0.211,144
8951,10.137,-0.685,0.000,6.710,-2.162,0.245,144
8952,10.143,-0.684,0.000,7.626,-2.177,0.287,144
8953,10.149,-0.684,0.000,8.543,-2.193,0.325,144
8954,10.155,-0.683,0.000,9.448,-2.159,0.354,144
8955,10.161,-0.682,0.000,10.336,-2.097,0.397,144
8956,10.167,-0.680,0.000,11.197,-2.041,0.413,144
8957,10.172,-0.679,0.000,11.993,-1.985,0.423,144
8958,10.178,-0.678,0.000,12.719,-1.928,0.441,144
8959,10.184,-0.677,0.000,13.365,-1.878,0.433,144
8960,10.190,-0.675,0.000,14.004,-1.819,0.471,144
8961,10.196,-0.674,0.000,14.632,-1.769,0.468,144
8962,10.201,-0.672,0.000,15.203,-1.717,0.466,144
8963,10.207,-0.670,0.000,15.698,-1.663,0.479,144
8964,10.213,-0.669,0.000,16.080,-1.622,0.452,144
8965,10.219,-0.667,0.000,16.494,-1.569,0.467,144
8966,10.225,-0.666,0.000,16.775,-1.521,0.462,144
8967,10.230,-0.664,0.000,16.860,-1.476,0.449,144
8968,10.236,-0.662,0.000,16.890,-1.430,0.446,144
8969,10.241,-0.660,0.000,16.914,-1.390,0.417,144
8970,10.247,-0.659,0.000,16.933,-1.342,0.421,144
8971,10.253,-0.657,0.000,16.900,-1.303,0.399,144
8972,10.258,-0.655,0.000,16.796,-1.267,0.368,144
8973,10.264,-0.654,0.000,16.639,-1.216,0.384,144
8974,10.270,-0.652,0.000,16.481,-1.189,0.326,144
8975,10.275,-0.650,0.000,16.329,-1.134,0.364,144
8976,10.281,-0.649,0.000,16.174,-1.112,0.292,144
8977,10.287,-0.647,0.000,16.017,-1.065,0.314,144
8978,10.292,-0.645,0.000,15.863,-1.032,0.277,144
8979,10.298,-0.644,0.000,15.702,-0.991,0.285,144
8980,10.304,-0.642,0.000,15.455,-0.956,0.265,144
8981,10.310,-0.641,0.000,15.079,-0.919,0.253,144
8982,10.315,-0.639,0.000,14.603,-0.887,0.222,144
8983,10.321,-0.638,0.000,14.075,-0.849,0.220,144
8984,10.327,-0.636,0.000,13.551,-0.819,0.187,144
8985,10.333,-0.635,0.000,13.030,-0.778,0.202,144
8986,10.338,-0.634,0.000,12.514,-0.757,0.134,144
8987,10.344,-0.632,0.000,12.002,-0.709,0.188,144
8988,10.350,-0.631,0.000,11.492,-0.687,0.126,144
8989,10.356,-0.630,0.000,10.977,-0.649,0.142,144
8990,10.362,-0.629,0.000,10.462,-0.622,0.104,144
8991,10.368,-0.628,0.000,9.937,-0.590,0.094,144
8992,10.374,-0.627,0.000,9.406,-0.558,0.088,144
8993,10.379,-0.626,0.000,8.888,-0.526,0.083,144
8994,10.385,-0.625,0.000,8.401,-0.498,0.058,144
8995,10.391,-0.624,0.000,7.944,-0.467,0.058,144
8996,10.397,-0.623,0.000,7.509,-0.433,0.074,144
8997,10.403,-0.622,0.000,7.080,-0.409,0.027,144
8998,10.409,-0.622,0.000,6.657,-0.374,0.071,144
8999,10.415,-0.621,0.000,6.235,-0.350,0.026,144
9000,10.421,-0.620,0.000,5.817,-0.318,0.052,144
9001,10.427,-0.620,0.000,5.401,-0.291,0.030,144
9002,10.433,-0.619,0.000,4.993,-0.265,0.023,144
9003,10.439,-0.619,0.000,4.593,-0.238,0.011,144
9004,10.445,-0.618,0.000,4.206,-0.210,0.018,144
9005,10.451,-0.618,0.000,3.839,-0.184,0.008,144
9006,10.457,-0.617,0.000,3.489,-0.158,0.012,144
9007,10.463,-0.617,0.000,3.147,-0.132,0.020,144
9008,10.469,-0.617,0.000,2.820,-0.107,0.013,144
9009,10.475,-0.617,0.000,2.520,-0.082,0.007,144
9010,10.481,-0.616,0.000,2.244,-0.057,0.005,144
9011,10.487,-0.616,0.000,1.990,-0.032,-0.007,144
9012,10.493,-0.616,0.000,1.749,-0.005,0.017,144
9013,10.499,-0.616,0.000,1.506,0.018,-0.020,144
9014,10.504,-0.616,0.000,1.271,0.045,0.012,144
9015,10.510,-0.615,0.000,1.043,0.068,0.007,144
9016,10.515,-0.615,0.000,0.833,0.093,-0.017,144
9017,10.521,-0.615,0.000,0.631,0.117,0.027,144
9018,10.526,-0.615,0.000,0.430,0.141,-0.015,144
9019,10.532,-0.615,0.000,0.242,0.164,-0.011,144
9020,10.537,-0.615,0.000,0.092,0.189,-0.002,144
9021,10.542,-0.615,0.000,-0.019,0.213,0.012,144
9022,10.547,-0.615,0.000,-0.098,0.237,-0.008,144
9023,10.552,-0.615,0.000,-0.126,0.261,-0.002,144
9024,10.558,-0.615,0.000,-0.113,0.284,0.012,144
9025,10.563,-0.615,0.000,-0.066,0.307,-0.010,144
9026,10.568,-0.615,0.000,0.035,0.331,-0.008,144
9027,10.572,-0.615,0.000,0.174,0.354,0.013,144
9028,10.577,-0.615,0.000,0.334,0.377,-0.010,144
9029,10.582,-0.615,0.000,0.542,0.400,0.002,144
9030,10.587,-0.615,0.000,0.802,0.423,-0.006,144
9031,10.592,-0.615,0.000,1.104,0.445,-0.019,144
9032,10.596,-0.615,0.000,1.428,0.468,-0.009,144
9033,10.601,-0.615,0.000,1.783,0.490,-0.020,144
9034,10.606,-0.615,0.000,2.184,0.511,-0.021,144
9035,10.610,-0.614,0.000,2.595,0.536,-0.025,144
9036,10.615,-0.614,0.000,3.006,0.556,-0.045,144
9037,10.620,-0.614,0.000,3.443,0.577,-0.040,144
9038,10.624,-0.614,0.000,3.936,0.599,-0.036,144
9039,10.629,-0.613,0.000,4.477,0.619,-0.041,144
9040,10.633,-0.613,0.000,5.084,0.638,-0.070,144
9041,10.638,-0.613,0.000,5.699,0.661,-0.048,144
9042,10.642,-0.612,0.000,6.309,0.679,-0.077,144
9043,10.647,-0.611,0.000,6.944,0.698,-0.083,144
9044,10.651,-0.611,0.000,7.618,0.718,-0.098,144
9045,10.656,-0.610,0.000,8.365,0.736,-0.104,144
9046,10.658,-0.610,0.000,9.140,0.761,-0.124,144
9047,10.660,-0.610,0.000,9.954,0.791,-0.139,144
9048,10.659,-0.610,0.000,10.815,0.833,-0.161,144
9049,10.661,-0.610,0.000,11.681,0.861,-0.164,144
9050,10.663,-0.609,0.000,12.585,0.877,-0.225,144
9051,10.666,-0.608,0.000,13.486,0.912,-0.178,144
9052,10.670,-0.608,0.000,14.382,0.914,-0.266,144
9053,10.670,-0.608,0.000,15.280,0.948,-0.281,144
9054,10.672,-0.607,0.000,16.189,0.991,-0.230,144
9055,10.675,-0.606,0.000,17.097,0.983,-0.334,144
9056,10.677,-0.606,0.000,18.000,1.004,-0.376,144
9057,10.679,-0.605,0.000,18.918,1.056,-0.305,144
9058,10.682,-0.604,0.000,19.848,1.054,-0.374,144
9059,10.683,-0.604,0.000,20.739,1.051,-0.472,144
9060,10.685,-0.603,0.000,21.631,1.105,-0.414,144
9061,10.688,-0.602,0.000,22.554,1.121,-0.429,144
9062,10.690,-0.601,0.000,23.466,1.100,-0.539,144
9063,10.692,-0.600,0.000,24.375,1.145,-0.509,144
9064,10.695,-0.599,0.000,25.286,1.161,-0.521,144
9065,10.697,-0.598,0.000,26.194,1.144,-0.618,144
9066,10.698,-0.597,0.000,27.079,1.191,-0.586,144
9067,10.702,-0.595,0.000,27.936,1.186,-0.636,144
9068,10.703,-0.594,0.000,28.800,1.190,-0.684,144
9069,10.706,-0.593,0.000,29.660,1.234,-0.651,144
9070,10.708,-0.592,0.000,30.522,1.208,-0.739,144
9071,10.710,-0.591,0.000,31.384,1.233,-0.749,144
9072,10.713,-0.589,0.000,32.291,1.253,-0.752,144
9073,10.715,-0.588,0.000,33.165,1.215,-0.857,144
9074,10.715,-0.587,0.000,34.015,1.260,-0.843,144
9075,10.719,-0.585,0.000,34.830,1.269,-0.858,144
9076,10.720,-0.584,0.000,35.656,1.247,-0.931,144
9077,10.723,-0.582,0.000,36.468,1.291,-0.906,144
9078,10.725,-0.580,0.000,37.270,1.260,-0.981,144
9079,10.726,-0.579,0.000,38.071,1.285,-0.991,144
9080,10.729,-0.577,0.000,38.864,1.281,-1.023,144
9081,10.731,-0.576,0.000,39.673,1.276,-1.068,144
9082,10.733,-0.574,0.000,40.603,1.270,-1.102,144
9083,10.735,-0.572,0.000,41.539,1.287,-1.117,144
9084,10.738,-0.570,0.000,42.476,1.261,-1.170,144
9085,10.739,-0.569,0.000,43.421,1.266,-1.201,144
9086,10.743,-0.565,0.000,44.364,1.246,-1.238,144
9087,10.745,-0.563,0.000,45.334,1.252,-1.258,144
9088,10.747,-0.561,0.000,46.545,1.237,-1.299,144
9089,10.749,-0.559,0.000,48.438,1.203,-1.357,144
9090,10.751,-0.556,0.000,50.428,1.166,-1.410,144
9091,10.754,-0.553,0.000,52.589,1.122,-1.463,144
9092,10.756,-0.550,0.000,55.033,1.054,-1.529,144
9093,10.758,-0.547,0.000,57.523,1.001,-1.580,144
9094,10.761,-0.543,0.000,60.059,0.955,-1.622,144
9095,10.763,-0.539,0.000,62.578,0.851,-1.691,144
9096,10.765,-0.534,0.000,65.087,0.808,-1.722,144
9097,10.767,-0.530,0.000,67.572,0.723,-1.768,144
9098,10.769,-0.525,0.000,70.049,0.643,-1.806,144
9099,10.771,-0.520,0.000,72.449,0.574,-1.837,144
9100,10.773,-0.514,0.000,74.617,0.527,-1.854,144
9101,10.775,-0.508,0.000,76.679,0.425,-1.885,144
9102,10.776,-0.502,0.000,78.713,0.405,-1.892,144
9103,10.777,-0.497,0.000,80.743,0.301,-1.916,144
9104,10.778,-0.491,0.000,82.749,0.266,-1.923,144
9105,10.779,-0.485,0.000,84.710,0.153,-1.939,144
9106,10.779,-0.479,0.000,86.643,0.126,-1.945,144
9107,10.779,-0.474,0.000,88.523,0.034,-1.954,144
9108,10.779,-0.469,0.000,90.299,-0.001,-1.961,144
9109,10.779,-0.464,0.000,91.888,-0.057,-1.967,144
9110,10.779,-0.459,0.000,93.274,-0.109,-1.973,144
9111,10.779,-0.455,0.000,94.457,-0.166,-1.978,144
9112,10.779,-0.450,0.000,95.505,-0.191,-1.983,144
9113,10.778,-0.445,0.000,96.377,-0.223,-1.987,144
9114,10.778,-0.441,0.000,97.103,-0.237,-1.994,144
9115,10.777,-0.437,0.000,97.700,-0.270,-2.000,144
9116,10.777,-0.433,0.000,98.077,-0.282,-2.007,144
9117,10.776,-0.428,0.000,98.141,-0.281,-2.017,144
9118,10.776,-0.424,0.000,97.865,-0.274,-2.027,144
9119,10.776,-0.420,0.000,97.291,-0.257,-2.039,144
9120,10.775,-0.416,0.000,96.576,-0.240,-2.049,144
9121,10.775,-0.412,0.000,95.790,-0.219,-2.061,144
9122,10.774,-0.407,0.000,94.857,-0.164,-2.074,144
9123,10.774,-0.403,0.000,93.838,-0.134,-2.085,144
9124,10.774,-0.399,0.000,92.763,-0.114,-2.094,144
9125,10.774,-0.395,0.000,91.664,-0.048,-2.106,144
9126,10.774,-0.390,0.000,90.543,-0.021,-2.112,144
9127,10.774,-0.386,0.000,89.371,0.019,-2.119,144
9128,10.774,-0.381,0.000,88.138,0.062,-2.124,144
9129,10.774,-0.377,0.000,86.850,0.127,-2.127,144
9130,10.774,-0.372,0.000,85.532,0.147,-2.133,144
9131,10.775,-0.368,0.000,84.221,0.220,-2.132,144
9132,10.775,-0.363,0.000,82.905,0.263,-2.133,144
9133,10.776,-0.358,0.000,81.585,0.324,-2.129,144
9134,10.776,-0.354,0.000,80.241,0.347,-2.130,144
9135,10.777,-0.349,0.000,78.881,0.442,-2.118,144
9136,10.778,-0.344,0.000,77.500,0.461,-2.117,144
9137,10.779,-0.340,0.000,76.115,0.529,-2.105,144
9138,10.781,-0.335,0.000,74.713,0.586,-2.094,144
9139,10.782,-0.330,0.000,73.271,0.630,-2.085,144
9140,10.783,-0.326,0.000,71.804,0.681,-2.073,144
9141,10.785,-0.321,0.000,70.323,0.735,-2.057,144
9142,10.787,-0.316,0.000,68.845,0.804,-2.034,144
9143,10.789,-0.311,0.000,67.330,0.850,-2.017,144
9144,10.791,-0.307,0.000,65.770,0.883,-2.006,144
9145,10.793,-0.302,0.000,64.246,0.957,-1.973,144
9146,10.795,-0.297,0.000,62.759,1.002,-1.953,144
9147,10.798,-0.293,0.000,61.369,1.044,-1.933,144
9148,10.800,-0.289,0.000,60.036,1.096,-1.907,144
9149,10.803,-0.284,0.000,58.771,1.144,-1.881,144
9150,10.805,-0.281,0.000,57.542,1.175,-1.867,144
9151,10.808,-0.276,0.000,56.378,1.228,-1.828,144
9152,10.811,-0.272,0.000,55.189,1.265,-1.796,144
9153,10.814,-0.268,0.000,54.055,1.282,-1.777,144
9154,10.817,-0.264,0.000,53.032,1.330,-1.737,144
9155,10.820,-0.260,0.000,52.020,1.345,-1.719,144
9156,10.823,-0.256,0.000,51.028,1.370,-1.692,144
9157,10.826,-0.252,0.000,50.118,1.395,-1.669,144
9158,10.829,-0.249,0.000,49.306,1.409,-1.653,144
9159,10.832,-0.245,0.000,48.701,1.425,-1.634,144
9160,10.835,-0.242,0.000,48.448,1.434,-1.623,144
9161,10.838,-0.238,0.000,48.496,1.430,-1.622,144
9162,10.841,-0.235,0.000,48.710,1.426,-1.621,144
9163,10.844,-0.231,0.000,48.889,1.407,-1.630,144
9164,10.847,-0.227,0.000,49.053,1.413,-1.620,144
9165,10.850,-0.224,0.000,49.251,1.391,-1.634,144
9166,10.853,-0.221,0.000,49.444,1.409,-1.615,144
9167,10.857,-0.217,0.000,49.625,1.364,-1.647,144
9168,10.860,-0.213,0.000,49.840,1.385,-1.623,144
9169,10.863,-0.210,0.000,50.110,1.358,-1.643,144
9170,10.865,-0.207,0.000,50.425,1.372,-1.630,144
9171,10.868,-0.204,0.000,50.739,1.324,-1.668,144
9172,10.870,-0.200,0.000,51.043,1.350,-1.644,144
9173,10.873,-0.197,0.000,51.339,1.330,-1.657,144
9174,10.876,-0.193,0.000,51.617,1.318,-1.664,144
9175,10.880,-0.189,0.000,51.626,1.308,-1.660,144
9176,10.882,-0.186,0.000,51.210,1.328,-1.643,144
9177,10.885,-0.182,0.000,50.837,1.320,-1.646,144
9178,10.888,-0.179,0.000,50.542,1.341,-1.625,144
9179,10.892,-0.174,0.000,50.189,1.343,-1.610,143
9180,10.889,-0.177,0.000,49.761,1.376,-1.628,143
9181,10.887,-0.180,0.000,49.222,1.421,-1.630,143
9182,10.885,-0.182,0.000,48.449,1.458,-1.634,143
9183,10.883,-0.184,0.000,47.555,1.491,-1.642,143
9184,10.881,-0.186,0.000,46.646,1.505,-1.604,144
9185,10.884,-0.183,0.000,45.769,1.492,-1.527,144
9186,10.888,-0.179,0.000,45.076,1.467,-1.460,144
9187,10.891,-0.176,0.000,45.230,1.412,-1.423,144
9188,10.894,-0.173,0.000,45.760,1.355,-1.392,144
9189,10.897,-0.170,0.000,46.422,1.296,-1.365,144
9190,10.900,-0.166,0.000,47.134,1.236,-1.336,144
9191,10.903,-0.163,0.000,47.844,1.180,-1.306,144
9192,10.906,-0.160,0.000,48.593,1.126,-1.272,144
9193,10.909,-0.156,0.000,49.449,1.060,-1.250,144
9194,10.912,-0.153,0.000,50.353,1.012,-1.212,144
9195,10.915,-0.149,0.000,51.259,0.946,-1.188,144
9196,10.918,-0.146,0.000,52.118,0.909,-1.144,144
9197,10.920,-0.143,0.000,52.954,0.848,-1.118,144
9198,10.923,-0.139,0.000,53.769,0.793,-1.086,144
9199,10.926,-0.135,0.000,54.530,0.757,-1.041,144
9200,10.928,-0.132,0.000,55.189,0.710,-1.004,144
9201,10.931,-0.128,0.000,55.596,0.666,-0.967,144
9202,10.933,-0.125,0.000,55.833,0.631,-0.923,144
9203,10.936,-0.121,0.000,55.976,0.592,-0.884,144
9204,10.938,-0.117,0.000,56.104,0.564,-0.836,144
9205,10.941,-0.114,0.000,56.226,0.525,-0.796,144
9206,10.943,-0.110,0.000,56.253,0.492,-0.753,144
9207,10.945,-0.106,0.000,56.191,0.466,-0.705,144
9208,10.948,-0.103,0.000,56.071,0.439,-0.659,144
9209,10.950,-0.099,0.000,55.913,0.423,-0.606,144
9210,10.953,-0.096,0.000,55.736,0.370,-0.578,144
9211,10.955,-0.092,0.000,55.560,0.379,-0.507,144
9212,10.958,-0.088,0.000,55.383,0.309,-0.489,144
9213,10.960,-0.085,0.000,55.169,0.302,-0.432,144
9214,10.962,-0.082,0.000,54.938,0.266,-0.396,144
9215,10.965,-0.078,0.000,54.704,0.246,-0.347,144
9216,10.968,-0.074,0.000,54.495,0.204,-0.314,144
9217,10.970,-0.071,0.000,54.289,0.198,-0.257,144
9218,10.972,-0.068,0.000,54.048,0.161,-0.222,144
9219,10.975,-0.064,0.000,53.810,0.131,-0.183,144
9220,10.977,-0.061,0.000,53.568,0.113,-0.135,144
9221,10.980,-0.058,0.000,53.301,0.071,-0.106,144
9222,10.982,-0.054,0.000,53.021,0.047,-0.063,144
9223,10.985,-0.051,0.000,52.728,0.015,-0.027,144
9224,10.987,-0.048,0.000,52.428,-0.003,0.020,144
9225,10.990,-0.044,0.000,52.129,-0.043,0.049,144
9226,10.992,-0.041,0.000,51.847,-0.070,0.088,144
9227,10.995,-0.038,0.000,51.567,-0.103,0.121,144
9228,10.997,-0.035,0.000,51.282,-0.128,0.162,144
9229,11.000,-0.031,0.000,50.979,-0.160,0.196,144
9230,11.003,-0.028,0.000,50.630,-0.188,0.234,144
9231,11.005,-0.025,0.000,50.292,-0.211,0.274,144
9232,11.008,-0.022,0.000,49.926,-0.246,0.304,144
9233,11.011,-0.019,0.000,49.674,-0.281,0.334,144
9234,11.013,-0.016,0.000,49.450,-0.310,0.369,144
9235,11.016,-0.013,0.000,49.216,-0.352,0.391,144
9236,11.019,-0.010,0.000,48.972,-0.358,0.444,144
9237,11.021,-0.006,0.000,48.708,-0.412,0.457,144
9238,11.024,-0.003,0.000,48.415,-0.433,0.498,144
9239,11.027,-0.000,0.000,48.115,-0.474,0.519,144
9240,11.030,0.003,0.000,47.829,-0.494,0.561,144
9241,11.033,0.006,0.000,47.565,-0.550,0.567,144
9242,11.035,0.009,0.000,47.300,-0.557,0.617,144
9243,11.038,0.012,0.000,47.059,-0.587,0.648,144
9244,11.041,0.015,0.000,46.829,-0.635,0.660,144
9245,11.043,0.018,0.000,46.609,-0.650,0.704,144
9246,11.046,0.021,0.000,46.396,-0.702,0.712,144
9247,11.049,0.024,0.000,46.186,-0.704,0.767,144
9248,11.052,0.026,0.000,45.986,-0.760,0.770,144
9249,11.055,0.029,0.000,45.798,-0.782,0.806,144
9250,11.057,0.032,0.000,45.614,-0.823,0.823,144
9251,11.060,0.035,0.000,45.440,-0.842,0.862,144
9252,11.063,0.038,0.000,45.290,-0.881,0.879,144
9253,11.066,0.041,0.000,45.151,-0.904,0.913,144
9254,11.069,0.044,0.000,45.047,-0.938,0.934,144
9255,11.072,0.047,0.000,44.956,-0.963,0.967,144
9256,11.075,0.050,0.000,44.807,-0.992,0.993,144
9257,11.077,0.052,0.000,44.630,-1.032,1.008,144
9258,11.080,0.055,0.000,44.448,-1.053,1.043,144
9259,11.083,0.058,0.000,44.267,-1.096,1.055,144
9260,11.086,0.061,0.000,44.116,-1.128,1.077,144
9261,11.089,0.064,0.000,43.920,-1.138,1.122,144
9262,11.092,0.067,0.000,43.736,-1.200,1.112,144
9263,11.095,0.069,0.000,43.554,-1.206,1.161,144
9264,11.098,0.072,0.000,43.371,-1.253,1.167,144
9265,11.101,0.075,0.000,43.204,-1.281,1.192,144
9266,11.104,0.078,0.000,43.037,-1.307,1.219,144
9267,11.107,0.080,0.000,42.857,-1.330,1.248,144
9268,11.110,0.083,0.000,42.673,-1.383,1.246,144
9269,11.113,0.086,0.000,42.487,-1.382,1.301,144
9270,11.115,0.088,0.000,42.306,-1.442,1.282,144
9271,11.118,0.091,0.000,42.123,-1.459,1.319,144
9272,11.122,0.094,0.000,41.958,-1.474,1.362,144
9273,11.125,0.097,0.000,41.761,-1.537,1.345,144
9274,11.128,0.099,0.000,41.556,-1.541,1.396,144
9275,11.131,0.102,0.000,41.348,-1.609,1.375,144
9276,11.134,0.105,0.000,41.133,-1.609,1.426,144
9277,11.137,0.107,0.000,40.915,-1.648,1.436,144
9278,11.140,0.110,0.000,40.706,-1.687,1.434,144
9279,11.143,0.113,0.000,40.501,-1.669,1.433,144
9280,11.146,0.115,0.000,40.298,-1.653,1.394,144
9281,11.149,0.118,0.000,40.037,-1.634,1.359,144
9282,11.152,0.120,0.000,39.818,-1.606,1.336,144
9283,11.155,0.123,0.000,39.616,-1.581,1.310,144
9284,11.158,0.125,0.000,39.426,-1.556,1.284,144
9285,11.161,0.128,0.000,39.244,-1.537,1.252,144
9286,11.164,0.130,0.000,39.124,-1.506,1.235,144
9287,11.167,0.132,0.000,38.996,-1.484,1.206,144
9288,11.170,0.135,0.000,38.832,-1.461,1.180,144
9289,11.173,0.137,0.000,38.636,-1.437,1.156,144
9290,11.176,0.139,0.000,38.422,-1.425,1.116,144
9291,11.179,0.142,0.000,38.271,-1.402,1.093,144
9292,11.182,0.144,0.000,38.089,-1.376,1.073,144
9293,11.185,0.147,0.000,37.844,-1.354,1.048,144
9294,11.188,0.149,0.000,37.568,-1.335,1.020,144
9295,11.191,0.151,0.000,37.283,-1.316,0.993,144
9296,11.194,0.153,0.000,36.994,-1.295,0.969,144
9297,11.197,0.156,0.000,36.703,-1.263,0.960,144
9298,11.200,0.158,0.000,36.398,-1.252,0.926,144
9299,11.203,0.160,0.000,36.079,-1.244,0.885,144
9300,11.206,0.163,0.000,35.774,-1.204,0.892,144
9301,11.209,0.165,0.000,35.477,-1.211,0.832,144
9302,11.212,0.167,0.000,35.178,-1.171,0.839,144
9303,11.215,0.169,0.000,34.884,-1.168,0.795,144
9304,11.219,0.171,0.000,34.611,-1.140,0.785,144
9305,11.222,0.174,0.000,34.322,-1.122,0.764,144
9306,11.225,0.176,0.000,34.030,-1.098,0.750,144
9307,11.228,0.178,0.000,33.748,-1.084,0.724,144
9308,11.232,0.180,0.000,33.454,-1.057,0.718,144
9309,11.235,0.183,0.000,33.171,-1.049,0.684,144
9310,11.239,0.185,0.000,32.894,-1.036,0.658,144
9311,11.242,0.187,0.000,32.625,-1.004,0.662,144
9312,11.246,0.189,0.000,32.365,-0.999,0.626,144
9313,11.249,0.192,0.000,32.096,-0.969,0.629,144
9314,11.252,0.194,0.000,31.855,-0.972,0.575,144
9315,11.256,0.196,0.000,31.627,-0.928,0.601,144
9316,11.259,0.198,0.000,31.384,-0.938,0.541,144
9317,11.262,0.200,0.000,31.133,-0.899,0.558,144
9318,11.266,0.202,0.000,30.873,-0.881,0.545,144
9319,11.269,0.204,0.000,30.612,-0.877,0.506,144
9320,11.273,0.206,0.000,30.445,-0.855,0.505,144
9321,11.277,0.209,0.000,30.380,-0.844,0.484,144
9322,11.280,0.211,0.000,30.374,-0.820,0.484,144
9323,11.284,0.213,0.000,30.421,-0.801,0.476,144
9324,11.288,0.215,0.000,30.510,-0.782,0.468,144
9325,11.291,0.217,0.000,30.619,-0.764,0.459,144
9326,11.295,0.219,0.000,30.728,-0.747,0.450,144
9327,11.299,0.222,0.000,30.828,-0.729,0.441,144
9328,11.302,0.224,0.000,30.914,-0.712,0.433,144
9329,11.306,0.226,0.000,30.982,-0.696,0.424,144
9330,11.310,0.228,0.000,31.038,-0.690,0.400,144
9331,11.313,0.230,0.000,31.055,-0.671,0.396,144
9332,11.317,0.233,0.000,31.050,-0.645,0.406,144
9333,11.321,0.235,0.000,31.039,-0.639,0.383,144
9334,11.324,0.237,0.000,31.013,-0.623,0.376,144
9335,11.328,0.239,0.000,30.978,-0.606,0.373,144
9336,11.332,0.242,0.000,30.931,-0.593,0.363,144
9337,11.335,0.244,0.000,30.874,-0.591,0.335,144
9338,11.339,0.246,0.000,30.840,-0.560,0.357,144
9339,11.343,0.248,0.000,30.827,-0.567,0.316,144
9340,11.347,0.251,0.000,30.815,-0.531,0.346,144
9341,11.350,0.253,0.000,30.805,-0.547,0.289,144
9342,11.354,0.255,0.000,30.820,-0.510,0.322,144
9343,11.358,0.257,0.000,30.867,-0.517,0.282,144
9344,11.361,0.260,0.000,30.916,-0.482,0.311,144
9345,11.365,0.262,0.000,30.971,-0.494,0.266,144
9346,11.369,0.264,0.000,31.026,-0.452,0.309,144
9347,11.373,0.266,0.000,31.080,-0.464,0.262,144
9348,11.376,0.269,0.000,31.092,-0.450,0.259,144
9349,11.380,0.271,0.000,31.141,-0.429,0.266,144
9350,11.384,0.273,0.000,31.166,-0.414,0.266,144
9351,11.387,0.275,0.000,31.139,-0.407,0.252,144
9352,11.391,0.277,0.000,30.996,-0.399,0.241,144
9353,11.395,0.280,0.000,30.705,-0.386,0.238,144
9354,11.399,0.282,0.000,30.322,-0.379,0.228,144
9355,11.403,0.284,0.000,29.910,-0.380,0.204,144
9356,11.407,0.286,0.000,29.514,-0.371,0.198,144
9357,11.411,0.289,0.000,29.072,-0.350,0.213,144
9358,11.415,0.291,0.000,28.639,-0.361,0.171,144
9359,11.419,0.293,0.000,28.219,-0.331,0.206,144
9360,11.423,0.295,0.000,27.791,-0.343,0.164,144
9361,11.427,0.298,0.000,27.354,-0.332,0.164,144
9362,11.431,0.300,0.000,26.846,-0.323,0.162,144
9363,11.435,0.302,0.000,26.246,-0.317,0.151,144
9364,11.439,0.304,0.000,25.598,-0.310,0.146,144
9365,11.443,0.306,0.000,24.931,-0.304,0.137,144
9366,11.447,0.308,0.000,24.261,-0.299,0.126,144
9367,11.451,0.309,0.000,23.592,-0.292,0.121,144
9368,11.455,0.311,0.000,22.930,-0.285,0.116,144
9369,11.459,0.313,0.000,22.282,-0.279,0.109,144
9370,11.463,0.315,0.000,21.651,-0.267,0.117,144
9371,11.468,0.316,0.000,21.069,-0.261,0.111,144
9372,11.472,0.318,0.000,20.502,-0.257,0.100,144
9373,11.476,0.320,0.000,19.944,-0.251,0.095,144
9374,11.480,0.321,0.000,19.395,-0.244,0.092,144
9375,11.485,0.323,0.000,18.858,-0.238,0.088,144
9376,11.489,0.324,0.000,18.335,-0.233,0.083,144
9377,11.493,0.325,0.000,17.828,-0.227,0.078,144
9378,11.498,0.327,0.000,17.337,-0.222,0.073,144
9379,11.502,0.328,0.000,16.865,-0.218,0.064,144
9380,11.506,0.329,0.000,16.440,-0.208,0.072,144
9381,11.510,0.331,0.000,16.021,-0.204,0.063,144
9382,11.514,0.332,0.000,15.612,-0.198,0.059,144
9383,11.519,0.333,0.000,15.211,-0.194,0.049,144
9384,11.523,0.334,0.000,14.818,-0.186,0.053,144
9385,11.527,0.335,0.000,14.434,-0.178,0.061,144
9386,11.531,0.336,0.000,14.038,-0.179,0.037,144
9387,11.535,0.337,0.000,13.648,-0.172,0.038,144
9388,11.540,0.338,0.000,13.279,-0.166,0.034,144
9389,11.544,0.339,0.000,12.929,-0.160,0.031,144
9390,11.548,0.340,0.000,12.597,-0.154,0.029,144
9391,11.552,0.341,0.000,12.279,-0.145,0.044,144
9392,11.556,0.342,0.000,11.971,-0.145,0.016,144
9393,11.560,0.343,0.000,11.690,-0.138,0.023,144
9394,11.564,0.344,0.000,11.421,-0.130,0.029,144
9395,11.568,0.344,0.000,11.166,-0.126,0.018,144
9396,11.572,0.345,0.000,10.925,-0.120,0.020,144
9397,11.576,0.346,0.000,10.697,-0.115,0.015,144
9398,11.580,0.347,0.000,10.485,-0.109,0.014,144
9399,11.583,0.347,0.000,10.287,-0.103,0.014,144
9400,11.587,0.348,0.000,10.104,-0.095,0.023,144
9401,11.591,0.349,0.000,9.924,-0.093,0.003,144
9402,11.595,0.349,0.000,9.748,-0.082,0.032,144
9403,11.599,0.350,0.000,9.571,-0.083,-0.005,144
9404,11.603,0.351,0.000,9.403,-0.073,0.022,144
9405,11.606,0.351,0.000,9.252,-0.068,0.016,144
9406,11.610,0.352,0.000,9.108,-0.066,-0.003,144
9407,11.614,0.352,0.000,8.997,-0.060,-0.001,144
9408,11.618,0.353,0.000,8.905,-0.053,0.006,144
9409,11.621,0.354,0.000,8.822,-0.048,0.004,144
9410,11.625,0.354,0.000,8.749,-0.043,-0.000,144
9411,11.629,0.355,0.000,8.683,-0.038,-0.001,144
9412,11.632,0.355,0.000,8.626,-0.032,-0.000,144
9413,11.636,0.356,0.000,8.574,-0.027,-0.001,144
9414,11.639,0.356,0.000,8.527,-0.019,0.017,144
9415,11.643,0.357,0.000,8.467,-0.018,-0.016,144
9416,11.646,0.357,0.000,8.404,-0.007,0.029,144
9417,11.650,0.358,0.000,8.364,-0.007,-0.012,144
9418,11.653,0.358,0.000,8.336,0.003,0.018,144
9419,11.656,0.359,0.000,8.308,0.006,0.003,144
9420,11.660,0.359,0.000,8.289,0.011,-0.004,144
9421,11.663,0.360,0.000,8.294,0.019,0.005,144
9422,11.666,0.360,0.000,8.301,0.024,0.006,144
9423,11.669,0.361,0.000,8.305,0.029,0.001,144
9424,11.673,0.361,0.000,8.308,0.032,-0.017,144
9425,11.676,0.362,0.000,8.337,0.037,-0.016,144
9426,11.680,0.362,0.000,8.367,0.047,0.012,144
9427,11.683,0.363,0.000,8.393,0.049,-0.015,144
9428,11.686,0.363,0.000,8.406,0.057,0.006,144
9429,11.689,0.364,0.000,8.404,0.062,0.000,144
9430,11.693,0.364,0.000,8.392,0.066,-0.008,144
9431,11.696,0.365,0.000,8.370,0.071,-0.010,144
9432,11.699,0.365,0.000,8.331,0.077,-0.004,144
9433,11.703,0.366,0.000,8.283,0.080,-0.018,144
9434,11.706,0.366,0.000,8.259,0.085,-0.025,144
9435,11.709,0.367,0.000,8.222,0.091,-0.019,144
9436,11.712,0.367,0.000,8.176,0.098,-0.016,144
9437,11.715,0.367,0.000,8.125,0.104,-0.014,144
9438,11.718,0.368,0.000,8.066,0.109,-0.023,144
9439,11.721,0.368,0.000,8.008,0.116,-0.025,144
9440,11.724,0.369,0.000,7.951,0.122,-0.022,144
9441,11.726,0.369,0.000,7.901,0.129,-0.022,144
9442,11.729,0.369,0.000,7.858,0.137,-0.012,144
9443,11.734,0.370,0.000,7.794,0.134,-0.017,144
9444,11.736,0.370,0.000,7.705,0.142,-0.019,144
9445,11.740,0.371,0.000,7.619,0.143,-0.008,149
9446,11.744,0.371,0.000,7.524,0.144,-0.031,149
9447,11.747,0.372,0.000,7.422,0.153,-0.001,149
9448,11.751,0.372,0.000,7.314,0.149,-0.049,149
9449,11.754,0.373,0.000,7.210,0.158,-0.004,149
9450,11.758,0.373,0.000,7.100,0.155,-0.042,149
9451,11.761,0.374,0.000,6.994,0.161,-0.015,149
9452,11.765,0.374,0.000,6.879,0.160,-0.023,149
9453,11.769,0.375,0.000,6.740,0.161,-0.027,149
9454,11.772,0.375,0.000,6.585,0.166,-0.013,149
9455,11.777,0.376,0.000,6.427,0.167,-0.007,149
9456,11.781,0.376,0.000,6.246,0.164,-0.033,149
9457,11.784,0.376,0.000,6.034,0.166,-0.027,149
9458,11.789,0.377,0.000,5.804,0.168,0.003,149
9459,11.793,0.377,0.000,5.556,0.164,-0.041,149
9460,11.797,0.378,0.000,5.300,0.167,-0.004,149
9461,11.801,0.378,0.000,5.040,0.164,-0.030,149
9462,11.805,0.378,0.000,4.764,0.168,0.009,149
9463,11.809,0.379,0.000,4.499,0.164,-0.017,149
9464,11.813,0.379,0.000,4.218,0.166,-0.011,149
9465,11.817,0.379,0.000,3.917,0.163,-0.010,149
9466,11.821,0.380,0.000,3.608,0.165,-0.002,149
9467,11.825,0.380,0.000,3.287,0.162,0.002,149
9468,11.829,0.380,0.000,2.953,0.162,-0.013,149
9469,11.833,0.380,0.000,2.606,0.161,-0.018,149
9470,11.837,0.380,0.000,2.243,0.161,0.010,149
9471,11.841,0.381,0.000,1.878,0.160,0.002,149
9472,11.845,0.381,0.000,1.499,0.159,-0.012,149
9473,11.849,0.381,0.000,1.101,0.159,0.013,149
9474,11.853,0.381,0.000,0.701,0.158,-0.025,149
9475,11.857,0.381,0.000,0.305,0.157,0.011,149
9476,11.861,0.381,0.000,-0.092,0.157,0.003,149
9477,11.865,0.381,0.000,-0.500,0.157,0.001,149
9478,11.869,0.381,0.000,-0.911,0.157,0.002,149
9479,11.872,0.381,0.000,-1.319,0.158,-0.003,149
9480,11.876,0.381,0.000,-1.723,0.158,0.009,149
9481,11.879,0.381,0.000,-2.109,0.159,0.018,149
9482,11.883,0.380,0.000,-2.487,0.160,0.014,149
9483,11.886,0.380,0.000,-2.858,0.161,0.007,149
9484,11.890,0.380,0.000,-3.219,0.162,-0.003,149
9485,11.893,0.380,0.000,-3.562,0.163,0.008,149
9486,11.897,0.380,0.000,-3.872,0.164,0.023,149
9487,11.900,0.379,0.000,-4.173,0.167,-0.006,148
9488,11.895,0.380,0.000,-4.472,0.203,0.028,148
9489,11.895,0.380,0.000,-4.769,0.220,0.024,148
9490,11.895,0.380,0.000,-5.086,0.242,-0.017,148
9491,11.896,0.380,0.000,-5.397,0.246,0.054,156
9492,11.899,0.379,0.000,-5.698,0.253,0.010,156
9493,11.903,0.379,0.000,-5.941,0.250,0.025,156
9494,11.906,0.379,0.000,-6.106,0.256,0.027,156
9495,11.908,0.379,0.000,-6.186,0.260,0.027,156
9496,11.911,0.379,0.000,-6.194,0.264,0.019,156
9497,11.914,0.378,0.000,-6.105,0.268,0.021,156
9498,11.917,0.378,0.000,-5.880,0.269,0.042,156
9499,11.919,0.378,0.000,-5.615,0.274,0.032,156
9500,11.922,0.377,0.000,-5.223,0.278,0.027,156
9501,11.925,0.377,0.000,-4.661,0.281,0.029,156
9502,11.927,0.377,0.000,-4.013,0.286,0.033,156
9503,11.930,0.376,0.000,-3.322,0.290,0.019,156
9504,11.933,0.376,0.000,-2.563,0.295,0.011,156
9505,11.936,0.376,0.000,-1.763,0.298,0.006,156
9506,11.938,0.376,0.000,-0.936,0.306,0.006,156
9507,11.940,0.376,0.000,-0.085,0.313,-0.014,156
9508,11.942,0.376,0.000,0.792,0.323,0.010,156
9509,11.941,0.376,0.000,1.716,0.343,-0.001,156
9510,11.945,0.376,0.000,2.691,0.342,-0.034,156
9511,11.945,0.376,0.000,3.639,0.358,-0.015,156
9512,11.943,0.376,0.000,4.426,0.382,-0.033,156
9513,11.941,0.376,0.000,5.077,0.408,-0.028,156
9514,11.942,0.376,0.000,5.611,0.421,-0.056,156
9515,11.941,0.376,0.000,6.051,0.441,-0.038,156
9516,11.941,0.375,0.000,6.187,0.457,-0.044,156
9517,11.940,0.375,0.000,5.876,0.476,-0.045,156
9518,11.940,0.374,0.000,5.127,0.496,-0.039,156
9519,11.939,0.374,0.000,4.013,0.515,-0.030,156
9520,11.939,0.373,0.000,2.604,0.533,-0.019,156
9521,11.939,0.373,0.000,0.959,0.549,-0.004,156
9522,11.939,0.373,0.000,-0.889,0.565,0.014,156
9523,11.939,0.373,0.000,-2.672,0.579,0.011,156
9524,11.937,0.373,0.000,-4.343,0.599,0.071,156
9525,11.940,0.373,0.000,-5.937,0.607,0.043,156
9526,11.938,0.373,0.000,-7.478,0.626,0.079,156
9527,11.941,0.373,0.000,-8.979,0.620,0.129,156
9528,11.942,0.373,0.000,-10.439,0.638,0.091,156
9529,11.942,0.373,0.000,-11.846,0.640,0.161,156
9530,11.943,0.372,0.000,-13.113,0.654,0.145,156
9531,11.943,0.372,0.000,-14.315,0.663,0.168,156
9532,11.944,0.372,0.000,-15.222,0.670,0.177,156
9533,11.947,0.372,0.000,-15.770,0.672,0.181,156
9534,11.946,0.372,0.000,-16.081,0.681,0.218,156
9535,11.945,0.372,0.000,-16.345,0.704,0.199,149
9536,11.949,0.371,0.000,-16.562,0.696,0.220,149
9537,11.951,0.370,0.000,-16.749,0.704,0.195,149
9538,11.955,0.369,0.000,-16.931,0.697,0.206,149
9539,11.957,0.369,0.000,-17.098,0.699,0.218,149
9540,11.959,0.368,0.000,-17.258,0.706,0.208,149
9541,11.962,0.367,0.000,-17.366,0.697,0.231,149
9542,11.964,0.366,0.000,-17.445,0.705,0.230,149
9543,11.967,0.365,0.000,-17.437,0.709,0.223,149
9544,11.970,0.364,0.000,-17.156,0.708,0.217,149
9545,11.972,0.363,0.000,-16.758,0.714,0.215,149
9546,11.976,0.362,0.000,-16.220,0.715,0.204,149
9547,11.977,0.361,0.000,-15.652,0.725,0.203,149
9548,11.980,0.361,0.000,-15.048,0.732,0.182,149
9549,11.983,0.360,0.000,-14.435,0.734,0.180,149
9550,11.986,0.359,0.000,-13.758,0.738,0.180,149
9551,11.989,0.359,0.000,-12.766,0.745,0.164,149
9552,11.992,0.358,0.000,-11.395,0.746,0.163,149
9553,11.995,0.358,0.000,-9.986,0.753,0.138,149
9554,11.998,0.357,0.000,-8.352,0.758,0.114,149
9555,12.001,0.356,0.000,-6.546,0.763,0.074,149
9556,12.005,0.356,0.000,-4.726,0.763,0.078,149
9557,12.008,0.356,0.000,-2.901,0.768,0.017,149
9558,12.012,0.355,0.000,-1.084,0.766,0.017,149
9559,12.015,0.355,0.000,0.727,0.768,-0.010,149
9560,12.018,0.356,0.000,2.572,0.766,-0.032,149
9561,12.022,0.356,0.000,4.478,0.763,-0.057,149
9562,12.026,0.356,0.000,6.418,0.759,-0.087,149
9563,12.030,0.357,0.000,8.422,0.754,-0.108,149
9564,12.034,0.358,0.000,10.548,0.748,-0.131,149
9565,12.038,0.359,0.000,12.790,0.734,-0.180,149
9566,12.042,0.359,0.000,15.113,0.725,-0.202,149
9567,12.046,0.360,0.000,17.575,0.714,-0.229,149
9568,12.050,0.362,0.000,20.176,0.703,-0.249,149
9569,12.053,0.363,0.000,22.777,0.683,-0.290,149
9570,12.057,0.365,0.000,25.357,0.669,-0.310,149
9571,12.061,0.367,0.000,27.952,0.651,-0.337,149
9572,12.065,0.369,0.000,30.524,0.623,-0.374,149
9573,12.069,0.372,0.000,33.073,0.608,-0.389,149
9574,12.073,0.374,0.000,35.533,0.578,-0.419,149
9575,12.077,0.377,0.000,37.867,0.564,-0.426,149
9576,12.081,0.380,0.000,40.132,0.536,-0.451,149
9577,12.084,0.383,0.000,42.310,0.516,-0.466,149
9578,12.087,0.386,0.000,44.277,0.499,-0.477,149
9579,12.091,0.390,0.000,46.063,0.465,-0.500,149
9580,12.095,0.394,0.000,47.748,0.449,-0.502,149
9581,12.098,0.398,0.000,49.311,0.431,-0.505,149
9582,12.101,0.401,0.000,50.717,0.417,-0.508,149
9583,12.104,0.405,0.000,52.082,0.399,-0.514,149
9584,12.107,0.408,0.000,53.427,0.391,-0.513,149
9585,12.110,0.412,0.000,54.738,0.363,-0.526,149
9586,12.112,0.416,0.000,55.967,0.342,-0.530,149
9587,12.116,0.421,0.000,57.133,0.332,-0.524,149
9588,12.119,0.425,0.000,58.217,0.327,-0.515,149
9589,12.121,0.429,0.000,59.178,0.309,-0.519,149
9590,12.123,0.433,0.000,60.143,0.301,-0.517,149
9591,12.126,0.437,0.000,61.069,0.276,-0.523,149
9592,12.128,0.442,0.000,61.936,0.267,-0.518,149
9593,12.131,0.447,0.000,62.698,0.260,-0.509,149
9594,12.133,0.451,0.000,63.314,0.249,-0.504,149
9595,12.135,0.456,0.000,63.867,0.238,-0.500,149
9596,12.138,0.460,0.000,64.403,0.241,-0.490,149
9597,12.140,0.464,0.000,64.925,0.239,-0.483,149
9598,12.142,0.469,0.000,65.440,0.219,-0.483,149
9599,12.144,0.474,0.000,65.923,0.211,-0.476,149
9600,12.146,0.479,0.000,66.327,0.198,-0.469,149
9601,12.148,0.484,0.000,66.640,0.191,-0.460,149
9602,12.150,0.488,0.000,66.916,0.187,-0.452,149
9603,12.152,0.493,0.000,67.222,0.182,-0.445,149
9604,12.154,0.497,0.000,67.581,0.175,-0.440,149
9605,12.156,0.502,0.000,67.962,0.169,-0.433,149
9606,12.158,0.506,0.000,68.310,0.163,-0.425,149
9607,12.160,0.511,0.000,68.599,0.157,-0.416,149
9608,12.161,0.516,0.000,68.845,0.154,-0.406,149
9609,12.163,0.520,0.000,69.082,0.150,-0.398,149
9610,12.165,0.525,0.000,69.320,0.136,-0.393,149
9611,12.167,0.529,0.000,69.551,0.147,-0.379,149
9612,12.168,0.534,0.000,69.781,0.126,-0.377,149
9613,12.170,0.539,0.000,70.053,0.122,-0.367,149
9614,12.172,0.544,0.000,70.297,0.124,-0.356,149
9615,12.174,0.548,0.000,70.494,0.119,-0.347,149
9616,12.175,0.553,0.000,70.670,0.112,-0.339,149
9617,12.177,0.558,0.000,70.837,0.108,-0.330,149
9618,12.179,0.562,0.000,70.987,0.105,-0.320,149
9619,12.180,0.567,0.000,71.109,0.101,-0.310,149
9620,12.182,0.572,0.000,71.199,0.096,-0.300,149
9621,12.184,0.577,0.000,71.267,0.098,-0.288,149
9622,12.185,0.582,0.000,71.329,0.102,-0.275,149
9623,12.187,0.586,0.000,71.389,0.086,-0.269,149
9624,12.188,0.591,0.000,71.452,0.096,-0.254,149
9625,12.190,0.596,0.000,71.460,0.074,-0.250,149
9626,12.192,0.601,0.000,71.446,0.074,-0.238,149
9627,12.193,0.606,0.000,71.415,0.072,-0.227,149
9628,12.195,0.610,0.000,71.367,0.068,-0.217,149
9629,12.197,0.615,0.000,71.305,0.064,-0.206,149
9630,12.198,0.620,0.000,71.227,0.063,-0.194,149
9631,12.200,0.625,0.000,71.132,0.064,-0.183,149
9632,12.201,0.629,0.000,70.993,0.058,-0.173,149
9633,12.203,0.634,0.000,70.848,0.049,-0.164,149
9634,12.205,0.639,0.000,70.682,0.046,-0.153,149
9635,12.207,0.644,0.000,70.482,0.045,-0.141,149
9636,12.208,0.648,0.000,70.255,0.041,-0.129,149
9637,12.210,0.653,0.000,70.017,0.037,-0.119,149
9638,12.212,0.658,0.000,69.776,0.034,-0.108,149
9639,12.213,0.662,0.000,69.533,0.030,-0.096,149
9640,12.215,0.667,0.000,69.294,0.025,-0.086,149
9641,12.217,0.672,0.000,69.063,0.025,-0.074,149
9642,12.219,0.676,0.000,68.846,0.020,-0.064,149
9643,12.220,0.680,0.000,68.642,0.015,-0.054,149
9644,12.222,0.685,0.000,68.452,0.011,-0.044,149
9645,12.224,0.689,0.000,68.277,0.008,-0.033,149
9646,12.225,0.694,0.000,68.116,0.004,-0.023,149
9647,12.227,0.698,0.000,67.968,-0.001,-0.013,149
9648,12.229,0.702,0.000,67.833,-0.005,-0.003,149
9649,12.231,0.706,0.000,67.710,-0.008,0.007,149
9650,12.232,0.710,0.000,67.598,-0.013,0.016,149
9651,12.234,0.715,0.000,67.494,0.001,0.033,149
9652,12.236,0.719,0.000,67.364,-0.033,0.030,149
9653,12.237,0.722,0.000,67.189,-0.022,0.044,149
9654,12.239,0.726,0.000,67.002,-0.011,0.060,149
9655,12.241,0.731,0.000,66.770,-0.019,0.067,149
9656,12.243,0.734,0.000,66.578,-0.029,0.073,149
9657,12.244,0.738,0.000,66.460,-0.032,0.083,149
9658,12.246,0.742,0.000,66.392,-0.033,0.092,149
9659,12.248,0.746,0.000,66.353,-0.050,0.095,149
9660,12.249,0.750,0.000,66.319,-0.055,0.103,149
9661,12.251,0.753,0.000,66.295,-0.041,0.118,149
9662,12.253,0.757,0.000,66.297,-0.061,0.118,149
9663,12.254,0.761,0.000,66.329,-0.057,0.129,149
9664,12.256,0.764,0.000,66.356,-0.056,0.138,149
9665,12.257,0.768,0.000,66.373,-0.065,0.143,149
9666,12.259,0.771,0.000,66.363,-0.058,0.154,149
9667,12.260,0.775,0.000,66.361,-0.061,0.162,149
9668,12.262,0.778,0.000,66.366,-0.068,0.166,149
9669,12.264,0.782,0.000,66.377,-0.071,0.173,149
9670,12.265,0.785,0.000,66.390,-0.091,0.172,149
9671,12.266,0.788,0.000,66.404,-0.064,0.191,149
9672,12.268,0.792,0.000,66.405,-0.079,0.192,149
9673,12.269,0.795,0.000,66.372,-0.086,0.196,149
9674,12.271,0.798,0.000,66.292,-0.097,0.199,149
9675,12.272,0.801,0.000,66.220,-0.089,0.208,149
9676,12.274,0.804,0.000,66.181,-0.098,0.211,149
9677,12.275,0.808,0.000,66.162,-0.105,0.214,149
9678,12.277,0.811,0.000,66.162,-0.104,0.221,149
9679,12.278,0.814,0.000,66.172,-0.105,0.227,149
9680,12.279,0.817,0.000,66.188,-0.108,0.232,149
9681,12.281,0.820,0.000,66.208,-0.111,0.237,149
9682,12.282,0.824,0.000,66.208,-0.104,0.253,149
9683,12.284,0.827,0.000,66.163,-0.113,0.255,149
9684,12.286,0.831,0.000,66.064,-0.130,0.262,-1
9685,12.284,0.828,0.000,65.933,-0.109,0.245,-1
9686,12.284,0.828,0.000,65.765,-0.110,0.234,-1
9687,12.284,0.828,0.000,65.544,-0.093,0.232,-1
9688,12.287,0.833,0.000,65.292,-0.130,0.232,156
9689,12.288,0.835,0.000,64.997,-0.105,0.247,156
9690,12.289,0.838,0.000,64.681,-0.106,0.250,156
9691,12.290,0.840,0.000,64.272,-0.117,0.249,156
9692,12.291,0.842,0.000,63.621,-0.120,0.246,156
9693,12.292,0.844,0.000,62.453,-0.123,0.245,156
9694,12.293,0.846,0.000,60.662,-0.128,0.244,156
9695,12.294,0.848,0.000,57.962,-0.142,0.238,156
9696,12.295,0.851,0.000,54.482,-0.159,0.229,156
9697,12.297,0.853,0.000,50.795,-0.176,0.221,156
9698,12.299,0.855,0.000,47.155,-0.194,0.213,156
9699,12.301,0.857,0.000,43.561,-0.217,0.197,156
9700,12.303,0.859,0.000,40.052,-0.208,0.210,156
9701,12.306,0.861,0.000,36.561,-0.267,0.148,156
9702,12.309,0.864,0.000,33.097,-0.244,0.198,156
9703,12.313,0.866,0.000,29.677,-0.273,0.170,156
9704,12.316,0.868,0.000,26.292,-0.317,0.103,156
9705,12.320,0.869,0.000,22.939,-0.302,0.160,156
9706,12.324,0.871,0.000,19.620,-0.338,0.102,156
9707,12.327,0.872,0.000,16.341,-0.349,0.087,156
9708,12.333,0.874,0.000,13.112,-0.363,0.095,156
9709,12.336,0.874,0.000,9.965,-0.374,0.078,156
9710,12.341,0.875,0.000,6.906,-0.394,0.031,156
9711,12.345,0.875,0.000,3.911,-0.400,0.052,156
9712,12.350,0.876,0.000,0.957,-0.414,-0.004,156
9713,12.353,0.876,0.000,-1.912,-0.422,-0.018,156
9714,12.357,0.875,0.000,-4.639,-0.430,-0.023,156
9715,12.362,0.875,0.000,-7.275,-0.436,-0.076,156
9716,12.365,0.874,0.000,-9.864,-0.444,-0.069,156
9717,12.369,0.874,0.000,-12.426,-0.445,-0.106,156
9718,12.373,0.873,0.000,-14.938,-0.455,-0.110,156
9719,12.376,0.872,0.000,-17.361,-0.445,-0.161,156
9720,12.380,0.870,0.000,-19.730,-0.458,-0.158,156
9721,12.384,0.869,0.000,-21.909,-0.460,-0.176,156
9722,12.386,0.868,0.000,-23.811,-0.450,-0.209,156
9723,12.389,0.866,0.000,-25.559,-0.450,-0.226,156
9724,12.392,0.865,0.000,-27.011,-0.452,-0.235,156
9725,12.395,0.863,0.000,-28.193,-0.459,-0.238,156
9726,12.398,0.862,0.000,-29.223,-0.459,-0.246,156
9727,12.400,0.860,0.000,-29.617,-0.459,-0.256,156
9728,12.403,0.859,0.000,-29.216,-0.464,-0.256,156
9729,12.405,0.857,0.000,-28.334,-0.466,-0.262,156
9730,12.408,0.855,0.000,-27.351,-0.485,-0.240,156
9731,12.411,0.854,0.000,-26.280,-0.485,-0.253,156
9732,12.414,0.853,0.000,-25.145,-0.496,-0.239,156
9733,12.416,0.852,0.000,-23.820,-0.513,-0.208,156
9734,12.419,0.851,0.000,-22.508,-0.513,-0.221,156
9735,12.421,0.850,0.000,-20.909,-0.523,-0.205,156
9736,12.424,0.849,0.000,-18.959,-0.533,-0.188,156
9737,12.427,0.848,0.000,-16.862,-0.549,-0.152,156
9738,12.430,0.847,0.000,-14.808,-0.556,-0.144,156
9739,12.432,0.847,0.000,-12.776,-0.563,-0.126,156
9740,12.435,0.846,0.000,-10.733,-0.570,-0.107,156
9741,12.438,0.845,0.000,-8.707,-0.578,-0.089,156
9742,12.441,0.845,0.000,-6.695,-0.583,-0.081,156
9743,12.444,0.845,0.000,-4.699,-0.589,-0.057,156
9744,12.447,0.845,0.000,-2.735,-0.595,-0.031,156
9745,12.450,0.844,0.000,-0.808,-0.599,-0.012,156
9746,12.453,0.845,0.000,1.082,-0.603,0.005,156
9747,12.455,0.845,0.000,2.930,-0.607,0.025,156
9748,12.458,0.845,0.000,4.731,-0.609,0.045,156
9749,12.461,0.845,0.000,6.471,-0.611,0.064,156
9750,12.464,0.846,0.000,8.134,-0.613,0.082,156
9751,12.467,0.846,0.000,9.702,-0.614,0.099,156
9752,12.469,0.847,0.000,11.184,-0.610,0.134,156
9753,12.472,0.847,0.000,12.606,-0.611,0.145,156
9754,12.474,0.848,0.000,13.915,-0.611,0.153,156
9755,12.476,0.848,0.000,15.053,-0.609,0.168,156
9756,12.479,0.849,0.000,16.088,-0.611,0.172,156
9757,12.481,0.850,0.000,17.097,-0.611,0.178,156
9758,12.484,0.851,0.000,17.905,-0.610,0.191,156
9759,12.486,0.852,0.000,18.511,-0.609,0.200,156
9760,12.488,0.852,0.000,18.948,-0.610,0.204,156
9761,12.491,0.853,0.000,19.247,-0.611,0.207,156
9762,12.493,0.854,0.000,19.455,-0.605,0.229,156
9763,12.495,0.855,0.000,19.638,-0.610,0.218,156
9764,12.497,0.855,0.000,19.776,-0.612,0.214,156
9765,12.499,0.856,0.000,19.839,-0.613,0.213,156
9766,12.501,0.857,0.000,19.844,-0.611,0.219,156
9767,12.503,0.858,0.000,19.830,-0.611,0.219,156
9768,12.505,0.858,0.000,19.768,-0.613,0.213,156
9769,12.507,0.859,0.000,19.672,-0.614,0.212,156
9770,12.508,0.860,0.000,19.550,-0.613,0.213,156
9771,12.510,0.860,0.000,19.411,-0.614,0.211,156
9772,12.512,0.861,0.000,19.261,-0.614,0.209,156
9773,12.514,0.862,0.000,19.105,-0.614,0.207,156
9774,12.515,0.862,0.000,18.947,-0.614,0.205,156
9775,12.517,0.863,0.000,18.789,-0.609,0.218,156
9776,12.518,0.863,0.000,18.629,-0.612,0.204,156
9777,12.520,0.864,0.000,18.461,-0.610,0.207,156
9778,12.522,0.864,0.000,18.303,-0.608,0.210,156
9779,12.523,0.865,0.000,18.156,-0.608,0.206,156
9780,12.525,0.865,0.000,18.020,-0.608,0.202,156
9781,12.527,0.866,0.000,17.894,-0.607,0.201,156
9782,12.528,0.866,0.000,17.777,-0.606,0.201,156
9783,12.530,0.867,0.000,17.667,-0.606,0.199,156
9784,12.531,0.867,0.000,17.564,-0.605,0.197,156
9785,12.533,0.868,0.000,17.468,-0.604,0.196,156
9786,12.534,0.868,0.000,17.376,-0.603,0.194,156
9787,12.535,0.869,0.000,17.290,-0.602,0.193,156
9788,12.537,0.869,0.000,17.207,-0.608,0.172,156
9789,12.538,0.870,0.000,17.127,-0.594,0.210,156
9790,12.539,0.870,0.000,17.068,-0.603,0.171,156
9791,12.541,0.870,0.000,17.026,-0.591,0.204,156
9792,12.542,0.871,0.000,16.983,-0.598,0.174,156
9793,12.544,0.871,0.000,16.957,-0.590,0.191,156
9794,12.545,0.872,0.000,16.928,-0.590,0.182,156
9795,12.546,0.872,0.000,16.892,-0.586,0.181,156
9796,12.547,0.872,0.000,16.851,-0.582,0.183,156
9797,12.549,0.873,0.000,16.804,-0.580,0.182,156
9798,12.550,0.873,0.000,16.754,-0.577,0.179,156
9799,12.551,0.873,0.000,16.703,-0.574,0.177,156
9800,12.552,0.874,0.000,16.650,-0.571,0.177,156
9801,12.553,0.874,0.000,16.597,-0.568,0.175,156
9802,12.554,0.874,0.000,16.543,-0.565,0.173,156
9803,12.555,0.875,0.000,16.489,-0.562,0.172,156
9804,12.556,0.875,0.000,16.435,-0.559,0.171,156
9805,12.557,0.875,0.000,16.380,-0.556,0.169,156
9806,12.558,0.876,0.000,16.325,-0.553,0.168,156
9807,12.559,0.876,0.000,16.270,-0.550,0.166,156
9808,12.560,0.876,0.000,16.214,-0.547,0.165,156
9809,12.561,0.876,0.000,16.158,-0.544,0.163,156
9810,12.562,0.877,0.000,16.101,-0.544,0.144,156
9811,12.563,0.877,0.000,16.072,-0.539,0.147,156
9812,12.564,0.877,0.000,16.040,-0.533,0.152,156
9813,12.565,0.878,0.000,15.995,-0.530,0.148,156
9814,12.566,0.878,0.000,15.942,-0.527,0.143,156
9815,12.567,0.878,0.000,15.887,-0.517,0.164,156
9816,12.568,0.878,0.000,15.833,-0.518,0.151,156
9817,12.569,0.879,0.000,15.780,-0.514,0.145,156
9818,12.570,0.879,0.000,15.730,-0.508,0.149,156
9819,12.571,0.879,0.000,15.678,-0.502,0.149,156
9820,12.571,0.879,0.000,15.625,-0.498,0.145,156
9821,12.572,0.880,0.000,15.575,-0.493,0.142,156
9822,12.573,0.880,0.000,15.528,-0.488,0.141,156
9823,12.574,0.880,0.000,15.482,-0.483,0.140,156
9824,12.574,0.880,0.000,15.438,-0.479,0.138,156
9825,12.575,0.880,0.000,15.396,-0.474,0.136,156
9826,12.576,0.881,0.000,15.356,-0.469,0.134,156
9827,12.577,0.881,0.000,15.318,-0.464,0.133,156
9828,12.577,0.881,0.000,15.281,-0.464,0.113,156
9829,12.578,0.881,0.000,15.243,-0.456,0.118,156
9830,12.579,0.881,0.000,15.202,-0.447,0.129,156
9831,12.579,0.882,0.000,15.149,-0.444,0.113,156
9832,12.580,0.882,0.000,15.134,-0.437,0.120,156
9833,12.581,0.882,0.000,15.145,-0.433,0.106,156
9834,12.581,0.882,0.000,15.151,-0.417,0.136,156
9835,12.582,0.882,0.000,15.156,-0.419,0.107,156
9836,12.583,0.883,0.000,15.190,-0.412,0.105,156
9837,12.583,0.883,0.000,15.248,-0.404,0.104,156
9838,12.584,0.883,0.000,15.277,-0.392,0.117,156
9839,12.584,0.883,0.000,15.322,-0.386,0.106,156
9840,12.585,0.883,0.000,15.393,-0.375,0.114,156
9841,12.586,0.883,0.000,15.458,-0.373,0.085,156
9842,12.586,0.884,0.000,15.519,-0.354,0.120,156
9843,12.587,0.884,0.000,15.575,-0.353,0.089,156
9844,12.587,0.884,0.000,15.626,-0.339,0.102,156
9845,12.588,0.884,0.000,15.682,-0.336,0.071,156
9846,12.588,0.884,0.000,15.737,-0.313,0.113,156
9847,12.588,0.884,0.000,15.794,-0.315,0.057,156
9848,12.589,0.884,0.000,15.856,-0.287,0.112,156
9849,12.589,0.884,0.000,15.920,-0.277,0.097,156
9850,12.590,0.885,0.000,15.998,-0.284,0.033,156
9851,12.590,0.885,0.000,16.092,-0.249,0.101,156
9852,12.590,0.885,0.000,16.201,-0.243,0.074,156
9853,12.591,0.885,0.000,16.285,-0.238,0.046,156
9854,12.591,0.885,0.000,16.369,-0.205,0.109,156
9855,12.591,0.885,0.000,16.452,-0.210,0.044,156
9856,12.592,0.885,0.000,16.532,-0.193,0.053,156
9857,12.592,0.886,0.000,16.609,-0.167,0.088,156
9858,12.592,0.886,0.000,16.682,-0.170,0.026,156
9859,12.593,0.886,0.000,16.753,-0.142,0.070,156
9860,12.593,0.886,0.000,16.820,-0.134,0.039,156
9861,12.594,0.886,0.000,16.884,-0.118,0.035,156
9862,12.594,0.886,0.000,16.939,-0.100,0.038,156
9863,12.594,0.886,0.000,16.983,-0.090,0.016,156
9864,12.595,0.886,0.000,17.020,-0.064,0.041,156
9865,12.595,0.886,0.000,17.067,-0.053,0.010,156
9866,12.595,0.886,0.000,17.132,-0.030,0.024,156
9867,12.595,0.886,0.000,17.194,-0.014,0.010,156
9868,12.595,0.887,0.000,17.247,0.002,0.002,156
9869,12.596,0.887,0.000,17.229,0.022,0.000,156
9870,12.596,0.887,0.000,17.082,0.040,-0.005,156
9871,12.596,0.887,0.000,16.855,0.050,-0.031,156
9872,12.596,0.887,0.000,16.663,0.079,-0.002,156
9873,12.597,0.887,0.000,16.476,0.088,-0.036,156
9874,12.597,0.887,0.000,16.282,0.113,-0.018,156
9875,12.597,0.887,0.000,16.114,0.128,-0.035,156
9876,12.597,0.887,0.000,15.949,0.146,-0.041,156
9877,12.598,0.887,0.000,15.745,0.166,-0.040,156
9878,12.598,0.887,0.000,15.502,0.179,-0.066,156
9879,12.597,0.887,0.000,15.245,0.204,-0.060,156
9880,12.597,0.887,0.000,14.953,0.223,-0.061,156
9881,12.597,0.887,0.000,14.628,0.241,-0.068,156
9882,12.598,0.887,0.000,14.304,0.264,-0.053,156
9883,12.598,0.887,0.000,13.966,0.277,-0.077,156
9884,12.598,0.887,0.000,13.635,0.297,-0.076,156
9885,12.598,0.887,0.000,13.333,0.315,-0.080,156
9886,12.598,0.887,0.000,13.051,0.334,-0.083,156
9887,12.599,0.887,0.000,12.798,0.352,-0.086,156
9888,12.599,0.887,0.000,12.582,0.374,-0.078,156
9889,12.599,0.887,0.000,12.377,0.392,-0.085,156
9890,12.599,0.887,0.000,12.175,0.413,-0.076,156
9891,12.598,0.887,0.000,11.980,0.430,-0.087,156
9892,12.598,0.887,0.000,11.789,0.444,-0.108,156
9893,12.599,0.887,0.000,11.618,0.463,-0.100,156
9894,12.599,0.887,0.000,11.458,0.485,-0.085,156
9895,12.599,0.887,0.000,11.304,0.500,-0.102,156
9896,12.598,0.887,0.000,11.161,0.521,-0.090,156
9897,12.598,0.887,0.000,11.015,0.538,-0.099,156
9898,12.598,0.887,0.000,10.868,0.555,-0.103,156
9899,12.598,0.887,0.000,10.725,0.574,-0.101,156
9900,12.598,0.887,0.000,10.587,0.591,-0.103,156
9901,12.598,0.887,0.000,10.454,0.608,-0.107,156
9902,12.598,0.887,0.000,10.326,0.625,-0.107,156
9903,12.598,0.887,0.000,10.202,0.642,-0.109,156
9904,12.598,0.887,0.000,10.082,0.658,-0.111,156
9905,12.598,0.887,0.000,9.966,0.674,-0.112,156
9906,12.598,0.887,0.000,9.854,0.685,-0.134,156
9907,12.599,0.887,0.000,9.783,0.700,-0.121,156
9908,12.599,0.887,0.000,9.740,0.714,-0.126,156
9909,12.599,0.887,0.000,9.701,0.731,-0.112,156
9910,12.598,0.887,0.000,9.679,0.746,-0.128,156
9911,12.598,0.887,0.000,9.681,0.761,-0.125,156
9912,12.598,0.887,0.000,9.682,0.773,-0.143,156
9913,12.598,0.887,0.000,9.684,0.787,-0.144,156
9914,12.598,0.887,0.000,9.686,0.802,-0.138,156
9915,12.598,0.887,0.000,9.688,0.815,-0.146,156
9916,12.598,0.887,0.000,9.689,0.833,-0.128,156
9917,12.598,0.887,0.000,9.703,0.846,-0.140,156
9918,12.598,0.887,0.000,9.721,0.859,-0.144,156
9919,12.598,0.887,0.000,9.739,0.873,-0.142,156
9920,12.598,0.887,0.000,9.757,0.885,-0.146,156
9921,12.598,0.887,0.000,9.773,0.896,-0.149,156
9922,12.598,0.887,0.000,9.792,0.908,-0.150,156
9923,12.598,0.887,0.000,9.818,0.919,-0.152,156
9924,12.598,0.887,0.000,9.851,0.930,-0.156,156
9925,12.598,0.887,0.000,9.907,0.940,-0.159,156
9926,12.599,0.887,0.000,9.991,0.951,-0.162,156
9927,12.599,0.887,0.000,10.085,0.959,-0.186,156
9928,12.599,0.887,0.000,10.178,0.977,-0.153,156
9929,12.599,0.887,0.000,10.269,0.980,-0.204,156
9930,12.599,0.887,0.000,10.358,0.999,-0.164,156
9931,12.599,0.887,0.000,10.446,1.009,-0.176,156
9932,12.599,0.887,0.000,10.533,1.018,-0.195,156
9933,12.599,0.887,0.000,10.618,1.033,-0.179,156
9934,12.599,0.887,0.000,10.697,1.042,-0.193,156
9935,12.598,0.887,0.000,10.773,1.053,-0.199,156
9936,12.598,0.887,0.000,10.849,1.066,-0.193,156
9937,12.598,0.887,0.000,10.925,1.076,-0.201,156
9938,12.599,0.887,0.000,11.001,1.086,-0.208,156
9939,12.599,0.887,0.000,11.078,1.098,-0.209,156
9940,12.599,0.887,0.000,11.143,1.109,-0.212,156
9941,12.599,0.887,0.000,11.206,1.120,-0.216,156
9942,12.599,0.887,0.000,11.278,1.130,-0.220,156
9943,12.599,0.887,0.000,11.355,1.140,-0.223,156
9944,12.599,0.887,0.000,11.427,1.151,-0.227,156
9945,12.599,0.887,0.000,11.487,1.162,-0.231,156
9946,12.599,0.887,0.000,11.536,1.173,-0.234,156
9947,12.599,0.887,0.000,11.577,1.184,-0.237,156
9948,12.599,0.887,0.000,11.611,1.195,-0.240,156
9949,12.599,0.887,0.000,11.645,1.205,-0.243,156
9950,12.599,0.887,0.000,11.684,1.215,-0.246,156
9951,12.599,0.887,0.000,11.722,1.226,-0.249,156
9952,12.599,0.887,0.000,11.753,1.236,-0.252,156
9953,12.599,0.887,0.000,11.779,1.247,-0.254,156
9954,12.599,0.887,0.000,11.801,1.252,-0.280,156
9955,12.600,0.887,0.000,11.825,1.270,-0.248,156
9956,12.600,0.887,0.000,11.847,1.276,-0.270,156
9957,12.600,0.887,0.000,11.869,1.288,-0.264,156
9958,12.600,0.887,0.000,11.890,1.299,-0.263,156
9959,12.600,0.887,0.000,11.910,1.308,-0.271,156
9960,12.600,0.887,0.000,11.930,1.319,-0.273,156
9961,12.600,0.887,0.000,11.949,1.330,-0.274,156
9962,12.600,0.887,0.000,11.967,1.340,-0.278,156
9963,12.600,0.887,0.000,11.985,1.351,-0.281,156
9964,12.600,0.887,0.000,12.002,1.362,-0.283,156
9965,12.600,0.887,0.000,12.019,1.372,-0.286,156
9966,12.600,0.887,0.000,12.036,1.384,-0.289,156
9967,12.600,0.887,0.000,12.052,1.395,-0.291,156
9968,12.600,0.887,0.000,12.067,1.402,-0.314,156
9969,12.600,0.887,0.000,12.106,1.415,-0.310,156
9970,12.600,0.887,0.000,12.153,1.427,-0.310,156
9971,12.600,0.887,0.000,12.198,1.440,-0.308,156
9972,12.599,0.887,0.000,12.253,1.453,-0.312,156
9973,12.599,0.887,0.000,12.306,1.465,-0.308,156
9974,12.599,0.887,0.000,12.357,1.475,-0.317,156
9975,12.599,0.887,0.000,12.407,1.481,-0.342,156
9976,12.599,0.887,0.000,12.469,1.494,-0.328,156
9977,12.599,0.887,0.000,12.550,1.502,-0.340,156
9978,12.599,0.887,0.000,12.628,1.516,-0.327,156
9979,12.600,0.887,0.000,12.682,1.525,-0.337,156
9980,12.599,0.887,0.000,12.733,1.534,-0.346,156
9981,12.600,0.887,0.000,12.785,1.546,-0.341,156
9982,12.600,0.887,0.000,12.836,1.556,-0.347,156
9983,12.600,0.887,0.000,12.885,1.565,-0.354,156
9984,12.600,0.887,0.000,12.932,1.576,-0.355,156
9985,12.600,0.887,0.000,12.978,1.582,-0.376,156
9986,12.600,0.887,0.000,13.019,1.595,-0.368,156
9987,12.600,0.887,0.000,13.047,1.604,-0.376,156
9988,12.600,0.887,0.000,13.076,1.618,-0.366,156
9989,12.600,0.887,0.000,13.104,1.622,-0.399,156
9990,12.600,0.887,0.000,13.132,1.638,-0.377,156
9991,12.600,0.887,0.000,13.160,1.645,-0.394,156
9992,12.599,0.887,0.000,13.196,1.655,-0.399,156
9993,12.600,0.887,0.000,13.232,1.665,-0.396,156
9994,12.600,0.887,0.000,13.266,1.674,-0.398,156
9995,12.599,0.887,0.000,13.305,1.686,-0.391,156
9996,12.599,0.887,0.000,13.359,1.695,-0.391,156
9997,12.599,0.887,0.000,13.405,1.701,-0.402,156
9998,12.599,0.887,0.000,13.448,1.709,-0.403,156
9999,12.599,0.887,0.000,13.488,1.711,-0.425,156
10000,12.599,0.887,0.000,13.540,1.720,-0.420,156
10001,12.599,0.887,0.000,13.595,1.727,-0.421,156
10002,12.599,0.887,0.000,13.648,1.733,-0.429,156
10003,12.599,0.887,0.000,13.699,1.741,-0.432,156
10004,12.599,0.887,0.000,13.749,1.750,-0.433,156
10005,12.599,0.887,0.000,13.797,1.757,-0.438,156
10006,12.600,0.887,0.000,13.842,1.765,-0.437,156
10007,12.599,0.887,0.000,13.896,1.777,-0.433,156
10008,12.600,0.887,0.000,14.021,1.779,-0.458,156
10009,12.600,0.887,0.000,14.157,1.795,-0.432,156
10010,12.600,0.887,0.000,14.291,1.792,-0.485,156
10011,12.600,0.887,0.000,14.426,1.809,-0.454,156
10012,12.600,0.887,0.000,14.561,1.811,-0.490,156
10013,12.600,0.887,0.000,14.694,1.830,-0.457,156
10014,12.600,0.887,0.000,14.823,1.834,-0.491,156
10015,12.600,0.887,0.000,14.951,1.849,-0.477,156
10016,12.600,0.887,0.000,15.094,1.854,-0.503,156
10017,12.600,0.887,0.000,15.262,1.866,-0.500,156
10018,12.600,0.887,0.000,15.426,1.876,-0.508,156
10019,12.600,0.887,0.000,15.585,1.884,-0.521,156
10020,12.600,0.887,0.000,15.739,1.894,-0.529,156
10021,12.600,0.887,0.000,15.887,1.905,-0.533,156
10022,12.600,0.887,0.000,16.025,1.914,-0.544,156
10023,12.600,0.887,0.000,16.131,1.923,-0.558,156
10024,12.601,0.887,0.000,16.229,1.933,-0.566,156
10025,12.600,0.887,0.000,16.354,1.941,-0.581,156
10026,12.600,0.887,0.000,16.475,1.953,-0.582,156
10027,12.600,0.887,0.000,16.594,1.964,-0.590,156
10028,12.600,0.887,0.000,16.709,1.973,-0.600,156
10029,12.600,0.887,0.000,16.822,1.988,-0.587,156
10030,12.600,0.887,0.000,16.920,1.997,-0.599,156
10031,12.600,0.887,0.000,17.012,2.005,-0.612,156
10032,12.600,0.887,0.000,17.102,2.016,-0.612,156
10033,12.600,0.887,0.000,17.189,2.026,-0.618,156
10034,12.600,0.887,0.000,17.274,2.035,-0.628,156
10035,12.600,0.887,0.000,17.357,2.046,-0.633,156
10036,12.600,0.887,0.000,17.439,2.056,-0.639,156
10037,12.600,0.887,0.000,17.518,2.061,-0.664,156
10038,12.601,0.887,0.000,17.641,2.072,-0.667,156
10039,12.601,0.887,0.000,17.759,2.085,-0.670,156
10040,12.601,0.887,0.000,17.859,2.095,-0.681,156
10041,12.601,0.887,0.000,17.956,2.105,-0.690,156
10042,12.601,0.887,0.000,18.050,2.106,-0.693,156
10043,12.601,0.887,0.000,18.142,2.097,-0.693,156
10044,12.601,0.887,0.000,18.232,2.094,-0.674,156
10045,12.601,0.888,0.000,18.340,2.081,-0.684,156
10046,12.601,0.888,0.000,18.455,2.070,-0.688,156
10047,12.602,0.888,0.000,18.566,2.061,-0.683,156
10048,12.602,0.888,0.000,18.618,2.053,-0.684,156
10049,12.602,0.888,0.000,18.557,2.046,-0.682,156
10050,12.602,0.888,0.000,18.444,2.034,-0.694,156
10051,12.602,0.888,0.000,18.323,2.039,-0.661,156
10052,12.602,0.888,0.000,18.162,2.027,-0.671,156
10053,12.602,0.888,0.000,17.981,2.029,-0.646,156
10054,12.602,0.888,0.000,17.791,2.024,-0.641,156
10055,12.603,0.888,0.000,17.619,2.019,-0.639,156
10056,12.603,0.888,0.000,17.471,2.017,-0.630,156
10057,12.603,0.888,0.000,17.341,2.015,-0.621,156
10058,12.603,0.888,0.000,17.223,2.012,-0.616,156
10059,12.603,0.888,0.000,17.108,2.009,-0.613,156
10060,12.603,0.888,0.000,16.995,2.007,-0.607,156
10061,12.604,0.888,0.000,16.888,2.004,-0.602,156
10062,12.604,0.888,0.000,16.789,2.002,-0.598,156
10063,12.604,0.888,0.000,16.699,2.000,-0.594,156
10064,12.604,0.888,0.000,16.612,1.998,-0.590,156
10065,12.604,0.889,0.000,16.528,1.995,-0.586,156
10066,12.605,0.889,0.000,16.445,1.993,-0.583,156
10067,12.605,0.889,0.000,16.364,1.991,-0.579,156
10068,12.605,0.889,0.000,16.294,1.990,-0.576,156
10069,12.605,0.889,0.000,16.242,1.988,-0.573,156
10070,12.605,0.889,0.000,16.204,1.986,-0.571,156
10071,12.605,0.889,0.000,16.176,1.985,-0.570,156
10072,12.605,0.889,0.000,16.154,1.983,-0.570,156
10073,12.605,0.889,0.000,16.135,1.976,-0.585,156
10074,12.605,0.889,0.000,16.118,1.979,-0.572,156
10075,12.605,0.889,0.000,16.099,1.974,-0.582,156
10076,12.605,0.889,0.000,16.079,1.979,-0.559,156
10077,12.605,0.889,0.000,16.080,1.977,-0.563,156
10078,12.605,0.889,0.000,16.088,1.969,-0.588,156
10079,12.605,0.889,0.000,16.095,1.973,-0.567,156
10080,12.605,0.889,0.000,16.100,1.968,-0.585,156
10081,12.605,0.889,0.000,16.127,1.970,-0.573,156
10082,12.605,0.889,0.000,16.165,1.970,-0.573,156
10083,12.605,0.889,0.000,16.201,1.968,-0.580,156
10084,12.605,0.889,0.000,16.237,1.972,-0.566,156
10085,12.605,0.889,0.000,16.273,1.965,-0.590,156
10086,12.605,0.889,0.000,16.307,1.968,-0.579,156
10087,12.605,0.889,0.000,16.350,1.968,-0.579,156
10088,12.605,0.889,0.000,16.434,1.966,-0.587,156
10089,12.605,0.889,0.000,16.512,1.972,-0.568,156
10090,12.605,0.889,0.000,16.587,1.970,-0.581,156
10091,12.605,0.889,0.000,16.675,1.970,-0.589,156
10092,12.605,0.889,0.000,16.796,1.971,-0.587,156
10093,12.605,0.889,0.000,16.900,1.971,-0.591,156
10094,12.605,0.889,0.000,16.996,1.969,-0.597,156
10095,12.606,0.889,0.000,17.095,1.960,-0.615,156
10096,12.606,0.889,0.000,17.218,1.966,-0.593,156
10097,12.606,0.889,0.000,17.373,1.961,-0.614,156
10098,12.606,0.889,0.000,17.502,1.959,-0.619,156
10099,12.606,0.889,0.000,17.586,1.962,-0.610,156
10100,12.606,0.889,0.000,17.648,1.960,-0.616,156
10101,12.606,0.889,0.000,17.691,1.959,-0.621,156
10102,12.606,0.889,0.000,17.721,1.960,-0.621,156
10103,12.606,0.889,0.000,17.742,1.960,-0.621,156
10104,12.606,0.889,0.000,17.756,1.960,-0.622,156
10105,12.606,0.889,0.000,17.768,1.953,-0.645,156
10106,12.606,0.889,0.000,17.801,1.959,-0.627,156
10107,12.606,0.889,0.000,17.848,1.957,-0.635,156
10108,12.606,0.889,0.000,17.894,1.956,-0.642,156
10109,12.606,0.889,0.000,17.939,1.957,-0.639,156
10110,12.606,0.889,0.000,17.983,1.957,-0.641,156
10111,12.606,0.889,0.000,18.026,1.957,-0.644,156
10112,12.606,0.889,0.000,18.068,1.961,-0.634,156
10113,12.606,0.889,0.000,18.118,1.960,-0.641,156
10114,12.606,0.889,0.000,18.208,1.963,-0.634,156
10115,12.606,0.889,0.000,18.296,1.960,-0.641,156
10116,12.606,0.889,0.000,18.381,1.959,-0.647,156
10117,12.606,0.889,0.000,18.465,1.959,-0.647,156
10118,12.606,0.889,0.000,18.546,1.959,-0.650,156
10119,12.606,0.889,0.000,18.625,1.953,-0.671,156
10120,12.606,0.890,0.000,18.749,1.954,-0.671,156
10121,12.606,0.890,0.000,18.867,1.955,-0.670,156
10122,12.606,0.890,0.000,18.967,1.955,-0.678,156
10123,12.606,0.890,0.000,19.063,1.955,-0.684,156
10124,12.606,0.889,0.000,19.158,1.957,-0.686,156
10125,12.606,0.889,0.000,19.250,1.959,-0.690,156
10126,12.606,0.889,0.000,19.341,1.961,-0.695,156
10127,12.606,0.889,0.000,19.429,1.963,-0.699,156
10128,12.606,0.889,0.000,19.515,1.966,-0.703,156
10129,12.606,0.889,0.000,19.599,1.969,-0.708,156
10130,12.606,0.889,0.000,19.681,1.974,-0.707,156
10131,12.606,0.889,0.000,19.765,1.980,-0.707,156
10132,12.606,0.889,0.000,19.894,1.986,-0.705,156
10133,12.606,0.889,0.000,20.021,1.986,-0.719,156
10134,12.606,0.889,0.000,20.145,1.989,-0.725,156
10135,12.606,0.889,0.000,20.266,1.993,-0.727,156
10136,12.606,0.889,0.000,20.385,1.996,-0.735,156
10137,12.606,0.889,0.000,20.501,2.000,-0.742,156
10138,12.606,0.889,0.000,20.615,2.004,-0.747,156
10139,12.606,0.889,0.000,20.726,2.009,-0.753,156
10140,12.606,0.889,0.000,20.834,2.013,-0.760,156
10141,12.606,0.889,0.000,20.941,2.018,-0.766,156
10142,12.606,0.889,0.000,21.033,2.023,-0.772,156
10143,12.606,0.889,0.000,21.093,2.029,-0.777,156
10144,12.606,0.889,0.000,21.130,2.035,-0.781,156
10145,12.606,0.889,0.000,21.152,2.041,-0.784,156
10146,12.606,0.889,0.000,21.166,2.048,-0.787,156
10147,12.606,0.889,0.000,21.174,2.054,-0.790,156
10148,12.606,0.889,0.000,21.180,2.058,-0.792,156
10149,12.606,0.889,0.000,21.183,2.052,-0.788,156
10150,12.606,0.889,0.000,21.184,2.045,-0.786,156
10151,12.606,0.889,0.000,21.185,2.029,-0.806,156
10152,12.606,0.889,0.000,21.186,2.029,-0.784,156
10153,12.606,0.889,0.000,21.188,2.022,-0.780,156
10154,12.606,0.889,0.000,21.190,2.016,-0.778,156
10155,12.606,0.889,0.000,21.193,2.012,-0.766,156
10156,12.606,0.889,0.000,21.195,2.002,-0.773,156
10157,12.606,0.889,0.000,21.197,1.996,-0.769,156
10158,12.606,0.889,0.000,21.199,1.991,-0.763,156
10159,12.606,0.889,0.000,21.201,1.984,-0.763,156
10160,12.606,0.889,0.000,21.203,1.977,-0.762,156
10161,12.606,0.890,0.000,21.206,1.965,-0.772,156
10162,12.606,0.890,0.000,21.270,1.958,-0.772,156
10163,12.606,0.890,0.000,21.322,1.953,-0.766,156
10164,12.606,0.890,0.000,21.360,1.946,-0.765,156
10165,12.606,0.890,0.000,21.391,1.939,-0.767,156
10166,12.606,0.890,0.000,21.422,1.942,-0.746,156
10167,12.606,0.889,0.000,21.448,1.934,-0.759,156
10168,12.606,0.889,0.000,21.455,1.930,-0.755,156
10169,12.606,0.889,0.000,21.459,1.927,-0.749,156
10170,12.606,0.889,0.000,21.462,1.922,-0.748,156
10171,12.606,0.889,0.000,21.463,1.916,-0.748,156
10172,12.606,0.889,0.000,21.464,1.912,-0.746,156
10173,12.606,0.889,0.000,21.464,1.908,-0.744,156
10174,12.606,0.889,0.000,21.465,1.903,-0.742,156
10175,12.606,0.889,0.000,21.464,1.899,-0.741,156
10176,12.606,0.889,0.000,21.464,1.895,-0.739,156
10177,12.606,0.889,0.000,21.464,1.890,-0.737,156
10178,12.606,0.889,0.000,21.464,1.886,-0.736,156
10179,12.606,0.889,0.000,21.463,1.882,-0.734,156
10180,12.606,0.889,0.000,21.463,1.878,-0.732,156
10181,12.606,0.889,0.000,21.463,1.874,-0.731,156
10182,12.606,0.889,0.000,21.463,1.870,-0.729,156
10183,12.606,0.889,0.000,21.462,1.867,-0.728,156
10184,12.606,0.889,0.000,21.462,1.863,-0.726,156
10185,12.606,0.889,0.000,21.462,1.859,-0.725,156
10186,12.606,0.889,0.000,21.461,1.856,-0.724,156
10187,12.606,0.889,0.000,21.461,1.852,-0.722,156
10188,12.606,0.889,0.000,21.461,1.849,-0.721,156
10189,12.606,0.889,0.000,21.460,1.845,-0.719,156
10190,12.606,0.889,0.000,21.460,1.842,-0.718,156
10191,12.606,0.889,0.000,21.460,1.839,-0.717,156
10192,12.606,0.889,0.000,21.459,1.828,-0.734,156
10193,12.606,0.889,0.000,21.502,1.827,-0.726,156
10194,12.606,0.889,0.000,21.549,1.825,-0.722,156
10195,12.606,0.889,0.000,21.582,1.825,-0.713,156
10196,12.606,0.889,0.000,21.598,1.820,-0.719,156
10197,12.606,0.889,0.000,21.623,1.822,-0.709,156
10198,12.606,0.889,0.000,21.642,1.807,-0.740,156
10199,12.606,0.890,0.000,21.687,1.814,-0.714,156
10200,12.606,0.890,0.000,21.751,1.804,-0.733,156
10201,12.606,0.889,0.000,21.773,1.805,-0.729,156
10202,12.606,0.889,0.000,21.774,1.805,-0.724,156
10203,12.606,0.889,0.000,21.775,1.803,-0.725,156
10204,12.606,0.889,0.000,21.775,1.801,-0.726,156
10205,12.606,0.889,0.000,21.776,1.804,-0.715,156
10206,12.605,0.889,0.000,21.795,1.805,-0.720,156
10207,12.605,0.889,0.000,21.856,1.805,-0.715,156
10208,12.605,0.889,0.000,21.897,1.796,-0.736,156
10209,12.605,0.889,0.000,21.959,1.797,-0.724,156
10210,12.605,0.889,0.000,22.041,1.793,-0.731,156
10211,12.605,0.889,0.000,22.105,1.790,-0.736,156
10212,12.605,0.889,0.000,22.164,1.790,-0.734,156
10213,12.605,0.889,0.000,22.222,1.789,-0.736,156
10214,12.605,0.889,0.000,22.279,1.787,-0.739,156
10215,12.605,0.889,0.000,22.334,1.787,-0.741,156
10216,12.605,0.889,0.000,22.389,1.787,-0.742,156
10217,12.605,0.889,0.000,22.442,1.787,-0.745,156
10218,12.605,0.889,0.000,22.495,1.788,-0.747,156
10219,12.605,0.889,0.000,22.546,1.789,-0.749,156
10220,12.605,0.889,0.000,22.596,1.791,-0.752,156
10221,12.605,0.889,0.000,22.646,1.792,-0.754,156
10222,12.605,0.889,0.000,22.694,1.795,-0.757,156
10223,12.605,0.889,0.000,22.741,1.797,-0.760,156
10224,12.605,0.889,0.000,22.788,1.800,-0.763,156
10225,12.605,0.889,0.000,22.833,1.803,-0.766,156
10226,12.605,0.889,0.000,22.877,1.807,-0.768,156
10227,12.605,0.889,0.000,22.910,1.810,-0.771,156
10228,12.605,0.889,0.000,22.928,1.815,-0.769,156
10229,12.605,0.889,0.000,22.945,1.821,-0.765,156
10230,12.605,0.889,0.000,22.998,1.828,-0.763,156
10231,12.605,0.889,0.000,23.082,1.829,-0.780,156
10232,12.605,0.889,0.000,23.212,1.831,-0.784,156
10233,12.605,0.889,0.000,23.338,1.835,-0.785,156
10234,12.605,0.889,0.000,23.462,1.840,-0.785,156
10235,12.604,0.889,0.000,23.604,1.839,-0.803,156
10236,12.605,0.889,0.000,23.757,1.843,-0.805,156
10237,12.605,0.889,0.000,23.904,1.846,-0.808,156
10238,12.605,0.889,0.000,24.046,1.845,-0.818,156
10239,12.605,0.889,0.000,24.186,1.840,-0.837,156
10240,12.605,0.889,0.000,24.334,1.843,-0.832,156
10241,12.605,0.889,0.000,24.512,1.839,-0.851,156
10242,12.605,0.889,0.000,24.686,1.841,-0.854,156
10243,12.605,0.889,0.000,24.857,1.843,-0.857,156
10244,12.605,0.889,0.000,25.025,1.841,-0.867,156
10245,12.605,0.889,0.000,25.189,1.841,-0.873,156
10246,12.605,0.889,0.000,25.350,1.841,-0.878,156
10247,12.605,0.889,0.000,25.508,1.840,-0.884,156
10248,12.605,0.889,0.000,25.663,1.839,-0.890,156
10249,12.605,0.889,0.000,25.810,1.839,-0.895,156
10250,12.605,0.889,0.000,25.904,1.838,-0.898,156
10251,12.605,0.889,0.000,25.952,1.838,-0.901,156
10252,12.605,0.889,0.000,25.976,1.839,-0.902,156
10253,12.605,0.889,0.000,25.987,1.840,-0.903,156
10254,12.605,0.889,0.000,25.993,1.842,-0.904,156
10255,12.605,0.889,0.000,25.995,1.843,-0.904,156
10256,12.605,0.889,0.000,25.997,1.844,-0.905,156
10257,12.605,0.889,0.000,25.997,1.846,-0.906,156
10258,12.605,0.889,0.000,25.997,1.847,-0.906,156
10259,12.605,0.889,0.000,25.997,1.848,-0.907,156
10260,12.605,0.889,0.000,25.997,1.850,-0.908,156
10261,12.605,0.889,0.000,25.997,1.851,-0.909,156
10262,12.605,0.889,0.000,25.997,1.853,-0.909,156
10263,12.605,0.889,0.000,25.997,1.854,-0.910,156
10264,12.605,0.889,0.000,25.997,1.856,-0.911,156
10265,12.605,0.889,0.000,25.997,1.857,-0.912,156
10266,12.605,0.889,0.000,25.996,1.859,-0.912,156
10267,12.605,0.889,0.000,25.996,1.861,-0.913,156
10268,12.605,0.889,0.000,25.996,1.862,-0.914,156
10269,12.605,0.889,0.000,25.996,1.864,-0.915,156
10270,12.605,0.889,0.000,25.996,1.866,-0.915,156
10271,12.605,0.889,0.000,25.996,1.867,-0.916,156
10272,12.605,0.889,0.000,25.995,1.869,-0.917,156
10273,12.605,0.889,0.000,25.995,1.871,-0.918,156
10274,12.605,0.889,0.000,25.995,1.872,-0.919,156
10275,12.605,0.889,0.000,25.995,1.874,-0.920,156
10276,12.605,0.889,0.000,25.995,1.876,-0.921,156
10277,12.605,0.889,0.000,25.994,1.878,-0.921,156
10278,12.605,0.889,0.000,25.994,1.880,-0.922,156
10279,12.605,0.889,0.000,25.994,1.882,-0.923,156
10280,12.605,0.889,0.000,25.994,1.883,-0.924,156
10281,12.605,0.889,0.000,25.994,1.885,-0.925,156
10282,12.605,0.889,0.000,25.994,1.887,-0.926,156
10283,12.605,0.889,0.000,25.994,1.889,-0.927,156
10284,12.605,0.889,0.000,25.993,1.891,-0.928,156
10285,12.605,0.889,0.000,25.993,1.893,-0.929,156
10286,12.605,0.889,0.000,25.993,1.895,-0.930,156
10287,12.605,0.889,0.000,25.993,1.897,-0.931,156
10288,12.605,0.889,0.000,25.993,1.899,-0.932,156
10289,12.605,0.889,0.000,25.993,1.901,-0.933,156
10290,12.605,0.889,0.000,25.992,1.904,-0.934,156
10291,12.605,0.889,0.000,25.992,1.906,-0.935,156
10292,12.605,0.889,0.000,25.992,1.908,-0.936,156
10293,12.605,0.889,0.000,25.992,1.910,-0.937,156
10294,12.605,0.889,0.000,25.992,1.912,-0.938,156
10295,12.605,0.889,0.000,25.991,1.914,-0.939,156
10296,12.605,0.889,0.000,25.991,1.917,-0.940,156
10297,12.605,0.889,0.000,25.991,1.919,-0.941,156
10298,12.605,0.889,0.000,25.991,1.921,-0.942,156
10299,12.605,0.889,0.000,25.991,1.923,-0.943,156
10300,12.605,0.889,0.000,25.991,1.926,-0.945,156
10301,12.605,0.889,0.000,25.990,1.928,-0.946,156
10302,12.605,0.889,0.000,25.990,1.930,-0.947,156
10303,12.605,0.889,0.000,25.990,1.933,-0.948,156
10304,12.605,0.889,0.000,25.990,1.935,-0.949,156
10305,12.605,0.889,0.000,25.990,1.937,-0.950,156
10306,12.605,0.889,0.000,25.990,1.940,-0.951,156
10307,12.605,0.889,0.000,25.990,1.942,-0.953,156
10308,12.605,0.889,0.000,25.990,1.945,-0.954,156
10309,12.605,0.889,0.000,25.989,1.947,-0.955,156
10310,12.605,0.889,0.000,25.989,1.949,-0.956,156
10311,12.605,0.889,0.000,25.989,1.952,-0.957,156
10312,12.605,0.889,0.000,25.989,1.954,-0.959,156
10313,12.605,0.889,0.000,25.989,1.957,-0.960,156
10314,12.605,0.889,0.000,25.989,1.959,-0.961,156
10315,12.605,0.889,0.000,25.989,1.962,-0.962,156
10316,12.605,0.889,0.000,25.989,1.965,-0.964,156
10317,12.605,0.889,0.000,25.989,1.967,-0.965,156
10318,12.605,0.889,0.000,25.989,1.970,-0.966,156
10319,12.605,0.889,0.000,25.989,1.972,-0.967,156
10320,12.605,0.889,0.000,25.989,1.975,-0.969,156
10321,12.605,0.889,0.000,25.989,1.979,-0.967,156
10322,12.605,0.889,0.000,25.989,1.982,-0.958,156
10323,12.605,0.889,0.000,25.989,1.981,-0.949,156
10324,12.604,0.889,0.000,26.026,1.972,-0.959,156
10325,12.604,0.889,0.000,26.075,1.967,-0.959,156
10326,12.604,0.889,0.000,26.103,1.964,-0.954,156
10327,12.604,0.889,0.000,26.128,1.958,-0.953,156
10328,12.604,0.889,0.000,26.151,1.952,-0.953,156
10329,12.604,0.889,0.000,26.174,1.947,-0.951,156
10330,12.604,0.889,0.000,26.196,1.942,-0.948,156
10331,12.604,0.889,0.000,26.218,1.936,-0.947,156
10332,12.604,0.889,0.000,26.239,1.931,-0.945,156
10333,12.604,0.889,0.000,26.260,1.925,-0.943,156
10334,12.605,0.889,0.000,26.281,1.910,-0.958,156
10335,12.605,0.889,0.000,26.383,1.903,-0.951,156
10336,12.605,0.889,0.000,26.475,1.897,-0.947,156
10337,12.605,0.889,0.000,26.521,1.890,-0.948,156
10338,12.605,0.889,0.000,26.543,1.883,-0.948,156
10339,12.605,0.889,0.000,26.553,1.878,-0.945,156
10340,12.605,0.889,0.000,26.558,1.873,-0.942,156
10341,12.605,0.889,0.000,26.561,1.868,-0.939,156
10342,12.605,0.889,0.000,26.561,1.863,-0.937,156
10343,12.605,0.889,0.000,26.562,1.858,-0.935,156
10344,12.605,0.889,0.000,26.562,1.853,-0.932,156
10345,12.605,0.889,0.000,26.562,1.848,-0.930,156
10346,12.605,0.889,0.000,26.561,1.843,-0.927,156
10347,12.605,0.889,0.000,26.561,1.839,-0.925,156
10348,12.605,0.889,0.000,26.561,1.834,-0.923,156
10349,12.605,0.889,0.000,26.561,1.830,-0.920,156
10350,12.605,0.889,0.000,26.560,1.825,-0.918,156
10351,12.605,0.889,0.000,26.560,1.821,-0.916,156
10352,12.605,0.889,0.000,26.560,1.816,-0.914,156
10353,12.605,0.889,0.000,26.560,1.812,-0.912,156
10354,12.605,0.889,0.000,26.559,1.808,-0.910,156
10355,12.605,0.889,0.000,26.559,1.804,-0.908,156
10356,12.605,0.889,0.000,26.559,1.800,-0.905,156
10357,12.605,0.889,0.000,26.558,1.796,-0.903,156
10358,12.605,0.889,0.000,26.558,1.792,-0.902,156
10359,12.605,0.889,0.000,26.558,1.788,-0.900,156
10360,12.605,0.889,0.000,26.558,1.784,-0.898,156
10361,12.605,0.889,0.000,26.557,1.781,-0.896,156
10362,12.605,0.889,0.000,26.557,1.777,-0.894,156
10363,12.605,0.889,0.000,26.557,1.773,-0.892,156
10364,12.605,0.889,0.000,26.557,1.770,-0.890,156
10365,12.605,0.889,0.000,26.556,1.766,-0.889,156
10366,12.605,0.889,0.000,26.556,1.763,-0.887,156
10367,12.605,0.889,0.000,26.556,1.762,-0.880,156
10368,12.605,0.889,0.000,26.554,1.761,-0.875,156
10369,12.605,0.889,0.000,26.530,1.761,-0.865,156
10370,12.605,0.889,0.000,26.550,1.754,-0.874,156
10371,12.605,0.889,0.000,26.609,1.751,-0.873,156
10372,12.605,0.889,0.000,26.639,1.749,-0.869,156
10373,12.605,0.889,0.000,26.653,1.745,-0.869,156
10374,12.605,0.889,0.000,26.660,1.742,-0.869,156
10375,12.605,0.889,0.000,26.576,1.740,-0.865,156
10376,12.605,0.889,0.000,26.343,1.737,-0.862,156
10377,12.606,0.889,0.000,26.099,1.736,-0.853,156
10378,12.605,0.889,0.000,25.881,1.744,-0.833,156
10379,12.605,0.889,0.000,25.630,1.743,-0.829,156
10380,12.605,0.889,0.000,25.407,1.741,-0.828,156
10381,12.605,0.889,0.000,25.181,1.748,-0.808,156
10382,12.605,0.889,0.000,24.959,1.746,-0.806,156
10383,12.605,0.889,0.000,24.741,1.745,-0.801,156
10384,12.605,0.889,0.000,24.535,1.748,-0.790,156
10385,12.606,0.889,0.000,24.389,1.747,-0.785,156
10386,12.606,0.889,0.000,24.362,1.744,-0.784,156
10387,12.606,0.889,0.000,24.413,1.740,-0.784,156
10388,12.606,0.890,0.000,24.494,1.737,-0.785,156
10389,12.606,0.890,0.000,24.581,1.734,-0.787,156
10390,12.606,0.890,0.000,24.669,1.730,-0.789,156
10391,12.607,0.890,0.000,24.759,1.727,-0.790,156
10392,12.607,0.890,0.000,24.850,1.723,-0.792,156
10393,12.607,0.890,0.000,24.941,1.720,-0.794,156
10394,12.607,0.890,0.000,25.033,1.717,-0.796,156
10395,12.607,0.890,0.000,25.126,1.713,-0.797,156
10396,12.607,0.890,0.000,25.218,1.710,-0.799,156
10397,12.608,0.890,0.000,25.311,1.707,-0.801,156
10398,12.608,0.890,0.000,25.405,1.703,-0.803,156
10399,12.608,0.890,0.000,25.500,1.700,-0.805,156
10400,12.608,0.890,0.000,25.597,1.697,-0.807,156
10401,12.608,0.891,0.000,25.698,1.686,-0.825,156
10402,12.609,0.891,0.000,25.802,1.688,-0.814,156
10403,12.609,0.891,0.000,25.912,1.679,-0.829,156
10404,12.609,0.891,0.000,26.019,1.678,-0.827,156
10405,12.609,0.891,0.000,26.125,1.685,-0.811,156
10406,12.609,0.891,0.000,26.228,1.676,-0.829,156
10407,12.609,0.891,0.000,26.329,1.682,-0.819,156
10408,12.609,0.891,0.000,26.520,1.680,-0.830,156
10409,12.609,0.891,0.000,26.757,1.675,-0.841,156
10410,12.609,0.891,0.000,27.014,1.668,-0.856,156
10411,12.610,0.891,0.000,27.266,1.666,-0.861,156
10412,12.610,0.891,0.000,27.557,1.658,-0.879,156
10413,12.610,0.891,0.000,27.817,1.672,-0.858,156
10414,12.609,0.891,0.000,28.083,1.658,-0.893,156
10415,12.609,0.891,0.000,28.368,1.667,-0.881,156
10416,12.609,0.891,0.000,28.647,1.646,-0.926,156
10417,12.610,0.891,0.000,28.935,1.657,-0.906,156
10418,12.610,0.891,0.000,29.239,1.643,-0.938,156
10419,12.610,0.891,0.000,29.570,1.646,-0.935,156
10420,12.610,0.891,0.000,29.902,1.643,-0.947,156
10421,12.610,0.891,0.000,30.192,1.637,-0.963,156
10422,12.610,0.891,0.000,30.476,1.636,-0.971,156
10423,12.610,0.891,0.000,30.755,1.636,-0.978,156
10424,12.611,0.892,0.000,31.021,1.637,-0.971,156
10425,12.610,0.892,0.000,31.312,1.633,-0.983,156
10426,12.611,0.892,0.000,31.579,1.614,-1.018,156
10427,12.611,0.892,0.000,31.854,1.625,-0.999,156
10428,12.611,0.892,0.000,32.151,1.619,-1.012,156
10429,12.611,0.892,0.000,32.443,1.617,-1.021,156
10430,12.611,0.892,0.000,32.716,1.615,-1.030,156
10431,12.611,0.892,0.000,32.864,1.615,-1.036,156
10432,12.611,0.892,0.000,32.917,1.617,-1.040,156
10433,12.611,0.892,0.000,32.934,1.619,-1.042,156
10434,12.611,0.892,0.000,32.941,1.610,-1.062,156
10435,12.612,0.892,0.000,32.981,1.618,-1.054,156
10436,12.612,0.892,0.000,33.032,1.621,-1.056,156
10437,12.611,0.892,0.000,33.082,1.619,-1.065,156
10438,12.611,0.892,0.000,33.131,1.622,-1.067,156
10439,12.611,0.892,0.000,33.179,1.625,-1.068,156
10440,12.611,0.892,0.000,33.227,1.626,-1.073,156
10441,12.611,0.892,0.000,33.274,1.627,-1.076,156
10442,12.611,0.892,0.000,33.320,1.634,-1.071,156
10443,12.611,0.892,0.000,33.363,1.636,-1.075,156
10444,12.611,0.892,0.000,33.354,1.643,-1.069,156
10445,12.611,0.892,0.000,33.347,1.644,-1.073,156
10446,12.611,0.892,0.000,33.345,1.644,-1.077,156
10447,12.611,0.892,0.000,33.344,1.648,-1.078,156
10448,12.611,0.892,0.000,33.344,1.651,-1.079,156
10449,12.611,0.892,0.000,33.343,1.653,-1.080,156
10450,12.611,0.892,0.000,33.343,1.655,-1.082,156
10451,12.611,0.892,0.000,33.343,1.658,-1.084,156
10452,12.611,0.892,0.000,33.343,1.660,-1.085,156
10453,12.611,0.892,0.000,33.343,1.662,-1.087,156
10454,12.611,0.892,0.000,33.343,1.655,-1.104,156
10455,12.611,0.892,0.000,33.303,1.662,-1.101,156
10456,12.611,0.892,0.000,33.263,1.676,-1.084,156
10457,12.611,0.892,0.000,33.224,1.671,-1.097,156
10458,12.611,0.892,0.000,33.186,1.683,-1.085,156
10459,12.611,0.892,0.000,33.138,1.684,-1.092,156
10460,12.611,0.892,0.000,33.097,1.685,-1.095,156
10461,12.611,0.892,0.000,33.082,1.690,-1.094,156
10462,12.611,0.892,0.000,33.077,1.693,-1.095,156
10463,12.611,0.892,0.000,33.169,1.692,-1.099,156
10464,12.611,0.892,0.000,33.440,1.689,-1.109,156
10465,12.611,0.892,0.000,33.734,1.685,-1.119,156
10466,12.611,0.892,0.000,33.968,1.683,-1.127,156
10467,12.612,0.892,0.000,34.133,1.682,-1.133,156
10468,12.612,0.892,0.000,34.250,1.682,-1.138,156
10469,12.612,0.892,0.000,34.335,1.682,-1.142,156
10470,12.612,0.892,0.000,34.388,1.684,-1.145,156
10471,12.612,0.892,0.000,34.408,1.686,-1.148,156
10472,12.612,0.892,0.000,34.414,1.689,-1.150,156
10473,12.612,0.892,0.000,34.415,1.691,-1.152,156
10474,12.612,0.892,0.000,34.415,1.694,-1.154,156
10475,12.612,0.892,0.000,34.415,1.697,-1.156,156
10476,12.612,0.892,0.000,34.415,1.699,-1.157,156
10477,12.612,0.892,0.000,34.415,1.702,-1.159,156
10478,12.612,0.892,0.000,34.415,1.705,-1.161,156
10479,12.612,0.892,0.000,34.415,1.708,-1.163,156
10480,12.612,0.892,0.000,34.415,1.711,-1.165,156
10481,12.612,0.892,0.000,34.415,1.713,-1.167,156
10482,12.612,0.892,0.000,34.415,1.716,-1.169,156
10483,12.612,0.892,0.000,34.415,1.719,-1.171,156
10484,12.612,0.892,0.000,34.415,1.722,-1.173,156
10485,12.612,0.892,0.000,34.415,1.721,-1.180,156
10486,12.612,0.892,0.000,34.413,1.722,-1.185,156
10487,12.612,0.892,0.000,34.430,1.720,-1.194,156
10488,12.612,0.892,0.000,34.448,1.728,-1.189,156
10489,12.612,0.892,0.000,34.465,1.730,-1.193,156
10490,12.612,0.892,0.000,34.483,1.730,-1.198,156
10491,12.612,0.892,0.000,34.500,1.734,-1.199,156
10492,12.612,0.892,0.000,34.517,1.739,-1.198,156
10493,12.611,0.891,0.000,34.538,1.749,-1.197,156
10494,12.611,0.891,0.000,34.617,1.753,-1.197,156
10495,12.611,0.892,0.000,34.786,1.748,-1.208,156
10496,12.611,0.892,0.000,35.177,1.741,-1.222,156
10497,12.611,0.892,0.000,35.603,1.735,-1.235,156
10498,12.611,0.892,0.000,35.895,1.732,-1.246,156
10499,12.611,0.892,0.000,36.004,1.732,-1.252,156
10500,12.611,0.892,0.000,36.031,1.734,-1.255,156
10501,12.611,0.892,0.000,36.036,1.737,-1.257,156
10502,12.611,0.892,0.000,36.037,1.740,-1.259,156
10503,12.611,0.892,0.000,36.036,1.743,-1.261,156
10504,12.611,0.892,0.000,36.036,1.746,-1.263,156
10505,12.611,0.892,0.000,36.036,1.748,-1.265,156
10506,12.611,0.892,0.000,36.036,1.751,-1.267,156
10507,12.611,0.892,0.000,36.036,1.754,-1.269,156
10508,12.611,0.892,0.000,36.036,1.757,-1.271,156
10509,12.611,0.892,0.000,36.036,1.760,-1.273,156
10510,12.611,0.892,0.000,36.036,1.762,-1.275,156
10511,12.611,0.892,0.000,36.036,1.765,-1.277,156
10512,12.611,0.892,0.000,36.036,1.768,-1.279,156
10513,12.611,0.892,0.000,36.035,1.758,-1.299,156
10514,12.611,0.891,0.000,36.020,1.773,-1.287,156
10515,12.611,0.891,0.000,35.995,1.771,-1.295,156
10516,12.611,0.891,0.000,35.971,1.781,-1.287,156
10517,12.612,0.892,0.000,35.946,1.780,-1.289,156
10518,12.612,0.892,0.000,36.029,1.785,-1.289,156
10519,12.612,0.892,0.000,36.073,1.784,-1.290,156
10520,12.612,0.892,0.000,36.086,1.779,-1.291,156
10521,12.612,0.892,0.000,36.088,1.777,-1.288,156
10522,12.612,0.892,0.000,36.088,1.774,-1.286,156
10523,12.612,0.892,0.000,36.088,1.772,-1.284,156
10524,12.612,0.892,0.000,36.088,1.769,-1.282,156
10525,12.612,0.892,0.000,36.087,1.753,-1.299,156
10526,12.612,0.892,0.000,36.111,1.762,-1.282,156
10527,12.612,0.892,0.000,36.138,1.755,-1.286,156
10528,12.612,0.892,0.000,36.094,1.750,-1.286,156
10529,12.612,0.892,0.000,35.997,1.751,-1.279,156
10530,12.612,0.893,0.000,35.817,1.761,-1.258,156
10531,12.612,0.892,0.000,35.634,1.757,-1.261,156
10532,12.613,0.893,0.000,35.494,1.765,-1.244,156
10533,12.613,0.893,0.000,35.358,1.762,-1.241,156
10534,12.613,0.893,0.000,35.224,1.760,-1.238,156
10535,12.613,0.893,0.000,35.091,1.758,-1.235,156
10536,12.614,0.894,0.000,34.963,1.753,-1.230,156
10537,12.615,0.894,0.000,34.873,1.748,-1.231,156
10538,12.615,0.894,0.000,34.872,1.759,-1.212,156
10539,12.614,0.894,0.000,34.899,1.753,-1.223,156
10540,12.615,0.894,0.000,34.974,1.752,-1.220,156
10541,12.615,0.894,0.000,35.154,1.749,-1.222,156
10542,12.615,0.895,0.000,35.368,1.741,-1.228,156
10543,12.616,0.895,0.000,35.612,1.734,-1.236,156
10544,12.616,0.895,0.000,35.880,1.727,-1.242,156
10545,12.616,0.895,0.000,36.162,1.719,-1.249,156
10546,12.616,0.895,0.000,36.445,1.699,-1.272,156
10547,12.617,0.896,0.000,36.732,1.695,-1.273,156
10548,12.617,0.896,0.000,37.015,1.692,-1.276,156
10549,12.617,0.896,0.000,37.292,1.681,-1.289,156
10550,12.618,0.896,0.000,37.577,1.674,-1.297,156
10551,12.618,0.897,0.000,37.924,1.668,-1.305,156
10552,12.618,0.897,0.000,38.324,1.659,-1.317,156
10553,12.618,0.897,0.000,38.784,1.647,-1.331,156
10554,12.619,0.897,0.000,39.320,1.635,-1.346,156
10555,12.619,0.897,0.000,39.939,1.620,-1.363,156
10556,12.619,0.897,0.000,40.639,1.616,-1.370,156
10557,12.619,0.897,0.000,41.351,1.590,-1.404,156
10558,12.619,0.897,0.000,42.136,1.579,-1.416,156
10559,12.619,0.897,0.000,43.107,1.555,-1.443,156
10560,12.619,0.897,0.000,44.114,1.524,-1.479,156
10561,12.620,0.898,0.000,44.959,1.499,-1.500,156
10562,12.619,0.898,0.000,45.762,1.473,-1.531,156
10563,12.620,0.898,0.000,46.527,1.461,-1.542,156
10564,12.620,0.898,0.000,47.010,1.446,-1.556,156
10565,12.620,0.898,0.000,47.158,1.440,-1.562,156
10566,12.620,0.898,0.000,47.178,1.440,-1.563,156
10567,12.620,0.898,0.000,47.175,1.442,-1.563,156
10568,12.620,0.898,0.000,47.172,1.460,-1.548,156
10569,12.620,0.898,0.000,47.176,1.439,-1.569,156
10570,12.620,0.899,0.000,47.233,1.445,-1.560,156
10571,12.620,0.899,0.000,47.300,1.440,-1.566,156
10572,12.620,0.899,0.000,47.324,1.437,-1.570,156
10573,12.620,0.899,0.000,47.329,1.440,-1.570,156
10574,12.620,0.899,0.000,47.329,1.442,-1.570,156
10575,12.620,0.899,0.000,47.328,1.442,-1.571,156
10576,12.620,0.899,0.000,46.790,1.457,-1.559,156
10577,12.620,0.899,0.000,45.012,1.505,-1.513,156
10578,12.620,0.899,0.000,42.110,1.581,-1.435,156
10579,12.620,0.899,0.000,38.534,1.669,-1.335,156
10580,12.620,0.898,0.000,34.722,1.756,-1.223,156
10581,12.619,0.898,0.000,30.850,1.838,-1.104,156
10582,12.619,0.898,0.000,26.948,1.911,-0.978,156
10583,12.618,0.898,0.000,23.001,1.977,-0.845,156
10584,12.618,0.898,0.000,18.989,2.035,-0.706,156
10585,12.617,0.898,0.000,14.910,2.083,-0.560,156
10586,12.617,0.898,0.000,10.775,2.122,-0.409,156
10587,12.616,0.898,0.000,6.610,2.150,-0.255,156
10588,12.616,0.898,0.000,2.442,2.166,-0.098,156
10589,12.615,0.898,0.000,-1.711,2.172,0.059,156
10590,12.614,0.898,0.000,-5.851,2.166,0.216,156
10591,12.614,0.898,0.000,-9.995,2.149,0.373,156
10592,12.613,0.898,0.000,-14.177,2.120,0.530,156
10593,12.613,0.898,0.000,-18.426,2.079,0.687,156
10594,12.612,0.899,0.000,-22.757,2.026,0.844,156
10595,12.611,0.899,0.000,-27.159,1.959,0.999,156
10596,12.611,0.899,0.000,-31.598,1.880,1.150,156
10597,12.610,0.900,0.000,-36.037,1.790,1.295,156
10598,12.610,0.900,0.000,-40.443,1.690,1.432,156
10599,12.609,0.901,0.000,-44.798,1.580,1.561,156
10600,12.609,0.902,0.000,-49.097,1.462,1.679,156
10601,12.608,0.902,0.000,-53.340,1.333,1.782,156
10602,12.608,0.903,0.000,-57.531,1.196,1.869,156
10603,12.607,0.904,0.000,-61.675,1.055,1.944,156
10604,12.607,0.905,0.000,-65.778,0.910,2.009,156
10605,12.607,0.905,0.000,-69.846,0.763,2.063,156
10606,12.606,0.906,0.000,-73.877,0.615,2.106,156
10607,12.606,0.907,0.000,-77.870,0.465,2.138,156
10608,12.606,0.908,0.000,-81.823,0.316,2.160,156
10609,12.606,0.909,0.000,-85.737,0.167,2.171,156
10610,12.606,0.910,0.000,-89.610,0.020,2.172,156
10611,12.606,0.910,0.000,-93.445,-0.125,2.163,156
10612,12.606,0.911,0.000,-97.241,-0.267,2.145,156
10613,12.607,0.912,0.000,-101.005,-0.407,2.118,156
10614,12.607,0.913,0.000,-104.744,-0.543,2.083,156
10615,12.607,0.914,0.000,-108.466,-0.675,2.039,156
10616,12.607,0.914,0.000,-112.181,-0.804,1.986,156
10617,12.608,0.915,0.000,-115.895,-0.929,1.926,156
10618,12.608,0.916,0.000,-119.610,-1.050,1.858,156
10619,12.609,0.916,0.000,-123.324,-1.166,1.783,156
10620,12.609,0.917,0.000,-127.036,-1.277,1.700,156
10621,12.610,0.918,0.000,-130.746,-1.382,1.611,156
10622,12.610,0.918,0.000,-134.455,-1.480,1.516,156
10623,12.611,0.919,0.000,-138.168,-1.573,1.414,156
10624,12.611,0.919,0.000,-141.889,-1.658,1.307,156
10625,12.612,0.919,0.000,-145.618,-1.737,1.195,156
10626,12.613,0.920,0.000,-149.355,-1.808,1.077,156
10627,12.613,0.920,0.000,-153.097,-1.871,0.955,156
10628,12.614,0.920,0.000,-156.839,-1.927,0.830,156
10629,12.615,0.921,0.000,-160.577,-1.974,0.702,156
10630,12.616,0.921,0.000,-164.306,-2.013,0.571,156
10631,12.616,0.921,0.000,-168.021,-2.043,0.439,156
10632,12.617,0.921,0.000,-171.718,-2.064,0.306,156
10633,12.618,0.921,0.000,-175.391,-2.077,0.173,156
10634,12.618,0.921,0.000,-179.036,-2.081,0.040,156
10635,12.619,0.921,0.000,177.351,-2.077,-0.091,156
10636,12.620,0.921,0.000,173.765,-2.065,-0.220,156
10637,12.621,0.921,0.000,170.201,-2.045,-0.348,156
10638,12.621,0.920,0.000,166.642,-2.018,-0.473,156
10639,12.622,0.920,0.000,163.071,-1.982,-0.598,156
10640,12.623,0.920,0.000,159.465,-1.939,-0.720,156
10641,12.623,0.920,0.000,155.809,-1.887,-0.842,156
10642,12.624,0.919,0.000,152.097,-1.827,-0.961,156
10643,12.624,0.919,0.000,148.332,-1.759,-1.078,156
10644,12.625,0.919,0.000,144.527,-1.682,-1.192,156
10645,12.625,0.918,0.000,140.697,-1.598,-1.301,156
10646,12.626,0.918,0.000,136.855,-1.506,-1.404,156
10647,12.626,0.917,0.000,133.009,-1.408,-1.501,156
10648,12.627,0.917,0.000,129.166,-1.304,-1.591,156
10649,12.627,0.916,0.000,125.329,-1.194,-1.674,156
10650,12.628,0.915,0.000,121.502,-1.079,-1.750,156
10651,12.628,0.915,0.000,117.683,-0.960,-1.817,156
10652,12.628,0.914,0.000,113.899,-0.818,-1.885,156
10653,12.628,0.914,0.000,110.182,-0.705,-1.929,156
10654,12.628,0.914,0.000,106.476,-0.582,-1.968,156
10655,12.628,0.913,0.000,102.748,-0.447,-2.001,156
10656,12.628,0.913,0.000,99.013,-0.314,-2.025,156
10657,12.628,0.913,0.000,95.288,-0.183,-2.039,156
10658,12.628,0.913,0.000,91.584,-0.052,-2.045,156
10659,12.628,0.913,0.000,87.907,0.080,-2.042,156
10660,12.628,0.913,0.000,84.256,0.210,-2.032,156
10661,12.628,0.913,0.000,80.623,0.338,-2.013,156
10662,12.628,0.913,0.000,76.998,0.464,-1.986,156
10663,12.628,0.913,0.000,73.366,0.589,-1.952,156
10664,12.628,0.913,0.000,69.718,0.712,-1.910,156
10665,12.628,0.913,0.000,66.052,0.832,-1.859,156
10666,12.628,0.912,0.000,62.378,0.949,-1.801,156
10667,12.628,0.912,0.000,58.715,1.062,-1.737,156
10668,12.627,0.912,0.000,55.088,1.169,-1.665,156
10669,12.627,0.912,0.000,51.520,1.270,-1.589,156
10670,12.627,0.912,0.000,48.025,1.365,-1.508,156
10671,12.626,0.911,0.000,44.607,1.439,-1.442,156
10672,12.626,0.911,0.000,41.271,1.529,-1.346,156
10673,12.626,0.911,0.000,37.964,1.612,-1.246,156
10674,12.625,0.911,0.000,34.762,1.682,-1.153,156
10675,12.625,0.910,0.000,31.586,1.739,-1.071,156
10676,12.625,0.910,0.000,28.471,1.796,-0.971,156
10677,12.624,0.910,0.000,25.475,1.848,-0.872,156
10678,12.623,0.910,0.000,22.474,1.886,-0.793,156
10679,12.623,0.909,0.000,19.531,1.927,-0.696,156
10680,12.622,0.909,0.000,16.635,1.967,-0.583,156
10681,12.621,0.909,0.000,13.791,1.994,-0.495,156
10682,12.621,0.909,0.000,10.940,2.018,-0.399,156
10683,12.620,0.909,0.000,8.066,2.039,-0.294,156
10684,12.619,0.909,0.000,5.185,2.053,-0.190,156
10685,12.619,0.909,0.000,2.309,2.062,-0.088,156
10686,12.618,0.909,0.000,-0.556,2.067,0.014,156
10687,12.618,0.909,0.000,-3.412,2.066,0.118,156
10688,12.617,0.909,0.000,-6.264,2.060,0.221,156
10689,12.616,0.909,0.000,-9.128,2.048,0.324,156
10690,12.616,0.909,0.000,-12.026,2.032,0.427,156
10691,12.615,0.909,0.000,-14.987,2.009,0.532,156
10692,12.615,0.909,0.000,-18.039,1.980,0.639,156
10693,12.614,0.909,0.000,-21.207,1.944,0.748,156
10694,12.614,0.910,0.000,-24.507,1.900,0.860,156
10695,12.613,0.910,0.000,-27.942,1.847,0.973,156
10696,12.613,0.910,0.000,-31.506,1.785,1.088,156
10697,12.612,0.910,0.000,-35.187,1.714,1.202,156
10698,12.612,0.911,0.000,-38.969,1.633,1.314,156
10699,12.612,0.911,0.000,-42.837,1.543,1.423,156
10700,12.611,0.912,0.000,-46.777,1.444,1.528,156
10701,12.611,0.912,0.000,-50.775,1.336,1.627,156
10702,12.611,0.913,0.000,-54.816,1.220,1.720,156
10703,12.610,0.913,0.000,-58.887,1.096,1.805,156
10704,12.610,0.914,0.000,-62.977,0.966,1.882,156
10705,12.610,0.914,0.000,-67.080,0.830,1.949,156
10706,12.610,0.915,0.000,-71.187,0.690,2.007,156
10707,12.610,0.916,0.000,-75.293,0.545,2.055,156
10708,12.610,0.916,0.000,-79.390,0.398,2.092,156
10709,12.610,0.917,0.000,-83.467,0.248,2.119,156
10710,12.610,0.917,0.000,-87.509,0.088,2.134,156
10711,12.610,0.917,0.000,-91.518,-0.068,2.138,156
10712,12.610,0.917,0.000,-95.494,-0.211,2.131,156
10713,12.610,0.917,0.000,-99.442,-0.355,2.114,156
10714,12.610,0.917,0.000,-103.370,-0.501,2.087,156
10715,12.610,0.918,0.000,-107.275,-0.628,2.057,156
10716,12.610,0.918,0.000,-111.134,-0.778,2.010,156
10717,12.611,0.919,0.000,-114.965,-0.907,1.960,156
10718,12.611,0.919,0.000,-118.764,-1.035,1.902,156
10719,12.611,0.920,0.000,-122.536,-1.163,1.833,156
10720,12.612,0.921,0.000,-126.279,-1.284,1.757,156
10721,12.612,0.921,0.000,-129.998,-1.399,1.675,156
10722,12.613,0.922,0.000,-133.699,-1.507,1.585,156
10723,12.614,0.922,0.000,-137.384,-1.610,1.489,156
10724,12.614,0.923,0.000,-141.052,-1.707,1.386,156
10725,12.615,0.923,0.000,-144.704,-1.796,1.278,156
10726,12.615,0.924,0.000,-148.339,-1.871,1.160,156
10727,12.616,0.924,0.000,-151.960,-1.936,1.036,156
10728,12.617,0.924,0.000,-155.570,-1.991,0.910,156
10729,12.618,0.924,0.000,-159.176,-2.039,0.781,156
10730,12.618,0.925,0.000,-162.782,-2.078,0.650,156
10731,12.619,0.925,0.000,-166.384,-2.109,0.516,156
10732,12.620,0.925,0.000,-169.979,-2.132,0.382,156
10733,12.620,0.925,0.000,-173.560,-2.146,0.248,156
10734,12.621,0.925,0.000,-177.122,-2.151,0.114,156
10735,12.622,0.925,0.000,179.340,-2.149,-0.019,156
10736,12.623,0.925,0.000,175.826,-2.139,-0.151,156
10737,12.623,0.925,0.000,172.327,-2.120,-0.280,156
10738,12.624,0.924,0.000,168.829,-2.094,-0.408,156
10739,12.625,0.924,0.000,165.306,-2.061,-0.535,156
10740,12.625,0.924,0.000,161.735,-2.019,-0.660,156
10741,12.626,0.924,0.000,158.096,-1.968,-0.785,156
10742,12.626,0.924,0.000,154.382,-1.909,-0.909,156
10743,12.627,0.923,0.000,150.596,-1.841,-1.031,156
10744,12.628,0.923,0.000,146.755,-1.765,-1.150,156
10745,12.628,0.923,0.000,142.874,-1.680,-1.264,156
10746,12.629,0.922,0.000,138.970,-1.587,-1.373,156
10747,12.629,0.922,0.000,135.053,-1.487,-1.476,156
10748,12.630,0.921,0.000,131.131,-1.380,-1.572,156
10749,12.630,0.920,0.000,127.209,-1.267,-1.660,156
10750,12.630,0.920,0.000,123.288,-1.149,-1.740,156
10751,12.631,0.919,0.000,119.373,-1.026,-1.811,156
10752,12.631,0.918,0.000,115.466,-0.899,-1.874,156
10753,12.631,0.918,0.000,111.569,-0.769,-1.929,156
10754,12.631,0.917,0.000,107.684,-0.635,-1.974,156
10755,12.631,0.916,0.000,103.815,-0.500,-2.010,156
10756,12.632,0.916,0.000,99.966,-0.363,-2.036,156
10757,12.632,0.915,0.000,96.141,-0.226,-2.054,156
10758,12.632,0.914,0.000,92.346,-0.090,-2.062,156
10759,12.632,0.913,0.000,88.582,0.046,-2.061,156
10760,12.631,0.913,0.000,84.849,0.180,-2.052,156
10761,12.631,0.912,0.000,81.140,0.312,-2.034,156
10762,12.631,0.911,0.000,77.442,0.442,-2.008,156
10763,12.631,0.911,0.000,73.737,0.570,-1.974,156
10764,12.631,0.910,0.000,70.011,0.697,-1.931,156
10765,12.631,0.909,0.000,66.250,0.821,-1.880,156
10766,12.630,0.909,0.000,62.451,0.944,-1.820,156
10767,12.630,0.908,0.000,58.619,1.062,-1.752,156
10768,12.629,0.908,0.000,54.761,1.177,-1.675,156
10769,12.629,0.907,0.000,50.886,1.287,-1.591,156
10770,12.628,0.907,0.000,47.000,1.391,-1.499,156
10771,12.628,0.906,0.000,43.108,1.489,-1.401,156
10772,12.627,0.906,0.000,39.212,1.580,-1.296,156
10773,12.627,0.905,0.000,35.311,1.664,-1.185,156
10774,12.626,0.905,0.000,31.408,1.741,-1.069,156
10775,12.626,0.905,0.000,27.503,1.809,-0.948,156
10776,12.625,0.905,0.000,23.598,1.869,-0.822,156
10777,12.624,0.904,0.000,19.695,1.921,-0.693,156
10778,12.623,0.904,0.000,15.799,1.963,-0.561,156
10779,12.623,0.904,0.000,11.915,1.996,-0.427,156
10780,12.622,0.904,0.000,8.048,2.021,-0.291,156
10781,12.622,0.904,0.000,4.214,2.036,-0.143,156
10782,12.622,0.904,0.000,0.432,2.040,-0.003,156
10783,12.621,0.904,0.000,-3.318,2.035,0.123,156
10784,12.621,0.904,0.000,-7.043,2.022,0.252,156
10785,12.621,0.904,0.000,-10.751,2.000,0.385,156
10786,12.621,0.904,0.000,-14.449,1.969,0.514,156
10787,12.621,0.905,0.000,-18.143,1.932,0.639,156
10788,12.621,0.905,0.000,-21.832,1.886,0.761,156
10789,12.621,0.905,0.000,-25.507,1.833,0.880,156
10790,12.621,0.905,0.000,-29.155,1.773,0.995,156
10791,12.621,0.905,0.000,-32.765,1.707,1.105,156
10792,12.621,0.905,0.000,-36.326,1.635,1.208,156
10793,12.620,0.905,0.000,-39.836,1.557,1.306,156
10794,12.620,0.905,0.000,-43.291,1.476,1.397,156
10795,12.620,0.906,0.000,-46.693,1.391,1.483,156
10796,12.620,0.906,0.000,-50.042,1.302,1.562,156
10797,12.620,0.906,0.000,-53.340,1.210,1.634,156
10798,12.620,0.906,0.000,-56.589,1.116,1.700,156
10799,12.620,0.906,0.000,-59.789,1.019,1.760,156
10800,12.620,0.907,0.000,-62.940,0.921,1.814,156
10801,12.620,0.907,0.000,-66.043,0.822,1.862,156
10802,12.620,0.907,0.000,-69.100,0.722,1.904,156
10803,12.620,0.907,0.000,-72.111,0.621,1.940,156
10804,12.620,0.907,0.000,-75.079,0.520,1.971,156
10805,12.620,0.908,0.000,-78.006,0.419,1.996,156
10806,12.620,0.908,0.000,-80.896,0.318,2.015,156
10807,12.620,0.908,0.000,-83.749,0.217,2.030,156
10808,12.620,0.908,0.000,-86.569,0.117,2.039,156
10809,12.620,0.909,0.000,-89.358,0.040,2.044,156
10810,12.620,0.910,0.000,-92.118,-0.073,2.045,156
10811,12.620,0.910,0.000,-94.851,-0.174,2.043,156
10812,12.620,0.911,0.000,-97.559,-0.263,2.036,156
10813,12.620,0.912,0.000,-100.234,-0.358,2.025,156
10814,12.620,0.912,0.000,-102.882,-0.455,2.008,156
10815,12.620,0.913,0.000,-105.509,-0.547,1.988,156
10816,12.621,0.914,0.000,-108.128,-0.637,1.964,156
10817,12.621,0.914,0.000,-110.755,-0.728,1.936,156
10818,12.621,0.915,0.000,-113.404,-0.818,1.903,156
10819,12.621,0.915,0.000,-116.090,-0.908,1.865,156
10820,12.622,0.916,0.000,-118.824,-0.997,1.822,156
10821,12.622,0.916,0.000,-121.614,-1.086,1.774,156
10822,12.622,0.917,0.000,-124.466,-1.174,1.720,156
10823,12.623,0.917,0.000,-127.384,-1.262,1.660,156
10824,12.623,0.918,0.000,-130.368,-1.349,1.595,156
10825,12.623,0.918,0.000,-133.419,-1.434,1.523,156
10826,12.624,0.918,0.000,-136.538,-1.517,1.444,156
10827,12.624,0.919,0.000,-139.726,-1.597,1.360,156
10828,12.625,0.919,0.000,-142.983,-1.674,1.269,156
10829,12.625,0.919,0.000,-146.307,-1.748,1.171,156
10830,12.626,0.919,0.000,-149.698,-1.817,1.068,156
10831,12.626,0.920,0.000,-153.151,-1.880,0.958,156
10832,12.627,0.920,0.000,-156.661,-1.938,0.842,156
10833,12.627,0.920,0.000,-160.220,-1.990,0.721,156
10834,12.628,0.920,0.000,-163.819,-2.035,0.596,156
10835,12.628,0.920,0.000,-167.447,-2.072,0.467,156
10836,12.629,0.920,0.000,-171.092,-2.101,0.335,156
10837,12.630,0.920,0.000,-174.741,-2.121,0.201,156
10838,12.630,0.920,0.000,-178.382,-2.133,0.066,156
10839,12.631,0.920,0.000,177.993,-2.137,-0.069,156
10840,12.631,0.920,0.000,174.379,-2.132,-0.204,156
10841,12.632,0.920,0.000,170.755,-2.118,-0.339,156
10842,12.632,0.920,0.000,167.088,-2.096,-0.475,156
10843,12.633,0.920,0.000,163.335,-2.064,-0.612,156
10844,12.633,0.920,0.000,159.459,-2.021,-0.751,156
10845,12.634,0.919,0.000,155.437,-1.967,-0.893,156
10846,12.634,0.919,0.000,151.276,-1.900,-1.035,156
10847,12.635,0.919,0.000,147.003,-1.822,-1.176,156
10848,12.635,0.918,0.000,142.657,-1.731,-1.313,156
10849,12.636,0.918,0.000,138.270,-1.629,-1.445,156
10850,12.636,0.917,0.000,133.861,-1.516,-1.569,156
10851,12.637,0.917,0.000,129.444,-1.394,-1.685,156
10852,12.637,0.916,0.000,125.026,-1.262,-1.791,156
10853,12.637,0.916,0.000,120.614,-1.123,-1.887,156
10854,12.637,0.915,0.000,116.215,-0.978,-1.972,156
10855,12.638,0.914,0.000,111.834,-0.826,-2.046,156
10856,12.638,0.914,0.000,107.476,-0.670,-2.108,156
10857,12.638,0.913,0.000,103.145,-0.510,-2.157,156
10858,12.638,0.912,0.000,98.847,-0.347,-2.195,156
10859,12.638,0.912,0.000,94.586,-0.183,-2.220,156
10860,12.638,0.911,0.000,90.365,-0.020,-2.224,156
10861,12.638,0.910,0.000,86.184,0.143,-2.213,156
10862,12.638,0.909,0.000,82.040,0.301,-2.191,156
10863,12.638,0.909,0.000,77.922,0.456,-2.158,156
10864,12.637,0.908,0.000,73.815,0.608,-2.114,156
10865,12.637,0.907,0.000,69.701,0.757,-2.060,156
10866,12.637,0.907,0.000,65.568,0.901,-1.995,156
10867,12.637,0.906,0.000,61.413,1.041,-1.920,156
10868,12.636,0.905,0.000,57.240,1.175,-1.835,156
10869,12.636,0.905,0.000,53.063,1.303,-1.741,156
10870,12.635,0.904,0.000,48.891,1.423,-1.638,156
10871,12.635,0.904,0.000,44.735,1.535,-1.528,156
10872,12.634,0.903,0.000,40.600,1.638,-1.410,156
10873,12.633,0.903,0.000,36.491,1.731,-1.287,156
10874,12.633,0.902,0.000,32.409,1.815,-1.158,156
10875,12.632,0.902,0.000,28.356,1.889,-1.025,156
10876,12.631,0.902,0.000,24.333,1.953,-0.889,156
10877,12.630,0.901,0.000,20.341,2.007,-0.750,156
10878,12.630,0.901,0.000,16.381,2.051,-0.608,156
10879,12.629,0.901,0.000,12.454,2.085,-0.466,156
10880,12.628,0.901,0.000,8.563,2.109,-0.323,156
10881,12.627,0.901,0.000,4.707,2.123,-0.180,156
10882,12.626,0.901,0.000,0.889,2.128,-0.038,156
10883,12.626,0.901,0.000,-2.892,2.123,0.102,156
10884,12.625,0.901,0.000,-6.636,2.109,0.240,156
10885,12.624,0.901,0.000,-10.349,2.087,0.376,156
10886,12.623,0.901,0.000,-14.035,2.057,0.508,156
10887,12.622,0.902,0.000,-17.702,2.018,0.638,156
10888,12.622,0.902,0.000,-21.356,1.971,0.765,156
10889,12.621,0.902,0.000,-25.001,1.917,0.888,156
10890,12.620,0.903,0.000,-28.639,1.855,1.007,156
10891,12.620,0.903,0.000,-32.268,1.786,1.121,156
10892,12.619,0.904,0.000,-35.885,1.711,1.231,156
10893,12.618,0.904,0.000,-39.490,1.629,1.335,156
10894,12.618,0.905,0.000,-43.082,1.541,1.434,156
10895,12.617,0.905,0.000,-46.660,1.448,1.526,156
10896,12.617,0.906,0.000,-50.223,1.350,1.612,156
10897,12.616,0.907,0.000,-53.771,1.247,1.692,156
10898,12.616,0.907,0.000,-57.304,1.139,1.765,156
10899,12.616,0.908,0.000,-60.821,1.029,1.830,156
10900,12.615,0.909,0.000,-64.324,0.915,1.889,156
10901,12.615,0.909,0.000,-67.811,0.798,1.941,156
10902,12.615,0.910,0.000,-71.283,0.678,1.985,156
10903,12.615,0.911,0.000,-74.738,0.557,2.021,156
10904,12.615,0.912,0.000,-78.175,0.435,2.051,156
10905,12.615,0.912,0.000,-81.591,0.312,2.073,156
10906,12.614,0.913,0.000,-84.984,0.189,2.087,156
10907,12.614,0.914,0.000,-88.350,0.066,2.094,156
10908,12.615,0.914,0.000,-91.689,-0.056,2.094,156
10909,12.615,0.915,0.000,-95.003,-0.177,2.087,156
10910,12.615,0.916,0.000,-98.298,-0.297,2.074,156
10911,12.615,0.917,0.000,-101.585,-0.416,2.053,156
10912,12.615,0.917,0.000,-104.881,-0.533,2.026,156
10913,12.615,0.918,0.000,-108.204,-0.650,1.992,156
10914,12.615,0.919,0.000,-111.566,-0.765,1.950,156
10915,12.616,0.919,0.000,-114.978,-0.880,1.901,156
10916,12.616,0.920,0.000,-118.440,-0.993,1.845,156
10917,12.616,0.920,0.000,-121.947,-1.105,1.781,156
10918,12.617,0.921,0.000,-125.492,-1.213,1.710,156
10919,12.617,0.921,0.000,-129.065,-1.317,1.631,156
10920,12.617,0.921,0.000,-132.628,-1.428,1.533,156
10921,12.618,0.922,0.000,-136.193,-1.520,1.443,156
10922,12.618,0.922,0.000,-139.803,-1.602,1.350,156
10923,12.618,0.922,0.000,-143.454,-1.685,1.244,156
10924,12.618,0.922,0.000,-147.066,-1.761,1.133,156
10925,12.618,0.922,0.000,-150.628,-1.828,1.021,156
10926,12.618,0.922,0.000,-154.147,-1.886,0.908,156
10927,12.618,0.922,0.000,-157.625,-1.938,0.792,156
10928,12.618,0.922,0.000,-161.063,-1.982,0.674,156
10929,12.619,0.922,0.000,-164.460,-2.018,0.555,156
10930,12.619,0.922,0.000,-167.817,-2.047,0.436,156
10931,12.619,0.922,0.000,-171.136,-2.069,0.317,156
10932,12.619,0.922,0.000,-174.418,-2.085,0.198,156
10933,12.619,0.922,0.000,-177.665,-2.093,0.080,156
10934,12.619,0.922,0.000,179.124,-2.095,-0.037,156
10935,12.620,0.922,0.000,175.947,-2.090,-0.153,156
10936,12.620,0.921,0.000,172.805,-2.079,-0.268,156
10937,12.620,0.921,0.000,169.700,-2.062,-0.380,156
10938,12.621,0.921,0.000,166.628,-2.048,-0.468,156
10939,12.622,0.921,0.000,163.556,-2.018,-0.598,156
10940,12.622,0.920,0.000,160.495,-1.986,-0.702,156
10941,12.623,0.920,0.000,157.445,-1.951,-0.801,156
10942,12.623,0.920,0.000,154.427,-1.908,-0.905,156
10943,12.624,0.920,0.000,151.420,-1.858,-1.007,156
10944,12.625,0.919,0.000,148.408,-1.805,-1.104,156
10945,12.625,0.919,0.000,145.367,-1.747,-1.199,156
10946,12.625,0.918,0.000,142.281,-1.681,-1.293,156
10947,12.626,0.918,0.000,139.146,-1.610,-1.385,156
10948,12.626,0.918,0.000,135.956,-1.532,-1.474,156
10949,12.627,0.917,0.000,132.702,-1.448,-1.560,156
10950,12.627,0.917,0.000,129.371,-1.356,-1.643,156
10951,12.627,0.916,0.000,126.031,-1.243,-1.735,156
10952,12.628,0.916,0.000,122.840,-1.153,-1.798,156
10953,12.628,0.916,0.000,119.670,-1.060,-1.858,156
10954,12.628,0.916,0.000,116.454,-0.950,-1.919,156
10955,12.628,0.915,0.000,113.110,-0.834,-1.974,156
10956,12.628,0.915,0.000,109.674,-0.717,-2.022,156
10957,12.628,0.915,0.000,106.196,-0.595,-2.063,156
10958,12.628,0.915,0.000,102.707,-0.468,-2.098,156
10959,12.628,0.915,0.000,99.223,-0.339,-2.125,156
10960,12.628,0.915,0.000,95.754,-0.211,-2.144,156
10961,12.628,0.915,0.000,92.308,-0.082,-2.155,156
10962,12.628,0.915,0.000,88.888,0.047,-2.158,156
10963,12.628,0.915,0.000,85.495,0.175,-2.154,156
10964,12.628,0.915,0.000,82.123,0.302,-2.142,156
10965,12.627,0.915,0.000,78.764,0.428,-2.124,156
10966,12.627,0.915,0.000,75.407,0.552,-2.098,156
10967,12.627,0.915,0.000,72.043,0.675,-2.064,156
10968,12.627,0.914,0.000,68.670,0.796,-2.024,156
10969,12.627,0.914,0.000,65.290,0.915,-1.976,156
10970,12.627,0.914,0.000,61.910,1.032,-1.921,156
10971,12.627,0.914,0.000,58.534,1.145,-1.859,156
10972,12.627,0.914,0.000,55.174,1.238,-1.803,156
10973,12.626,0.913,0.000,51.899,1.355,-1.725,156
10974,12.625,0.912,0.000,48.692,1.450,-1.654,156
10975,12.625,0.912,0.000,45.428,1.541,-1.575,156
10976,12.624,0.912,0.000,42.056,1.635,-1.484,156
10977,12.624,0.911,0.000,38.612,1.726,-1.384,156
10978,12.623,0.911,0.000,35.126,1.811,-1.279,156
10979,12.623,0.911,0.000,31.602,1.890,-1.169,156
10980,12.622,0.910,0.000,28.040,1.963,-1.051,156
10981,12.621,0.910,0.000,24.440,2.024,-0.925,156
10982,12.621,0.910,0.000,20.808,2.072,-0.793,156
10983,12.620,0.910,0.000,17.147,2.112,-0.657,156
10984,12.620,0.910,0.000,13.456,2.144,-0.519,156
10985,12.619,0.910,0.000,9.743,2.167,-0.377,156
10986,12.618,0.910,0.000,6.021,2.181,-0.235,156
10987,12.618,0.910,0.000,2.302,2.186,-0.093,156
10988,12.617,0.910,0.000,-1.402,2.181,0.048,156
10989,12.617,0.910,0.000,-5.096,2.168,0.188,156
10990,12.616,0.910,0.000,-8.799,2.146,0.327,156
10991,12.615,0.910,0.000,-12.545,2.114,0.465,156
10992,12.615,0.910,0.000,-16.382,2.073,0.604,156
10993,12.614,0.910,0.000,-20.351,2.022,0.744,156
10994,12.614,0.911,0.000,-24.476,1.958,0.885,156
10995,12.613,0.911,0.000,-28.752,1.883,1.026,156
10996,12.613,0.911,0.000,-33.148,1.795,1.165,156
10997,12.612,0.911,0.000,-37.623,1.695,1.299,156
10998,12.612,0.912,0.000,-42.137,1.584,1.426,156
10999,12.611,0.912,0.000,-46.661,1.465,1.544,156
11000,12.611,0.913,0.000,-51.178,1.336,1.651,156
11001,12.611,0.914,0.000,-55.678,1.201,1.748,156
11002,12.610,0.914,0.000,-60.155,1.059,1.834,156
11003,12.610,0.915,0.000,-64.605,0.912,1.908,156
11004,12.610,0.916,0.000,-69.025,0.761,1.970,156
11005,12.610,0.916,0.000,-73.412,0.608,2.020,156
11006,12.610,0.917,0.000,-77.762,0.452,2.058,156
11007,12.609,0.918,0.000,-82.072,0.296,2.084,156
11008,12.609,0.919,0.000,-86.342,0.140,2.098,156
11009,12.609,0.919,0.000,-90.568,-0.015,2.101,156
11010,12.610,0.920,0.000,-94.751,-0.169,2.092,156
11011,12.610,0.921,0.000,-98.894,-0.319,2.073,156
11012,12.610,0.922,0.000,-103.001,-0.466,2.043,156
11013,12.610,0.922,0.000,-107.080,-0.610,2.003,156
11014,12.610,0.923,0.000,-111.136,-0.750,1.954,156
11015,12.611,0.924,0.000,-115.172,-0.885,1.895,156
11016,12.611,0.925,0.000,-119.189,-1.015,1.828,156
11017,12.612,0.925,0.000,-123.186,-1.140,1.752,156
11018,12.612,0.926,0.000,-127.157,-1.258,1.668,156
11019,12.613,0.926,0.000,-131.102,-1.369,1.577,156
11020,12.613,0.927,0.000,-135.018,-1.473,1.479,156
11021,12.614,0.927,0.000,-138.905,-1.570,1.376,156
11022,12.615,0.928,0.000,-142.763,-1.659,1.267,156
11023,12.615,0.928,0.000,-146.593,-1.739,1.153,156
11024,12.616,0.929,0.000,-150.395,-1.812,1.035,156
11025,12.617,0.929,0.000,-154.170,-1.876,0.914,156
11026,12.617,0.929,0.000,-157.918,-1.932,0.789,156
11027,12.618,0.930,0.000,-161.639,-1.979,0.662,156
11028,12.619,0.930,0.000,-165.332,-2.018,0.534,156
11029,12.620,0.930,0.000,-168.996,-2.048,0.404,156
11030,12.621,0.930,0.000,-172.631,-2.070,0.273,156
11031,12.621,0.930,0.000,-176.233,-2.084,0.143,156
11032,12.622,0.930,0.000,-179.803,-2.089,0.013,156
11033,12.623,0.930,0.000,176.660,-2.086,-0.116,156
11034,12.624,0.930,0.000,173.153,-2.076,-0.244,156
11035,12.624,0.930,0.000,169.672,-2.058,-0.370,156
11036,12.625,0.929,0.000,166.207,-2.033,-0.493,156
11037,12.626,0.929,0.000,162.748,-2.000,-0.615,156
11038,12.627,0.929,0.000,159.287,-1.960,-0.735,156
11039,12.627,0.929,0.000,155.817,-1.913,-0.853,156
11040,12.628,0.928,0.000,152.335,-1.859,-0.968,156
11041,12.629,0.928,0.000,148.843,-1.798,-1.080,156
11042,12.629,0.927,0.000,145.344,-1.729,-1.189,156
11043,12.630,0.927,0.000,141.842,-1.655,-1.293,156
11044,12.630,0.926,0.000,138.339,-1.574,-1.392,156
11045,12.631,0.926,0.000,134.839,-1.487,-1.487,156
11046,12.631,0.925,0.000,131.341,-1.394,-1.576,156
11047,12.632,0.925,0.000,127.847,-1.297,-1.659,156
11048,12.632,0.924,0.000,124.355,-1.194,-1.736,156
11049,12.632,0.923,0.000,120.867,-1.087,-1.807,156
11050,12.633,0.923,0.000,117.383,-0.976,-1.872,156
11051,12.633,0.922,0.000,113.904,-0.861,-1.929,156
11052,12.633,0.921,0.000,110.431,-0.743,-1.980,156
11053,12.633,0.921,0.000,106.966,-0.623,-2.023,156
11054,12.633,0.920,0.000,103.513,-0.500,-2.058,156
11055,12.634,0.919,0.000,100.074,-0.376,-2.087,156
11056,12.634,0.919,0.000,96.653,-0.251,-2.108,156
11057,12.634,0.918,0.000,93.254,-0.126,-2.121,156
11058,12.634,0.917,0.000,89.881,-0.001,-2.127,156
11059,12.633,0.916,0.000,86.532,0.123,-2.126,156
11060,12.633,0.916,0.000,83.202,0.247,-2.117,156
11061,12.633,0.915,0.000,79.881,0.370,-2.101,156
11062,12.633,0.914,0.000,76.550,0.492,-2.079,156
11063,12.633,0.914,0.000,73.189,0.614,-2.048,156
11064,12.633,0.913,0.000,69.778,0.735,-2.010,156
11065,12.633,0.913,0.000,66.304,0.857,-1.964,156
11066,12.632,0.912,0.000,62.763,0.977,-1.910,156
11067,12.632,0.911,0.000,59.162,1.097,-1.847,156
11068,12.632,0.911,0.000,55.510,1.214,-1.776,156
11069,12.631,0.910,0.000,51.820,1.327,-1.696,156
11070,12.631,0.910,0.000,48.101,1.436,-1.609,156
11071,12.630,0.910,0.000,44.361,1.540,-1.514,156
11072,12.630,0.909,0.000,40.605,1.639,-1.411,156
11073,12.629,0.909,0.000,36.836,1.730,-1.302,156
11074,12.628,0.908,0.000,33.057,1.815,-1.187,156
11075,12.628,0.908,0.000,29.271,1.892,-1.067,156
11076,12.627,0.908,0.000,25.481,1.962,-0.941,156
11077,12.627,0.908,0.000,21.691,2.023,-0.810,156
11078,12.626,0.907,0.000,17.903,2.075,-0.676,156
11079,12.625,0.907,0.000,14.123,2.118,-0.538,156
11080,12.624,0.907,0.000,10.356,2.153,-0.399,156
11081,12.624,0.907,0.000,6.608,2.178,-0.258,156
11082,12.623,0.907,0.000,2.885,2.193,-0.116,156
11083,12.622,0.907,0.000,-0.810,2.200,0.026,156
11084,12.622,0.907,0.000,-4.476,2.198,0.167,156
11085,12.621,0.907,0.000,-8.122,2.186,0.306,156
11086,12.620,0.908,0.000,-11.762,2.166,0.445,156
11087,12.620,0.908,0.000,-15.415,2.137,0.584,156
11088,12.619,0.908,0.000,-19.102,2.099,0.721,156
11089,12.618,0.908,0.000,-22.838,2.051,0.858,156
11090,12.618,0.908,0.000,-26.630,1.993,0.993,156
11091,12.617,0.909,0.000,-30.473,1.920,1.123,156
11092,12.617,0.909,0.000,-34.356,1.836,1.248,156
11093,12.616,0.910,0.000,-38.272,1.743,1.368,156
11094,12.616,0.910,0.000,-42.216,1.642,1.481,156
11095,12.615,0.911,0.000,-46.185,1.532,1.589,156
11096,12.615,0.911,0.000,-50.173,1.416,1.688,156
11097,12.614,0.912,0.000,-54.175,1.292,1.780,156
11098,12.614,0.912,0.000,-58.185,1.163,1.863,156
11099,12.614,0.913,0.000,-62.198,1.028,1.937,156
11100,12.613,0.914,0.000,-66.211,0.888,2.001,156
11101,12.613,0.914,0.000,-70.217,0.745,2.055,156
11102,12.613,0.915,0.000,-74.213,0.599,2.099,156
11103,12.613,0.916,0.000,-78.191,0.452,2.133,156
11104,12.613,0.917,0.000,-82.146,0.303,2.156,156
11105,12.613,0.917,0.000,-86.073,0.154,2.170,156
11106,12.613,0.918,0.000,-89.967,0.007,2.173,156
11107,12.613,0.919,0.000,-93.828,-0.140,2.166,156
11108,12.613,0.920,0.000,-97.660,-0.284,2.149,156
11109,12.613,0.920,0.000,-101.474,-0.426,2.124,156
11110,12.613,0.921,0.000,-105.286,-0.566,2.089,156
11111,12.614,0.922,0.000,-109.110,-0.703,2.045,156
11112,12.614,0.922,0.000,-112.959,-0.838,1.991,156
11113,12.614,0.923,0.000,-116.837,-0.970,1.929,156
11114,12.615,0.924,0.000,-120.738,-1.098,1.857,156
11115,12.615,0.924,0.000,-124.653,-1.222,1.776,156
11116,12.616,0.925,0.000,-128.571,-1.340,1.688,156
11117,12.616,0.925,0.000,-132.484,-1.451,1.592,156
11118,12.617,0.926,0.000,-136.386,-1.555,1.489,156
11119,12.617,0.926,0.000,-140.275,-1.652,1.379,156
11120,12.618,0.927,0.000,-144.148,-1.741,1.264,156
11121,12.618,0.927,0.000,-148.002,-1.826,1.135,156
11122,12.619,0.927,0.000,-151.795,-1.887,1.030,156
11123,12.619,0.927,0.000,-155.546,-1.958,0.882,156
11124,12.620,0.927,0.000,-159.267,-2.000,0.775,156
11125,12.620,0.928,0.000,-162.929,-2.047,0.636,156
11126,12.621,0.928,0.000,-166.565,-2.084,0.498,156
11127,12.621,0.928,0.000,-170.165,-2.110,0.370,156
11128,12.622,0.928,0.000,-173.739,-2.129,0.241,156
11129,12.623,0.928,0.000,-177.284,-2.140,0.108,156
11130,12.624,0.928,0.000,179.203,-2.142,-0.025,156
11131,12.625,0.928,0.000,175.720,-2.137,-0.155,156
11132,12.625,0.928,0.000,172.265,-2.124,-0.283,156
11133,12.626,0.927,0.000,168.828,-2.104,-0.410,156
11134,12.627,0.927,0.000,165.400,-2.076,-0.535,156
11135,12.627,0.927,0.000,161.992,-2.034,-0.672,156
11136,12.627,0.927,0.000,158.638,-1.992,-0.789,156
11137,12.627,0.927,0.000,155.258,-1.944,-0.899,156
11138,12.628,0.927,0.000,151.824,-1.886,-1.014,156
11139,12.628,0.926,0.000,148.369,-1.819,-1.127,156
11140,12.628,0.926,0.000,144.924,-1.748,-1.234,156
11141,12.628,0.926,0.000,141.507,-1.671,-1.335,156
11142,12.628,0.926,0.000,138.125,-1.589,-1.431,156
11143,12.628,0.926,0.000,134.787,-1.503,-1.521,156
11144,12.628,0.926,0.000,131.493,-1.413,-1.605,156
11145,12.628,0.925,0.000,128.243,-1.319,-1.682,156
11146,12.629,0.925,0.000,125.037,-1.223,-1.753,156
11147,12.629,0.925,0.000,121.871,-1.124,-1.818,156
11148,12.629,0.925,0.000,118.747,-1.024,-1.877,156
11149,12.629,0.925,0.000,115.664,-0.921,-1.929,156
11150,12.629,0.924,0.000,112.619,-0.818,-1.976,156
11151,12.629,0.924,0.000,109.611,-0.713,-2.016,156
11152,12.629,0.924,0.000,106.638,-0.608,-2.051,156
11153,12.629,0.924,0.000,103.700,-0.502,-2.080,156
11154,12.629,0.923,0.000,100.793,-0.396,-2.103,156
11155,12.629,0.923,0.000,97.917,-0.290,-2.121,156
11156,12.629,0.923,0.000,95.070,-0.184,-2.134,156
11157,12.629,0.923,0.000,92.252,-0.079,-2.141,156
11158,12.629,0.922,0.000,89.462,0.026,-2.143,156
11159,12.629,0.922,0.000,86.700,0.129,-2.140,156
11160,12.629,0.922,0.000,83.964,0.231,-2.132,156
11161,12.629,0.922,0.000,81.253,0.332,-2.120,156
11162,12.629,0.922,0.000,78.565,0.431,-2.103,156
11163,12.628,0.921,0.000,75.897,0.529,-2.082,156
11164,12.628,0.921,0.000,73.247,0.625,-2.056,156
11165,12.628,0.921,0.000,70.608,0.719,-2.026,156
11166,12.628,0.921,0.000,67.979,0.812,-1.992,156
11167,12.628,0.921,0.000,65.355,0.903,-1.954,156
11168,12.628,0.920,0.000,62.734,0.992,-1.912,156
11169,12.628,0.920,0.000,60.114,1.079,-1.866,156
11170,12.628,0.920,0.000,57.494,1.164,-1.816,156
11171,12.627,0.920,0.000,54.873,1.246,-1.762,156
11172,12.627,0.920,0.000,52.250,1.327,-1.704,156
11173,12.627,0.920,0.000,49.624,1.404,-1.642,156
11174,12.627,0.920,0.000,46.995,1.479,-1.577,156
11175,12.627,0.920,0.000,44.364,1.551,-1.509,156
11176,12.627,0.919,0.000,41.729,1.620,-1.437,156
11177,12.627,0.919,0.000,39.092,1.685,-1.362,156
11178,12.626,0.919,0.000,36.452,1.748,-1.284,156
11179,12.626,0.919,0.000,33.811,1.806,-1.203,156
11180,12.626,0.919,0.000,31.169,1.861,-1.119,156
11181,12.626,0.919,0.000,28.528,1.912,-1.033,156
11182,12.626,0.919,0.000,25.888,1.960,-0.945,156
11183,12.626,0.919,0.000,23.251,2.002,-0.856,156
11184,12.625,0.919,0.000,20.645,2.040,-0.773,156
11185,12.625,0.919,0.000,18.111,2.071,-0.690,156
11186,12.624,0.919,0.000,15.556,2.104,-0.592,156
11187,12.623,0.919,0.000,12.987,2.132,-0.495,156
11188,12.623,0.918,0.000,10.411,2.154,-0.401,156
11189,12.622,0.918,0.000,7.829,2.173,-0.305,156
11190,12.622,0.918,0.000,5.245,2.187,-0.206,156
11191,12.621,0.918,0.000,2.662,2.197,-0.107,156
11192,12.621,0.919,0.000,0.085,2.203,-0.009,156
11193,12.620,0.919,0.000,-2.489,2.202,0.090,156
11194,12.620,0.919,0.000,-5.066,2.193,0.189,156
11195,12.619,0.919,0.000,-7.665,2.180,0.288,156
11196,12.619,0.919,0.000,-10.313,2.162,0.388,156
11197,12.618,0.919,0.000,-13.050,2.139,0.490,156
11198,12.618,0.919,0.000,-15.924,2.109,0.596,156
11199,12.617,0.919,0.000,-18.980,2.072,0.707,156
11200,12.617,0.919,0.000,-22.254,2.026,0.823,156
11201,12.617,0.919,0.000,-25.763,1.970,0.945,156
11202,12.616,0.919,0.000,-29.502,1.903,1.070,156
11203,12.616,0.919,0.000,-33.446,1.824,1.198,156
11204,12.616,0.919,0.000,-37.564,1.732,1.325,156
11205,12.615,0.920,0.000,-41.822,1.628,1.449,156
11206,12.615,0.920,0.000,-46.191,1.512,1.568,156
11207,12.615,0.921,0.000,-50.649,1.385,1.680,156
11208,12.614,0.921,0.000,-55.177,1.248,1.784,156
11209,12.614,0.922,0.000,-59.758,1.101,1.877,156
11210,12.614,0.922,0.000,-64.374,0.946,1.959,156
11211,12.614,0.923,0.000,-69.009,0.785,2.029,156
11212,12.614,0.924,0.000,-73.647,0.618,2.086,156
11213,12.613,0.924,0.000,-78.274,0.448,2.129,156
11214,12.613,0.925,0.000,-82.875,0.275,2.159,156
11215,12.613,0.926,0.000,-87.441,0.103,2.174,156
11216,12.613,0.926,0.000,-91.966,-0.069,2.176,156
11217,12.614,0.926,0.000,-96.444,-0.252,2.162,156
11218,12.614,0.927,0.000,-100.883,-0.422,2.135,156
11219,12.614,0.927,0.000,-105.297,-0.579,2.097,156
11220,12.614,0.927,0.000,-109.693,-0.736,2.047,156
11221,12.614,0.927,0.000,-114.060,-0.892,1.983,156
11222,12.614,0.927,0.000,-118.373,-1.039,1.910,156
11223,12.614,0.927,0.000,-122.608,-1.177,1.828,156
11224,12.614,0.927,0.000,-126.751,-1.305,1.739,156
11225,12.614,0.927,0.000,-130.797,-1.425,1.642,156
11226,12.614,0.927,0.000,-134.747,-1.535,1.540,156
11227,12.615,0.927,0.000,-138.607,-1.636,1.434,156
11228,12.615,0.927,0.000,-142.386,-1.722,1.332,156
11229,12.616,0.928,0.000,-146.057,-1.810,1.216,156
11230,12.616,0.928,0.000,-149.701,-1.881,1.109,156
11231,12.617,0.928,0.000,-153.295,-1.949,0.991,156
11232,12.618,0.929,0.000,-156.834,-2.011,0.865,156
11233,12.619,0.929,0.000,-160.336,-2.063,0.741,156
11234,12.620,0.929,0.000,-163.808,-2.107,0.617,156
11235,12.620,0.929,0.000,-167.247,-2.145,0.472,156
11236,12.620,0.929,0.000,-170.661,-2.171,0.349,156
11237,12.621,0.929,0.000,-174.053,-2.189,0.225,156
11238,12.621,0.929,0.000,-177.417,-2.200,0.095,156
11239,12.621,0.929,0.000,179.250,-2.203,-0.035,156
11240,12.621,0.929,0.000,175.947,-2.199,-0.162,156
11241,12.622,0.929,0.000,172.674,-2.188,-0.286,156
11242,12.622,0.929,0.000,169.428,-2.170,-0.410,156
11243,12.622,0.929,0.000,166.207,-2.146,-0.532,156
11244,12.622,0.929,0.000,163.008,-2.115,-0.652,156
11245,12.623,0.929,0.000,159.831,-2.077,-0.769,156
11246,12.623,0.928,0.000,156.676,-2.034,-0.883,156
11247,12.623,0.928,0.000,153.544,-1.985,-0.993,156
11248,12.623,0.928,0.000,150.436,-1.930,-1.101,156
11249,12.624,0.928,0.000,147.354,-1.870,-1.204,156
11250,12.624,0.928,0.000,144.295,-1.805,-1.304,156
11251,12.624,0.927,0.000,141.260,-1.732,-1.397,156
11252,12.624,0.927,0.000,138.248,-1.655,-1.484,156
11253,12.625,0.927,0.000,135.256,-1.573,-1.566,156
11254,12.625,0.927,0.000,132.278,-1.488,-1.644,156
11255,12.625,0.926,0.000,129.314,-1.410,-1.710,156
11256,12.624,0.927,0.000,126.407,-1.304,-1.776,156
11257,12.624,0.928,0.000,123.599,-1.230,-1.816,156
11258,12.624,0.927,0.000,120.821,-1.124,-1.881,156
11259,12.625,0.926,0.000,118.039,-1.028,-1.930,156
11260,12.625,0.926,0.000,115.255,-0.938,-1.970,156
11261,12.625,0.925,0.000,112.468,-0.837,-2.011,156
11262,12.625,0.924,0.000,109.728,-0.728,-2.047,156
11263,12.626,0.924,0.000,107.020,-0.623,-2.080,156
11264,12.626,0.923,0.000,104.365,-0.539,-2.100,156
11265,12.626,0.922,0.000,101.718,-0.437,-2.120,156
11266,12.626,0.922,0.000,99.065,-0.333,-2.135,156
11267,12.626,0.922,0.000,96.417,-0.235,-2.144,156
11268,12.626,0.921,0.000,93.782,-0.155,-2.148,156
11269,12.626,0.921,0.000,91.170,-0.040,-2.151,156
11270,12.626,0.920,0.000,88.576,0.046,-2.148,156
11271,12.626,0.919,0.000,86.001,0.138,-2.142,156
11272,12.626,0.919,0.000,83.448,0.241,-2.131,156
11273,12.626,0.918,0.000,80.907,0.336,-2.117,156
11274,12.625,0.917,0.000,78.370,0.426,-2.099,156
11275,12.625,0.916,0.000,75.827,0.518,-2.077,156
11276,12.625,0.916,0.000,73.268,0.611,-2.050,156
11277,12.625,0.915,0.000,70.686,0.703,-2.019,156
11278,12.625,0.915,0.000,68.072,0.793,-1.983,156
11279,12.624,0.914,0.000,65.419,0.883,-1.943,156
11280,12.624,0.913,0.000,62.729,0.973,-1.899,156
11281,12.624,0.913,0.000,60.003,1.062,-1.849,156
11282,12.623,0.912,0.000,57.249,1.149,-1.795,156
11283,12.623,0.912,0.000,54.469,1.234,-1.736,156
11284,12.623,0.911,0.000,51.669,1.317,-1.673,156
11285,12.622,0.911,0.000,48.853,1.397,-1.606,156
11286,12.622,0.911,0.000,46.025,1.473,-1.534,156
11287,12.621,0.910,0.000,43.187,1.547,-1.459,156
11288,12.621,0.910,0.000,40.339,1.617,-1.380,156
11289,12.620,0.909,0.000,37.478,1.683,-1.297,156
11290,12.620,0.909,0.000,34.599,1.746,-1.210,156
11291,12.619,0.909,0.000,31.695,1.804,-1.120,156
11292,12.619,0.909,0.000,28.759,1.858,-1.026,156
11293,12.618,0.909,0.000,25.783,1.909,-0.928,156
11294,12.618,0.908,0.000,22.762,1.954,-0.826,156
11295,12.617,0.908,0.000,19.692,1.995,-0.720,156
11296,12.617,0.908,0.000,16.571,2.031,-0.610,156
11297,12.616,0.908,0.000,13.400,2.061,-0.496,156
11298,12.616,0.908,0.000,10.185,2.085,-0.380,156
11299,12.615,0.908,0.000,6.936,2.102,-0.261,156
11300,12.615,0.908,0.000,3.665,2.113,-0.141,156
11301,12.615,0.908,0.000,0.384,2.118,-0.020,156
11302,12.614,0.908,0.000,-2.906,2.115,0.102,156
11303,12.614,0.908,0.000,-6.220,2.105,0.224,156
11304,12.613,0.908,0.000,-9.602,2.088,0.348,156
11305,12.613,0.908,0.000,-13.122,2.062,0.475,156
11306,12.612,0.908,0.000,-16.862,2.026,0.608,156
11307,12.612,0.908,0.000,-20.892,1.978,0.749,156
11308,12.612,0.908,0.000,-25.240,1.916,0.897,156
11309,12.611,0.908,0.000,-29.878,1.837,1.049,156
11310,12.611,0.909,0.000,-34.727,1.742,1.201,156
11311,12.611,0.909,0.000,-39.694,1.633,1.348,156
11312,12.610,0.909,0.000,-44.701,1.510,1.486,156
11313,12.610,0.910,0.000,-49.703,1.375,1.613,156
11314,12.609,0.910,0.000,-54.686,1.231,1.728,156
11315,12.609,0.911,0.000,-59.644,1.078,1.829,156
11316,12.609,0.912,0.000,-64.577,0.918,1.917,156
11317,12.609,0.912,0.000,-69.481,0.751,1.991,156
11318,12.609,0.913,0.000,-74.350,0.580,2.049,156
11319,12.608,0.914,0.000,-79.179,0.406,2.093,156
11320,12.608,0.914,0.000,-83.962,0.230,2.122,156
11321,12.608,0.915,0.000,-88.697,0.054,2.137,156
11322,12.609,0.916,0.000,-93.380,-0.121,2.137,156
11323,12.609,0.917,0.000,-98.014,-0.294,2.123,156
11324,12.609,0.917,0.000,-102.601,-0.463,2.096,156
11325,12.609,0.918,0.000,-107.144,-0.629,2.055,156
11326,12.609,0.919,0.000,-111.644,-0.789,2.003,156
11327,12.610,0.919,0.000,-116.100,-0.944,1.939,156
11328,12.610,0.920,0.000,-120.510,-1.092,1.863,156
11329,12.611,0.921,0.000,-124.871,-1.233,1.778,156
11330,12.611,0.921,0.000,-129.182,-1.365,1.683,156
11331,12.612,0.922,0.000,-133.442,-1.489,1.580,156
11332,12.612,0.923,0.000,-137.651,-1.604,1.469,156
11333,12.613,0.923,0.000,-141.811,-1.710,1.352,156
11334,12.614,0.923,0.000,-145.922,-1.806,1.228,156
11335,12.615,0.924,0.000,-149.986,-1.892,1.099,156
11336,12.615,0.924,0.000,-154.002,-1.968,0.966,156
11337,12.616,0.925,0.000,-157.973,-2.035,0.829,156
11338,12.617,0.925,0.000,-161.900,-2.091,0.689,156
11339,12.618,0.925,0.000,-165.784,-2.137,0.547,156
11340,12.619,0.925,0.000,-169.626,-2.174,0.403,156
11341,12.620,0.925,0.000,-173.426,-2.200,0.259,156
11342,12.620,0.925,0.000,-177.186,-2.217,0.114,156
11343,12.621,0.925,0.000,179.095,-2.225,-0.030,156
11344,12.622,0.925,0.000,175.414,-2.220,-0.173,156
11345,12.623,0.925,0.000,171.773,-2.199,-0.312,156
11346,12.624,0.925,0.000,168.168,-2.170,-0.449,156
11347,12.625,0.924,0.000,164.597,-2.132,-0.582,156
11348,12.626,0.924,0.000,161.053,-2.087,-0.711,156
11349,12.626,0.924,0.000,157.527,-2.035,-0.836,156
11350,12.627,0.923,0.000,154.013,-1.975,-0.957,156
11351,12.628,0.923,0.000,150.505,-1.909,-1.073,156
11352,12.628,0.923,0.000,146.999,-1.836,-1.185,156
11353,12.629,0.922,0.000,143.495,-1.756,-1.293,156
11354,12.629,0.922,0.000,140.022,-1.661,-1.401,156
11355,12.630,0.922,0.000,136.528,-1.566,-1.501,156
11356,12.630,0.921,0.000,133.058,-1.474,-1.584,156
11357,12.630,0.921,0.000,129.591,-1.374,-1.665,156
11358,12.630,0.921,0.000,126.133,-1.265,-1.742,156
11359,12.630,0.921,0.000,122.708,-1.155,-1.810,156
11360,12.630,0.920,0.000,119.321,-1.045,-1.870,156
11361,12.630,0.920,0.000,115.971,-0.932,-1.924,156
11362,12.630,0.920,0.000,112.658,-0.817,-1.970,156
11363,12.630,0.920,0.000,109.381,-0.701,-2.009,156
11364,12.630,0.919,0.000,106.139,-0.585,-2.041,156
11365,12.630,0.919,0.000,102.932,-0.469,-2.067,156
11366,12.630,0.919,0.000,99.759,-0.353,-2.085,156
11367,12.630,0.918,0.000,96.620,-0.238,-2.098,156
11368,12.630,0.918,0.000,93.515,-0.124,-2.103,156
11369,12.630,0.918,0.000,90.444,-0.011,-2.103,156
11370,12.630,0.918,0.000,87.405,0.101,-2.097,156
11371,12.630,0.917,0.000,84.398,0.210,-2.086,156
11372,12.630,0.917,0.000,81.425,0.318,-2.069,156
11373,12.630,0.917,0.000,78.488,0.423,-2.047,156
11374,12.630,0.916,0.000,75.586,0.525,-2.019,156
11375,12.630,0.916,0.000,72.723,0.617,-1.990,156
11376,12.630,0.915,0.000,69.903,0.717,-1.957,156
11377,12.629,0.915,0.000,67.134,0.799,-1.921,156
11378,12.629,0.914,0.000,64.432,0.891,-1.879,156
11379,12.629,0.913,0.000,61.745,0.981,-1.833,156
11380,12.628,0.913,0.000,59.086,1.064,-1.785,156
11381,12.628,0.912,0.000,56.447,1.143,-1.734,156
11382,12.627,0.911,0.000,53.818,1.222,-1.680,156
11383,12.627,0.911,0.000,51.200,1.297,-1.621,156
11384,12.626,0.910,0.000,48.591,1.369,-1.560,156
11385,12.626,0.910,0.000,45.991,1.438,-1.496,156
11386,12.625,0.909,0.000,43.407,1.504,-1.429,156
11387,12.625,0.909,0.000,40.852,1.566,-1.361,156
11388,12.624,0.908,0.000,38.345,1.624,-1.291,156
11389,12.623,0.908,0.000,35.905,1.677,-1.221,156
11390,12.623,0.907,0.000,33.544,1.733,-1.138,156
11391,12.623,0.907,0.000,31.252,1.769,-1.078,156
11392,12.622,0.907,0.000,29.039,1.816,-0.997,156
11393,12.622,0.907,0.000,26.903,1.853,-0.927,156
11394,12.621,0.907,0.000,24.829,1.880,-0.868,156
11395,12.621,0.907,0.000,22.833,1.909,-0.801,156
11396,12.621,0.907,0.000,21.016,1.934,-0.736,156
11397,12.620,0.907,0.000,19.356,1.953,-0.679,156
11398,12.620,0.907,0.000,17.827,1.970,-0.628,156
11399,12.620,0.907,0.000,16.417,1.984,-0.579,156
11400,12.619,0.907,0.000,15.119,1.996,-0.533,156
11401,12.619,0.907,0.000,13.933,2.006,-0.492,156
11402,12.619,0.907,0.000,12.857,2.014,-0.454,156
11403,12.618,0.907,0.000,11.891,2.021,-0.420,156
11404,12.618,0.907,0.000,11.035,2.027,-0.390,156
11405,12.618,0.907,0.000,10.294,2.031,-0.363,156
11406,12.618,0.907,0.000,9.672,2.034,-0.341,156
11407,12.617,0.907,0.000,9.178,2.036,-0.323,156
11408,12.617,0.907,0.000,8.823,2.037,-0.311,156
11409,12.617,0.907,0.000,8.625,2.037,-0.304,156
11410,12.617,0.907,0.000,8.612,2.037,-0.303,156
11411,12.617,0.908,0.000,8.816,2.034,-0.310,156
11412,12.616,0.908,0.000,9.282,2.031,-0.326,156
11413,12.616,0.908,0.000,10.067,2.025,-0.354,156
11414,12.616,0.909,0.000,11.235,2.016,-0.395,156
11415,12.616,0.909,0.000,12.860,2.003,-0.452,156
11416,12.616,0.909,0.000,15.018,1.984,-0.526,156
11417,12.616,0.910,0.000,17.772,1.955,-0.621,156
11418,12.615,0.910,0.000,21.150,1.915,-0.735,156
11419,12.615,0.910,0.000,25.117,1.859,-0.865,156
11420,12.615,0.910,0.000,29.558,1.787,-1.007,156
11421,12.614,0.910,0.000,34.298,1.699,-1.152,156
11422,12.614,0.909,0.000,39.146,1.597,-1.293,156
11423,12.613,0.909,0.000,43.957,1.485,-1.424,156
11424,12.613,0.908,0.000,48.649,1.366,-1.543,156
11425,12.612,0.908,0.000,53.191,1.241,-1.649,156
11426,12.612,0.907,0.000,57.579,1.113,-1.742,156
11427,12.611,0.906,0.000,61.817,0.983,-1.823,156
11428,12.611,0.905,0.000,65.913,0.852,-1.892,156
11429,12.611,0.904,0.000,69.878,0.721,-1.950,156
11430,12.610,0.903,0.000,73.722,0.589,-1.998,156
11431,12.610,0.902,0.000,77.460,0.459,-2.036,156
11432,12.610,0.901,0.000,81.107,0.329,-2.066,156
11433,12.610,0.900,0.000,84.676,0.200,-2.087,156
11434,12.610,0.899,0.000,88.181,0.072,-2.100,156
11435,12.610,0.898,0.000,91.629,-0.054,-2.105,156
11436,12.610,0.897,0.000,95.018,-0.179,-2.103,156
11437,12.610,0.896,0.000,98.338,-0.302,-2.094,156
11438,12.610,0.896,0.000,101.570,-0.420,-2.078,156
11439,12.611,0.895,0.000,104.699,-0.534,-2.057,156
11440,12.611,0.894,0.000,107.716,-0.644,-2.030,156
11441,12.611,0.894,0.000,110.662,-0.758,-1.993,156
11442,12.612,0.893,0.000,113.588,-0.866,-1.954,156
11443,12.612,0.892,0.000,116.411,-0.956,-1.915,156
11444,12.612,0.892,0.000,119.127,-1.046,-1.871,156
11445,12.612,0.892,0.000,121.749,-1.135,-1.822,156
11446,12.612,0.892,0.000,124.242,-1.215,-1.773,156
11447,12.613,0.891,0.000,126.591,-1.288,-1.725,156
11448,12.613,0.891,0.000,128.793,-1.355,-1.677,156
11449,12.613,0.891,0.000,130.835,-1.416,-1.629,156
11450,12.613,0.891,0.000,132.707,-1.470,-1.584,156
11451,12.613,0.890,0.000,134.395,-1.518,-1.542,156
11452,12.614,0.890,0.000,135.879,-1.560,-1.505,156
11453,12.614,0.890,0.000,137.128,-1.594,-1.472,156
11454,12.614,0.890,0.000,138.111,-1.621,-1.446,156
11455,12.614,0.890,0.000,138.794,-1.641,-1.429,156
11456,12.614,0.890,0.000,139.154,-1.652,-1.420,156
11457,12.615,0.890,0.000,139.174,-1.654,-1.422,156
11458,12.615,0.889,0.000,138.852,-1.648,-1.433,156
11459,12.615,0.889,0.000,138.193,-1.634,-1.454,156
11460,12.615,0.889,0.000,137.193,-1.610,-1.484,156
11461,12.615,0.889,0.000,135.823,-1.576,-1.524,156
11462,12.615,0.889,0.000,134.014,-1.529,-1.574,156
11463,12.615,0.889,0.000,131.675,-1.465,-1.637,156
11464,12.615,0.889,0.000,128.766,-1.382,-1.711,156
11465,12.616,0.888,0.000,125.351,-1.279,-1.793,156
11466,12.616,0.888,0.000,121.579,-1.159,-1.875,156
11467,12.616,0.887,0.000,117.606,-1.025,-1.947,156
11468,12.616,0.887,0.000,113.550,-0.883,-2.012,156
11469,12.616,0.886,0.000,109.471,-0.737,-2.067,156
11470,12.616,0.885,0.000,105.395,-0.587,-2.111,156
11471,12.616,0.885,0.000,101.335,-0.436,-2.145,156
11472,12.616,0.884,0.000,97.295,-0.283,-2.168,156
11473,12.616,0.883,0.000,93.280,-0.130,-2.180,156
11474,12.616,0.883,0.000,89.294,0.021,-2.182,156
11475,12.616,0.882,0.000,85.336,0.172,-2.173,156
11476,12.616,0.881,0.000,81.398,0.320,-2.154,156
11477,12.616,0.881,0.000,77.461,0.467,-2.125,156
11478,12.616,0.880,0.000,73.505,0.612,-2.086,156
11479,12.616,0.879,0.000,69.521,0.755,-2.037,156
11480,12.615,0.879,0.000,65.516,0.895,-1.978,156
11481,12.615,0.879,0.000,61.563,1.039,-1.903,156
11482,12.615,0.878,0.000,57.738,1.166,-1.827,156
11483,12.615,0.878,0.000,53.936,1.279,-1.747,156
11484,12.615,0.878,0.000,50.186,1.388,-1.659,156
11485,12.614,0.878,0.000,46.537,1.491,-1.565,156
11486,12.614,0.878,0.000,43.023,1.584,-1.469,156
11487,12.614,0.878,0.000,39.646,1.666,-1.373,156
11488,12.614,0.878,0.000,36.404,1.740,-1.276,156
11489,12.613,0.877,0.000,33.291,1.806,-1.179,156
11490,12.613,0.877,0.000,30.306,1.864,-1.083,156
11491,12.613,0.877,0.000,27.428,1.915,-0.988,156
11492,12.613,0.877,0.000,24.616,1.961,-0.892,156
11493,12.612,0.877,0.000,21.837,2.001,-0.796,156
11494,12.612,0.877,0.000,19.059,2.036,-0.698,156
11495,12.612,0.877,0.000,16.246,2.067,-0.597,156
11496,12.612,0.877,0.000,13.364,2.094,-0.492,156
11497,12.612,0.877,0.000,10.394,2.115,-0.382,156
11498,12.612,0.877,0.000,7.337,2.132,-0.269,156
11499,12.611,0.877,0.000,4.210,2.142,-0.152,156
11500,12.611,0.877,0.000,1.035,2.146,-0.033,156
11501,12.611,0.877,0.000,-2.175,2.143,0.087,156
11502,12.611,0.877,0.000,-5.435,2.133,0.208,156
11503,12.611,0.877,0.000,-8.791,2.117,0.333,156
11504,12.611,0.877,0.000,-12.278,2.097,0.442,156
11505,12.611,0.877,0.000,-15.779,2.063,0.582,156
11506,12.610,0.877,0.000,-19.319,2.024,0.708,156
11507,12.610,0.877,0.000,-23.095,1.976,0.834,156
11508,12.609,0.877,0.000,-27.379,1.908,0.980,156
11509,12.609,0.878,0.000,-32.116,1.820,1.136,156
11510,12.608,0.878,0.000,-37.153,1.714,1.293,156
11511,12.608,0.878,0.000,-42.296,1.594,1.442,156
11512,12.607,0.879,0.000,-47.412,1.460,1.580,156
11513,12.607,0.879,0.000,-52.471,1.309,1.710,156
11514,12.607,0.879,0.000,-57.523,1.143,1.825,156
11515,12.607,0.880,0.000,-62.427,1.005,1.909,156
11516,12.607,0.881,0.000,-67.217,0.830,1.995,156
11517,12.606,0.881,0.000,-71.950,0.659,2.061,156
11518,12.606,0.882,0.000,-76.616,0.498,2.110,156
11519,12.606,0.882,0.000,-81.160,0.331,2.145,156
11520,12.606,0.883,0.000,-85.579,0.162,2.167,156
11521,12.606,0.883,0.000,-89.904,-0.003,2.176,156
11522,12.607,0.884,0.000,-94.144,-0.163,2.173,156
11523,12.607,0.884,0.000,-98.282,-0.319,2.159,156
11524,12.607,0.885,0.000,-102.267,-0.470,2.135,156
11525,12.607,0.885,0.000,-106.030,-0.610,2.103,156
11526,12.607,0.886,0.000,-109.508,-0.738,2.066,156
11527,12.607,0.887,0.000,-112.665,-0.852,2.026,156
11528,12.607,0.887,0.000,-115.502,-0.954,1.986,156
11529,12.607,0.888,0.000,-118.047,-1.043,1.945,156
11530,12.608,0.888,0.000,-120.344,-1.123,1.906,156
11531,12.608,0.889,0.000,-122.433,-1.194,1.868,156
11532,12.608,0.890,0.000,-124.349,-1.259,1.832,156
11533,12.609,0.890,0.000,-126.114,-1.317,1.796,156
11534,12.609,0.891,0.000,-127.743,-1.366,1.755,156
11535,12.610,0.892,0.000,-129.247,-1.408,1.714,156
11536,12.610,0.892,0.000,-130.631,-1.441,1.673,156
11537,12.611,0.893,0.000,-131.900,-1.457,1.613,156
11538,12.611,0.893,0.000,-133.055,-1.466,1.559,156
11539,12.612,0.894,0.000,-134.100,-1.469,1.508,156
11540,12.612,0.894,0.000,-135.042,-1.469,1.460,156
11541,12.613,0.895,0.000,-135.847,-1.466,1.415,156
11542,12.613,0.895,0.000,-136.433,-1.455,1.376,156
11543,12.613,0.895,0.000,-136.727,-1.437,1.345,156
11544,12.613,0.895,0.000,-136.666,-1.410,1.323,156
11545,12.613,0.895,0.000,-136.173,-1.374,1.311,156
11546,12.613,0.895,0.000,-135.126,-1.325,1.311,156
11547,12.613,0.895,0.000,-133.307,-1.258,1.327,156
11548,12.613,0.895,0.000,-130.439,-1.167,1.361,156
11549,12.613,0.895,0.000,-126.403,-1.048,1.412,156
11550,12.611,0.893,0.000,-122.407,-0.922,1.442,156
11551,12.612,0.893,0.000,-119.499,-0.820,1.465,156
11552,12.610,0.891,0.000,-116.969,-0.746,1.459,156
11553,12.611,0.893,0.000,-114.524,-0.653,1.477,156
11554,12.611,0.893,0.000,-112.210,-0.602,1.466,156
11555,12.611,0.893,0.000,-110.033,-0.530,1.456,156
11556,12.611,0.894,0.000,-107.978,-0.456,1.457,156
11557,12.611,0.895,0.000,-106.025,-0.410,1.442,156
11558,12.611,0.894,0.000,-104.146,-0.361,1.422,156
11559,12.611,0.894,0.000,-102.326,-0.292,1.406,156
11560,12.611,0.895,0.000,-100.556,-0.251,1.388,156
11561,12.611,0.895,0.000,-98.892,-0.216,1.362,156
11562,12.611,0.894,0.000,-97.415,-0.177,1.336,156
11563,12.611,0.894,0.000,-96.287,-0.151,1.309,156
11564,12.612,0.894,0.000,-95.548,-0.131,1.282,156
11565,12.612,0.893,0.000,-95.144,-0.118,1.254,156
11566,12.612,0.893,0.000,-95.034,-0.113,1.226,156
11567,12.613,0.893,0.000,-95.188,-0.114,1.197,156
11568,12.613,0.893,0.000,-95.589,-0.120,1.167,156
11569,12.613,0.892,0.000,-96.224,-0.129,1.138,156
11570,12.613,0.892,0.000,-97.088,-0.143,1.107,156
11571,12.614,0.892,0.000,-98.178,-0.160,1.076,156
11572,12.614,0.891,0.000,-99.491,-0.180,1.044,156
11573,12.614,0.891,0.000,-101.020,-0.202,1.011,156
11574,12.614,0.890,0.000,-102.755,-0.227,0.977,156
11575,12.614,0.889,0.000,-104.670,-0.252,0.941,156
11576,12.614,0.889,0.000,-106.727,-0.277,0.904,156
11577,12.614,0.888,0.000,-108.875,-0.302,0.866,156
11578,12.614,0.887,0.000,-111.050,-0.324,0.827,156
11579,12.613,0.886,0.000,-113.179,-0.327,0.796,156
11580,12.613,0.885,0.000,-115.306,-0.349,0.754,156
11581,12.613,0.885,0.000,-117.394,-0.372,0.713,156
11582,12.612,0.884,0.000,-119.403,-0.376,0.680,156
11583,12.612,0.884,0.000,-121.183,-0.382,0.647,156
11584,12.612,0.883,0.000,-122.715,-0.387,0.612,156
11585,12.612,0.883,0.000,-124.065,-0.389,0.580,156
11586,12.611,0.882,0.000,-125.335,-0.392,0.542,156
11587,12.610,0.881,0.000,-126.649,-0.393,0.509,156
11588,12.610,0.880,0.000,-127.792,-0.381,0.484,156
11589,12.609,0.880,0.000,-128.744,-0.372,0.458,156
11590,12.608,0.879,0.000,-129.578,-0.364,0.431,156
11591,12.608,0.878,0.000,-130.341,-0.354,0.406,156
11592,12.607,0.877,0.000,-131.049,-0.341,0.384,156
11593,12.607,0.877,0.000,-131.702,-0.329,0.361,156
11594,12.606,0.876,0.000,-132.307,-0.316,0.339,156
11595,12.606,0.876,0.000,-132.866,-0.303,0.318,156
11596,12.605,0.875,0.000,-133.382,-0.289,0.298,156
11597,12.604,0.874,0.000,-133.856,-0.275,0.278,156
11598,12.604,0.874,0.000,-134.287,-0.260,0.259,156
11599,12.603,0.873,0.000,-134.678,-0.245,0.240,156
11600,12.603,0.873,0.000,-135.028,-0.230,0.222,156
11601,12.602,0.872,0.000,-135.338,-0.215,0.205,156
11602,12.602,0.872,0.000,-135.609,-0.199,0.188,156
11603,12.601,0.871,0.000,-135.841,-0.184,0.171,156
11604,12.601,0.871,0.000,-136.035,-0.168,0.155,156
11605,12.600,0.870,0.000,-136.190,-0.153,0.139,156
11606,12.600,0.870,0.000,-136.308,-0.137,0.123,156
11607,12.599,0.869,0.000,-136.384,-0.121,0.108,156
11608,12.599,0.869,0.000,-136.417,-0.106,0.093,156
11609,12.598,0.868,0.000,-136.403,-0.090,0.079,156
11610,12.598,0.868,0.000,-136.337,-0.075,0.064,156
11611,12.597,0.867,0.000,-136.217,-0.060,0.050,156
11612,12.597,0.867,0.000,-136.041,-0.045,0.036,156
11613,12.597,0.867,0.000,-135.811,-0.030,0.022,156
11614,12.596,0.866,0.000,-135.530,-0.015,0.008,156
11615,12.596,0.866,0.000,-135.233,0.008,0.008,156
11616,12.596,0.866,0.000,-134.903,0.021,-0.007,156
11617,12.596,0.866,0.000,-134.268,0.028,-0.025,156
11618,12.596,0.866,0.000,-133.044,0.040,-0.037,156
11619,12.596,0.866,0.000,-131.069,0.051,-0.049,156
11620,12.596,0.866,0.000,-128.509,0.059,-0.065,156
11621,12.596,0.865,0.000,-125.499,0.065,-0.082,156
11622,12.595,0.865,0.000,-122.346,0.070,-0.101,156
11623,12.595,0.865,0.000,-119.613,0.075,-0.120,156
11624,12.594,0.864,0.000,-117.521,0.079,-0.139,156
11625,12.594,0.864,0.000,-116.035,0.083,-0.157,156
11626,12.594,0.863,0.000,-115.014,0.087,-0.175,156
11627,12.593,0.863,0.000,-114.304,0.092,-0.191,156
11628,12.593,0.863,0.000,-113.770,0.097,-0.208,156
11629,12.593,0.862,0.000,-113.384,0.102,-0.224,156
11630,12.593,0.862,0.000,-113.191,0.109,-0.240,156
11631,12.592,0.862,0.000,-113.195,0.116,-0.255,156
11632,12.592,0.861,0.000,-113.398,0.123,-0.270,156
11633,12.592,0.861,0.000,-113.803,0.131,-0.285,156
11634,12.592,0.860,0.000,-114.402,0.141,-0.299,156
11635,12.591,0.860,0.000,-115.176,0.153,-0.312,156
11636,12.591,0.860,0.000,-116.104,0.165,-0.324,156
11637,12.591,0.859,0.000,-117.157,0.178,-0.336,156
11638,12.591,0.859,0.000,-118.288,0.193,-0.347,156
11639,12.590,0.858,0.000,-119.350,0.207,-0.357,156
11640,12.590,0.858,0.000,-120.098,0.220,-0.368,156
11641,12.590,0.858,0.000,-120.365,0.229,-0.380,156
11642,12.590,0.857,0.000,-120.081,0.235,-0.394,156
11643,12.590,0.857,0.000,-119.253,0.236,-0.410,156
11644,12.590,0.857,0.000,-117.946,0.234,-0.429,156
11645,12.590,0.856,0.000,-116.257,0.228,-0.449,156
11646,12.590,0.856,0.000,-114.295,0.219,-0.471,156
11647,12.590,0.855,0.000,-112.159,0.207,-0.493,156
11648,12.590,0.855,0.000,-109.930,0.193,-0.515,156
11649,12.590,0.854,0.000,-107.652,0.177,-0.537,156
11650,12.589,0.853,0.000,-105.344,0.159,-0.559,156
11651,12.589,0.853,0.000,-103.006,0.139,-0.580,156
11652,12.589,0.852,0.000,-100.639,0.118,-0.600,156
11653,12.589,0.851,0.000,-98.245,0.095,-0.619,156
11654,12.589,0.851,0.000,-95.829,0.071,-0.638,156
11655,12.589,0.850,0.000,-93.398,0.044,-0.656,156
11656,12.589,0.849,0.000,-90.961,0.017,-0.672,156
11657,12.589,0.848,0.000,-88.519,-0.012,-0.687,156
11658,12.589,0.847,0.000,-86.071,-0.043,-0.701,156
11659,12.589,0.847,0.000,-83.606,-0.075,-0.714,156
11660,12.589,0.846,0.000,-81.107,-0.108,-0.725,156
11661,12.589,0.845,0.000,-78.552,-0.143,-0.734,156
11662,12.589,0.844,0.000,-75.919,-0.181,-0.740,156
11663,12.590,0.844,0.000,-73.274,-0.227,-0.742,156
11664,12.590,0.843,0.000,-70.709,-0.274,-0.741,156
11665,12.591,0.842,0.000,-68.199,-0.301,-0.748,156
11666,12.591,0.842,0.000,-65.647,-0.340,-0.746,156
11667,12.591,0.841,0.000,-62.925,-0.386,-0.740,156
11668,12.592,0.841,0.000,-60.108,-0.429,-0.732,156
11669,12.592,0.840,0.000,-57.283,-0.452,-0.737,156
11670,12.593,0.839,0.000,-54.489,-0.532,-0.701,156
11671,12.594,0.838,0.000,-51.694,-0.544,-0.711,156
11672,12.594,0.838,0.000,-48.948,-0.617,-0.669,156
11673,12.595,0.837,0.000,-46.279,-0.631,-0.679,156
11674,12.596,0.836,0.000,-43.633,-0.700,-0.634,156
11675,12.597,0.835,0.000,-40.973,-0.719,-0.639,156
11676,12.597,0.835,0.000,-38.391,-0.777,-0.589,156
11677,12.599,0.834,0.000,-35.913,-0.798,-0.589,156
11678,12.599,0.833,0.000,-33.531,-0.834,-0.565,156
11679,12.601,0.832,0.000,-31.458,-0.871,-0.538,156
11680,12.602,0.832,0.000,-29.684,-0.902,-0.517,156
11681,12.602,0.831,0.000,-28.035,-0.927,-0.499,156
11682,12.604,0.831,0.000,-26.400,-0.957,-0.474,156
11683,12.605,0.830,0.000,-24.809,-0.977,-0.472,156
11684,12.606,0.829,0.000,-23.257,-1.014,-0.427,156
11685,12.608,0.829,0.000,-21.749,-1.031,-0.427,156
11686,12.609,0.828,0.000,-20.261,-1.058,-0.398,156
11687,12.610,0.828,0.000,-18.736,-1.083,-0.368,156
11688,12.611,0.827,0.000,-17.348,-1.104,-0.350,156
11689,12.613,0.827,0.000,-16.146,-1.124,-0.333,156
11690,12.614,0.826,0.000,-15.088,-1.143,-0.314,156
11691,12.615,0.826,0.000,-14.146,-1.162,-0.298,156
11692,12.616,0.826,0.000,-13.298,-1.181,-0.277,156
11693,12.617,0.826,0.000,-12.499,-1.191,-0.279,156
11694,12.618,0.825,0.000,-11.729,-1.210,-0.256,156
11695,12.619,0.825,0.000,-11.005,-1.225,-0.240,156
11696,12.620,0.825,0.000,-10.354,-1.240,-0.232,156
11697,12.621,0.824,0.000,-9.766,-1.254,-0.223,156
11698,12.622,0.824,0.000,-9.236,-1.268,-0.212,156
11699,12.623,0.824,0.000,-8.758,-1.281,-0.202,156
11700,12.624,0.824,0.000,-8.325,-1.296,-0.183,156
11701,12.625,0.824,0.000,-7.914,-1.308,-0.184,156
11702,12.626,0.824,0.000,-7.523,-1.318,-0.186,156
11703,12.627,0.823,0.000,-7.134,-1.331,-0.167,156
11704,12.628,0.823,0.000,-6.764,-1.342,-0.162,156
11705,12.629,0.823,0.000,-6.439,-1.352,-0.159,156
11706,12.630,0.823,0.000,-6.154,-1.363,-0.153,156
11707,12.631,0.823,0.000,-5.910,-1.373,-0.147,156
11708,12.632,0.823,0.000,-5.705,-1.384,-0.143,156
11709,12.633,0.823,0.000,-5.536,-1.394,-0.141,156
11710,12.634,0.822,0.000,-5.403,-1.404,-0.138,156
11711,12.635,0.822,0.000,-5.302,-1.414,-0.137,156
11712,12.636,0.822,0.000,-5.233,-1.423,-0.136,156
11713,12.637,0.822,0.000,-5.192,-1.433,-0.136,156
11714,12.637,0.822,0.000,-5.178,-1.442,-0.136,156
11715,12.638,0.822,0.000,-5.189,-1.452,-0.137,156
11716,12.639,0.822,0.000,-5.222,-1.461,-0.139,156
11717,12.640,0.822,0.000,-5.275,-1.470,-0.141,156
11718,12.641,0.822,0.000,-5.346,-1.479,-0.144,156
11719,12.642,0.822,0.000,-5.432,-1.488,-0.147,156
11720,12.643,0.821,0.000,-5.529,-1.497,-0.150,156
11721,12.643,0.821,0.000,-5.635,-1.506,-0.154,156
11722,12.644,0.821,0.000,-5.747,-1.515,-0.158,156
11723,12.645,0.821,0.000,-5.861,-1.524,-0.162,156
11724,12.646,0.821,0.000,-5.974,-1.533,-0.166,156
11725,12.647,0.821,0.000,-6.082,-1.542,-0.170,156
11726,12.648,0.821,0.000,-6.183,-1.550,-0.173,156
11727,12.649,0.821,0.000,-6.274,-1.559,-0.177,156
11728,12.649,0.821,0.000,-6.351,-1.568,-0.180,156
11729,12.650,0.821,0.000,-6.413,-1.578,-0.177,156
11730,12.651,0.821,0.000,-6.464,-1.586,-0.179,156
11731,12.652,0.820,0.000,-6.492,-1.595,-0.169,156
11732,12.653,0.820,0.000,-6.499,-1.603,-0.177,156
11733,12.653,0.820,0.000,-6.481,-1.610,-0.180,156
11734,12.654,0.820,0.000,-6.438,-1.619,-0.178,156
11735,12.655,0.820,0.000,-6.371,-1.627,-0.175,156
11736,12.656,0.820,0.000,-6.280,-1.636,-0.174,156
11737,12.657,0.820,0.000,-6.171,-1.642,-0.194,156
11738,12.657,0.820,0.000,-6.067,-1.652,-0.166,156
11739,12.658,0.820,0.000,-5.964,-1.658,-0.172,156
11740,12.659,0.819,0.000,-5.842,-1.666,-0.167,156
11741,12.660,0.819,0.000,-5.698,-1.674,-0.160,156
11742,12.661,0.819,0.000,-5.535,-1.682,-0.157,156
11743,12.662,0.819,0.000,-5.353,-1.689,-0.153,156
11744,12.662,0.819,0.000,-5.152,-1.697,-0.148,156
11745,12.663,0.819,0.000,-4.933,-1.705,-0.141,156
11746,12.664,0.819,0.000,-4.696,-1.713,-0.135,156
11747,12.665,0.819,0.000,-4.443,-1.721,-0.128,156
11748,12.666,0.819,0.000,-4.174,-1.728,-0.121,156
11749,12.667,0.819,0.000,-3.891,-1.736,-0.113,156
11750,12.667,0.819,0.000,-3.594,-1.744,-0.104,156
11751,12.668,0.819,0.000,-3.284,-1.752,-0.095,156
11752,12.669,0.819,0.000,-2.962,-1.760,-0.086,156
11753,12.670,0.818,0.000,-2.630,-1.768,-0.076,156
11754,12.671,0.818,0.000,-2.288,-1.775,-0.066,156
11755,12.672,0.818,0.000,-1.937,-1.783,-0.055,156
11756,12.672,0.818,0.000,-1.577,-1.791,-0.044,156
11757,12.673,0.818,0.000,-1.208,-1.799,-0.033,156
11758,12.674,0.818,0.000,-0.832,-1.806,-0.021,156
11759,12.675,0.818,0.000,-0.448,-1.814,-0.009,156
11760,12.676,0.818,0.000,-0.057,-1.821,0.004,156
11761,12.677,0.818,0.000,0.343,-1.828,0.016,156
11762,12.677,0.818,0.000,0.751,-1.836,0.029,156
11763,12.678,0.818,0.000,1.166,-1.843,0.043,156
11764,12.679,0.818,0.000,1.590,-1.850,0.057,156
11765,12.680,0.818,0.000,2.023,-1.857,0.071,156
11766,12.681,0.818,0.000,2.464,-1.863,0.086,156
11767,12.682,0.819,0.000,2.914,-1.870,0.101,156
11768,12.682,0.819,0.000,3.374,-1.876,0.116,156
11769,12.683,0.819,0.000,3.843,-1.882,0.132,156
11770,12.684,0.819,0.000,4.321,-1.888,0.148,156
11771,12.685,0.819,0.000,4.809,-1.894,0.165,156
11772,12.685,0.819,0.000,5.306,-1.899,0.182,156
11773,12.686,0.819,0.000,5.812,-1.905,0.199,156
11774,12.687,0.819,0.000,6.328,-1.910,0.217,156
11775,12.687,0.819,0.000,6.851,-1.914,0.235,156
11776,12.688,0.819,0.000,7.384,-1.919,0.254,156
11777,12.689,0.819,0.000,7.923,-1.923,0.273,156
11778,12.689,0.819,0.000,8.469,-1.927,0.292,156
11779,12.690,0.820,0.000,9.021,-1.931,0.312,156
11780,12.691,0.820,0.000,9.576,-1.934,0.332,156
11781,12.691,0.820,0.000,10.131,-1.937,0.352,156
11782,12.692,0.820,0.000,10.684,-1.940,0.371,156
11783,12.692,0.820,0.000,11.227,-1.942,0.391,156
11784,12.693,0.820,0.000,11.755,-1.944,0.410,156
11785,12.693,0.820,0.000,12.256,-1.946,0.428,156
11786,12.694,0.820,0.000,12.717,-1.948,0.445,156
11787,12.694,0.820,0.000,13.121,-1.951,0.460,156
11788,12.694,0.820,0.000,13.446,-1.953,0.472,156
11789,12.695,0.820,0.000,13.668,-1.956,0.481,156
11790,12.695,0.820,0.000,13.759,-1.961,0.486,156
11791,12.695,0.820,0.000,13.689,-1.966,0.484,156
11792,12.696,0.820,0.000,13.428,-1.973,0.477,156
11793,12.696,0.820,0.000,12.939,-1.982,0.461,156
11794,12.696,0.820,0.000,12.178,-1.992,0.435,156
11795,12.696,0.819,0.000,11.104,-2.004,0.399,156
11796,12.696,0.819,0.000,9.694,-2.017,0.350,156
11797,12.697,0.819,0.000,7.956,-2.031,0.289,156
11798,12.697,0.818,0.000,5.940,-2.044,0.218,156
11799,12.697,0.818,0.000,3.713,-2.056,0.139,156
11800,12.697,0.818,0.000,1.339,-2.064,0.054,156
11801,12.698,0.818,0.000,-1.143,-2.070,-0.036,156
11802,12.698,0.818,0.000,-3.725,-2.071,-0.129,156
11803,12.699,0.818,0.000,-6.430,-2.067,-0.227,156
11804,12.699,0.818,0.000,-9.304,-2.057,-0.336,156
11805,12.699,0.818,0.000,-12.232,-2.045,-0.434,156
11806,12.699,0.819,0.000,-15.153,-2.020,-0.546,156
11807,12.700,0.818,0.000,-18.040,-2.002,-0.636,156
11808,12.700,0.818,0.000,-20.906,-1.964,-0.756,156
11809,12.701,0.818,0.000,-23.773,-1.941,-0.831,156
11810,12.702,0.817,0.000,-26.711,-1.889,-0.961,156
11811,12.702,0.817,0.000,-29.641,-1.856,-1.038,156
11812,12.703,0.817,0.000,-32.620,-1.803,-1.143,156
11813,12.704,0.816,0.000,-35.628,-1.739,-1.249,156
11814,12.704,0.816,0.000,-38.698,-1.676,-1.338,156
11815,12.704,0.816,0.000,-41.761,-1.612,-1.425,156
11816,12.705,0.815,0.000,-45.109,-1.528,-1.523,156
11817,12.705,0.815,0.000,-48.816,-1.428,-1.626,156
11818,12.705,0.814,0.000,-52.705,-1.319,-1.723,156
11819,12.706,0.813,0.000,-56.609,-1.204,-1.814,156
11820,12.706,0.813,0.000,-60.484,-1.082,-1.898,156
11821,12.707,0.812,0.000,-64.330,-0.954,-1.973,156
11822,12.707,0.811,0.000,-68.159,-0.823,-2.039,156
11823,12.707,0.810,0.000,-71.981,-0.688,-2.095,156
11824,12.707,0.809,0.000,-75.801,-0.548,-2.143,156
11825,12.707,0.809,0.000,-79.616,-0.406,-2.182,156
11826,12.707,0.808,0.000,-83.421,-0.261,-2.211,156
11827,12.707,0.807,0.000,-87.208,-0.113,-2.222,156
11828,12.707,0.806,0.000,-90.968,0.033,-2.217,156
11829,12.707,0.805,0.000,-94.703,0.176,-2.202,156
11830,12.707,0.804,0.000,-98.418,0.317,-2.179,156
11831,12.707,0.803,0.000,-102.126,0.456,-2.147,156
11832,12.707,0.802,0.000,-105.841,0.592,-2.106,156
11833,12.706,0.802,0.000,-109.568,0.726,-2.056,156
11834,12.706,0.801,0.000,-113.304,0.855,-1.999,156
11835,12.706,0.800,0.000,-117.035,0.981,-1.933,156
11836,12.705,0.800,0.000,-120.722,1.109,-1.853,156
11837,12.705,0.799,0.000,-124.410,1.213,-1.781,156
11838,12.704,0.798,0.000,-128.023,1.322,-1.695,156
11839,12.703,0.797,0.000,-131.561,1.419,-1.608,156
11840,12.703,0.797,0.000,-135.026,1.509,-1.516,156
11841,12.702,0.796,0.000,-138.427,1.594,-1.421,156
11842,12.701,0.795,0.000,-141.766,1.670,-1.322,156
11843,12.700,0.795,0.000,-145.047,1.739,-1.222,156
11844,12.700,0.794,0.000,-148.279,1.802,-1.120,156
11845,12.699,0.794,0.000,-151.468,1.857,-1.016,156
11846,12.698,0.793,0.000,-154.623,1.906,-0.910,156
11847,12.697,0.793,0.000,-157.751,1.949,-0.803,156
11848,12.696,0.793,0.000,-160.859,1.986,-0.695,156
11849,12.695,0.793,0.000,-163.951,2.016,-0.586,156
11850,12.694,0.792,0.000,-167.028,2.041,-0.476,156
11851,12.694,0.792,0.000,-170.090,2.059,-0.365,156
11852,12.693,0.792,0.000,-173.135,2.072,-0.255,156
11853,12.692,0.792,0.000,-176.162,2.079,-0.145,156
11854,12.691,0.792,0.000,-179.170,2.080,-0.036,156
11855,12.690,0.792,0.000,177.843,2.075,0.073,156
11856,12.689,0.792,0.000,174.872,2.065,0.180,156
11857,12.689,0.792,0.000,171.909,2.049,0.286,156
11858,12.688,0.793,0.000,168.938,2.028,0.391,156
11859,12.687,0.793,0.000,165.940,2.001,0.496,156
11860,12.687,0.793,0.000,162.895,1.969,0.600,156
11861,12.686,0.793,0.000,159.789,1.930,0.705,156
11862,12.685,0.793,0.000,156.619,1.886,0.809,156
11863,12.684,0.794,0.000,153.391,1.835,0.913,156
11864,12.684,0.794,0.000,150.123,1.777,1.014,156
11865,12.683,0.795,0.000,146.836,1.714,1.113,156
11866,12.682,0.795,0.000,143.552,1.645,1.208,156
11867,12.682,0.796,0.000,140.287,1.572,1.299,156
11868,12.681,0.796,0.000,137.052,1.495,1.384,156
11869,12.681,0.797,0.000,133.852,1.414,1.464,156
11870,12.680,0.797,0.000,130.691,1.330,1.538,156
11871,12.680,0.798,0.000,127.569,1.235,1.613,156
11872,12.680,0.798,0.000,124.488,1.149,1.669,156
11873,12.679,0.799,0.000,121.411,1.050,1.733,156
11874,12.679,0.799,0.000,118.390,0.955,1.784,156
11875,12.679,0.800,0.000,115.431,0.883,1.819,156
11876,12.679,0.801,0.000,112.496,0.773,1.870,156
11877,12.678,0.801,0.000,109.574,0.680,1.904,156
11878,12.678,0.802,0.000,106.645,0.587,1.935,156
11879,12.678,0.803,0.000,103.794,0.489,1.962,156
11880,12.678,0.804,0.000,101.013,0.391,1.984,156
11881,12.677,0.805,0.000,98.290,0.296,2.000,156
11882,12.677,0.806,0.000,95.618,0.204,2.012,156
11883,12.677,0.807,0.000,92.992,0.111,2.020,156
11884,12.677,0.808,0.000,90.408,0.020,2.024,156
11885,12.677,0.809,0.000,87.866,-0.070,2.023,156
11886,12.677,0.810,0.000,85.371,-0.158,2.019,156
11887,12.678,0.811,0.000,82.935,-0.244,2.011,156
11888,12.678,0.811,0.000,80.578,-0.327,2.000,156
11889,12.678,0.812,0.000,78.331,-0.405,1.987,156
11890,12.678,0.813,0.000,76.227,-0.478,1.972,156
11891,12.679,0.814,0.000,74.302,-0.544,1.956,156
11892,12.679,0.815,0.000,72.588,-0.603,1.940,156
11893,12.680,0.816,0.000,71.111,-0.653,1.925,156
11894,12.680,0.817,0.000,69.887,-0.695,1.912,156
11895,12.681,0.817,0.000,68.928,-0.727,1.901,156
11896,12.681,0.818,0.000,68.239,-0.750,1.893,156
11897,12.682,0.819,0.000,67.820,-0.764,1.889,156
11898,12.682,0.820,0.000,67.671,-0.770,1.888,156
11899,12.682,0.820,0.000,67.788,-0.766,1.890,156
11900,12.683,0.821,0.000,68.167,-0.754,1.896,156
11901,12.683,0.821,0.000,68.799,-0.736,1.904,156
11902,12.683,0.822,0.000,69.505,-0.721,1.908,156
11903,12.683,0.822,0.000,70.183,-0.704,1.915,156
11904,12.683,0.822,0.000,70.852,-0.671,1.925,156
11905,12.683,0.823,0.000,71.612,-0.646,1.935,156
11906,12.683,0.824,0.000,72.719,-0.613,1.946,156
11907,12.683,0.824,0.000,74.198,-0.562,1.962,156
11908,12.683,0.825,0.000,75.967,-0.500,1.979,156
11909,12.683,0.825,0.000,77.949,-0.431,1.996,156
11910,12.683,0.826,0.000,80.085,-0.357,2.011,156
11911,12.683,0.827,0.000,82.330,-0.278,2.025,156
11912,12.683,0.827,0.000,84.646,-0.196,2.036,156
11913,12.683,0.828,0.000,87.008,-0.112,2.043,156
11914,12.683,0.829,0.000,89.398,-0.027,2.048,156
11915,12.683,0.830,0.000,91.810,0.059,2.048,156
11916,12.683,0.830,0.000,94.246,0.147,2.046,156
11917,12.683,0.831,0.000,96.724,0.235,2.039,156
11918,12.683,0.832,0.000,99.270,0.326,2.028,156
11919,12.683,0.832,0.000,101.915,0.419,2.013,156
11920,12.683,0.833,0.000,104.693,0.517,1.992,156
11921,12.683,0.834,0.000,107.620,0.624,1.963,156
11922,12.682,0.834,0.000,110.531,0.723,1.930,156
11923,12.682,0.835,0.000,113.455,0.835,1.888,156
11924,12.682,0.835,0.000,116.432,0.926,1.847,156
11925,12.681,0.836,0.000,119.541,1.022,1.799,156
11926,12.681,0.836,0.000,122.815,1.127,1.738,156
11927,12.681,0.836,0.000,126.137,1.229,1.671,156
11928,12.680,0.837,0.000,129.430,1.323,1.600,156
11929,12.680,0.837,0.000,132.653,1.412,1.525,156
11930,12.680,0.837,0.000,135.790,1.496,1.447,156
11931,12.679,0.838,0.000,138.835,1.573,1.368,156
11932,12.679,0.838,0.000,141.791,1.644,1.287,156
11933,12.678,0.838,0.000,144.667,1.709,1.205,156
11934,12.678,0.839,0.000,147.469,1.769,1.121,156
11935,12.677,0.839,0.000,150.204,1.823,1.038,156
11936,12.677,0.839,0.000,152.878,1.873,0.953,156
11937,12.676,0.839,0.000,155.496,1.918,0.868,156
11938,12.675,0.840,0.000,158.061,1.959,0.783,156
11939,12.675,0.840,0.000,160.578,1.996,0.698,156
11940,12.674,0.840,0.000,163.050,2.028,0.612,156
11941,12.673,0.840,0.000,165.479,2.057,0.527,156
11942,12.672,0.840,0.000,167.868,2.082,0.442,156
11943,12.671,0.841,0.000,170.221,2.103,0.357,156
11944,12.670,0.841,0.000,172.538,2.121,0.272,156
11945,12.670,0.841,0.000,174.824,2.135,0.188,156
11946,12.669,0.841,0.000,177.079,2.145,0.121,156
11947,12.667,0.841,0.000,179.311,2.155,0.024,156
11948,12.666,0.841,0.000,-178.480,2.160,-0.047,156
11949,12.665,0.841,0.000,-176.289,2.163,-0.132,156
11950,12.664,0.841,0.000,-174.118,2.161,-0.219,156
11951,12.663,0.840,0.000,-171.960,2.156,-0.300,156
11952,12.661,0.840,0.000,-169.817,2.148,-0.385,156
11953,12.661,0.840,0.000,-167.705,2.137,-0.466,156
11954,12.659,0.840,0.000,-165.652,2.122,-0.555,156
11955,12.659,0.840,0.000,-163.673,2.107,-0.624,156
11956,12.658,0.839,0.000,-161.791,2.091,-0.691,156
11957,12.657,0.839,0.000,-160.005,2.072,-0.759,156
11958,12.656,0.839,0.000,-158.280,2.051,-0.824,156
11959,12.656,0.838,0.000,-156.536,2.030,-0.887,156
11960,12.655,0.838,0.000,-154.698,2.004,-0.953,156
11961,12.655,0.838,0.000,-152.722,1.974,-1.023,156
11962,12.654,0.837,0.000,-150.609,1.938,-1.097,156
11963,12.654,0.837,0.000,-148.388,1.892,-1.171,156
11964,12.653,0.837,0.000,-146.100,1.840,-1.242,156
11965,12.653,0.836,0.000,-143.777,1.784,-1.313,156
11966,12.653,0.836,0.000,-141.422,1.725,-1.382,156
11967,12.652,0.836,0.000,-139.019,1.662,-1.450,156
11968,12.652,0.836,0.000,-136.543,1.594,-1.517,156
11969,12.652,0.835,0.000,-133.975,1.521,-1.584,156
11970,12.652,0.835,0.000,-131.305,1.443,-1.649,156
11971,12.651,0.835,0.000,-128.537,1.358,-1.714,156
11972,12.651,0.834,0.000,-125.682,1.269,-1.775,156
11973,12.651,0.834,0.000,-122.848,1.177,-1.832,156
11974,12.651,0.834,0.000,-120.238,1.090,-1.880,156
11975,12.651,0.834,0.000,-117.923,1.011,-1.918,156
11976,12.651,0.833,0.000,-115.900,0.941,-1.949,156
11977,12.651,0.833,0.000,-114.131,0.884,-1.971,156
11978,12.650,0.832,0.000,-112.471,0.828,-1.994,156
11979,12.650,0.831,0.000,-110.785,0.778,-2.012,156
11980,12.650,0.831,0.000,-109.103,0.708,-2.034,156
11981,12.650,0.830,0.000,-107.468,0.641,-2.053,156
11982,12.649,0.829,0.000,-105.800,0.583,-2.069,156
11983,12.649,0.828,0.000,-104.118,0.522,-2.083,156
11984,12.649,0.828,0.000,-102.471,0.465,-2.094,156
11985,12.649,0.827,0.000,-100.875,0.393,-2.107,156
11986,12.649,0.826,0.000,-99.319,0.339,-2.113,156
11987,12.649,0.826,0.000,-97.809,0.287,-2.117,156
11988,12.649,0.825,0.000,-96.341,0.231,-2.121,156
11989,12.649,0.825,0.000,-94.910,0.176,-2.124,156
11990,12.649,0.824,0.000,-93.509,0.124,-2.125,156
11991,12.649,0.824,0.000,-92.132,0.074,-2.125,156
11992,12.649,0.823,0.000,-90.777,0.024,-2.123,156
11993,12.649,0.823,0.000,-89.441,-0.026,-2.121,156
11994,12.649,0.823,0.000,-88.123,-0.075,-2.117,156
11995,12.649,0.822,0.000,-86.824,-0.123,-2.113,156
11996,12.649,0.822,0.000,-85.542,-0.170,-2.107,156
11997,12.649,0.821,0.000,-84.278,-0.216,-2.101,156
11998,12.649,0.821,0.000,-83.031,-0.261,-2.093,156
11999,12.649,0.820,0.000,-81.800,-0.306,-2.085,156
12000,12.649,0.820,0.000,-80.582,-0.350,-2.076,156
12001,12.649,0.819,0.000,-79.376,-0.393,-2.066,156
12002,12.649,0.819,0.000,-78.175,-0.436,-2.055,156
12003,12.649,0.819,0.000,-76.974,-0.479,-2.044,156
12004,12.649,0.818,0.000,-75.764,-0.521,-2.031,156
12005,12.650,0.818,0.000,-74.538,-0.564,-2.018,156
12006,12.650,0.817,0.000,-73.286,-0.608,-2.004,156
12007,12.650,0.817,0.000,-71.999,-0.652,-1.988,156
12008,12.650,0.817,0.000,-70.670,-0.697,-1.971,156
12009,12.650,0.816,0.000,-69.297,-0.744,-1.952,156
12010,12.650,0.816,0.000,-67.881,-0.791,-1.931,156
12011,12.651,0.816,0.000,-66.431,-0.839,-1.909,156
12012,12.651,0.815,0.000,-64.959,-0.887,-1.886,156
12013,12.651,0.815,0.000,-63.481,-0.935,-1.861,156
12014,12.651,0.815,0.000,-62.018,-0.981,-1.835,156
12015,12.651,0.815,0.000,-60.591,-1.026,-1.808,156
12016,12.651,0.814,0.000,-59.218,-1.068,-1.782,156
12017,12.652,0.814,0.000,-57.921,-1.107,-1.756,156
12018,12.652,0.814,0.000,-56.720,-1.143,-1.731,156
12019,12.652,0.814,0.000,-55.636,-1.175,-1.708,156
12020,12.652,0.813,0.000,-54.694,-1.202,-1.687,156
12021,12.652,0.813,0.000,-53.919,-1.224,-1.669,156
12022,12.652,0.813,0.000,-53.341,-1.240,-1.656,156
12023,12.652,0.813,0.000,-52.987,-1.249,-1.647,156
12024,12.652,0.813,0.000,-52.883,-1.251,-1.644,156
12025,12.653,0.812,0.000,-53.051,-1.245,-1.646,156
12026,12.653,0.812,0.000,-53.505,-1.232,-1.655,156
12027,12.653,0.812,0.000,-54.247,-1.209,-1.670,156
12028,12.653,0.812,0.000,-55.272,-1.179,-1.691,156
12029,12.653,0.811,0.000,-56.559,-1.133,-1.720,156
12030,12.653,0.811,0.000,-57.934,-1.097,-1.743,156
12031,12.654,0.810,0.000,-59.330,-1.054,-1.770,156
12032,12.654,0.809,0.000,-60.744,-1.022,-1.794,156
12033,12.655,0.808,0.000,-62.146,-0.961,-1.830,156
12034,12.655,0.807,0.000,-63.535,-0.941,-1.843,156
12035,12.655,0.807,0.000,-64.866,-0.867,-1.876,156
12036,12.656,0.807,0.000,-66.138,-0.858,-1.879,156
12037,12.656,0.806,0.000,-67.354,-0.782,-1.913,156
12038,12.656,0.806,0.000,-68.532,-0.781,-1.912,156
12039,12.656,0.805,0.000,-69.696,-0.707,-1.943,156
12040,12.656,0.806,0.000,-70.850,-0.695,-1.942,156
12041,12.657,0.804,0.000,-71.976,-0.632,-1.967,156
12042,12.657,0.804,0.000,-73.084,-0.617,-1.967,156
12043,12.657,0.804,0.000,-74.136,-0.559,-1.983,156
12044,12.658,0.803,0.000,-75.135,-0.536,-1.992,156
12045,12.658,0.804,0.000,-76.082,-0.510,-1.997,156
12046,12.657,0.804,0.000,-76.931,-0.461,-2.006,156
12047,12.658,0.803,0.000,-77.707,-0.453,-2.011,156
12048,12.658,0.804,0.000,-78.412,-0.423,-2.013,156
12049,12.659,0.801,0.000,-79.004,-0.381,-2.030,156
12050,12.658,0.804,0.000,-79.543,-0.366,-2.021,156
12051,12.659,0.802,0.000,-80.059,-0.387,-2.027,156
12052,12.659,0.803,0.000,-80.487,-0.321,-2.031,156
12053,12.659,0.803,0.000,-80.859,-0.360,-2.023,156
12054,12.659,0.803,0.000,-81.164,-0.298,-2.034,156
12055,12.659,0.802,0.000,-81.418,-0.312,-2.032,156
12056,12.659,0.802,0.000,-81.494,-0.312,-2.032,156
12057,12.659,0.802,0.000,-81.123,-0.323,-2.029,156
12058,12.660,0.802,0.000,-80.238,-0.352,-2.024,156
12059,12.661,0.802,0.000,-78.822,-0.403,-2.015,156
12060,12.661,0.802,0.000,-76.833,-0.474,-2.000,156
12061,12.662,0.802,0.000,-74.373,-0.546,-1.982,156
12062,12.662,0.802,0.000,-71.873,-0.655,-1.950,156
12063,12.661,0.803,0.000,-69.376,-0.725,-1.920,156
12064,12.662,0.802,0.000,-66.854,-0.813,-1.889,156
12065,12.662,0.802,0.000,-64.318,-0.906,-1.845,156
12066,12.662,0.801,0.000,-61.805,-0.967,-1.816,156
12067,12.662,0.801,0.000,-59.296,-1.057,-1.765,156
12068,12.662,0.802,0.000,-56.784,-1.138,-1.712,156
12069,12.663,0.801,0.000,-54.272,-1.189,-1.681,156
12070,12.663,0.801,0.000,-51.784,-1.273,-1.619,156
12071,12.663,0.801,0.000,-49.365,-1.342,-1.562,156
12072,12.663,0.800,0.000,-46.991,-1.399,-1.514,156
12073,12.664,0.800,0.000,-44.463,-1.469,-1.453,156
12074,12.665,0.799,0.000,-41.453,-1.547,-1.370,156
12075,12.665,0.799,0.000,-37.642,-1.634,-1.265,156
12076,12.665,0.799,0.000,-33.086,-1.729,-1.134,156
12077,12.666,0.799,0.000,-28.240,-1.820,-0.984,156
12078,12.666,0.799,0.000,-23.305,-1.901,-0.824,156
12079,12.667,0.799,0.000,-18.328,-1.967,-0.657,156
12080,12.668,0.799,0.000,-13.329,-2.019,-0.481,156
12081,12.668,0.799,0.000,-8.366,-2.053,-0.309,156
12082,12.668,0.799,0.000,-3.458,-2.073,-0.123,156
12083,12.668,0.799,0.000,1.407,-2.077,0.034,156
12084,12.668,0.799,0.000,6.224,-2.066,0.222,156
12085,12.669,0.799,0.000,11.038,-2.041,0.398,156
12086,12.669,0.799,0.000,15.944,-2.002,0.566,156
12087,12.670,0.799,0.000,21.114,-1.944,0.742,156
12088,12.670,0.799,0.000,26.635,-1.864,0.929,156
12089,12.670,0.799,0.000,32.501,-1.760,1.116,156
12090,12.670,0.799,0.000,38.560,-1.624,1.307,156
12091,12.670,0.800,0.000,44.556,-1.496,1.454,156
12092,12.671,0.800,0.000,50.530,-1.338,1.607,156
12093,12.671,0.801,0.000,56.488,-1.156,1.745,156
12094,12.672,0.801,0.000,62.448,-0.971,1.857,156
12095,12.672,0.802,0.000,68.422,-0.779,1.948,156
12096,12.672,0.802,0.000,74.358,-0.554,2.025,156
12097,12.672,0.802,0.000,80.237,-0.351,2.071,156
12098,12.672,0.802,0.000,86.037,-0.160,2.095,156
12099,12.671,0.802,0.000,91.762,0.068,2.103,156
12100,12.671,0.803,0.000,97.417,0.270,2.091,156
12101,12.671,0.804,0.000,103.005,0.467,2.060,156
12102,12.671,0.805,0.000,108.468,0.664,2.010,156
12103,12.670,0.805,0.000,113.765,0.851,1.943,156
12104,12.670,0.806,0.000,118.877,1.023,1.864,156
12105,12.670,0.806,0.000,123.876,1.192,1.762,156
12106,12.669,0.807,0.000,128.862,1.346,1.654,156
12107,12.669,0.807,0.000,133.722,1.466,1.556,156
12108,12.668,0.808,0.000,138.484,1.599,1.426,156
12109,12.667,0.809,0.000,143.174,1.721,1.286,156
12110,12.666,0.809,0.000,147.763,1.822,1.153,156
12111,12.665,0.810,0.000,152.102,1.908,1.018,156
12112,12.664,0.811,0.000,156.241,1.983,0.880,156
12113,12.663,0.811,0.000,160.261,2.047,0.739,156
12114,12.662,0.811,0.000,164.192,2.099,0.600,156
12115,12.660,0.812,0.000,168.050,2.142,0.459,156
12116,12.659,0.812,0.000,171.845,2.174,0.317,156
12117,12.658,0.812,0.000,175.584,2.198,0.175,156
12118,12.657,0.812,0.000,179.272,2.201,0.033,156
12119,12.655,0.812,0.000,-177.086,2.191,-0.107,156
12120,12.654,0.812,0.000,-173.494,2.173,-0.242,156
12121,12.653,0.811,0.000,-169.959,2.147,-0.374,156
12122,12.652,0.811,0.000,-166.491,2.114,-0.502,156
12123,12.650,0.811,0.000,-163.103,2.074,-0.624,156
12124,12.650,0.810,0.000,-159.778,2.021,-0.756,156
12125,12.649,0.810,0.000,-156.425,1.968,-0.868,156
12126,12.648,0.810,0.000,-153.177,1.911,-0.969,156
12127,12.647,0.809,0.000,-150.062,1.848,-1.069,156
12128,12.647,0.809,0.000,-147.055,1.782,-1.162,156
12129,12.646,0.808,0.000,-144.138,1.715,-1.247,156
12130,12.646,0.808,0.000,-141.293,1.646,-1.325,156
12131,12.645,0.807,0.000,-138.510,1.575,-1.399,156
12132,12.644,0.807,0.000,-135.782,1.502,-1.468,156
12133,12.644,0.806,0.000,-133.102,1.427,-1.532,156
12134,12.643,0.805,0.000,-130.460,1.351,-1.592,156
12135,12.643,0.805,0.000,-127.852,1.273,-1.647,156
12136,12.642,0.804,0.000,-125.232,1.193,-1.698,156
12137,12.642,0.804,0.000,-122.510,1.108,-1.748,156
12138,12.642,0.803,0.000,-119.657,1.017,-1.796,156
12139,12.641,0.802,0.000,-116.685,0.920,-1.841,156
12140,12.641,0.802,0.000,-113.618,0.817,-1.882,156
12141,12.641,0.801,0.000,-110.518,0.712,-1.918,156
12142,12.641,0.801,0.000,-107.464,0.607,-1.947,156
12143,12.640,0.800,0.000,-104.487,0.504,-1.970,156
12144,12.640,0.799,0.000,-101.595,0.402,-1.987,156
12145,12.640,0.799,0.000,-98.781,0.303,-1.999,156
12146,12.640,0.798,0.000,-96.036,0.207,-2.006,156
12147,12.640,0.798,0.000,-93.350,0.112,-2.009,156
12148,12.640,0.797,0.000,-90.709,0.019,-2.007,156
12149,12.640,0.796,0.000,-88.102,-0.072,-2.001,156
12150,12.641,0.796,0.000,-85.521,-0.161,-1.991,156
12151,12.641,0.795,0.000,-82.956,-0.250,-1.977,156
12152,12.641,0.794,0.000,-80.393,-0.337,-1.960,156
12153,12.641,0.794,0.000,-77.808,-0.424,-1.938,156
12154,12.641,0.793,0.000,-75.195,-0.511,-1.912,156
12155,12.641,0.793,0.000,-72.580,-0.597,-1.883,156
12156,12.642,0.792,0.000,-70.004,-0.679,-1.849,156
12157,12.642,0.792,0.000,-67.515,-0.757,-1.814,156
12158,12.642,0.791,0.000,-65.167,-0.829,-1.777,156
12159,12.642,0.791,0.000,-63.006,-0.893,-1.741,156
12160,12.642,0.790,0.000,-61.065,-0.949,-1.706,156
12161,12.643,0.790,0.000,-59.323,-0.999,-1.673,156
12162,12.643,0.789,0.000,-57.714,-1.044,-1.641,156
12163,12.643,0.789,0.000,-56.208,-1.084,-1.610,156
12164,12.644,0.788,0.000,-54.815,-1.121,-1.580,156
12165,12.644,0.788,0.000,-53.565,-1.153,-1.553,156
12166,12.644,0.787,0.000,-52.473,-1.180,-1.527,156
12167,12.644,0.787,0.000,-51.543,-1.203,-1.505,156
12168,12.645,0.787,0.000,-50.767,-1.220,-1.486,156
12169,12.645,0.786,0.000,-50.145,-1.234,-1.469,156
12170,12.645,0.786,0.000,-49.688,-1.243,-1.457,156
12171,12.646,0.786,0.000,-49.423,-1.248,-1.448,156
12172,12.646,0.785,0.000,-49.372,-1.247,-1.444,156
12173,12.646,0.785,0.000,-49.542,-1.240,-1.445,156
12174,12.646,0.785,0.000,-49.932,-1.228,-1.451,156
12175,12.647,0.784,0.000,-50.530,-1.211,-1.461,156
12176,12.647,0.784,0.000,-51.318,-1.188,-1.475,156
12177,12.647,0.783,0.000,-52.273,-1.162,-1.492,156
12178,12.647,0.783,0.000,-53.371,-1.131,-1.512,156
12179,12.648,0.782,0.000,-54.588,-1.097,-1.534,156
12180,12.648,0.782,0.000,-55.890,-1.061,-1.556,156
12181,12.648,0.781,0.000,-57.234,-1.023,-1.578,156
12182,12.649,0.781,0.000,-58.571,-0.984,-1.600,156
12183,12.649,0.780,0.000,-59.857,-0.947,-1.620,156
12184,12.649,0.780,0.000,-61.055,-0.912,-1.637,156
12185,12.650,0.779,0.000,-62.137,-0.880,-1.653,156
12186,12.650,0.779,0.000,-63.078,-0.852,-1.665,156
12187,12.650,0.778,0.000,-63.856,-0.828,-1.674,156
12188,12.650,0.778,0.000,-64.449,-0.810,-1.681,156
12189,12.651,0.778,0.000,-64.834,-0.798,-1.685,156
12190,12.651,0.777,0.000,-64.983,-0.793,-1.685,156
12191,12.651,0.777,0.000,-64.858,-0.795,-1.681,156
12192,12.652,0.776,0.000,-64.415,-0.807,-1.673,156
12193,12.652,0.776,0.000,-63.601,-0.830,-1.660,156
12194,12.652,0.776,0.000,-62.359,-0.865,-1.640,156
12195,12.653,0.776,0.000,-60.621,-0.913,-1.611,156
12196,12.653,0.775,0.000,-58.329,-0.976,-1.571,156
12197,12.653,0.775,0.000,-55.493,-1.051,-1.519,156
12198,12.653,0.775,0.000,-52.188,-1.136,-1.454,156
12199,12.654,0.775,0.000,-48.532,-1.224,-1.377,156
12200,12.654,0.775,0.000,-44.640,-1.313,-1.288,156
12201,12.654,0.775,0.000,-40.606,-1.397,-1.191,156
12202,12.654,0.775,0.000,-36.501,-1.477,-1.086,156
12203,12.654,0.775,0.000,-32.377,-1.548,-0.975,156
12204,12.653,0.776,0.000,-28.264,-1.611,-0.860,156
12205,12.653,0.776,0.000,-24.177,-1.666,-0.742,156
12206,12.653,0.776,0.000,-20.121,-1.712,-0.621,156
12207,12.653,0.776,0.000,-16.098,-1.749,-0.499,156
12208,12.653,0.776,0.000,-12.104,-1.777,-0.375,156
12209,12.653,0.776,0.000,-8.138,-1.796,-0.251,156
12210,12.653,0.776,0.000,-4.201,-1.807,-0.127,156
12211,12.653,0.776,0.000,-0.294,-1.809,-0.004,156
12212,12.653,0.776,0.000,3.581,-1.804,0.118,156
12213,12.653,0.776,0.000,7.427,-1.790,0.239,156
12214,12.653,0.776,0.000,11.246,-1.768,0.357,156
12215,12.653,0.776,0.000,15.035,-1.739,0.473,156
12216,12.653,0.776,0.000,18.774,-1.703,0.585,156
12217,12.653,0.776,0.000,22.440,-1.661,0.692,156
12218,12.653,0.776,0.000,26.027,-1.613,0.794,156
12219,12.653,0.776,0.000,29.577,-1.560,0.891,156
12220,12.653,0.776,0.000,33.159,-1.500,0.986,156
12221,12.653,0.776,0.000,36.835,-1.433,1.080,156
12222,12.653,0.776,0.000,40.627,-1.357,1.171,156
12223,12.653,0.776,0.000,44.528,-1.274,1.260,156
12224,12.653,0.776,0.000,48.520,-1.182,1.345,156
12225,12.653,0.776,0.000,52.591,-1.083,1.424,156
12226,12.653,0.776,0.000,56.741,-0.976,1.498,156
12227,12.653,0.776,0.000,60.976,-0.862,1.565,156
12228,12.653,0.776,0.000,65.293,-0.741,1.624,156
12229,12.652,0.776,0.000,69.671,-0.615,1.675,156
12230,12.652,0.776,0.000,74.076,-0.484,1.716,156
12231,12.652,0.776,0.000,78.477,-0.351,1.747,156
12232,12.652,0.775,0.000,82.847,-0.216,1.768,156
12233,12.652,0.775,0.000,87.175,-0.082,1.779,156
12234,12.652,0.775,0.000,91.455,0.051,1.780,156
12235,12.652,0.775,0.000,95.684,0.182,1.771,156
12236,12.652,0.775,0.000,99.856,0.310,1.753,156
12237,12.652,0.775,0.000,103.956,0.435,1.726,156
12238,12.652,0.775,0.000,107.956,0.554,1.692,156
12239,12.652,0.775,0.000,111.823,0.666,1.651,156
12240,12.652,0.775,0.000,115.568,0.762,1.609,156
12241,12.652,0.776,0.000,119.262,0.860,1.562,156
12242,12.651,0.776,0.000,122.926,0.968,1.501,156
12243,12.651,0.777,0.000,126.549,1.065,1.438,156
12244,12.650,0.778,0.000,130.030,1.164,1.364,156
12245,12.650,0.778,0.000,133.463,1.235,1.303,156
12246,12.650,0.778,0.000,136.713,1.309,1.229,156
12247,12.650,0.778,0.000,139.505,1.371,1.161,156
12248,12.649,0.778,0.000,141.977,1.420,1.101,156
12249,12.649,0.778,0.000,144.243,1.462,1.046,156
12250,12.649,0.778,0.000,146.347,1.500,0.993,156
12251,12.649,0.779,0.000,148.340,1.524,0.959,156
12252,12.648,0.779,0.000,150.311,1.580,0.873,156
12253,12.647,0.780,0.000,152.224,1.595,0.857,156
12254,12.646,0.780,0.000,154.082,1.643,0.770,156
12255,12.646,0.780,0.000,155.947,1.655,0.753,156
12256,12.645,0.780,0.000,157.783,1.692,0.665,156
12257,12.645,0.780,0.000,159.578,1.702,0.646,156
12258,12.645,0.780,0.000,161.329,1.732,0.562,156
12259,12.644,0.781,0.000,163.016,1.742,0.541,156
12260,12.644,0.780,0.000,164.669,1.763,0.456,156
12261,12.643,0.780,0.000,166.265,1.768,0.445,156
12262,12.643,0.780,0.000,167.785,1.785,0.361,156
12263,12.642,0.781,0.000,169.192,1.794,0.348,156
12264,12.643,0.780,0.000,170.513,1.796,0.291,156
12265,12.641,0.781,0.000,171.771,1.811,0.247,156
12266,12.641,0.781,0.000,172.900,1.811,0.232,156
12267,12.641,0.781,0.000,173.947,1.816,0.172,156
12268,12.640,0.781,0.000,174.943,1.820,0.161,156
12269,12.642,0.780,0.000,175.861,1.812,0.127,156
12270,12.640,0.781,0.000,176.732,1.820,0.087,156
12271,12.641,0.781,0.000,177.536,1.816,0.083,156
12272,12.642,0.780,0.000,178.269,1.811,0.047,156
12273,12.640,0.781,0.000,178.916,1.816,0.058,156
12274,12.642,0.781,0.000,179.508,1.810,0.005,156
12275,12.640,0.781,0.000,-179.947,1.816,0.018,156
12276,12.641,0.781,0.000,-179.437,1.807,-0.019,156
12277,12.639,0.780,0.000,-178.988,1.817,-0.026,156
12278,12.641,0.780,0.000,-178.598,1.808,-0.030,156
12279,12.639,0.780,0.000,-178.270,1.812,-0.061,156
12280,12.639,0.780,0.000,-178.003,1.814,-0.047,156
12281,12.640,0.780,0.000,-177.806,1.808,-0.061,156
12282,12.638,0.780,0.000,-177.699,1.812,-0.076,156
12283,12.638,0.780,0.000,-177.680,1.815,-0.065,156
12284,12.638,0.780,0.000,-177.757,1.812,-0.058,156
12285,12.638,0.780,0.000,-177.969,1.813,-0.061,156
12286,12.638,0.780,0.000,-178.428,1.812,-0.047,156
12287,12.638,0.780,0.000,-178.864,1.810,-0.029,156
12288,12.638,0.780,0.000,-179.002,1.807,-0.023,156
12289,12.638,0.780,0.000,-178.867,1.805,-0.030,156
12290,12.639,0.781,0.000,-178.483,1.802,-0.043,156
12291,12.639,0.781,0.000,-177.870,1.798,-0.062,156
12292,12.639,0.781,0.000,-177.044,1.794,-0.087,156
12293,12.640,0.781,0.000,-176.012,1.789,-0.119,156
12294,12.640,0.781,0.000,-174.773,1.783,-0.158,156
12295,12.641,0.782,0.000,-173.322,1.775,-0.202,156
12296,12.641,0.782,0.000,-171.646,1.766,-0.254,156
12297,12.642,0.782,0.000,-169.735,1.753,-0.312,156
12298,12.642,0.783,0.000,-167.584,1.737,-0.377,156
12299,12.642,0.783,0.000,-165.205,1.717,-0.448,156
12300,12.643,0.783,0.000,-162.637,1.692,-0.523,156
12301,12.643,0.783,0.000,-159.946,1.663,-0.601,156
12302,12.644,0.783,0.000,-157.223,1.630,-0.678,156
12303,12.644,0.784,0.000,-154.564,1.594,-0.752,156
12304,12.645,0.784,0.000,-152.049,1.557,-0.820,156
12305,12.645,0.784,0.000,-149.727,1.520,-0.881,156
12306,12.646,0.784,0.000,-147.614,1.484,-0.935,156
12307,12.646,0.784,0.000,-145.700,1.449,-0.982,156
12308,12.647,0.785,0.000,-143.960,1.416,-1.024,156
12309,12.647,0.785,0.000,-142.369,1.385,-1.060,156
12310,12.648,0.786,0.000,-140.904,1.354,-1.093,156
12311,12.649,0.786,0.000,-139.540,1.325,-1.123,156
12312,12.649,0.787,0.000,-138.253,1.296,-1.150,156
12313,12.650,0.787,0.000,-137.020,1.269,-1.174,156
12314,12.651,0.788,0.000,-135.830,1.241,-1.198,156
12315,12.651,0.788,0.000,-134.688,1.214,-1.219,156
12316,12.652,0.789,0.000,-133.616,1.188,-1.239,156
12317,12.653,0.790,0.000,-132.632,1.164,-1.256,156
12318,12.653,0.790,0.000,-131.739,1.141,-1.271,156
12319,12.654,0.791,0.000,-130.923,1.120,-1.284,156
12320,12.655,0.792,0.000,-130.158,1.100,-1.295,156
12321,12.655,0.793,0.000,-129.415,1.080,-1.305,156
12322,12.656,0.794,0.000,-128.672,1.060,-1.315,156
12323,12.657,0.795,0.000,-127.914,1.039,-1.325,156
12324,12.658,0.796,0.000,-127.136,1.018,-1.335,156
12325,12.658,0.797,0.000,-126.340,0.996,-1.345,156
12326,12.659,0.798,0.000,-125.533,0.974,-1.354,156
12327,12.660,0.799,0.000,-124.720,0.952,-1.364,156
12328,12.661,0.800,0.000,-123.909,0.929,-1.373,156
12329,12.661,0.801,0.000,-123.103,0.907,-1.381,156
12330,12.662,0.802,0.000,-122.303,0.885,-1.389,156
12331,12.663,0.803,0.000,-121.508,0.863,-1.397,156
12332,12.664,0.804,0.000,-120.715,0.840,-1.404,156
12333,12.664,0.805,0.000,-119.920,0.818,-1.410,156
12334,12.665,0.807,0.000,-119.118,0.796,-1.417,156
12335,12.666,0.808,0.000,-118.304,0.773,-1.423,156
12336,12.666,0.809,0.000,-117.474,0.750,-1.430,156
12337,12.667,0.810,0.000,-116.625,0.726,-1.436,156
12338,12.668,0.811,0.000,-115.758,0.702,-1.442,156
12339,12.668,0.813,0.000,-114.870,0.677,-1.448,156
12340,12.669,0.814,0.000,-113.965,0.652,-1.453,156
12341,12.669,0.815,0.000,-113.043,0.627,-1.459,156
12342,12.670,0.816,0.000,-112.107,0.601,-1.464,156
12343,12.670,0.818,0.000,-111.157,0.575,-1.469,156
12344,12.671,0.819,0.000,-110.192,0.548,-1.474,156
12345,12.671,0.820,0.000,-109.211,0.521,-1.479,156
12346,12.672,0.821,0.000,-108.213,0.494,-1.483,156
12347,12.672,0.822,0.000,-107.197,0.466,-1.487,156
12348,12.672,0.823,0.000,-106.162,0.438,-1.491,156
12349,12.673,0.825,0.000,-105.108,0.409,-1.494,156
12350,12.673,0.826,0.000,-104.035,0.380,-1.497,156
12351,12.673,0.827,0.000,-102.944,0.350,-1.500,156
12352,12.674,0.828,0.000,-101.838,0.321,-1.502,156
12353,12.674,0.829,0.000,-100.716,0.290,-1.504,156
12354,12.674,0.830,0.000,-99.586,0.241,-1.509,156
12355,12.674,0.832,0.000,-98.476,0.228,-1.507,156
12356,12.675,0.833,0.000,-97.396,0.187,-1.509,156
12357,12.675,0.834,0.000,-96.349,0.157,-1.510,156
12358,12.675,0.836,0.000,-95.307,0.137,-1.510,156
12359,12.675,0.837,0.000,-94.257,0.109,-1.510,156
12360,12.675,0.838,0.000,-93.202,0.078,-1.510,156
12361,12.675,0.839,0.000,-92.143,0.050,-1.509,156
12362,12.675,0.841,0.000,-91.083,0.023,-1.507,156
12363,12.675,0.842,0.000,-90.021,-0.004,-1.505,156
12364,12.675,0.843,0.000,-88.959,-0.033,-1.503,156
12365,12.675,0.844,0.000,-87.895,-0.061,-1.500,156
12366,12.675,0.846,0.000,-86.827,-0.088,-1.496,156
12367,12.675,0.847,0.000,-85.751,-0.116,-1.492,156
12368,12.675,0.848,0.000,-84.665,-0.144,-1.488,156
12369,12.675,0.849,0.000,-83.565,-0.173,-1.483,156
12370,12.675,0.851,0.000,-82.451,-0.201,-1.477,156
12371,12.675,0.852,0.000,-81.322,-0.230,-1.471,156
12372,12.675,0.853,0.000,-80.179,-0.259,-1.464,156
12373,12.674,0.854,0.000,-79.026,-0.288,-1.456,156
12374,12.674,0.856,0.000,-77.866,-0.317,-1.448,156
12375,12.674,0.857,0.000,-76.706,-0.346,-1.440,156
12376,12.674,0.858,0.000,-75.552,-0.374,-1.430,156
12377,12.673,0.859,0.000,-74.412,-0.402,-1.421,156
12378,12.673,0.861,0.000,-73.294,-0.429,-1.410,156
12379,12.673,0.862,0.000,-72.208,-0.455,-1.400,156
12380,12.672,0.863,0.000,-71.162,-0.480,-1.389,156
12381,12.672,0.864,0.000,-70.164,-0.503,-1.379,156
12382,12.671,0.866,0.000,-69.220,-0.525,-1.368,156
12383,12.671,0.867,0.000,-68.333,-0.545,-1.358,156
12384,12.670,0.868,0.000,-67.503,-0.564,-1.348,156
12385,12.670,0.869,0.000,-66.728,-0.582,-1.338,156
12386,12.669,0.870,0.000,-66.005,-0.598,-1.329,156
12387,12.669,0.871,0.000,-65.330,-0.612,-1.320,156
12388,12.668,0.873,0.000,-64.700,-0.626,-1.311,156
12389,12.668,0.874,0.000,-64.112,-0.638,-1.303,156
12390,12.667,0.875,0.000,-63.571,-0.650,-1.295,156
12391,12.666,0.876,0.000,-63.080,-0.660,-1.287,156
12392,12.666,0.877,0.000,-62.642,-0.669,-1.281,156
12393,12.665,0.878,0.000,-62.254,-0.677,-1.274,156
12394,12.665,0.879,0.000,-61.912,-0.683,-1.269,156
12395,12.664,0.880,0.000,-61.608,-0.689,-1.263,156
12396,12.664,0.881,0.000,-61.337,-0.694,-1.258,156
12397,12.663,0.882,0.000,-61.092,-0.699,-1.254,156
12398,12.662,0.883,0.000,-60.868,-0.703,-1.249,156
12399,12.662,0.884,0.000,-60.660,-0.706,-1.245,156
12400,12.661,0.885,0.000,-60.467,-0.710,-1.241,156
12401,12.661,0.887,0.000,-60.285,-0.713,-1.237,156
12402,12.660,0.888,0.000,-60.113,-0.715,-1.234,156
12403,12.659,0.889,0.000,-59.947,-0.718,-1.230,156
12404,12.659,0.890,0.000,-59.787,-0.721,-1.227,156
12405,12.658,0.891,0.000,-59.628,-0.723,-1.223,156
12406,12.658,0.892,0.000,-59.463,-0.726,-1.220,156
12407,12.657,0.893,0.000,-59.289,-0.729,-1.216,156
12408,12.656,0.894,0.000,-59.100,-0.732,-1.212,156
12409,12.656,0.895,0.000,-58.895,-0.735,-1.208,156
12410,12.655,0.896,0.000,-58.674,-0.739,-1.204,156
12411,12.655,0.897,0.000,-58.437,-0.743,-1.199,156
12412,12.654,0.898,0.000,-58.186,-0.747,-1.194,156
12413,12.653,0.899,0.000,-57.923,-0.752,-1.190,156
12414,12.653,0.900,0.000,-57.650,-0.757,-1.185,156
12415,12.652,0.901,0.000,-57.366,-0.762,-1.179,156
12416,12.652,0.902,0.000,-57.071,-0.767,-1.174,156
12417,12.651,0.903,0.000,-56.764,-0.772,-1.169,156
12418,12.650,0.903,0.000,-56.444,-0.778,-1.163,156
12419,12.650,0.904,0.000,-56.109,-0.784,-1.157,156
12420,12.649,0.905,0.000,-55.758,-0.790,-1.151,156
12421,12.648,0.906,0.000,-55.391,-0.797,-1.145,156
12422,12.648,0.907,0.000,-55.006,-0.804,-1.138,156
12423,12.647,0.908,0.000,-54.603,-0.811,-1.132,156
12424,12.647,0.909,0.000,-54.183,-0.818,-1.124,156
12425,12.646,0.910,0.000,-53.745,-0.826,-1.117,156
12426,12.645,0.911,0.000,-53.288,-0.834,-1.109,156
12427,12.645,0.912,0.000,-52.812,-0.843,-1.101,156
12428,12.644,0.912,0.000,-52.316,-0.851,-1.093,156
12429,12.643,0.913,0.000,-51.799,-0.860,-1.084,156
12430,12.643,0.914,0.000,-51.261,-0.870,-1.075,156
12431,12.642,0.915,0.000,-50.699,-0.880,-1.066,156
12432,12.641,0.916,0.000,-50.115,-0.890,-1.056,156
12433,12.641,0.917,0.000,-49.507,-0.900,-1.046,156
12434,12.640,0.917,0.000,-48.878,-0.911,-1.035,156
12435,12.639,0.918,0.000,-48.227,-0.922,-1.024,156
12436,12.639,0.919,0.000,-47.557,-0.933,-1.012,156
12437,12.638,0.920,0.000,-46.867,-0.945,-1.000,156
12438,12.637,0.920,0.000,-46.159,-0.956,-0.988,156
12439,12.637,0.921,0.000,-45.432,-0.968,-0.975,156
12440,12.636,0.922,0.000,-44.688,-0.980,-0.962,156
12441,12.635,0.922,0.000,-43.926,-0.993,-0.948,156
12442,12.635,0.923,0.000,-43.148,-1.005,-0.934,156
12443,12.634,0.924,0.000,-42.352,-1.017,-0.920,156
12444,12.633,0.924,0.000,-41.538,-1.030,-0.905,156
12445,12.633,0.925,0.000,-40.707,-1.043,-0.890,156
12446,12.632,0.925,0.000,-39.856,-1.055,-0.874,156
12447,12.631,0.926,0.000,-38.985,-1.068,-0.857,156
12448,12.631,0.927,0.000,-38.107,-1.081,-0.841,156
12449,12.630,0.927,0.000,-37.253,-1.093,-0.824,156
12450,12.629,0.928,0.000,-36.432,-1.105,-0.809,156
12451,12.629,0.928,0.000,-35.643,-1.116,-0.793,156
12452,12.628,0.928,0.000,-34.884,-1.126,-0.778,156
12453,12.627,0.929,0.000,-34.156,-1.136,-0.764,156
12454,12.627,0.929,0.000,-33.455,-1.146,-0.750,156
12455,12.626,0.930,0.000,-32.773,-1.155,-0.737,156
12456,12.626,0.930,0.000,-32.105,-1.164,-0.724,156
12457,12.625,0.930,0.000,-31.441,-1.172,-0.710,156
12458,12.625,0.931,0.000,-30.764,-1.181,-0.697,156
12459,12.624,0.931,0.000,-30.050,-1.190,-0.682,156
12460,12.623,0.931,0.000,-29.284,-1.200,-0.667,156
12461,12.623,0.932,0.000,-28.461,-1.210,-0.650,156
12462,12.622,0.932,0.000,-27.583,-1.221,-0.632,156
12463,12.622,0.932,0.000,-26.652,-1.232,-0.612,156
12464,12.621,0.932,0.000,-25.667,-1.243,-0.591,156
12465,12.621,0.933,0.000,-24.622,-1.255,-0.569,156
12466,12.620,0.933,0.000,-23.508,-1.266,-0.545,156
12467,12.620,0.933,0.000,-22.317,-1.278,-0.519,156
12468,12.619,0.933,0.000,-21.040,-1.291,-0.491,156
12469,12.619,0.933,0.000,-19.674,-1.303,-0.460,156
12470,12.618,0.934,0.000,-18.222,-1.315,-0.427,156
12471,12.617,0.934,0.000,-16.695,-1.326,-0.392,156
12472,12.617,0.934,0.000,-15.106,-1.337,-0.355,156
12473,12.616,0.934,0.000,-13.469,-1.348,-0.317,156
12474,12.615,0.934,0.000,-11.796,-1.357,-0.278,156
12475,12.615,0.934,0.000,-10.098,-1.365,-0.238,156
12476,12.614,0.934,0.000,-8.384,-1.372,-0.197,156
12477,12.613,0.934,0.000,-6.662,-1.377,-0.155,156
12478,12.612,0.935,0.000,-4.938,-1.382,-0.114,156
12479,12.612,0.935,0.000,-3.219,-1.385,-0.072,156
12480,12.611,0.935,0.000,-1.508,-1.387,-0.031,156
12481,12.610,0.935,0.000,0.192,-1.387,0.010,156
12482,12.609,0.935,0.000,1.881,-1.387,0.051,156
12483,12.609,0.935,0.000,3.558,-1.385,0.092,156
12484,12.608,0.935,0.000,5.222,-1.382,0.132,156
12485,12.607,0.935,0.000,6.873,-1.377,0.171,156
12486,12.606,0.934,0.000,8.515,-1.372,0.211,156
12487,12.605,0.934,0.000,10.153,-1.366,0.250,156
12488,12.605,0.934,0.000,11.796,-1.358,0.289,156
12489,12.604,0.934,0.000,13.445,-1.355,0.307,156
12490,12.604,0.934,0.000,15.109,-1.344,0.364,156
12491,12.603,0.934,0.000,16.771,-1.330,0.412,156
12492,12.602,0.934,0.000,18.419,-1.319,0.446,156
12493,12.602,0.933,0.000,20.106,-1.307,0.482,156
12494,12.601,0.933,0.000,21.827,-1.292,0.522,156
12495,12.600,0.933,0.000,23.576,-1.275,0.563,156
12496,12.599,0.933,0.000,25.346,-1.259,0.598,156
12497,12.600,0.933,0.000,27.111,-1.245,0.637,156
12498,12.599,0.932,0.000,28.907,-1.230,0.667,156
12499,12.599,0.932,0.000,30.695,-1.207,0.709,156
12500,12.598,0.932,0.000,32.506,-1.183,0.750,156
12501,12.598,0.932,0.000,34.346,-1.160,0.787,156
12502,12.597,0.932,0.000,36.199,-1.136,0.824,156
12503,12.597,0.931,0.000,38.041,-1.105,0.867,156
12504,12.596,0.931,0.000,39.860,-1.077,0.901,156
12505,12.596,0.930,0.000,41.705,-1.042,0.942,156
12506,12.595,0.930,0.000,43.347,-1.016,0.969,156
12507,12.595,0.929,0.000,44.764,-0.994,0.991,156
12508,12.594,0.929,0.000,45.981,-0.973,1.013,156
12509,12.594,0.928,0.000,47.039,-0.953,1.032,156
12510,12.593,0.928,0.000,47.975,-0.937,1.048,156
12511,12.593,0.927,0.000,48.811,-0.922,1.061,156
12512,12.593,0.927,0.000,49.567,-0.908,1.074,156
12513,12.592,0.927,0.000,50.259,-0.896,1.086,156
12514,12.592,0.926,0.000,50.833,-0.885,1.095,156
12515,12.592,0.926,0.000,51.170,-0.879,1.101,156
12516,12.591,0.925,0.000,51.247,-0.878,1.102,156
12517,12.591,0.925,0.000,51.116,-0.881,1.101,156
12518,12.590,0.924,0.000,50.863,-0.886,1.097,156
12519,12.590,0.924,0.000,50.574,-0.892,1.094,156
12520,12.590,0.924,0.000,50.313,-0.898,1.090,156
12521,12.590,0.923,0.000,50.114,-0.902,1.088,156
12522,12.589,0.923,0.000,49.984,-0.905,1.086,156
12523,12.589,0.923,0.000,49.910,-0.907,1.086,156
12524,12.589,0.922,0.000,49.872,-0.908,1.086,156
12525,12.588,0.922,0.000,49.850,-0.909,1.086,156
12526,12.588,0.921,0.000,49.832,-0.910,1.086,156
12527,12.587,0.921,0.000,49.813,-0.911,1.086,156
12528,12.587,0.920,0.000,49.793,-0.911,1.086,156
12529,12.587,0.920,0.000,49.773,-0.912,1.086,156
12530,12.586,0.919,0.000,49.756,-0.913,1.087,156
12531,12.586,0.919,0.000,49.746,-0.913,1.087,156
12532,12.586,0.919,0.000,49.752,-0.914,1.088,156
12533,12.585,0.918,0.000,49.777,-0.914,1.089,156
12534,12.585,0.918,0.000,49.827,-0.913,1.090,156
12535,12.585,0.917,0.000,49.904,-0.913,1.092,156
12536,12.584,0.917,0.000,50.009,-0.911,1.094,156
12537,12.584,0.917,0.000,50.141,-0.909,1.097,156
12538,12.584,0.916,0.000,50.301,-0.907,1.101,156
12539,12.583,0.916,0.000,50.486,-0.904,1.105,156
12540,12.583,0.916,0.000,50.695,-0.901,1.109,156
12541,12.583,0.915,0.000,50.928,-0.897,1.114,156
12542,12.583,0.915,0.000,51.176,-0.893,1.118,156
12543,12.582,0.915,0.000,51.417,-0.889,1.123,156
12544,12.582,0.914,0.000,51.636,-0.904,1.113,156
12545,12.582,0.914,0.000,51.819,-0.887,1.129,156
12546,12.582,0.914,0.000,52.011,-0.887,1.132,156
12547,12.581,0.913,0.000,52.273,-0.888,1.135,156
12548,12.581,0.913,0.000,52.531,-0.883,1.141,156
12549,12.581,0.913,0.000,52.788,-0.878,1.149,156
12550,12.581,0.913,0.000,53.081,-0.874,1.155,156
12551,12.581,0.913,0.000,53.446,-0.869,1.162,156
12552,12.580,0.912,0.000,53.882,-0.862,1.171,156
12553,12.580,0.912,0.000,54.344,-0.853,1.180,156
12554,12.580,0.912,0.000,54.781,-0.846,1.189,156
12555,12.580,0.912,0.000,55.164,-0.840,1.197,156
12556,12.580,0.912,0.000,55.495,-0.835,1.204,156
12557,12.580,0.911,0.000,55.799,-0.830,1.211,156
12558,12.580,0.911,0.000,56.107,-0.825,1.218,156
12559,12.579,0.911,0.000,56.447,-0.819,1.225,156
12560,12.579,0.911,0.000,56.835,-0.812,1.233,156
12561,12.579,0.910,0.000,57.274,-0.804,1.241,156
12562,12.579,0.910,0.000,57.770,-0.795,1.251,156
12563,12.579,0.910,0.000,58.352,-0.784,1.261,156
12564,12.579,0.910,0.000,59.027,-0.770,1.272,156
12565,12.579,0.910,0.000,59.745,-0.756,1.285,156
12566,12.578,0.909,0.000,60.459,-0.741,1.296,156
12567,12.578,0.909,0.000,61.194,-0.726,1.308,156
12568,12.578,0.909,0.000,62.013,-0.708,1.321,156
12569,12.578,0.909,0.000,62.921,-0.689,1.335,156
12570,12.578,0.909,0.000,63.843,-0.668,1.349,156
12571,12.578,0.909,0.000,64.716,-0.649,1.361,156
12572,12.578,0.909,0.000,65.549,-0.631,1.374,156
12573,12.578,0.908,0.000,66.414,-0.611,1.386,156
12574,12.578,0.908,0.000,67.353,-0.589,1.398,156
12575,12.577,0.908,0.000,68.358,-0.566,1.411,156
12576,12.577,0.908,0.000,69.400,-0.541,1.424,156
12577,12.577,0.908,0.000,70.455,-0.516,1.437,156
12578,12.577,0.908,0.000,71.510,-0.475,1.454,156
12579,12.577,0.908,0.000,72.542,-0.462,1.462,156
12580,12.577,0.907,0.000,73.544,-0.425,1.476,156
12581,12.577,0.907,0.000,74.537,-0.403,1.485,156
12582,12.577,0.907,0.000,75.531,-0.382,1.493,156
12583,12.577,0.907,0.000,76.534,-0.355,1.502,156
12584,12.577,0.907,0.000,77.452,-0.330,1.510,156
12585,12.577,0.906,0.000,78.194,-0.311,1.517,156
12586,12.577,0.906,0.000,78.806,-0.298,1.522,156
12587,12.577,0.907,0.000,79.370,-0.296,1.527,156
12588,12.577,0.906,0.000,79.941,-0.283,1.532,156
12589,12.577,0.906,0.000,80.494,-0.259,1.540,156
12590,12.577,0.906,0.000,80.989,-0.250,1.546,156
12591,12.577,0.906,0.000,81.321,-0.244,1.551,156
12592,12.577,0.906,0.000,81.406,-0.241,1.555,156
12593,12.577,0.906,0.000,81.265,-0.244,1.557,156
12594,12.578,0.906,0.000,80.926,-0.254,1.559,156
12595,12.578,0.906,0.000,80.419,-0.269,1.559,156
12596,12.578,0.905,0.000,79.781,-0.287,1.559,156
12597,12.578,0.905,0.000,79.043,-0.307,1.557,156
12598,12.578,0.905,0.000,78.235,-0.329,1.555,156
12599,12.578,0.904,0.000,77.382,-0.353,1.552,156
12600,12.578,0.904,0.000,76.504,-0.377,1.548,156
12601,12.578,0.903,0.000,75.619,-0.402,1.544,156
12602,12.577,0.903,0.000,74.748,-0.426,1.540,156
12603,12.577,0.902,0.000,73.912,-0.449,1.535,156
12604,12.577,0.902,0.000,73.137,-0.470,1.531,156
12605,12.577,0.902,0.000,72.452,-0.489,1.527,156
12606,12.577,0.901,0.000,71.886,-0.504,1.524,156
12607,12.577,0.901,0.000,71.466,-0.516,1.522,156
12608,12.576,0.900,0.000,71.209,-0.523,1.521,156
12609,12.576,0.900,0.000,71.114,-0.527,1.522,156
12610,12.576,0.900,0.000,71.165,-0.526,1.525,156
12611,12.576,0.899,0.000,71.336,-0.522,1.528,156
12612,12.576,0.899,0.000,71.593,-0.516,1.533,156
12613,12.575,0.899,0.000,71.904,-0.508,1.538,156
12614,12.575,0.899,0.000,72.243,-0.500,1.544,156
12615,12.575,0.898,0.000,72.587,-0.492,1.550,156
12616,12.575,0.898,0.000,72.920,-0.484,1.555,156
12617,12.575,0.898,0.000,73.226,-0.476,1.561,156
12618,12.575,0.898,0.000,73.494,-0.456,1.570,156
12619,12.575,0.898,0.000,73.744,-0.460,1.573,156
12620,12.575,0.898,0.000,73.949,-0.441,1.582,156
12621,12.575,0.898,0.000,74.169,-0.445,1.585,156
12622,12.575,0.897,0.000,74.286,-0.444,1.588,156
12623,12.575,0.897,0.000,74.255,-0.443,1.592,156
12624,12.574,0.897,0.000,74.123,-0.450,1.593,156
12625,12.575,0.897,0.000,73.962,-0.468,1.593,156
12626,12.575,0.897,0.000,73.763,-0.474,1.595,156
12627,12.574,0.897,0.000,73.568,-0.473,1.600,156
12628,12.575,0.897,0.000,73.373,-0.486,1.600,156
12629,12.575,0.897,0.000,73.183,-0.493,1.602,156
12630,12.575,0.897,0.000,72.998,-0.495,1.605,156
12631,12.575,0.897,0.000,72.818,-0.502,1.606,156
12632,12.575,0.897,0.000,72.642,-0.509,1.606,156
12633,12.575,0.897,0.000,72.480,-0.513,1.607,156
12634,12.575,0.897,0.000,72.362,-0.517,1.609,156
12635,12.575,0.897,0.000,72.280,-0.520,1.610,156
12636,12.575,0.898,0.000,72.216,-0.502,1.621,156
12637,12.575,0.898,0.000,72.145,-0.527,1.617,156
12638,12.575,0.898,0.000,72.098,-0.517,1.623,156
12639,12.575,0.898,0.000,72.065,-0.516,1.625,156
12640,12.575,0.898,0.000,71.846,-0.527,1.624,156
12641,12.575,0.898,0.000,71.389,-0.542,1.622,156
12642,12.575,0.898,0.000,71.065,-0.551,1.622,156
12643,12.574,0.898,0.000,70.422,-0.569,1.618,156
12644,12.575,0.899,0.000,69.423,-0.599,1.611,156
12645,12.575,0.899,0.000,68.764,-0.619,1.607,156
12646,12.575,0.899,0.000,68.356,-0.632,1.605,156
12647,12.575,0.899,0.000,67.601,-0.654,1.600,156
12648,12.575,0.899,0.000,66.493,-0.686,1.590,156
12649,12.575,0.899,0.000,65.825,-0.706,1.585,156
12650,12.575,0.900,0.000,65.459,-0.717,1.584,156
12651,12.575,0.900,0.000,65.255,-0.735,1.579,156
12652,12.576,0.900,0.000,65.018,-0.735,1.583,156
12653,12.576,0.900,0.000,64.769,-0.757,1.575,156
12654,12.575,0.900,0.000,64.529,-0.756,1.578,156
12655,12.575,0.900,0.000,64.366,-0.760,1.580,156
12656,12.576,0.900,0.000,63.978,-0.777,1.580,156
12657,12.576,0.900,0.000,63.497,-0.795,1.575,156
12658,12.576,0.900,0.000,63.095,-0.788,1.582,156
12659,12.576,0.900,0.000,62.731,-0.805,1.576,156
12660,12.576,0.900,0.000,62.474,-0.819,1.572,156
12661,12.575,0.899,0.000,62.045,-0.826,1.567,156
12662,12.575,0.900,0.000,61.503,-0.841,1.562,156
12663,12.575,0.900,0.000,60.972,-0.858,1.557,156
12664,12.575,0.899,0.000,60.881,-0.860,1.554,156
12665,12.575,0.898,0.000,61.824,-0.833,1.565,156
12666,12.575,0.897,0.000,63.820,-0.777,1.593,156
12667,12.575,0.897,0.000,66.815,-0.694,1.633,156
12668,12.576,0.897,0.000,70.669,-0.583,1.678,156
12669,12.576,0.897,0.000,75.008,-0.455,1.720,156
12670,12.576,0.898,0.000,79.452,-0.337,1.751,156
12671,12.576,0.898,0.000,83.810,-0.203,1.775,156
12672,12.576,0.899,0.000,88.135,-0.062,1.790,156
12673,12.576,0.899,0.000,92.425,0.073,1.794,156
12674,12.576,0.900,0.000,96.675,0.204,1.790,156
12675,12.576,0.901,0.000,100.882,0.335,1.775,156
12676,12.575,0.902,0.000,105.039,0.465,1.751,156
12677,12.575,0.903,0.000,109.129,0.591,1.719,156
12678,12.575,0.903,0.000,113.126,0.711,1.679,156
12679,12.574,0.904,0.000,117.003,0.826,1.633,156
12680,12.574,0.905,0.000,120.740,0.934,1.581,156
12681,12.573,0.906,0.000,124.328,1.035,1.525,156
12682,12.572,0.907,0.000,127.767,1.129,1.465,156
12683,12.572,0.907,0.000,131.066,1.215,1.403,156
12684,12.571,0.908,0.000,134.236,1.296,1.338,156
12685,12.570,0.909,0.000,137.287,1.370,1.272,156
12686,12.570,0.909,0.000,140.258,1.447,1.192,156
12687,12.569,0.910,0.000,143.238,1.513,1.117,156
12688,12.569,0.910,0.000,146.098,1.567,1.049,156
12689,12.568,0.910,0.000,148.792,1.619,0.977,156
12690,12.568,0.910,0.000,151.354,1.667,0.904,156
12691,12.567,0.910,0.000,153.797,1.710,0.834,156
12692,12.567,0.911,0.000,156.135,1.747,0.767,156
12693,12.566,0.911,0.000,158.377,1.781,0.700,156
12694,12.566,0.911,0.000,160.531,1.812,0.635,156
12695,12.565,0.911,0.000,162.621,1.833,0.591,156
12696,12.564,0.911,0.000,164.673,1.863,0.515,156
12697,12.563,0.912,0.000,166.692,1.889,0.447,156
12698,12.562,0.912,0.000,168.673,1.909,0.388,156
12699,12.561,0.912,0.000,170.576,1.928,0.328,156
12700,12.560,0.912,0.000,172.417,1.945,0.264,156
12701,12.559,0.912,0.000,174.206,1.959,0.203,156
12702,12.558,0.912,0.000,175.951,1.971,0.145,156
12703,12.557,0.912,0.000,177.660,1.982,0.087,156
12704,12.557,0.912,0.000,179.336,1.990,0.029,156
12705,12.556,0.912,0.000,-179.020,1.997,-0.029,156
12706,12.555,0.912,0.000,-177.406,2.001,-0.085,156
12707,12.554,0.912,0.000,-175.827,2.005,-0.141,156
12708,12.554,0.912,0.000,-174.289,2.006,-0.195,156
12709,12.553,0.912,0.000,-172.800,2.007,-0.248,156
12710,12.552,0.912,0.000,-171.374,2.006,-0.299,156
12711,12.552,0.912,0.000,-170.029,2.004,-0.347,156
12712,12.551,0.911,0.000,-168.781,2.001,-0.391,156
12713,12.551,0.911,0.000,-167.652,1.999,-0.432,156
12714,12.550,0.911,0.000,-166.662,1.996,-0.468,156
12715,12.550,0.911,0.000,-165.832,1.995,-0.498,156
12716,12.549,0.910,0.000,-165.187,1.994,-0.522,156
12717,12.549,0.910,0.000,-164.759,1.995,-0.538,156
12718,12.549,0.910,0.000,-164.591,1.998,-0.545,156
12719,12.548,0.909,0.000,-164.741,2.004,-0.541,156
12720,12.548,0.909,0.000,-165.279,2.014,-0.523,156
12721,12.548,0.909,0.000,-166.270,2.028,-0.490,156
12722,12.548,0.908,0.000,-167.753,2.044,-0.438,156
12723,12.548,0.908,0.000,-169.702,2.062,-0.369,156
12724,12.548,0.907,0.000,-172.039,2.080,-0.285,156
12725,12.548,0.907,0.000,-174.654,2.095,-0.191,156
12726,12.548,0.907,0.000,-177.446,2.105,-0.088,156
12727,12.548,0.907,0.000,179.650,2.111,0.018,156
12728,12.548,0.907,0.000,176.659,2.111,0.129,156
12729,12.548,0.907,0.000,173.561,2.105,0.243,156
12730,12.548,0.908,0.000,170.301,2.092,0.363,156
12731,12.548,0.908,0.000,166.806,2.070,0.491,156
12732,12.548,0.908,0.000,163.012,2.037,0.628,156
12733,12.548,0.909,0.000,158.895,1.991,0.774,156
12734,12.548,0.909,0.000,154.489,1.930,0.927,156
12735,12.548,0.909,0.000,149.888,1.853,1.081,156
12736,12.548,0.909,0.000,145.217,1.762,1.230,156
12737,12.548,0.909,0.000,140.588,1.661,1.371,156
12738,12.548,0.909,0.000,136.077,1.551,1.501,156
12739,12.548,0.909,0.000,131.719,1.435,1.618,156
12740,12.548,0.909,0.000,127.525,1.316,1.722,156
12741,12.548,0.910,0.000,123.493,1.195,1.815,156
12742,12.548,0.910,0.000,119.620,1.072,1.896,156
12743,12.548,0.910,0.000,115.900,0.949,1.967,156
12744,12.548,0.911,0.000,112.329,0.827,2.027,156
12745,12.548,0.911,0.000,108.900,0.706,2.079,156
12746,12.548,0.911,0.000,105.608,0.588,2.122,156
12747,12.548,0.912,0.000,102.445,0.471,2.158,156
12748,12.548,0.912,0.000,99.401,0.357,2.186,156
12749,12.548,0.913,0.000,96.465,0.245,2.208,156
12750,12.548,0.914,0.000,93.624,0.136,2.224,156
12751,12.548,0.914,0.000,90.867,0.028,2.222,156
12752,12.548,0.915,0.000,88.192,-0.075,2.214,156
12753,12.548,0.915,0.000,85.611,-0.174,2.201,156
12754,12.548,0.916,0.000,83.160,-0.268,2.184,156
12755,12.548,0.916,0.000,80.897,-0.352,2.164,156
12756,12.547,0.916,0.000,78.899,-0.426,2.143,156
12757,12.547,0.917,0.000,77.247,-0.486,2.122,156
12758,12.547,0.917,0.000,76.014,-0.530,2.103,156
12759,12.547,0.917,0.000,75.251,-0.556,2.088,156
12760,12.546,0.918,0.000,74.985,-0.563,2.078,156
12761,12.546,0.918,0.000,75.217,-0.553,2.072,156
12762,12.546,0.918,0.000,75.923,-0.525,2.071,156
12763,12.545,0.919,0.000,77.058,-0.482,2.074,156
12764,12.545,0.919,0.000,78.567,-0.426,2.079,156
12765,12.545,0.919,0.000,80.385,-0.359,2.084,156
12766,12.545,0.920,0.000,82.448,-0.283,2.089,156
12767,12.544,0.920,0.000,84.692,-0.200,2.092,156
12768,12.544,0.921,0.000,87.060,-0.113,2.092,156
12769,12.544,0.921,0.000,89.501,-0.003,2.088,156
12770,12.544,0.921,0.000,91.948,0.073,2.081,156
12771,12.544,0.922,0.000,94.413,0.160,2.070,156
12772,12.544,0.922,0.000,96.944,0.257,2.054,156
12773,12.544,0.922,0.000,99.652,0.354,2.033,156
12774,12.543,0.922,0.000,102.603,0.454,2.007,156
12775,12.543,0.922,0.000,105.858,0.565,1.973,156
12776,12.542,0.922,0.000,109.449,0.687,1.928,156
12777,12.542,0.923,0.000,113.362,0.815,1.872,156
12778,12.542,0.923,0.000,117.524,0.946,1.803,156
12779,12.542,0.923,0.000,121.823,1.075,1.722,156
12780,12.542,0.923,0.000,126.139,1.199,1.632,156
12781,12.541,0.923,0.000,130.378,1.313,1.535,156
12782,12.541,0.923,0.000,134.489,1.416,1.433,156
12783,12.541,0.923,0.000,138.454,1.508,1.329,156
12784,12.541,0.923,0.000,142.273,1.590,1.223,156
12785,12.540,0.924,0.000,145.956,1.662,1.116,156
12786,12.540,0.924,0.000,149.513,1.724,1.009,156
12787,12.540,0.924,0.000,152.954,1.778,0.902,156
12788,12.539,0.924,0.000,156.287,1.825,0.795,156
12789,12.539,0.924,0.000,159.522,1.864,0.690,156
12790,12.539,0.924,0.000,162.666,1.896,0.586,156
12791,12.538,0.924,0.000,165.730,1.921,0.483,156
12792,12.538,0.924,0.000,168.722,1.941,0.381,156
12793,12.537,0.924,0.000,171.653,1.955,0.281,156
12794,12.537,0.924,0.000,174.532,1.963,0.182,156
12795,12.537,0.924,0.000,177.367,1.966,0.085,156
12796,12.536,0.924,0.000,-179.836,1.965,-0.011,156
12797,12.536,0.924,0.000,-177.076,1.959,-0.105,156
12798,12.536,0.924,0.000,-174.351,1.948,-0.198,156
12799,12.536,0.924,0.000,-171.663,1.933,-0.289,156
12800,12.536,0.924,0.000,-169.010,1.914,-0.377,156
12801,12.536,0.924,0.000,-166.383,1.891,-0.463,156
12802,12.536,0.924,0.000,-163.759,1.864,-0.548,156
12803,12.536,0.924,0.000,-161.094,1.833,-0.633,156
12804,12.536,0.924,0.000,-158.312,1.796,-0.720,156
12805,12.536,0.923,0.000,-155.298,1.753,-0.812,156
12806,12.536,0.924,0.000,-152.560,1.707,-0.893,156
12807,12.536,0.924,0.000,-150.887,1.675,-0.939,156
12808,12.537,0.925,0.000,-150.096,1.657,-0.959,156
12809,12.537,0.925,0.000,-149.772,1.648,-0.966,156
12810,12.537,0.925,0.000,-149.646,1.643,-0.968,156
12811,12.537,0.925,0.000,-149.600,1.639,-0.967,156
12812,12.537,0.925,0.000,-149.582,1.635,-0.966,156
12813,12.537,0.925,0.000,-149.576,1.632,-0.965,156
12814,12.537,0.925,0.000,-149.390,1.627,-0.968,156
12815,12.537,0.925,0.000,-148.740,1.613,-0.985,156
12816,12.537,0.925,0.000,-147.685,1.591,-1.013,156
12817,12.537,0.925,0.000,-146.342,1.564,-1.048,156
12818,12.538,0.925,0.000,-144.839,1.532,-1.086,156
12819,12.538,0.925,0.000,-143.286,1.499,-1.124,156
12820,12.538,0.925,0.000,-141.762,1.465,-1.161,156
12821,12.539,0.926,0.000,-140.318,1.431,-1.194,156
12822,12.539,0.926,0.000,-138.973,1.399,-1.224,156
12823,12.539,0.926,0.000,-137.726,1.369,-1.251,156
12824,12.540,0.927,0.000,-136.559,1.339,-1.276,156
12825,12.540,0.927,0.000,-135.444,1.311,-1.298,156
12826,12.541,0.927,0.000,-134.350,1.283,-1.320,156
12827,12.541,0.928,0.000,-133.252,1.254,-1.340,156
12828,12.541,0.928,0.000,-132.135,1.224,-1.361,156
12829,12.542,0.929,0.000,-130.997,1.194,-1.382,156
12830,12.542,0.929,0.000,-129.844,1.163,-1.402,156
12831,12.543,0.930,0.000,-128.682,1.131,-1.421,156
12832,12.543,0.930,0.000,-127.506,1.099,-1.440,156
12833,12.543,0.931,0.000,-126.301,1.066,-1.459,156
12834,12.544,0.931,0.000,-125.058,1.031,-1.478,156
12835,12.544,0.932,0.000,-123.769,0.995,-1.497,156
12836,12.544,0.932,0.000,-122.433,0.957,-1.516,156
12837,12.545,0.933,0.000,-121.048,0.918,-1.535,156
12838,12.545,0.933,0.000,-119.611,0.877,-1.553,156
12839,12.545,0.934,0.000,-118.123,0.834,-1.572,156
12840,12.546,0.934,0.000,-116.585,0.790,-1.590,156
12841,12.546,0.935,0.000,-114.999,0.744,-1.607,156
12842,12.546,0.935,0.000,-113.370,0.696,-1.624,156
12843,12.546,0.936,0.000,-111.701,0.647,-1.640,156
12844,12.547,0.937,0.000,-109.994,0.596,-1.654,156
12845,12.547,0.937,0.000,-108.255,0.545,-1.668,156
12846,12.547,0.938,0.000,-106.489,0.492,-1.680,156
12847,12.547,0.938,0.000,-104.704,0.438,-1.691,156
12848,12.547,0.939,0.000,-102.912,0.384,-1.700,156
12849,12.547,0.940,0.000,-101.122,0.330,-1.708,156
12850,12.548,0.940,0.000,-99.339,0.276,-1.714,156
12851,12.548,0.941,0.000,-97.566,0.223,-1.718,156
12852,12.548,0.941,0.000,-95.803,0.169,-1.720,156
12853,12.548,0.942,0.000,-94.053,0.117,-1.721,156
12854,12.548,0.943,0.000,-92.316,0.064,-1.720,156
12855,12.548,0.943,0.000,-90.596,0.012,-1.718,156
12856,12.548,0.944,0.000,-88.896,-0.038,-1.714,156
12857,12.548,0.945,0.000,-87.218,-0.088,-1.709,156
12858,12.548,0.945,0.000,-85.566,-0.137,-1.702,156
12859,12.548,0.946,0.000,-83.940,-0.185,-1.694,156
12860,12.548,0.947,0.000,-82.340,-0.232,-1.685,156
12861,12.548,0.947,0.000,-80.764,-0.278,-1.674,156
12862,12.548,0.948,0.000,-79.212,-0.322,-1.663,156
12863,12.547,0.949,0.000,-77.683,-0.366,-1.650,156
12864,12.547,0.949,0.000,-76.178,-0.408,-1.637,156
12865,12.547,0.950,0.000,-74.698,-0.450,-1.622,156
12866,12.547,0.951,0.000,-73.246,-0.490,-1.607,156
12867,12.547,0.951,0.000,-71.824,-0.528,-1.591,156
12868,12.546,0.952,0.000,-70.432,-0.566,-1.575,156
12869,12.546,0.953,0.000,-69.073,-0.602,-1.558,156
12870,12.546,0.953,0.000,-67.747,-0.636,-1.541,156
12871,12.546,0.954,0.000,-66.454,-0.670,-1.523,156
12872,12.545,0.955,0.000,-65.194,-0.702,-1.505,156
12873,12.545,0.955,0.000,-63.966,-0.732,-1.486,156
12874,12.545,0.956,0.000,-62.767,-0.762,-1.468,156
12875,12.544,0.957,0.000,-61.589,-0.790,-1.449,156
12876,12.544,0.958,0.000,-60.428,-0.818,-1.430,156
12877,12.544,0.958,0.000,-59.274,-0.845,-1.410,156
12878,12.543,0.959,0.000,-58.117,-0.871,-1.390,156
12879,12.543,0.960,0.000,-56.949,-0.898,-1.369,156
12880,12.542,0.960,0.000,-55.761,-0.924,-1.348,156
12881,12.542,0.961,0.000,-54.547,-0.951,-1.326,156
12882,12.542,0.961,0.000,-53.303,-0.977,-1.302,156
12883,12.541,0.962,0.000,-52.031,-1.004,-1.278,156
12884,12.541,0.963,0.000,-50.735,-1.031,-1.252,156
12885,12.540,0.963,0.000,-49.420,-1.057,-1.226,156
12886,12.540,0.964,0.000,-48.092,-1.084,-1.199,156
12887,12.539,0.965,0.000,-46.753,-1.109,-1.171,156
12888,12.539,0.965,0.000,-45.404,-1.134,-1.143,156
12889,12.538,0.966,0.000,-44.047,-1.159,-1.113,156
12890,12.537,0.966,0.000,-42.679,-1.183,-1.083,156
12891,12.537,0.967,0.000,-41.299,-1.207,-1.053,156
12892,12.536,0.967,0.000,-39.904,-1.230,-1.021,156
12893,12.536,0.968,0.000,-38.491,-1.253,-0.989,156
12894,12.535,0.968,0.000,-37.058,-1.275,-0.956,156
12895,12.534,0.969,0.000,-35.613,-1.297,-0.922,156
12896,12.534,0.969,0.000,-34.180,-1.317,-0.888,156
12897,12.533,0.970,0.000,-32.762,-1.337,-0.854,156
12898,12.533,0.970,0.000,-31.349,-1.355,-0.819,156
12899,12.532,0.970,0.000,-29.922,-1.373,-0.784,156
12900,12.531,0.971,0.000,-28.471,-1.391,-0.748,156
12901,12.531,0.971,0.000,-26.991,-1.408,-0.711,156
12902,12.530,0.971,0.000,-25.482,-1.424,-0.673,156
12903,12.530,0.972,0.000,-23.944,-1.440,-0.633,156
12904,12.529,0.972,0.000,-22.375,-1.455,-0.593,156
12905,12.528,0.972,0.000,-20.767,-1.469,-0.551,156
12906,12.528,0.972,0.000,-19.111,-1.483,-0.508,156
12907,12.527,0.973,0.000,-17.404,-1.495,-0.463,156
12908,12.526,0.973,0.000,-15.648,-1.507,-0.416,156
12909,12.525,0.973,0.000,-13.849,-1.517,-0.368,156
12910,12.525,0.973,0.000,-12.016,-1.526,-0.319,156
12911,12.524,0.973,0.000,-10.157,-1.533,-0.269,156
12912,12.523,0.973,0.000,-8.280,-1.539,-0.218,156
12913,12.522,0.973,0.000,-6.392,-1.543,-0.167,156
12914,12.521,0.973,0.000,-4.499,-1.545,-0.116,156
12915,12.520,0.974,0.000,-2.605,-1.546,-0.065,156
12916,12.520,0.974,0.000,-0.715,-1.545,-0.014,156
12917,12.519,0.974,0.000,1.169,-1.542,0.037,156
12918,12.518,0.974,0.000,3.048,-1.538,0.087,156
12919,12.517,0.974,0.000,4.923,-1.532,0.137,156
12920,12.516,0.974,0.000,6.796,-1.524,0.187,156
12921,12.515,0.973,0.000,8.673,-1.515,0.236,156
12922,12.514,0.973,0.000,10.558,-1.504,0.286,156
12923,12.513,0.973,0.000,12.457,-1.491,0.335,156
12924,12.512,0.973,0.000,14.373,-1.477,0.384,156
12925,12.511,0.973,0.000,16.309,-1.461,0.433,156
12926,12.511,0.973,0.000,18.249,-1.450,0.461,156
12927,12.510,0.972,0.000,20.205,-1.427,0.524,156
12928,12.510,0.972,0.000,22.164,-1.407,0.572,156
12929,12.509,0.972,0.000,24.128,-1.388,0.614,156
12930,12.509,0.972,0.000,26.066,-1.365,0.660,156
12931,12.508,0.971,0.000,27.956,-1.341,0.706,156
12932,12.507,0.971,0.000,29.789,-1.316,0.748,156
12933,12.507,0.971,0.000,31.561,-1.292,0.787,156
12934,12.506,0.971,0.000,33.280,-1.267,0.825,156
12935,12.506,0.970,0.000,34.954,-1.241,0.861,156
12936,12.506,0.970,0.000,36.586,-1.216,0.896,156
12937,12.505,0.970,0.000,38.164,-1.190,0.928,156
12938,12.505,0.969,0.000,39.670,-1.164,0.958,156
12939,12.504,0.969,0.000,41.085,-1.140,0.986,156
12940,12.504,0.969,0.000,42.393,-1.116,1.012,156
12941,12.503,0.969,0.000,43.582,-1.095,1.034,156
12942,12.503,0.968,0.000,44.648,-1.075,1.054,156
12943,12.503,0.968,0.000,45.590,-1.057,1.071,156
12944,12.502,0.967,0.000,46.414,-1.041,1.086,156
12945,12.502,0.967,0.000,47.123,-1.027,1.098,156
12946,12.502,0.967,0.000,47.726,-1.015,1.108,156
12947,12.501,0.966,0.000,48.229,-1.005,1.117,156
12948,12.501,0.966,0.000,48.607,-0.997,1.123,156
12949,12.501,0.965,0.000,48.807,-0.993,1.126,156
12950,12.500,0.965,0.000,48.826,-0.992,1.125,156
12951,12.500,0.965,0.000,48.720,-0.978,1.137,156
12952,12.499,0.964,0.000,48.585,-0.995,1.122,156
12953,12.499,0.964,0.000,48.418,-0.990,1.129,156
12954,12.499,0.963,0.000,48.307,-0.992,1.126,156
12955,12.498,0.963,0.000,48.080,-0.999,1.119,156
12956,12.498,0.962,0.000,47.713,-1.006,1.112,156
12957,12.497,0.962,0.000,47.270,-1.013,1.105,156
12958,12.496,0.961,0.000,46.776,-1.022,1.096,156
12959,12.496,0.960,0.000,46.234,-1.033,1.085,156
12960,12.495,0.960,0.000,45.648,-1.043,1.074,156
12961,12.495,0.959,0.000,45.036,-1.054,1.063,156
12962,12.494,0.958,0.000,44.425,-1.076,1.037,156
12963,12.493,0.957,0.000,43.810,-1.061,1.049,156
12964,12.491,0.956,0.000,43.229,-1.095,1.009,156
12965,12.491,0.955,0.000,42.666,-1.079,1.027,156
12966,12.490,0.954,0.000,42.111,-1.130,0.970,156
12967,12.489,0.954,0.000,41.549,-1.100,1.009,156
12968,12.488,0.953,0.000,40.974,-1.122,0.983,156
12969,12.488,0.952,0.000,40.409,-1.149,0.956,156
12970,12.486,0.951,0.000,39.854,-1.124,0.984,156
12971,12.485,0.950,0.000,39.319,-1.171,0.928,156
12972,12.485,0.950,0.000,38.802,-1.159,0.948,156
12973,12.484,0.949,0.000,38.309,-1.192,0.911,156
12974,12.483,0.949,0.000,37.813,-1.181,0.930,156
12975,12.482,0.948,0.000,37.324,-1.206,0.902,156
12976,12.482,0.947,0.000,36.871,-1.212,0.903,156
12977,12.481,0.947,0.000,36.426,-1.219,0.901,156
12978,12.480,0.946,0.000,35.985,-1.236,0.886,156
12979,12.479,0.945,0.000,35.750,-1.243,0.885,156
12980,12.478,0.945,0.000,35.672,-1.246,0.890,156
12981,12.478,0.944,0.000,35.679,-1.251,0.893,156
12982,12.477,0.944,0.000,35.716,-1.256,0.896,156
12983,12.476,0.943,0.000,35.761,-1.260,0.900,156
12984,12.476,0.943,0.000,35.810,-1.264,0.905,156
12985,12.475,0.942,0.000,35.865,-1.267,0.910,156
12986,12.474,0.942,0.000,35.926,-1.258,0.932,156
12987,12.474,0.941,0.000,35.986,-1.272,0.923,156
12988,12.473,0.941,0.000,36.051,-1.275,0.930,156
12989,12.472,0.941,0.000,36.156,-1.275,0.941,156
12990,12.472,0.940,0.000,36.329,-1.278,0.948,156
12991,12.471,0.940,0.000,36.567,-1.281,0.956,156
12992,12.471,0.939,0.000,36.880,-1.281,0.967,156
12993,12.470,0.939,0.000,37.282,-1.279,0.981,156
12994,12.470,0.939,0.000,37.782,-1.276,0.996,156
12995,12.469,0.938,0.000,38.383,-1.272,1.014,156
12996,12.469,0.938,0.000,39.091,-1.265,1.034,156
12997,12.468,0.938,0.000,39.918,-1.256,1.057,156
12998,12.468,0.937,0.000,40.876,-1.243,1.083,156
12999,12.468,0.937,0.000,41.964,-1.228,1.112,156
13000,12.467,0.937,0.000,43.174,-1.210,1.143,156
