1,4.800,0.000,0.000,0.000,0.000,0.000,1
2,4.800,0.000,0.260,0.000,0.000,0.000,1
3,4.800,0.000,1.065,0.000,0.000,0.000,1
4,4.800,0.000,2.153,0.000,0.000,0.000,1
5,4.800,0.000,3.178,0.000,0.000,0.000,1
6,4.800,0.000,4.032,0.000,0.000,0.000,1
7,4.800,0.000,4.714,0.000,0.000,0.000,1
8,4.800,0.000,5.222,0.000,0.000,0.000,1
9,4.800,0.000,5.557,0.000,0.000,0.000,1
10,4.800,0.000,5.719,0.000,0.000,0.000,1
11,4.800,0.000,5.709,0.000,0.000,0.000,1
12,4.800,0.000,5.575,0.000,0.000,0.000,1
13,4.800,0.000,5.408,0.000,0.000,0.000,1
14,4.800,0.000,5.256,0.000,0.000,0.000,1
15,4.800,0.000,5.141,0.000,0.000,0.000,1
16,4.800,0.000,5.063,0.000,0.000,0.000,1
17,4.800,0.000,5.016,0.000,0.000,0.000,1
18,4.800,0.000,4.992,0.000,0.000,0.000,1
19,4.800,0.000,4.978,0.000,0.000,0.000,1
20,4.800,0.000,4.979,0.000,0.000,0.000,1
21,4.800,0.000,4.984,0.000,0.000,0.000,1
22,4.800,0.000,4.989,0.000,0.000,0.000,1
23,4.800,0.000,4.993,0.000,0.000,0.000,1
24,4.800,0.000,4.992,0.000,0.000,0.000,1
25,4.800,0.000,4.991,0.000,0.000,0.000,1
26,4.800,-0.000,4.990,0.000,-0.219,0.000,1
27,4.799,-0.000,4.990,0.000,-0.362,-0.000,1
28,4.797,-0.000,4.995,0.000,-0.379,0.000,1
29,4.794,-0.000,4.996,0.000,-0.292,-0.000,16
30,4.790,-0.000,4.996,0.000,-0.155,-0.000,16
31,4.785,0.000,4.997,0.000,-0.019,-0.000,16
32,4.780,0.000,4.997,0.000,0.074,0.000,16
33,4.775,0.000,4.998,0.000,0.112,0.000,16
34,4.771,0.000,4.998,0.000,0.099,0.000,16
35,4.767,0.000,4.999,0.000,0.054,0.000,16
36,4.763,0.000,4.999,0.000,0.002,0.000,16
37,4.759,0.000,4.999,0.000,-0.038,0.000,16
38,4.755,0.000,5.000,-0.000,-0.058,0.000,16
39,4.751,0.000,5.000,-0.000,-0.055,0.000,16
40,4.747,0.000,5.000,-0.000,-0.037,0.000,16
41,4.743,0.000,5.001,-0.000,-0.013,0.000,16
42,4.738,0.000,5.001,-0.000,0.008,-0.000,16
43,4.733,0.000,5.001,-0.000,0.020,-0.000,16
44,4.729,0.000,5.001,-0.000,0.242,-0.000,16
45,4.725,0.000,5.001,-0.000,0.380,-0.000,16
46,4.723,0.000,5.002,-0.000,0.167,0.000,16
47,4.721,0.000,5.002,-0.000,0.161,0.000,16
48,4.720,0.000,5.002,-0.000,0.154,0.000,16
49,4.719,0.000,5.002,-0.000,-0.111,0.000,16
50,4.718,0.000,5.002,-0.000,-0.090,-0.000,16
51,4.717,0.000,5.002,-0.000,-0.008,-0.000,16
52,4.715,0.000,5.002,-0.000,-0.068,-0.000,16
53,4.714,0.000,5.002,-0.000,0.241,-0.000,16
54,4.713,0.000,5.003,-0.000,0.469,-0.000,16
55,4.714,0.000,5.003,-0.000,0.522,0.000,37
56,4.716,0.000,5.003,-0.000,-0.012,0.000,37
57,4.719,0.000,5.003,-0.000,-0.039,0.000,37
58,4.721,0.000,5.003,0.000,0.028,0.000,37
59,4.724,0.000,5.003,0.000,-0.266,0.000,37
60,4.725,0.000,5.003,0.000,-0.465,0.000,37
61,4.725,0.000,5.003,0.000,-0.491,0.000,37
62,4.724,0.000,5.003,0.000,-0.378,0.000,37
63,4.721,0.000,5.003,0.000,-0.195,0.000,37
64,4.718,0.000,5.003,0.000,-0.013,0.000,37
65,4.714,0.000,5.003,0.000,0.114,-0.000,37
66,4.711,0.000,5.003,0.000,0.166,-0.000,37
67,4.708,0.000,5.003,0.000,0.149,-0.000,37
68,4.705,0.000,5.003,0.000,0.089,-0.000,37
69,4.703,0.000,5.004,0.000,0.017,-0.000,37
70,4.702,0.000,5.004,0.000,-0.040,0.000,37
71,4.700,0.000,5.004,0.000,-0.069,0.000,37
72,4.697,0.000,5.004,0.000,-0.068,0.000,37
73,4.695,0.000,5.004,0.000,-0.045,0.000,37
74,4.692,0.000,5.004,0.000,-0.013,0.000,37
75,4.690,0.000,5.004,0.000,0.017,-0.000,37
76,4.687,0.000,5.004,0.000,0.035,-0.000,37
77,4.684,0.000,5.004,0.000,0.040,-0.000,37
78,4.682,0.000,5.004,0.000,0.034,-0.000,37
79,4.680,0.000,5.004,0.000,0.022,-0.000,37
80,4.677,0.000,5.004,0.000,0.009,-0.000,37
81,4.675,0.000,5.004,0.000,-0.000,-0.000,37
82,4.673,0.000,5.004,0.000,-0.004,-0.000,37
83,4.671,0.000,5.004,0.000,-0.003,-0.000,37
84,4.668,0.000,5.004,0.000,0.002,-0.000,37
85,4.666,0.000,5.004,0.000,0.007,-0.000,37
86,4.664,0.000,5.004,0.000,0.012,-0.000,37
87,4.662,0.000,5.004,0.000,0.014,-0.000,37
88,4.660,0.000,5.004,0.000,0.014,-0.000,37
89,4.658,0.000,5.004,0.000,0.013,-0.000,37
90,4.656,0.000,5.004,0.000,0.010,-0.000,37
91,4.654,0.000,5.004,0.000,0.008,-0.000,37
92,4.652,0.000,5.004,0.000,0.007,-0.000,37
93,4.650,0.000,5.004,0.000,0.006,-0.000,37
94,4.648,0.000,5.004,0.000,0.006,-0.000,37
95,4.646,0.000,5.004,0.000,0.007,-0.000,37
96,4.644,0.000,5.004,0.000,0.008,-0.000,37
97,4.642,0.000,5.004,0.000,0.009,-0.000,37
98,4.640,0.000,5.004,0.000,0.009,-0.000,37
99,4.638,0.000,5.004,0.000,0.009,-0.000,37
100,4.636,0.000,5.004,0.000,0.008,-0.000,37
101,4.635,0.000,5.004,0.000,0.008,-0.000,37
102,4.633,0.000,5.004,0.000,0.007,-0.000,37
103,4.631,0.000,5.004,0.000,0.007,-0.000,37
104,4.629,0.000,5.004,0.000,0.007,-0.000,37
105,4.628,0.000,5.004,0.000,0.007,-0.000,37
106,4.626,0.000,5.004,0.000,0.007,-0.000,37
107,4.624,0.000,5.004,0.000,0.007,-0.000,37
108,4.623,0.000,5.004,0.000,0.007,-0.000,37
109,4.621,0.000,5.004,0.000,0.007,-0.000,37
110,4.620,0.000,5.004,0.000,0.007,-0.000,37
111,4.618,0.000,5.004,0.000,0.007,-0.000,37
112,4.616,0.000,5.004,0.000,0.007,-0.000,37
113,4.615,0.000,5.004,0.000,0.007,-0.000,37
114,4.613,0.000,5.004,0.000,0.006,-0.000,37
115,4.612,0.000,5.004,0.000,0.006,-0.000,37
116,4.610,0.000,5.004,0.000,0.006,-0.000,37
117,4.609,0.000,5.004,0.000,0.006,-0.000,37
118,4.608,0.000,5.004,0.000,0.006,-0.000,37
119,4.606,0.000,5.004,0.000,0.006,-0.000,37
120,4.605,0.000,5.004,0.000,0.006,-0.000,37
121,4.603,0.000,5.004,0.000,0.006,-0.000,37
122,4.602,0.000,5.004,0.000,0.006,-0.000,37
123,4.601,0.000,5.004,0.000,0.006,-0.000,37
124,4.599,0.000,5.004,0.000,0.006,-0.000,37
125,4.598,0.000,5.004,0.000,0.006,-0.000,37
126,4.597,0.000,5.004,0.000,0.006,-0.000,37
127,4.596,0.000,5.004,0.000,0.005,-0.000,37
128,4.594,0.000,5.004,0.000,0.005,-0.000,37
129,4.593,0.000,5.004,0.000,0.005,-0.000,37
130,4.592,0.000,5.004,0.000,0.005,-0.000,37
131,4.591,0.000,5.004,0.000,0.005,-0.000,37
132,4.589,0.000,5.004,0.000,0.005,-0.000,37
133,4.588,0.000,5.004,0.000,0.005,-0.000,37
134,4.587,0.000,5.004,0.000,0.005,-0.000,37
135,4.586,0.000,5.004,0.000,0.005,-0.000,37
136,4.585,0.000,5.004,0.000,0.005,-0.000,37
137,4.584,0.000,5.004,0.000,0.005,-0.000,37
138,4.583,0.000,5.004,0.000,0.005,-0.000,37
139,4.582,0.000,5.004,0.000,0.005,-0.000,37
140,4.581,0.000,5.004,0.000,0.005,-0.000,37
141,4.579,0.000,5.004,0.000,0.005,-0.000,37
142,4.578,0.000,5.004,0.000,0.004,-0.000,37
143,4.577,0.000,5.004,0.000,0.004,-0.000,37
144,4.576,0.000,5.004,0.000,0.004,-0.000,37
145,4.575,0.000,5.004,0.000,0.004,-0.000,37
146,4.574,0.000,5.004,0.000,0.004,-0.000,37
147,4.573,0.000,5.004,0.000,0.004,-0.000,37
148,4.572,0.000,5.004,0.000,0.004,-0.000,37
149,4.572,0.000,5.004,0.000,0.004,-0.000,37
150,4.571,0.000,5.004,0.000,0.004,-0.000,37
151,4.570,0.000,5.004,0.000,0.004,-0.000,37
152,4.569,0.000,5.004,0.000,0.004,-0.000,37
153,4.568,0.000,5.004,0.000,0.004,-0.000,37
154,4.567,0.000,5.004,0.000,0.004,-0.000,37
155,4.566,0.000,5.004,0.000,0.004,-0.000,37
156,4.565,0.000,5.004,0.000,0.004,-0.000,37
157,4.564,0.000,5.004,0.000,0.004,-0.000,37
158,4.564,0.000,5.004,0.000,0.004,-0.000,37
159,4.563,0.000,5.004,0.000,0.004,-0.000,37
160,4.562,0.000,5.004,0.000,0.004,-0.000,37
161,4.561,0.000,5.004,0.000,0.003,-0.000,37
162,4.560,0.000,5.004,0.000,0.003,-0.000,37
163,4.559,0.000,5.004,0.000,0.003,-0.000,37
164,4.559,0.000,5.004,0.000,0.003,-0.000,37
165,4.558,0.000,5.004,0.000,0.003,-0.000,37
166,4.557,0.000,5.004,0.000,0.003,-0.000,37
167,4.556,0.000,5.004,0.000,0.003,-0.000,37
168,4.556,0.000,5.004,0.000,0.003,-0.000,37
169,4.555,0.000,5.004,0.000,0.003,-0.000,37
170,4.554,0.000,5.004,0.000,0.003,-0.000,37
171,4.554,0.000,5.004,0.000,0.003,-0.000,37
172,4.553,0.000,5.004,0.000,0.003,-0.000,37
173,4.552,0.000,5.004,0.000,0.003,-0.000,37
174,4.551,0.000,5.004,0.000,0.003,-0.000,37
175,4.551,0.000,5.004,0.000,0.003,-0.000,37
176,4.550,0.000,5.004,0.000,0.003,-0.000,37
177,4.549,0.000,5.004,0.000,0.003,-0.000,37
178,4.549,0.000,5.004,0.000,0.003,-0.000,37
179,4.548,0.000,5.004,0.000,0.003,-0.000,37
180,4.548,0.000,5.004,0.000,0.003,-0.000,37
181,4.547,0.000,5.004,0.000,0.003,-0.000,37
182,4.546,0.000,5.004,0.000,0.003,-0.000,37
183,4.546,0.000,5.004,0.000,0.003,-0.000,37
184,4.545,0.000,5.004,0.000,0.003,-0.000,37
185,4.545,0.000,5.004,0.000,0.003,-0.000,37
186,4.544,0.000,5.004,0.000,0.003,-0.000,37
187,4.543,0.000,5.004,0.000,0.002,-0.000,37
188,4.543,0.000,5.004,0.000,0.002,-0.000,37
189,4.542,0.000,5.004,0.000,0.002,-0.000,37
190,4.542,0.000,5.004,0.000,0.002,-0.000,37
191,4.541,0.000,5.004,0.000,0.002,-0.000,37
192,4.541,0.000,5.004,0.000,0.002,-0.000,37
193,4.540,0.000,5.004,0.000,0.002,-0.000,37
194,4.540,0.000,5.004,0.000,0.002,-0.000,37
195,4.539,0.000,5.004,0.000,0.002,-0.000,37
196,4.539,0.000,5.004,0.000,0.002,-0.000,37
197,4.538,0.000,5.004,0.000,0.002,-0.000,37
198,4.538,0.000,5.004,0.000,0.002,-0.000,37
199,4.537,0.000,5.004,0.000,0.002,-0.000,37
200,4.537,0.000,5.004,0.000,0.002,-0.000,37
201,4.536,0.000,5.004,0.000,0.002,-0.000,37
202,4.536,0.000,5.004,0.000,0.002,-0.000,37
203,4.535,0.000,5.004,0.000,0.002,-0.000,37
204,4.535,0.000,5.004,0.000,0.002,-0.000,37
205,4.534,0.000,5.004,0.000,0.002,-0.000,37
206,4.534,0.000,5.004,0.000,0.002,-0.000,37
207,4.533,0.000,5.004,0.000,0.002,-0.000,37
208,4.533,0.000,5.004,0.000,0.002,-0.000,37
209,4.532,0.000,5.004,0.000,0.002,-0.000,37
210,4.532,0.000,5.004,0.000,0.002,-0.000,37
211,4.532,0.000,5.004,0.000,0.002,-0.000,37
212,4.531,0.000,5.004,0.000,0.002,-0.000,37
213,4.531,0.000,5.004,0.000,0.002,-0.000,37
214,4.530,0.000,5.004,0.000,0.002,-0.000,37
215,4.530,0.000,5.004,0.000,0.002,-0.000,37
216,4.530,0.000,5.004,0.000,0.002,-0.000,37
217,4.529,0.000,5.004,0.000,0.002,-0.000,37
218,4.529,0.000,5.004,0.000,0.002,-0.000,37
219,4.528,0.000,5.004,0.000,0.002,-0.000,37
220,4.528,0.000,5.004,0.000,0.002,-0.000,37
221,4.528,0.000,5.004,0.000,0.002,-0.000,37
222,4.527,0.000,5.004,0.000,0.002,-0.000,37
223,4.527,0.000,5.004,0.000,0.002,-0.000,37
224,4.527,0.000,5.004,0.000,0.002,-0.000,37
225,4.526,0.000,5.004,0.000,0.002,-0.000,37
226,4.526,0.000,5.004,0.000,0.001,-0.000,37
227,4.526,0.000,5.004,0.000,0.001,-0.000,37
228,4.525,0.000,5.004,0.000,0.001,-0.000,37
229,4.525,0.000,5.004,0.000,0.001,-0.000,37
230,4.525,0.000,5.004,0.000,0.001,-0.000,37
231,4.524,0.000,5.004,0.000,0.001,-0.000,37
232,4.524,0.000,5.004,0.000,0.001,-0.000,37
233,4.524,0.000,5.004,0.000,0.001,-0.000,37
234,4.523,0.000,5.004,0.000,0.001,-0.000,37
235,4.523,0.000,5.004,0.000,0.001,-0.000,37
236,4.523,0.000,5.004,0.000,0.001,-0.000,37
237,4.522,0.000,5.004,0.000,0.001,-0.000,37
238,4.522,0.000,5.004,0.000,0.001,-0.000,37
239,4.522,0.000,5.004,0.000,0.001,-0.000,37
240,4.522,0.000,5.004,0.000,0.001,-0.000,37
241,4.521,0.000,5.004,0.000,0.001,-0.000,37
242,4.521,0.000,5.004,0.000,0.001,-0.000,37
243,4.521,0.000,5.004,0.000,0.001,-0.000,37
244,4.520,0.000,5.004,0.000,0.001,-0.000,37
245,4.520,0.000,5.004,0.000,0.001,-0.000,37
246,4.520,0.000,5.004,0.000,0.001,-0.000,37
247,4.520,0.000,5.004,0.000,0.001,-0.000,37
248,4.519,0.000,5.004,0.000,0.001,-0.000,37
249,4.519,0.000,5.004,0.000,0.001,-0.000,37
250,4.519,0.000,5.004,0.000,0.001,-0.000,37
251,4.519,0.000,5.004,0.000,0.001,-0.000,37
252,4.518,0.000,5.004,0.000,0.001,-0.000,37
253,4.518,0.000,5.004,0.000,0.001,-0.000,37
254,4.518,0.000,5.004,0.000,0.001,-0.000,37
255,4.518,0.000,5.004,0.000,0.001,-0.000,37
256,4.517,0.000,5.004,0.000,0.001,-0.000,37
257,4.517,0.000,5.004,0.000,0.001,-0.000,37
258,4.517,0.000,5.004,0.000,0.001,-0.000,37
259,4.517,0.000,5.004,0.000,0.001,-0.000,37
260,4.517,0.000,5.004,0.000,0.001,-0.000,37
261,4.516,0.000,5.004,0.000,0.001,-0.000,37
262,4.516,0.000,5.004,0.000,0.001,-0.000,37
263,4.516,0.000,5.004,0.000,0.230,-0.000,37
264,4.517,0.000,5.004,0.000,0.379,-0.000,37
265,4.518,0.000,5.004,0.000,0.395,-0.000,38
266,4.521,0.000,5.004,-0.000,0.081,-0.219,38
267,4.525,0.001,5.004,-0.000,-0.208,-0.361,38
268,4.528,0.003,5.004,-0.000,-0.365,-0.377,38
269,4.529,0.006,5.004,-0.000,-0.376,-0.290,38
270,4.530,0.010,5.004,-0.000,-0.276,-0.154,38
271,4.529,0.015,5.004,-0.000,-0.125,-0.020,38
272,4.528,0.020,5.004,-0.000,0.017,0.074,38
273,4.527,0.025,5.004,-0.000,0.110,0.111,38
274,4.527,0.029,5.004,-0.000,0.140,0.098,38
275,4.526,0.033,5.005,-0.000,0.116,0.054,38
276,4.526,0.037,5.005,-0.000,0.061,0.002,38
277,4.527,0.041,5.005,-0.000,0.001,-0.038,38
278,4.527,0.045,5.005,-0.000,-0.044,-0.057,38
279,4.528,0.049,5.005,-0.000,-0.064,-0.054,38
280,4.528,0.053,5.005,-0.000,-0.059,-0.037,38
281,4.528,0.057,5.005,-0.000,-0.039,-0.013,38
282,4.527,0.062,5.005,-0.000,-0.012,0.008,38
283,4.527,0.067,5.005,-0.000,0.010,0.020,38
284,4.527,0.071,5.005,-0.000,0.023,0.023,38
285,4.526,0.075,5.005,-0.000,0.025,0.018,38
286,4.526,0.080,5.005,-0.000,0.018,0.009,38
287,4.526,0.084,5.005,-0.000,0.008,0.001,38
288,4.526,0.088,5.005,-0.000,-0.002,-0.006,38
289,4.526,0.093,5.005,-0.000,-0.009,-0.008,38
290,4.526,0.097,5.005,-0.000,-0.011,-0.006,38
291,4.526,0.101,5.006,-0.000,-0.009,-0.003,38
292,4.526,0.106,5.006,-0.000,-0.005,0.001,38
293,4.526,0.110,5.006,-0.000,-0.001,0.004,38
294,4.526,0.115,5.006,-0.000,0.003,0.006,38
295,4.525,0.119,5.006,-0.000,0.004,0.006,38
296,4.525,0.124,5.006,-0.000,0.004,0.005,38
297,4.525,0.128,5.006,-0.000,0.003,0.003,38
298,4.525,0.132,5.006,-0.000,0.001,0.002,38
299,4.525,0.137,5.006,-0.000,-0.001,0.001,38
300,4.525,0.141,5.006,-0.000,-0.002,0.001,38
301,4.525,0.146,5.006,-0.000,-0.002,0.001,38
302,4.525,0.150,5.006,-0.000,-0.001,0.002,38
303,4.524,0.154,5.006,-0.000,-0.001,0.002,38
304,4.524,0.159,5.006,-0.000,0.000,0.003,38
305,4.524,0.163,5.006,-0.000,0.001,0.003,38
306,4.524,0.168,5.006,-0.000,0.001,0.003,38
307,4.524,0.172,5.006,-0.000,0.001,0.003,38
308,4.524,0.176,5.006,-0.000,0.000,0.002,38
309,4.524,0.181,5.006,-0.000,0.000,0.002,38
310,4.524,0.185,5.006,-0.000,-0.000,0.002,38
311,4.523,0.190,5.006,-0.000,-0.000,0.002,38
312,4.523,0.194,5.006,-0.000,-0.000,0.002,38
313,4.523,0.198,5.006,-0.000,-0.000,0.002,38
314,4.523,0.203,5.006,-0.000,-0.000,0.002,38
315,4.523,0.207,5.006,-0.000,0.000,0.002,38
316,4.523,0.212,5.006,-0.000,0.000,0.002,38
317,4.523,0.216,5.006,-0.000,0.000,0.002,38
318,4.522,0.220,5.006,-0.000,0.000,0.002,38
319,4.522,0.225,5.006,-0.000,0.000,0.002,38
320,4.522,0.229,5.006,-0.000,0.000,0.002,38
321,4.522,0.234,5.006,-0.000,0.000,0.002,38
322,4.522,0.238,5.006,-0.000,0.000,0.002,38
323,4.522,0.242,5.006,-0.000,0.000,0.002,38
324,4.522,0.247,5.006,-0.000,0.000,0.002,38
325,4.522,0.251,5.006,-0.000,0.000,0.002,38
326,4.521,0.256,5.006,-0.000,0.000,0.002,38
327,4.521,0.260,5.006,-0.000,0.000,0.002,38
328,4.521,0.264,5.006,-0.000,0.000,0.002,38
329,4.521,0.269,5.006,-0.000,0.000,0.002,38
330,4.521,0.273,5.006,-0.000,0.000,0.002,38
331,4.521,0.278,5.006,-0.000,0.000,0.002,38
332,4.521,0.282,5.006,-0.000,0.000,0.002,38
333,4.521,0.286,5.006,-0.000,0.000,0.002,38
334,4.520,0.291,5.006,-0.000,0.000,0.002,38
335,4.520,0.295,5.006,-0.000,0.000,0.002,38
336,4.520,0.300,5.006,-0.000,0.000,0.002,38
337,4.520,0.304,5.006,-0.000,0.000,0.002,38
338,4.520,0.308,5.006,-0.000,0.000,0.002,38
339,4.520,0.313,5.006,-0.000,0.000,0.002,38
340,4.520,0.317,5.006,-0.000,0.000,0.002,38
341,4.520,0.322,5.006,-0.000,0.000,0.002,38
342,4.519,0.326,5.006,-0.000,0.000,0.002,38
343,4.519,0.330,5.006,-0.000,0.000,0.002,38
344,4.519,0.335,5.006,-0.000,0.000,0.002,38
345,4.519,0.339,5.006,-0.000,0.000,0.002,38
346,4.519,0.344,5.006,-0.000,0.000,0.002,38
347,4.519,0.348,5.006,-0.000,0.000,0.002,38
348,4.519,0.352,5.006,-0.000,0.000,0.002,38
349,4.519,0.357,5.006,-0.000,0.000,0.002,38
350,4.518,0.361,5.006,-0.000,0.000,0.002,38
351,4.518,0.366,5.006,-0.000,0.000,0.002,38
352,4.518,0.370,5.006,-0.000,0.000,0.002,38
353,4.518,0.374,5.006,-0.000,0.000,0.002,38
354,4.518,0.379,5.006,-0.000,0.000,0.002,38
355,4.518,0.383,5.006,-0.000,0.000,0.002,38
356,4.518,0.388,5.006,-0.000,0.000,0.002,38
357,4.518,0.392,5.006,-0.000,0.000,0.002,38
358,4.517,0.396,5.006,-0.000,0.000,0.002,38
359,4.517,0.401,5.006,-0.000,0.000,0.002,38
360,4.517,0.405,5.006,-0.000,0.000,0.002,38
361,4.517,0.410,5.006,-0.000,0.000,0.002,38
362,4.517,0.414,5.006,-0.000,0.000,0.002,38
363,4.517,0.418,5.006,-0.000,0.000,0.002,38
364,4.517,0.423,5.006,-0.000,0.000,0.002,38
365,4.517,0.427,5.006,-0.000,0.000,0.002,38
366,4.516,0.432,5.006,-0.000,0.000,0.002,38
367,4.516,0.436,5.006,-0.000,0.000,0.002,38
368,4.516,0.440,5.006,-0.000,0.000,0.002,38
369,4.516,0.445,5.006,-0.000,0.000,0.002,38
370,4.516,0.449,5.006,-0.000,0.000,0.002,38
371,4.516,0.454,5.006,-0.000,0.000,0.002,38
372,4.516,0.458,5.006,-0.000,0.000,0.002,38
373,4.516,0.462,5.006,-0.000,0.000,0.002,38
374,4.515,0.467,5.006,-0.000,0.000,0.002,38
375,4.515,0.471,5.006,-0.000,0.000,0.002,38
376,4.515,0.476,5.006,-0.000,0.000,0.002,38
377,4.515,0.480,5.006,-0.000,0.000,0.002,38
378,4.515,0.484,5.006,-0.000,0.000,0.002,38
379,4.515,0.489,5.006,-0.000,0.000,0.002,38
380,4.515,0.493,5.006,-0.000,0.000,0.002,38
381,4.514,0.498,5.006,-0.000,0.000,0.002,38
382,4.514,0.502,5.006,-0.000,0.000,0.002,38
383,4.514,0.506,5.006,-0.000,0.000,0.002,38
384,4.514,0.511,5.006,-0.000,0.000,0.002,38
385,4.514,0.515,5.006,-0.000,0.000,0.002,38
386,4.514,0.520,5.006,-0.000,0.000,0.002,38
387,4.514,0.524,5.006,-0.000,0.000,0.002,38
388,4.514,0.529,5.006,-0.000,0.000,0.002,38
389,4.513,0.533,5.006,-0.000,0.000,0.002,38
390,4.513,0.537,5.006,-0.000,0.000,0.002,38
391,4.513,0.542,5.006,-0.000,0.000,0.002,38
392,4.513,0.546,5.006,-0.000,0.000,0.002,38
393,4.513,0.551,5.006,-0.000,0.000,0.002,38
394,4.513,0.555,5.006,-0.000,0.000,0.002,38
395,4.513,0.559,5.006,-0.000,0.000,0.002,38
396,4.513,0.564,5.006,-0.000,0.000,0.002,38
397,4.512,0.568,5.006,-0.000,0.000,0.002,38
398,4.512,0.573,5.006,-0.000,0.000,0.002,38
399,4.512,0.577,5.006,-0.000,0.000,0.002,38
400,4.512,0.581,5.006,-0.000,0.000,0.002,38
401,4.512,0.586,5.006,-0.000,0.000,0.002,38
402,4.512,0.590,5.006,-0.000,0.000,0.002,38
403,4.512,0.595,5.006,-0.000,0.000,0.002,38
404,4.512,0.599,5.006,-0.000,0.000,0.002,38
405,4.511,0.603,5.006,-0.000,0.000,0.002,38
406,4.511,0.608,5.006,-0.000,0.000,0.002,38
407,4.511,0.612,5.006,-0.000,0.000,0.002,38
408,4.511,0.617,5.006,-0.000,0.000,0.002,38
409,4.511,0.621,5.006,-0.000,0.000,0.002,38
410,4.511,0.625,5.006,-0.000,0.000,0.002,38
411,4.511,0.630,5.006,-0.000,0.000,0.002,38
412,4.511,0.634,5.006,-0.000,0.000,0.002,38
413,4.510,0.639,5.006,-0.000,0.000,0.002,38
414,4.510,0.643,5.006,-0.000,0.000,0.002,38
415,4.510,0.647,5.006,-0.000,0.000,0.002,38
416,4.510,0.652,5.006,-0.000,0.000,0.002,38
417,4.510,0.656,5.006,-0.000,0.000,0.003,38
418,4.510,0.661,5.006,-0.000,0.000,0.007,38
419,4.510,0.665,5.006,-0.000,0.000,0.011,38
420,4.510,0.669,5.006,-0.000,0.000,0.016,38
421,4.509,0.674,5.006,-0.000,0.001,0.019,38
422,4.509,0.678,5.006,-0.000,0.001,0.020,38
423,4.509,0.682,5.006,-0.000,0.001,0.020,38
424,4.509,0.686,5.006,-0.000,0.001,0.018,38
425,4.509,0.690,5.006,-0.000,0.000,0.017,38
426,4.509,0.694,5.006,-0.000,0.000,0.016,38
427,4.509,0.698,5.006,-0.000,0.000,0.015,38
428,4.509,0.702,5.006,-0.000,0.000,0.015,38
429,4.508,0.706,5.006,-0.000,0.000,0.015,38
430,4.508,0.710,5.006,-0.000,0.000,0.016,38
431,4.508,0.714,5.006,-0.000,0.000,0.016,38
432,4.508,0.717,5.006,-0.000,0.000,0.016,38
433,4.508,0.721,5.006,-0.000,0.000,0.016,38
434,4.508,0.725,5.006,-0.000,0.000,0.016,38
435,4.508,0.728,5.006,-0.000,0.000,0.016,38
436,4.508,0.732,5.006,-0.000,0.000,0.015,38
437,4.508,0.735,5.006,-0.000,0.000,0.015,38
438,4.508,0.739,5.006,-0.000,0.000,0.015,38
439,4.507,0.742,5.006,-0.000,0.000,0.014,38
440,4.507,0.746,5.006,-0.000,0.000,0.014,38
441,4.507,0.749,5.006,-0.000,0.000,0.014,38
442,4.507,0.752,5.006,-0.000,0.000,0.014,38
443,4.507,0.756,5.006,-0.000,0.000,0.014,38
444,4.507,0.759,5.006,-0.000,0.000,0.014,38
445,4.507,0.762,5.006,-0.000,0.000,0.014,38
446,4.507,0.765,5.006,-0.000,0.000,0.013,38
447,4.507,0.768,5.006,-0.000,0.000,0.013,38
448,4.507,0.771,5.006,-0.000,0.000,0.013,38
449,4.507,0.774,5.006,-0.000,0.000,0.013,38
450,4.506,0.777,5.006,-0.000,0.000,0.013,38
451,4.506,0.780,5.006,-0.000,0.000,0.013,38
452,4.506,0.783,5.006,-0.000,0.000,0.012,38
453,4.506,0.786,5.006,-0.000,0.000,0.012,38
454,4.506,0.789,5.006,-0.000,0.000,0.012,38
455,4.506,0.791,5.006,-0.000,0.000,0.012,38
456,4.506,0.794,5.006,-0.000,0.000,0.012,38
457,4.506,0.797,5.006,-0.000,0.000,0.012,38
458,4.506,0.799,5.006,-0.000,0.000,0.011,38
459,4.506,0.802,5.006,-0.000,0.000,0.011,38
460,4.506,0.805,5.006,-0.000,0.000,0.011,38
461,4.506,0.807,5.006,-0.000,0.000,0.011,38
462,4.505,0.810,5.006,-0.000,0.000,0.011,38
463,4.505,0.812,5.006,-0.000,0.000,0.011,38
464,4.505,0.815,5.006,-0.000,0.000,0.011,38
465,4.505,0.817,5.006,-0.000,0.000,0.010,38
466,4.505,0.819,5.006,-0.000,0.000,0.010,38
467,4.505,0.822,5.006,-0.000,0.000,0.010,38
468,4.505,0.824,5.006,-0.000,0.000,0.010,38
469,4.505,0.826,5.005,-0.000,0.000,0.010,38
470,4.505,0.829,5.005,-0.000,0.000,0.010,38
471,4.505,0.831,5.005,-0.000,0.000,0.010,38
472,4.505,0.833,5.005,-0.000,0.000,0.010,38
473,4.505,0.835,5.005,-0.000,0.000,0.009,38
474,4.505,0.838,5.005,-0.000,0.000,0.009,38
475,4.505,0.840,5.005,-0.000,0.000,0.009,38
476,4.505,0.842,5.005,-0.000,0.000,0.009,38
477,4.505,0.844,5.005,-0.000,0.000,0.009,38
478,4.504,0.846,5.005,-0.000,0.000,0.009,38
479,4.504,0.848,5.005,-0.000,0.000,0.009,38
480,4.504,0.850,5.005,-0.000,0.000,0.009,38
481,4.504,0.852,5.005,-0.000,0.000,0.008,38
482,4.504,0.854,5.005,-0.000,0.000,0.008,38
483,4.504,0.856,5.005,-0.000,0.000,0.008,38
484,4.504,0.858,5.005,-0.000,0.000,0.008,38
485,4.504,0.859,5.005,-0.000,0.000,0.008,38
486,4.504,0.861,5.005,-0.000,0.000,0.008,38
487,4.504,0.863,5.005,-0.000,0.000,0.008,38
488,4.504,0.865,5.005,-0.000,0.000,0.008,38
489,4.504,0.867,5.005,-0.000,0.000,0.008,38
490,4.504,0.868,5.005,-0.000,0.000,0.008,38
491,4.504,0.870,5.005,-0.000,0.000,0.007,38
492,4.504,0.872,5.005,-0.000,0.000,0.007,38
493,4.504,0.874,5.005,-0.000,0.000,0.007,38
494,4.504,0.875,5.005,-0.000,0.000,0.007,38
495,4.504,0.877,5.005,-0.000,0.000,0.007,38
496,4.504,0.878,5.005,-0.000,0.000,0.007,38
497,4.503,0.880,5.005,-0.000,0.000,0.007,38
498,4.503,0.882,5.005,-0.000,0.000,0.007,38
499,4.503,0.883,5.005,-0.000,0.000,0.007,38
500,4.503,0.885,5.005,-0.000,0.000,0.007,38
501,4.503,0.886,5.005,-0.000,0.000,0.007,38
502,4.503,0.888,5.005,-0.000,0.000,0.006,38
503,4.503,0.889,5.005,-0.000,0.000,0.006,38
504,4.503,0.891,5.005,-0.000,0.000,0.006,38
505,4.503,0.892,5.005,-0.000,0.000,0.006,38
506,4.503,0.893,5.005,-0.000,0.000,0.006,38
507,4.503,0.895,5.005,-0.000,0.000,0.006,38
508,4.503,0.896,5.005,-0.000,0.000,0.006,38
509,4.503,0.898,5.005,-0.000,0.000,0.006,38
510,4.503,0.899,5.005,-0.000,0.000,0.006,38
511,4.503,0.900,5.005,-0.000,0.000,0.006,38
512,4.503,0.902,5.005,-0.000,0.000,0.006,38
513,4.503,0.903,5.005,-0.000,0.000,0.006,38
514,4.503,0.904,5.005,-0.000,0.000,0.005,38
515,4.503,0.905,5.005,-0.000,0.000,0.005,38
516,4.503,0.907,5.005,-0.000,0.000,0.005,38
517,4.503,0.908,5.005,-0.000,0.000,0.005,38
518,4.503,0.909,5.005,-0.000,0.000,0.005,38
519,4.503,0.910,5.005,-0.000,0.000,0.005,38
520,4.503,0.911,5.005,-0.000,0.000,0.005,38
521,4.503,0.913,5.005,-0.000,0.000,0.005,38
522,4.502,0.914,5.005,-0.000,0.000,0.005,38
523,4.502,0.915,5.005,-0.000,0.000,0.005,38
524,4.502,0.916,5.005,-0.000,0.000,0.005,38
525,4.502,0.917,5.005,-0.000,0.000,0.005,38
526,4.502,0.918,5.005,-0.000,0.000,0.005,38
527,4.502,0.919,5.005,-0.000,0.000,0.005,38
528,4.502,0.920,5.005,-0.000,0.000,0.005,38
529,4.502,0.921,5.005,-0.000,0.000,0.004,38
530,4.502,0.922,5.005,-0.000,0.000,0.004,38
531,4.502,0.923,5.005,-0.000,0.000,0.004,38
532,4.502,0.924,5.005,-0.000,0.000,0.004,38
533,4.502,0.925,5.005,-0.000,0.000,0.004,38
534,4.502,0.926,5.005,-0.000,0.000,0.004,38
535,4.502,0.927,5.005,-0.000,0.000,0.004,38
536,4.502,0.928,5.005,-0.000,0.000,0.004,38
537,4.502,0.929,5.005,-0.000,0.000,0.004,38
538,4.502,0.930,5.005,-0.000,0.000,0.004,38
539,4.502,0.931,5.005,-0.000,0.000,0.004,38
540,4.502,0.932,5.005,-0.000,0.000,0.004,38
541,4.502,0.933,5.005,-0.000,0.000,0.004,38
542,4.502,0.934,5.005,-0.000,0.000,0.004,38
543,4.502,0.935,5.005,-0.000,0.000,0.004,38
544,4.502,0.935,5.005,-0.000,0.000,0.004,38
545,4.502,0.936,5.005,-0.000,0.000,0.004,38
546,4.502,0.937,5.005,-0.000,0.000,0.004,38
547,4.502,0.938,5.005,-0.000,0.000,0.004,38
548,4.502,0.939,5.005,-0.000,0.000,0.004,38
549,4.502,0.940,5.005,-0.000,0.000,0.003,38
550,4.502,0.940,5.005,-0.000,0.000,0.003,38
551,4.502,0.941,5.005,-0.000,0.000,0.003,38
552,4.502,0.942,5.005,-0.000,0.000,0.003,38
553,4.502,0.943,5.005,-0.000,0.000,0.003,38
554,4.502,0.943,5.005,-0.000,0.000,0.003,38
555,4.502,0.944,5.005,-0.000,0.000,0.003,38
556,4.502,0.945,5.005,-0.000,0.000,0.003,38
557,4.502,0.946,5.005,-0.000,0.000,0.003,38
558,4.502,0.946,5.005,-0.000,0.000,0.003,38
559,4.502,0.947,5.005,-0.000,0.000,0.003,38
560,4.502,0.948,5.005,-0.000,0.000,0.003,38
561,4.501,0.948,5.005,-0.000,0.000,0.003,38
562,4.501,0.949,5.005,-0.000,0.000,0.003,38
563,4.501,0.950,5.005,-0.000,0.000,0.003,38
564,4.501,0.950,5.005,-0.000,0.000,0.003,38
565,4.501,0.951,5.005,-0.000,0.000,0.003,38
566,4.501,0.952,5.005,-0.000,0.000,0.003,38
567,4.501,0.952,5.005,-0.000,0.000,0.003,38
568,4.501,0.953,5.005,-0.000,0.000,0.003,38
569,4.501,0.954,5.005,-0.000,0.000,0.003,38
570,4.501,0.954,5.005,-0.000,0.000,0.003,38
571,4.501,0.955,5.005,-0.000,0.000,0.003,38
572,4.501,0.955,5.005,-0.000,0.000,0.003,38
573,4.501,0.956,5.005,-0.000,0.000,0.003,38
574,4.501,0.956,5.005,-0.000,0.000,0.002,38
575,4.501,0.957,5.005,-0.000,0.000,0.002,38
576,4.501,0.958,5.005,-0.000,0.000,0.002,38
577,4.501,0.958,5.005,-0.000,0.000,0.002,38
578,4.501,0.959,5.005,-0.000,0.000,0.002,38
579,4.501,0.959,5.005,-0.000,0.000,0.002,38
580,4.501,0.960,5.005,-0.000,0.000,0.002,38
581,4.501,0.960,5.005,-0.000,0.000,0.002,38
582,4.501,0.961,5.005,-0.000,0.000,0.002,38
583,4.501,0.961,5.005,-0.000,0.000,0.002,38
584,4.501,0.962,5.005,-0.000,0.000,0.002,38
585,4.501,0.962,5.005,-0.000,0.000,0.002,38
586,4.501,0.963,5.005,-0.000,0.000,0.002,38
587,4.501,0.963,5.005,-0.000,0.000,0.002,38
588,4.501,0.964,5.005,-0.000,0.000,0.002,38
589,4.501,0.964,5.005,-0.000,0.000,0.002,38
590,4.501,0.965,5.005,-0.000,0.000,0.002,38
591,4.501,0.965,5.005,-0.000,0.000,0.002,38
592,4.501,0.966,5.005,-0.000,0.000,0.002,38
593,4.501,0.966,5.005,-0.000,0.000,0.002,38
594,4.501,0.967,5.005,-0.000,0.000,0.002,38
595,4.501,0.967,5.005,-0.000,0.000,0.002,38
596,4.501,0.967,5.005,-0.000,0.000,0.002,38
597,4.501,0.968,5.005,-0.000,0.000,0.002,38
598,4.501,0.968,5.005,-0.000,0.000,0.002,38
599,4.501,0.969,5.005,-0.000,0.000,0.002,38
600,4.501,0.969,5.005,-0.000,0.000,0.002,38
601,4.501,0.970,5.005,-0.000,0.000,0.002,38
602,4.501,0.970,5.005,-0.000,0.000,0.002,38
603,4.501,0.970,5.005,-0.000,0.000,0.002,38
604,4.501,0.971,5.005,-0.000,0.000,0.002,38
605,4.501,0.971,5.005,-0.000,0.000,0.002,38
606,4.501,0.971,5.005,-0.000,0.000,0.002,38
607,4.501,0.972,5.005,-0.000,0.000,0.002,38
608,4.501,0.972,5.005,-0.000,0.000,0.002,38
609,4.501,0.973,5.005,-0.000,0.000,0.002,38
610,4.501,0.973,5.005,-0.000,0.000,0.002,38
611,4.501,0.973,5.005,-0.000,0.000,0.002,38
612,4.501,0.974,5.005,-0.000,0.000,0.002,38
613,4.501,0.974,5.005,-0.000,0.000,0.001,38
614,4.501,0.974,5.005,-0.000,0.000,0.001,38
615,4.501,0.975,5.005,-0.000,0.000,0.001,38
616,4.501,0.975,5.005,-0.000,0.000,0.001,38
617,4.501,0.975,5.005,-0.000,0.000,0.001,38
618,4.501,0.976,5.005,-0.000,0.000,0.001,38
619,4.501,0.976,5.005,-0.000,0.000,0.001,38
620,4.501,0.976,5.005,-0.000,0.000,0.001,38
621,4.501,0.977,5.005,-0.000,0.000,0.001,38
622,4.501,0.977,5.005,-0.000,0.000,0.001,38
623,4.501,0.977,5.005,-0.000,0.000,0.001,38
624,4.501,0.977,5.005,-0.000,0.000,0.001,38
625,4.501,0.978,5.005,-0.000,0.000,0.001,38
626,4.501,0.978,5.005,-0.000,0.000,0.001,38
627,4.501,0.978,5.005,-0.000,0.000,0.001,38
628,4.501,0.979,5.005,-0.000,0.000,0.001,38
629,4.501,0.979,5.005,-0.000,0.000,0.001,38
630,4.501,0.979,5.005,-0.000,0.000,0.001,38
631,4.501,0.979,5.005,-0.000,0.000,0.001,38
632,4.501,0.980,5.005,-0.000,0.000,0.001,38
633,4.501,0.980,5.005,-0.000,0.000,0.001,38
634,4.501,0.980,5.005,-0.000,0.000,0.001,38
635,4.501,0.981,5.005,-0.000,0.000,0.001,38
636,4.501,0.981,5.005,-0.000,0.000,0.001,38
637,4.501,0.981,5.005,-0.000,0.000,0.001,38
638,4.501,0.981,5.005,-0.000,0.000,0.001,38
639,4.501,0.982,5.005,-0.000,0.000,0.001,38
640,4.501,0.982,5.005,-0.000,0.000,0.001,38
641,4.501,0.982,5.005,-0.000,0.000,0.001,38
642,4.501,0.982,5.005,-0.000,0.000,0.001,38
643,4.501,0.982,5.005,-0.000,0.000,0.001,38
644,4.500,0.983,5.005,-0.000,0.000,0.001,38
645,4.500,0.983,5.005,-0.000,0.000,0.001,38
646,4.500,0.983,5.005,-0.000,0.000,0.001,38
647,4.500,0.983,5.005,-0.000,0.000,0.001,38
648,4.500,0.984,5.005,-0.000,0.000,0.001,38
649,4.500,0.984,5.005,-0.000,0.000,0.001,38
650,4.500,0.984,5.005,-0.000,0.000,0.001,38
651,4.500,0.984,5.005,-0.000,0.000,0.001,38
652,4.500,0.984,5.005,-0.000,0.000,0.001,38
653,4.500,0.985,5.005,-0.000,0.000,0.001,38
654,4.500,0.985,5.005,-0.000,0.000,0.001,38
655,4.500,0.985,5.005,-0.000,0.000,0.001,38
656,4.500,0.985,5.005,-0.000,0.000,0.001,38
657,4.500,0.985,5.005,-0.000,0.000,0.001,38
658,4.500,0.986,5.005,-0.000,0.000,0.001,38
659,4.500,0.986,5.005,-0.000,0.000,0.001,38
660,4.500,0.986,5.005,-0.000,0.000,0.001,38
661,4.500,0.986,5.005,-0.000,0.000,0.001,38
662,4.500,0.986,5.005,-0.000,0.000,0.001,38
663,4.500,0.987,5.005,-0.000,0.000,0.001,38
664,4.500,0.987,5.005,-0.000,0.000,0.001,38
665,4.500,0.987,5.005,-0.000,0.000,0.001,38
666,4.500,0.987,5.005,-0.000,0.000,0.001,38
667,4.500,0.987,5.005,-0.000,0.000,0.001,38
668,4.500,0.987,5.005,-0.000,0.000,0.001,38
669,4.500,0.988,5.005,-0.000,0.000,0.001,38
670,4.500,0.988,5.005,-0.000,0.000,0.001,38
671,4.500,0.988,5.005,-0.000,0.000,0.001,38
672,4.500,0.988,5.005,-0.000,0.000,0.001,38
673,4.500,0.988,5.005,-0.000,0.000,0.001,38
674,4.500,0.988,5.005,-0.000,0.000,0.001,38
675,4.500,0.988,5.005,-0.000,0.000,0.001,38
676,4.500,0.989,5.005,-0.000,0.000,0.001,38
677,4.500,0.989,5.005,-0.000,0.000,0.001,38
678,4.500,0.989,5.005,-0.000,0.000,0.001,38
679,4.500,0.989,5.005,-0.000,0.000,0.001,38
680,4.500,0.989,5.005,-0.000,0.000,0.001,38
681,4.500,0.989,5.005,-0.000,0.000,0.001,38
682,4.500,0.990,5.005,-0.000,0.000,0.001,38
683,4.500,0.990,5.005,-0.000,0.000,0.001,38
684,4.500,0.990,5.005,-0.000,0.000,0.001,38
685,4.500,0.990,5.005,-0.000,0.000,0.001,38
686,4.500,0.990,5.005,-0.000,0.000,0.001,38
687,4.500,0.990,5.005,-0.000,0.000,0.007,38
688,4.500,0.990,5.005,-0.000,0.000,0.011,38
689,4.500,0.990,5.005,-0.000,0.000,0.011,38
690,4.500,0.990,5.005,-0.000,0.000,0.008,38
691,4.500,0.990,5.005,-0.000,0.000,0.004,38
692,4.500,0.990,5.005,-0.000,0.000,0.001,38
693,4.500,0.990,5.005,-0.000,-0.000,-0.002,38
694,4.500,0.990,5.005,-0.000,-0.000,-0.003,38
695,4.500,0.990,5.005,-0.000,-0.000,-0.003,38
696,4.500,0.990,5.005,-0.000,-0.000,-0.001,38
697,4.500,0.990,5.005,-0.000,0.000,0.000,38
698,4.500,0.990,5.005,-0.000,0.000,0.001,38
699,4.500,0.990,5.005,-0.000,0.000,0.002,38
700,4.500,0.990,5.005,-0.000,0.000,0.002,38
701,4.500,0.990,5.005,-0.000,0.000,0.001,38
702,4.500,0.990,5.005,-0.000,0.000,0.000,38
703,4.500,0.990,5.005,-0.000,-0.000,-0.000,38
704,4.500,0.990,5.005,-0.000,-0.000,-0.001,38
705,4.500,0.990,5.005,-0.000,-0.000,-0.001,38
706,4.500,0.990,5.005,-0.000,-0.000,-0.000,38
707,4.500,0.990,5.005,-0.000,-0.000,-0.000,38
708,4.500,0.990,5.005,-0.000,0.000,0.000,38
709,4.500,0.990,5.005,-0.000,0.000,0.000,38
710,4.500,0.990,5.005,-0.000,0.000,0.000,38
711,4.500,0.990,5.005,-0.000,0.000,0.000,38
712,4.500,0.990,5.005,-0.000,0.000,0.000,38
713,4.500,0.990,5.005,-0.000,0.000,0.000,38
714,4.500,0.990,5.005,-0.000,-0.000,-0.000,38
715,4.500,0.990,5.005,-0.000,-0.000,-0.000,38
716,4.500,0.990,5.005,-0.000,-0.000,-0.000,38
717,4.500,0.990,5.005,-0.000,-0.000,-0.000,38
718,4.500,0.990,5.005,-0.000,-0.000,-0.000,38
719,4.500,0.990,5.005,-0.000,0.000,0.000,38
720,4.500,0.990,5.005,-0.000,0.000,0.000,38
721,4.500,0.990,5.005,-0.000,0.000,0.000,38
722,4.500,0.990,5.005,-0.000,0.000,0.000,38
723,4.500,0.990,5.005,-0.000,0.000,0.000,38
724,4.500,0.990,5.005,-0.000,-0.000,-0.000,38
725,4.500,0.990,5.005,-0.000,-0.000,-0.000,38
726,4.500,0.990,5.005,-0.000,-0.000,-0.000,38
727,4.500,0.990,5.005,-0.000,-0.000,-0.000,38
728,4.500,0.990,5.005,-0.000,-0.000,-0.000,38
729,4.500,0.990,5.005,-0.000,-0.000,-0.000,38
730,4.500,0.990,5.005,-0.000,0.000,0.000,38
731,4.500,0.990,5.005,-0.000,0.000,0.000,38
732,4.500,0.990,5.005,-0.000,0.000,0.000,38
733,4.500,0.990,5.005,-0.000,0.000,0.000,38
734,4.500,0.990,5.005,-0.000,0.000,0.000,38
735,4.500,0.990,5.005,-0.000,-0.000,-0.000,38
736,4.500,0.990,5.005,-0.000,-0.000,-0.000,38
737,4.500,0.990,5.005,-0.000,-0.000,-0.000,38
738,4.500,0.990,5.005,-0.000,-0.000,-0.000,38
739,4.500,0.990,5.005,-0.000,-0.000,-0.000,38
740,4.500,0.990,5.005,-0.000,0.000,0.000,38
741,4.500,0.990,5.005,-0.000,0.000,0.000,38
742,4.500,0.990,5.005,-0.000,0.000,0.000,38
743,4.500,0.990,5.005,-0.000,0.000,0.000,38
744,4.500,0.990,5.005,-0.000,0.000,0.000,38
745,4.500,0.990,5.005,-0.000,0.000,0.000,38
746,4.500,0.990,5.005,-0.000,-0.000,-0.000,38
747,4.500,0.990,5.005,-0.000,-0.000,-0.000,38
748,4.500,0.990,5.005,-0.000,-0.000,-0.000,38
749,4.500,0.990,5.005,-0.000,-0.000,-0.000,38
750,4.500,0.990,5.005,-0.000,-0.000,-0.000,38
751,4.500,0.990,5.005,-0.000,0.000,0.000,38
752,4.500,0.990,5.005,-0.000,0.000,0.000,38
753,4.500,0.990,5.005,-0.000,0.000,0.000,38
754,4.500,0.990,5.005,-0.000,0.000,0.000,38
755,4.500,0.990,5.005,-0.000,0.000,0.000,38
756,4.500,0.990,5.005,-0.000,-0.000,-0.000,38
757,4.500,0.990,5.005,-0.000,-0.000,-0.000,38
758,4.500,0.990,5.005,-0.000,-0.000,-0.000,38
759,4.500,0.990,5.005,-0.000,-0.000,-0.000,38
760,4.500,0.990,5.005,-0.000,-0.000,-0.000,38
761,4.500,0.990,5.005,-0.000,-0.000,-0.000,38
762,4.500,0.990,5.005,-0.000,0.000,0.000,38
763,4.500,0.990,5.005,-0.000,0.000,0.000,38
764,4.500,0.990,5.005,-0.000,0.000,0.000,38
765,4.500,0.990,5.005,-0.000,0.000,0.000,38
766,4.500,0.990,5.005,-0.000,0.000,0.000,38
767,4.500,0.990,5.005,-0.000,-0.000,-0.000,38
768,4.500,0.990,5.005,-0.000,-0.000,-0.000,38
769,4.500,0.990,5.005,-0.000,-0.000,-0.000,38
770,4.500,0.990,5.005,-0.000,-0.000,-0.000,38
771,4.500,0.990,5.005,-0.000,-0.000,-0.000,38
772,4.500,0.990,5.005,-0.000,0.000,0.000,38
773,4.500,0.990,5.005,-0.000,0.000,0.000,38
774,4.500,0.990,5.005,-0.000,0.000,0.000,38
775,4.500,0.990,5.005,-0.000,0.000,0.000,38
776,4.500,0.990,5.005,-0.000,0.000,0.000,38
777,4.500,0.990,5.005,-0.000,0.000,0.000,38
778,4.500,0.990,5.005,-0.000,-0.000,-0.000,38
779,4.500,0.990,5.005,-0.000,-0.000,-0.000,38
780,4.500,0.990,5.005,-0.000,-0.000,-0.000,38
781,4.500,0.990,5.005,-0.000,-0.000,-0.000,38
782,4.500,0.990,5.005,-0.000,-0.000,-0.000,38
783,4.500,0.990,5.005,-0.000,0.000,0.000,38
784,4.500,0.990,5.005,-0.000,0.000,0.000,38
785,4.500,0.990,5.005,-0.000,0.000,0.000,38
786,4.500,0.990,5.005,-0.000,0.000,0.000,38
787,4.500,0.990,5.005,-0.000,0.000,0.000,38
788,4.500,0.990,5.005,-0.000,-0.000,-0.000,38
789,4.500,0.990,5.005,-0.000,-0.000,-0.000,38
790,4.500,0.990,5.005,-0.000,-0.000,-0.000,38
791,4.500,0.990,5.005,-0.000,-0.000,-0.000,38
792,4.500,0.990,5.005,-0.000,-0.000,-0.000,38
793,4.500,0.990,5.005,-0.000,-0.000,-0.000,38
794,4.500,0.990,5.005,-0.000,0.000,0.000,38
795,4.500,0.990,5.005,-0.000,0.000,0.000,38
796,4.500,0.990,5.005,-0.000,0.000,0.000,38
797,4.500,0.990,5.005,-0.000,0.000,0.000,38
798,4.500,0.990,5.005,-0.000,0.000,0.000,38
799,4.500,0.990,5.005,-0.000,-0.000,-0.000,38
800,4.500,0.990,5.005,-0.000,-0.000,-0.000,38
801,4.500,0.990,5.005,-0.000,-0.000,-0.000,38
802,4.500,0.990,5.005,-0.000,-0.000,-0.000,38
803,4.500,0.990,5.005,-0.000,-0.000,-0.000,38
804,4.500,0.990,5.005,-0.000,0.000,0.000,38
805,4.500,0.990,5.005,-0.000,0.000,0.000,38
806,4.500,0.990,5.005,-0.000,0.000,0.000,38
807,4.500,0.990,5.005,-0.000,0.000,0.000,38
808,4.500,0.990,5.005,-0.000,0.000,0.000,38
809,4.500,0.990,5.005,-0.000,0.000,0.000,38
810,4.500,0.990,5.005,-0.000,-0.000,-0.000,38
811,4.500,0.990,5.005,-0.000,-0.000,-0.000,38
812,4.500,0.990,5.005,-0.000,-0.000,-0.000,38
813,4.500,0.990,5.005,-0.000,-0.000,-0.000,38
814,4.500,0.990,5.005,-0.000,-0.000,-0.000,38
815,4.500,0.990,5.005,-0.000,0.000,0.000,38
816,4.500,0.990,5.005,-0.000,0.000,0.000,38
817,4.500,0.990,5.005,-0.000,0.000,0.000,38
818,4.500,0.990,5.005,-0.000,0.000,0.000,38
819,4.500,0.990,5.005,-0.000,0.000,0.000,38
820,4.500,0.990,5.005,-0.000,0.000,-0.000,38
821,4.500,0.990,5.005,-0.000,-0.000,-0.000,38
822,4.500,0.990,5.005,-0.000,-0.000,-0.000,38
823,4.500,0.990,5.005,-0.000,-0.000,-0.000,38
824,4.500,0.990,5.005,-0.000,-0.000,-0.000,38
825,4.500,0.990,5.005,-0.000,-0.000,-0.000,38
826,4.500,0.990,5.005,-0.000,0.000,0.000,38
827,4.500,0.990,5.005,-0.000,0.000,0.000,38
828,4.500,0.990,5.005,-0.000,0.000,0.000,38
829,4.500,0.990,5.005,-0.000,0.000,0.000,38
830,4.500,0.990,5.005,-0.000,0.000,0.000,38
831,4.500,0.990,5.005,-0.000,0.000,-0.000,38
832,4.500,0.990,5.005,-0.000,0.000,-0.000,38
833,4.500,0.990,5.005,-0.000,0.000,-0.000,38
834,4.500,0.990,5.005,-0.000,0.000,-0.000,38
835,4.500,0.990,5.005,-0.000,0.000,-0.000,38
836,4.500,0.990,5.005,-0.000,-0.000,0.000,38
837,4.500,0.990,5.005,-0.000,-0.000,0.000,38
838,4.500,0.990,5.005,-0.000,-0.000,0.000,38
839,4.500,0.990,5.005,-0.000,-0.000,0.000,38
840,4.500,0.990,5.005,-0.000,-0.000,0.000,38
841,4.500,0.990,5.005,-0.000,-0.000,0.000,38
842,4.500,0.990,5.005,-0.000,-0.000,-0.000,38
843,4.500,0.990,5.005,-0.000,-0.000,-0.000,38
844,4.500,0.990,5.005,-0.000,-0.000,-0.000,38
845,4.500,0.990,5.005,-0.000,-0.000,-0.000,38
846,4.500,0.990,5.005,-0.000,-0.000,-0.000,38
847,4.500,0.990,5.005,-0.000,-0.000,0.000,38
848,4.500,0.990,5.005,-0.000,-0.000,0.000,38
849,4.500,0.990,5.005,-0.000,-0.000,0.000,38
850,4.500,0.990,5.005,-0.000,-0.000,0.000,38
851,4.500,0.990,5.005,-0.000,0.000,0.000,38
852,4.500,0.990,5.005,-0.000,0.000,0.000,38
853,4.500,0.990,5.005,-0.000,0.000,0.000,38
854,4.500,0.990,5.005,-0.000,0.000,0.000,38
855,4.500,0.990,5.005,-0.000,0.000,0.000,38
856,4.500,0.990,5.005,-0.000,0.000,0.000,38
857,4.500,0.990,5.005,-0.000,0.000,-0.000,38
858,4.500,0.990,5.005,-0.000,0.000,-0.000,38
859,4.500,0.990,5.005,-0.000,0.000,-0.000,38
860,4.500,0.990,5.005,-0.000,0.000,-0.000,38
861,4.500,0.990,5.005,-0.000,0.000,-0.000,38
862,4.500,0.990,5.005,-0.000,0.000,-0.000,38
863,4.500,0.990,5.005,-0.000,0.000,-0.000,38
864,4.500,0.990,5.005,-0.000,0.000,-0.000,38
865,4.500,0.990,5.005,-0.000,0.000,-0.000,38
866,4.500,0.990,5.005,-0.000,0.000,-0.000,38
867,4.500,0.990,5.005,-0.000,0.000,-0.000,38
868,4.500,0.990,5.005,-0.000,-0.000,-0.000,38
869,4.500,0.990,5.005,-0.000,-0.000,-0.000,38
870,4.500,0.990,5.005,-0.000,-0.000,-0.000,38
871,4.500,0.990,5.005,-0.000,-0.000,0.000,38
872,4.500,0.990,5.005,-0.000,-0.000,0.000,38
873,4.500,0.990,5.005,-0.000,-0.000,0.000,38
874,4.500,0.990,5.005,-0.000,-0.000,0.000,38
875,4.500,0.990,5.005,-0.000,-0.000,0.000,38
876,4.500,0.990,5.005,-0.000,-0.000,0.000,38
877,4.500,0.990,5.005,-0.000,-0.000,0.000,38
878,4.500,0.990,5.005,-0.000,-0.000,0.000,38
879,4.500,0.990,5.005,-0.000,-0.000,0.000,38
880,4.500,0.990,5.005,-0.000,-0.000,0.000,38
881,4.500,0.990,5.005,-0.000,-0.000,0.000,38
882,4.500,0.990,5.005,-0.000,-0.000,0.000,38
883,4.500,0.990,5.005,-0.000,-0.000,0.000,38
884,4.500,0.990,5.005,-0.000,-0.000,0.000,38
885,4.500,0.990,5.005,-0.000,0.000,-0.000,38
886,4.500,0.990,5.005,-0.000,0.000,-0.000,38
887,4.500,0.990,5.005,-0.000,0.000,-0.000,38
888,4.500,0.990,5.005,-0.000,0.000,-0.000,38
889,4.500,0.990,5.005,-0.000,0.000,-0.000,38
890,4.500,0.990,5.005,-0.000,0.000,-0.000,38
891,4.500,0.990,5.005,-0.000,0.000,-0.000,38
892,4.500,0.990,5.005,-0.000,0.000,-0.000,38
893,4.500,0.990,5.005,-0.000,0.000,-0.000,38
894,4.500,0.990,5.005,-0.000,0.000,-0.000,38
895,4.500,0.990,5.005,-0.000,0.000,-0.000,38
896,4.500,0.990,5.005,-0.000,0.000,-0.000,38
897,4.500,0.990,5.005,-0.000,0.000,-0.000,38
898,4.500,0.990,5.005,-0.000,0.000,-0.000,38
899,4.500,0.990,5.005,-0.000,0.000,0.000,38
900,4.500,0.990,5.005,-0.000,0.000,0.000,38
901,4.500,0.990,5.005,-0.000,0.000,0.000,38
902,4.500,0.990,5.005,-0.000,-0.000,0.000,38
903,4.500,0.990,5.005,-0.000,-0.000,0.000,38
904,4.500,0.990,5.005,-0.000,-0.000,0.000,38
905,4.500,0.990,5.005,-0.000,-0.000,0.000,38
906,4.500,0.990,5.005,-0.000,-0.000,0.000,38
907,4.500,0.990,5.005,-0.000,-0.000,0.000,38
908,4.500,0.990,5.005,-0.000,-0.000,0.000,38
909,4.500,0.990,5.005,-0.000,-0.000,0.000,38
910,4.500,0.990,5.005,-0.000,-0.000,0.000,38
911,4.500,0.990,5.005,-0.000,-0.000,0.000,38
912,4.500,0.990,5.005,-0.000,-0.000,0.000,38
913,4.500,0.990,5.005,-0.000,-0.000,-0.000,38
914,4.500,0.990,5.005,-0.000,-0.000,-0.000,38
915,4.500,0.990,5.005,-0.000,-0.000,-0.000,38
916,4.500,0.990,5.005,-0.000,-0.000,-0.000,38
917,4.500,0.990,5.005,-0.000,-0.000,-0.000,38
918,4.500,0.990,5.005,-0.000,-0.000,-0.000,38
919,4.500,0.990,5.005,-0.000,0.000,-0.000,38
920,4.500,0.990,5.005,-0.000,0.000,-0.000,38
921,4.500,0.990,5.005,-0.000,0.000,-0.000,38
922,4.500,0.990,5.005,-0.000,0.000,-0.000,38
923,4.500,0.990,5.005,-0.000,0.000,-0.000,38
924,4.500,0.990,5.005,-0.000,0.000,-0.000,38
925,4.500,0.990,5.005,-0.000,0.000,-0.000,38
926,4.500,0.990,5.005,-0.000,0.000,-0.000,38
927,4.500,0.990,5.005,-0.000,0.000,-0.000,38
928,4.500,0.990,5.005,-0.000,0.000,0.000,38
929,4.500,0.990,5.005,-0.000,0.000,0.000,38
930,4.500,0.990,5.005,-0.000,0.000,0.000,38
931,4.500,0.990,5.005,-0.000,0.000,0.000,38
932,4.500,0.990,5.005,-0.000,0.000,0.000,38
933,4.500,0.990,5.005,-0.000,0.000,0.000,38
934,4.500,0.990,5.005,-0.000,0.000,0.000,38
935,4.500,0.990,5.005,-0.000,0.000,0.000,38
936,4.500,0.990,5.005,-0.000,-0.000,0.000,38
937,4.500,0.990,5.005,-0.000,-0.000,0.000,38
938,4.500,0.990,5.005,-0.000,-0.000,0.000,38
939,4.500,0.990,5.005,-0.000,-0.000,0.000,38
940,4.500,0.990,5.005,-0.000,-0.000,0.000,38
941,4.500,0.990,5.005,-0.000,-0.000,0.000,38
942,4.500,0.990,5.005,-0.000,-0.000,-0.000,38
943,4.500,0.990,5.005,-0.000,-0.000,-0.000,38
944,4.500,0.990,5.005,-0.000,-0.000,-0.000,38
945,4.500,0.990,5.005,-0.000,-0.000,-0.000,38
946,4.500,0.990,5.005,-0.000,-0.000,-0.000,38
947,4.500,0.990,5.005,-0.000,-0.000,-0.000,38
948,4.500,0.990,5.005,-0.000,-0.000,-0.000,38
949,4.500,0.990,5.005,-0.000,-0.000,-0.000,38
950,4.500,0.990,5.005,-0.000,-0.000,-0.000,38
951,4.500,0.990,5.005,-0.000,-0.000,-0.000,38
952,4.500,0.990,5.005,-0.000,-0.000,-0.000,38
953,4.500,0.990,5.005,-0.000,0.000,-0.000,38
954,4.500,0.990,5.005,-0.000,0.000,-0.000,38
955,4.500,0.990,5.005,-0.000,0.000,-0.000,38
956,4.500,0.990,5.005,-0.000,0.000,0.000,38
957,4.500,0.990,5.005,-0.000,0.000,0.000,38
958,4.500,0.990,5.005,-0.000,0.000,0.000,38
959,4.500,0.990,5.005,-0.000,0.000,0.000,38
960,4.500,0.990,5.005,-0.000,0.000,0.000,38
961,4.500,0.990,5.005,-0.000,0.000,0.000,38
962,4.500,0.990,5.005,-0.000,0.000,0.000,38
963,4.500,0.990,5.005,-0.000,0.000,0.000,38
964,4.500,0.990,5.005,-0.000,0.000,0.000,38
965,4.500,0.990,5.005,-0.000,0.000,0.000,38
966,4.500,0.990,5.005,-0.000,0.000,0.000,38
967,4.500,0.990,5.005,-0.000,0.000,0.000,38
968,4.500,0.990,5.005,-0.000,0.000,0.000,38
969,4.500,0.990,5.005,-0.000,0.000,0.000,38
970,4.500,0.990,5.005,-0.000,-0.000,-0.000,38
971,4.500,0.990,5.005,-0.000,-0.000,-0.000,38
972,4.500,0.990,5.005,-0.000,-0.000,-0.000,38
973,4.500,0.990,5.005,-0.000,-0.000,-0.000,38
974,4.500,0.990,5.005,-0.000,-0.000,-0.000,38
975,4.500,0.990,5.005,-0.000,-0.000,-0.000,38
976,4.500,0.990,5.005,-0.000,-0.000,-0.000,38
977,4.500,0.990,5.005,-0.000,-0.000,-0.000,38
978,4.500,0.990,5.005,-0.000,-0.000,-0.000,38
979,4.500,0.990,5.005,-0.000,-0.000,-0.000,38
980,4.500,0.990,5.005,-0.000,-0.000,-0.000,38
981,4.500,0.990,5.005,-0.000,-0.000,-0.000,38
982,4.500,0.990,5.005,-0.000,-0.000,-0.000,38
983,4.500,0.990,5.005,-0.000,-0.000,-0.000,38
984,4.500,0.990,5.005,-0.000,-0.000,0.000,38
985,4.500,0.990,5.005,-0.000,-0.000,0.000,38
986,4.500,0.990,5.005,-0.000,-0.000,0.000,38
987,4.500,0.990,5.005,-0.000,0.000,0.000,38
988,4.500,0.990,5.005,-0.000,0.000,0.000,38
989,4.500,0.990,5.005,-0.000,0.000,0.000,38
990,4.500,0.990,5.005,-0.000,0.000,0.000,38
991,4.500,0.990,5.005,-0.000,0.000,0.000,38
992,4.500,0.990,5.005,-0.000,0.000,0.000,38
993,4.500,0.990,5.005,-0.000,0.000,0.000,38
994,4.500,0.990,5.005,-0.000,0.000,0.000,38
995,4.500,0.990,5.005,-0.000,0.000,0.000,38
996,4.500,0.990,5.005,-0.000,0.000,0.000,38
997,4.500,0.990,5.005,-0.000,0.000,0.000,38
998,4.500,0.990,5.005,-0.000,0.000,0.000,38
999,4.500,0.990,5.005,-0.000,0.000,-0.000,38
1000,4.500,0.990,5.005,-0.000,0.000,-0.000,38
