1,-2.000,0.000,0.000,0.000,0.000,0.000,1
2,-2.000,0.000,0.153,0.000,0.000,0.000,1
3,-2.000,0.000,0.473,0.000,0.000,0.000,1
4,-2.000,0.000,0.808,0.000,0.000,0.000,1
5,-2.000,0.000,1.088,0.000,0.000,0.000,1
6,-2.000,0.000,1.290,0.000,0.000,0.000,1
7,-2.000,0.000,1.420,0.000,0.000,0.000,1
8,-2.000,0.000,1.493,0.000,0.000,0.000,1
9,-2.000,0.000,1.522,0.000,0.000,0.000,1
10,-2.000,0.000,1.534,0.000,0.000,0.000,1
11,-2.000,0.000,1.533,0.000,0.000,0.000,1
12,-2.000,0.000,1.527,0.000,0.000,0.000,1
13,-2.000,0.000,1.519,0.000,0.000,0.000,1
14,-2.000,0.000,1.512,0.000,0.000,0.000,1
15,-2.000,0.000,1.506,0.000,0.000,0.000,1
16,-2.000,0.000,1.506,0.000,0.000,0.000,1
17,-2.000,0.000,1.507,0.000,0.000,0.000,1
18,-2.000,0.000,1.507,0.000,0.000,0.000,1
19,-2.000,0.000,1.508,0.000,0.000,0.000,1
20,-2.000,0.000,1.508,0.000,0.000,0.000,1
21,-2.000,0.000,1.509,0.000,0.000,0.000,1
22,-2.000,0.000,1.509,0.000,0.000,0.000,1
23,-2.000,0.000,1.509,0.000,0.000,0.000,1
24,-2.000,0.000,1.509,0.000,0.000,0.000,1
25,-2.000,0.000,1.510,0.000,0.000,0.000,1
26,-2.000,0.000,1.510,0.000,0.000,0.000,1
27,-2.000,0.000,1.510,0.000,0.000,0.000,1
28,-2.000,0.000,1.510,0.000,0.000,0.000,1
29,-2.000,0.000,1.504,0.000,0.000,0.000,1
30,-2.000,0.000,1.503,0.000,0.000,0.000,1
31,-2.000,0.000,1.503,0.000,0.000,0.000,1
32,-2.000,0.000,1.503,0.000,0.000,0.000,1
33,-2.000,-0.000,1.502,0.000,-0.219,0.000,31.0
34,-2.001,-0.000,1.502,0.000,-0.362,0.000,31.0
35,-2.003,-0.000,1.502,0.000,-0.377,-0.000,31.0
36,-2.006,-0.000,1.501,0.000,-0.291,-0.000,31.0
37,-2.010,-0.000,1.501,0.000,-0.154,-0.000,31.0
38,-2.015,-0.000,1.501,0.000,-0.020,-0.000,31.0
39,-2.020,0.000,1.501,0.000,0.074,-0.000,31.0
40,-2.025,0.000,1.501,0.000,0.111,0.000,31.0
41,-2.029,0.000,1.501,0.000,0.098,0.000,31.0
42,-2.033,0.000,1.500,0.000,0.054,0.000,31.0
43,-2.037,0.000,1.500,0.000,0.002,0.000,31.0
44,-2.041,0.000,1.500,0.000,-0.038,0.000,31.0
45,-2.045,0.000,1.500,0.000,-0.057,0.000,31.0
46,-2.049,0.000,1.500,0.000,-0.054,-0.000,31.0
47,-2.053,0.000,1.500,0.000,-0.037,-0.000,31.0
48,-2.057,0.000,1.500,0.000,-0.013,-0.000,31.0
49,-2.062,0.000,1.500,0.000,0.008,-0.000,31.0
50,-2.067,0.000,1.500,0.000,0.020,-0.000,31.0
51,-2.071,0.000,1.500,0.000,0.023,0.000,31.0
52,-2.075,0.000,1.500,0.000,0.018,0.000,31.0
53,-2.080,0.000,1.500,0.000,0.009,0.000,31.0
54,-2.084,0.000,1.500,0.000,0.001,0.000,31.0
55,-2.088,0.000,1.500,0.000,-0.005,0.000,31.0
56,-2.093,0.000,1.500,0.000,-0.008,0.000,31.0
57,-2.097,0.000,1.500,0.000,-0.006,-0.000,31.0
58,-2.102,0.000,1.500,0.000,-0.003,-0.000,31.0
59,-2.106,0.000,1.500,0.000,0.001,-0.000,31.0
60,-2.110,0.000,1.500,0.000,0.004,-0.000,31.0
61,-2.115,0.000,1.500,0.000,0.006,-0.000,31.0
62,-2.119,0.000,1.500,0.000,0.006,0.000,31.0
63,-2.124,0.000,1.500,0.000,0.005,0.000,31.0
64,-2.128,0.000,1.500,0.000,0.003,0.000,31.0
65,-2.132,0.000,1.500,0.000,0.002,0.000,31.0
66,-2.137,0.000,1.500,0.000,0.001,0.000,31.0
67,-2.141,0.000,1.500,0.000,0.001,-0.000,31.0
68,-2.146,0.000,1.500,0.000,0.001,-0.000,31.0
69,-2.150,0.000,1.500,0.000,0.002,-0.000,31.0
70,-2.154,0.000,1.499,0.000,0.002,-0.000,31.0
71,-2.159,0.000,1.499,0.000,0.003,-0.000,31.0
72,-2.163,0.000,1.499,0.000,0.003,-0.000,31.0
73,-2.168,0.000,1.499,0.000,0.003,-0.000,31.0
74,-2.172,0.000,1.499,0.000,0.003,-0.000,31.0
75,-2.176,0.000,1.499,0.000,0.002,-0.000,31.0
76,-2.181,0.000,1.499,0.000,0.002,-0.000,31.0
77,-2.185,0.000,1.499,0.000,0.002,-0.000,31.0
78,-2.190,0.000,1.499,0.000,0.002,-0.000,31.0
79,-2.194,0.000,1.499,0.000,0.002,0.000,31.0
80,-2.198,0.000,1.499,0.000,0.002,0.000,31.0
81,-2.203,0.000,1.499,0.000,0.002,0.000,31.0
82,-2.207,0.000,1.499,0.000,0.002,0.000,31.0
83,-2.212,0.000,1.499,0.000,0.002,-0.000,31.0
84,-2.216,0.000,1.499,0.000,0.002,-0.000,31.0
85,-2.220,0.000,1.499,0.000,0.002,-0.000,31.0
86,-2.225,0.000,1.499,0.000,0.002,-0.000,31.0
87,-2.229,0.000,1.499,0.000,0.002,-0.000,31.0
88,-2.234,0.000,1.499,0.000,0.002,0.000,31.0
89,-2.238,0.000,1.499,0.000,0.002,0.000,31.0
90,-2.242,0.000,1.499,0.000,0.002,0.000,31.0
91,-2.247,0.000,1.499,0.000,0.002,0.000,31.0
92,-2.251,0.000,1.499,0.000,0.002,-0.000,31.0
93,-2.256,-0.000,1.499,0.000,0.002,-0.000,31.0
94,-2.260,-0.000,1.499,0.000,0.002,-0.000,31.0
95,-2.264,-0.000,1.499,0.000,0.002,-0.000,31.0
96,-2.269,-0.000,1.499,0.000,0.002,-0.000,31.0
97,-2.273,0.000,1.499,0.000,0.002,0.000,31.0
98,-2.278,0.000,1.499,0.000,0.002,0.000,31.0
99,-2.282,0.000,1.499,0.000,0.002,0.000,31.0
100,-2.287,0.000,1.499,0.000,0.002,0.000,31.0
101,-2.291,0.000,1.499,0.000,0.002,0.000,31.0
102,-2.295,0.000,1.499,0.000,0.002,-0.000,31.0
103,-2.300,-0.000,1.499,0.000,0.002,-0.000,31.0
104,-2.304,-0.000,1.499,0.000,0.002,-0.000,31.0
105,-2.309,-0.000,1.499,0.000,0.002,-0.000,31.0
106,-2.313,-0.000,1.499,0.000,0.002,-0.000,31.0
107,-2.317,0.000,1.499,0.000,0.002,-0.000,31.0
108,-2.322,0.000,1.499,0.000,0.002,0.000,31.0
109,-2.326,0.000,1.499,0.000,0.002,0.000,31.0
110,-2.331,0.000,1.499,0.000,0.002,0.000,31.0
111,-2.335,0.000,1.499,0.000,0.002,0.000,31.0
112,-2.339,0.000,1.499,0.000,0.002,0.000,31.0
113,-2.344,0.000,1.499,0.000,0.002,-0.000,31.0
114,-2.348,0.000,1.499,0.000,0.002,-0.000,31.0
115,-2.353,0.000,1.499,0.000,0.002,-0.000,31.0
116,-2.357,0.000,1.499,0.000,0.002,-0.000,31.0
117,-2.361,0.000,1.499,0.000,0.002,0.000,31.0
118,-2.366,0.000,1.499,0.000,0.002,0.000,31.0
119,-2.370,0.000,1.499,0.000,0.002,0.000,31.0
120,-2.375,0.000,1.499,0.000,0.221,0.000,31.0
121,-2.378,0.000,1.499,0.000,0.145,-0.000,31.0
122,-2.381,0.000,1.499,0.000,0.018,-0.000,31.0
123,-2.385,0.000,1.499,0.000,-0.084,-0.000,31.0
124,-2.388,0.000,1.499,0.000,-0.134,-0.000,31.0
125,-2.392,0.000,1.499,0.000,-0.132,0.000,31.0
126,-2.396,0.000,1.499,0.000,-0.091,0.000,31.0
127,-2.401,0.000,1.499,0.000,-0.035,0.000,31.0
128,-2.405,0.000,1.499,0.000,0.015,0.000,31.0
129,-2.410,0.000,1.499,0.000,0.046,0.000,31.0
130,-2.415,0.000,1.499,0.000,0.054,-0.000,31.0
131,-2.419,0.000,1.499,0.000,0.043,-0.000,31.0
132,-2.423,0.000,1.499,0.000,0.021,-0.000,31.0
133,-2.428,0.000,1.499,0.000,-0.000,-0.000,31.0
134,-2.432,0.000,1.499,0.000,-0.015,-0.000,31.0
135,-2.436,0.000,1.499,0.000,-0.021,0.000,31.0
136,-2.441,0.000,1.499,0.000,-0.018,0.000,31.0
137,-2.445,0.000,1.499,0.000,-0.010,0.000,31.0
138,-2.449,0.000,1.499,0.000,-0.000,0.000,31.0
139,-2.454,0.000,1.499,0.000,0.007,0.000,31.0
140,-2.458,0.000,1.499,0.000,0.011,-0.000,31.0
141,-2.463,0.000,1.499,0.000,0.011,-0.000,31.0
142,-2.467,0.000,1.499,0.000,0.008,-0.000,31.0
143,-2.472,0.000,1.499,0.000,0.004,-0.000,31.0
144,-2.476,0.000,1.499,0.000,0.001,-0.000,31.0
145,-2.480,0.000,1.499,0.000,-0.001,0.000,31.0
146,-2.485,0.000,1.499,0.000,-0.002,0.000,31.0
147,-2.489,0.000,1.499,0.000,-0.001,0.000,31.0
148,-2.493,0.000,1.499,0.000,0.001,0.000,31.0
149,-2.498,0.000,1.499,0.000,0.002,0.000,31.0
150,-2.502,0.000,1.499,0.000,0.004,0.000,31.0
151,-2.507,0.000,1.499,0.000,0.004,-0.000,31.0
152,-2.511,0.000,1.499,0.000,0.004,-0.000,31.0
153,-2.516,0.000,1.499,0.000,0.003,-0.000,31.0
154,-2.520,0.000,1.499,0.000,0.002,-0.000,31.0
155,-2.524,0.000,1.499,0.000,0.002,-0.000,31.0
156,-2.529,0.000,1.499,0.000,0.002,0.000,31.0
157,-2.533,0.000,1.499,0.000,0.002,0.000,31.0
158,-2.538,0.000,1.499,0.000,0.002,0.000,31.0
159,-2.542,0.000,1.499,0.000,0.002,0.000,31.0
160,-2.546,0.000,1.499,0.000,0.002,0.000,31.0
161,-2.551,0.000,1.499,0.000,0.003,-0.000,31.0
162,-2.555,0.000,1.499,0.000,0.003,-0.000,31.0
163,-2.560,0.000,1.499,0.000,0.003,-0.000,31.0
164,-2.564,0.000,1.499,0.000,0.002,-0.000,31.0
165,-2.568,0.000,1.499,0.000,0.002,-0.000,31.0
166,-2.573,0.000,1.499,0.000,0.002,0.000,31.0
167,-2.577,0.000,1.499,0.000,0.002,0.000,31.0
168,-2.582,0.000,1.499,0.000,0.002,0.000,31.0
169,-2.586,0.000,1.499,0.000,0.002,0.000,31.0
170,-2.590,0.000,1.499,0.000,0.002,0.000,31.0
171,-2.595,0.000,1.499,0.000,0.002,0.000,31.0
172,-2.599,0.000,1.499,0.000,0.002,-0.000,31.0
173,-2.604,0.000,1.499,0.000,0.002,-0.000,31.0
174,-2.608,0.000,1.499,0.000,0.002,-0.000,31.0
175,-2.612,0.000,1.499,0.000,0.002,-0.000,31.0
176,-2.617,0.000,1.499,0.000,0.002,-0.000,31.0
177,-2.621,0.000,1.499,0.000,0.002,-0.000,31.0
178,-2.626,0.000,1.499,0.000,0.002,-0.000,31.0
179,-2.630,0.000,1.499,0.000,0.002,-0.000,31.0
180,-2.634,0.000,1.499,0.000,0.002,-0.000,31.0
181,-2.639,0.000,1.499,0.000,0.002,-0.000,31.0
182,-2.643,0.000,1.499,0.000,0.002,-0.000,31.0
183,-2.648,0.000,1.499,0.000,0.002,-0.000,31.0
184,-2.652,0.000,1.499,0.000,0.002,-0.000,31.0
185,-2.656,0.000,1.499,0.000,0.004,-0.000,31.0
186,-2.661,0.000,1.499,0.000,0.007,-0.000,31.0
187,-2.665,0.000,1.499,0.000,0.012,-0.000,31.0
188,-2.670,0.000,1.499,0.000,0.016,-0.000,31.0
189,-2.674,0.000,1.499,0.000,0.016,0.000,31.0
190,-2.678,0.000,1.499,0.000,0.018,-0.000,31.0
191,-2.682,0.000,1.499,0.000,0.019,-0.000,31.0
192,-2.686,0.000,1.499,0.000,0.019,0.000,31.0
193,-2.691,0.000,1.499,0.000,0.018,0.000,31.0
194,-2.695,0.000,1.499,0.000,0.017,0.000,31.0
195,-2.699,0.000,1.499,0.000,0.016,0.000,31.0
196,-2.702,0.000,1.499,0.000,0.015,-0.000,31.0
197,-2.706,0.000,1.499,0.000,0.015,-0.000,31.0
198,-2.710,0.000,1.499,0.000,0.015,-0.000,31.0
199,-2.714,0.000,1.499,0.000,0.014,-0.000,31.0
200,-2.718,0.000,1.499,0.000,0.015,-0.000,31.0
201,-2.721,0.000,1.499,0.000,0.016,-0.000,31.0
202,-2.725,0.000,1.499,0.000,0.017,-0.000,31.0
203,-2.729,0.000,1.499,0.000,0.017,0.000,31.0
204,-2.732,0.000,1.499,0.000,0.017,0.000,31.0
205,-2.736,0.000,1.499,0.000,0.016,0.000,31.0
206,-2.739,0.000,1.498,0.000,0.015,0.000,31.0
207,-2.743,0.000,1.498,0.000,0.014,0.000,31.0
208,-2.746,0.000,1.498,0.000,0.012,0.000,31.0
209,-2.749,0.000,1.498,0.000,0.012,-0.000,31.0
210,-2.753,0.000,1.498,0.000,0.013,-0.000,31.0
211,-2.756,0.000,1.498,0.000,0.015,-0.000,31.0
212,-2.759,0.000,1.498,0.000,0.015,-0.000,31.0
213,-2.762,0.000,1.498,0.000,0.015,0.000,31.0
214,-2.765,0.000,1.498,0.000,0.015,0.000,31.0
215,-2.768,0.000,1.498,0.000,0.014,0.000,31.0
216,-2.771,0.000,1.498,0.000,0.013,0.000,31.0
217,-2.774,0.000,1.498,0.000,0.011,0.000,31.0
218,-2.777,0.000,1.498,0.000,0.011,-0.000,31.0
219,-2.780,0.000,1.498,0.000,0.012,-0.000,31.0
220,-2.783,0.000,1.498,0.000,0.013,-0.000,31.0
221,-2.786,0.000,1.498,0.000,0.013,-0.000,31.0
222,-2.789,0.000,1.498,0.000,0.013,0.000,31.0
223,-2.792,0.000,1.498,0.000,0.013,0.000,31.0
224,-2.794,0.000,1.498,0.000,0.012,0.000,31.0
225,-2.797,0.000,1.498,0.000,0.012,0.000,31.0
226,-2.800,0.000,1.498,0.000,0.011,0.000,31.0
227,-2.802,0.000,1.498,0.000,0.009,0.000,31.0
228,-2.805,0.000,1.498,0.000,0.010,-0.000,31.0
229,-2.807,0.000,1.498,0.000,0.011,-0.000,31.0
230,-2.810,0.000,1.498,0.000,0.011,-0.000,31.0
231,-2.812,0.000,1.498,0.000,0.012,0.000,31.0
232,-2.815,0.000,1.498,0.000,0.012,0.000,31.0
233,-2.817,0.000,1.498,0.000,0.011,0.000,31.0
234,-2.820,0.000,1.498,0.000,0.011,0.000,31.0
235,-2.822,0.000,1.498,0.000,0.009,0.000,31.0
236,-2.824,0.000,1.498,0.000,0.009,-0.000,31.0
237,-2.827,0.000,1.498,0.000,0.009,-0.000,31.0
238,-2.829,0.000,1.498,0.000,0.010,-0.000,31.0
239,-2.831,0.000,1.498,0.000,0.010,-0.000,31.0
240,-2.833,0.000,1.498,0.000,0.010,0.000,31.0
241,-2.836,0.000,1.498,0.000,0.010,0.000,31.0
242,-2.838,0.000,1.498,0.000,0.010,0.000,31.0
243,-2.840,0.000,1.498,-0.000,-0.024,-0.237,31.0
244,-2.842,0.001,1.498,-0.000,-0.147,-0.382,31.0
245,-2.845,0.003,1.499,-0.000,-0.214,-0.384,31.0
246,-2.848,0.006,1.499,-0.000,-0.207,-0.276,31.0
247,-2.852,0.011,1.500,-0.000,-0.141,-0.111,31.0
248,-2.857,0.015,1.500,-0.000,-0.038,0.062,31.0
249,-2.862,0.020,1.501,-0.000,0.076,0.211,31.0
250,-2.866,0.024,1.501,-0.000,0.177,0.318,31.0
251,-2.870,0.027,1.502,-0.000,0.248,0.377,31.0
252,-2.874,0.028,1.502,-0.000,0.255,0.349,31.0
253,-2.876,0.029,1.502,-0.000,0.196,0.242,31.0
254,-2.878,0.028,1.502,-0.000,0.104,0.105,31.0
255,-2.879,0.028,1.502,-0.000,0.015,-0.016,31.0
256,-2.880,0.027,1.503,-0.000,-0.047,-0.090,31.0
257,-2.881,0.026,1.503,-0.000,-0.070,-0.109,31.0
258,-2.883,0.026,1.503,-0.000,-0.061,-0.084,31.0
259,-2.885,0.026,1.503,-0.000,-0.030,-0.036,31.0
260,-2.886,0.026,1.503,-0.000,0.005,0.013,31.0
261,-2.888,0.026,1.503,-0.000,0.033,0.047,31.0
262,-2.890,0.027,1.503,-0.000,0.047,0.059,31.0
263,-2.892,0.026,1.503,-0.000,0.045,0.052,31.0
264,-2.893,0.026,1.504,-0.000,0.033,0.031,31.0
265,-2.894,0.026,1.504,-0.000,0.017,0.008,31.0
266,-2.896,0.025,1.504,-0.000,0.002,-0.011,31.0
267,-2.897,0.025,1.504,-0.000,-0.007,-0.021,31.0
268,-2.898,0.024,1.504,-0.000,-0.009,-0.021,31.0
269,-2.900,0.024,1.504,-0.000,-0.006,-0.015,31.0
270,-2.901,0.024,1.504,-0.000,0.000,-0.006,31.0
271,-2.902,0.024,1.504,-0.000,0.006,0.002,31.0
272,-2.904,0.023,1.504,-0.000,0.011,0.008,31.0
273,-2.905,0.023,1.504,-0.000,0.012,0.009,31.0
274,-2.906,0.023,1.504,-0.000,0.012,0.007,31.0
275,-2.907,0.023,1.504,-0.000,0.009,0.003,31.0
276,-2.909,0.022,1.504,-0.000,0.006,-0.001,31.0
277,-2.910,0.022,1.504,-0.000,0.004,-0.004,31.0
278,-2.911,0.022,1.504,-0.000,0.003,-0.005,31.0
279,-2.912,0.021,1.504,-0.000,0.002,-0.005,31.0
280,-2.913,0.021,1.504,-0.000,0.003,-0.003,31.0
281,-2.914,0.021,1.504,-0.000,0.004,-0.002,31.0
282,-2.916,0.021,1.504,-0.000,0.005,-0.000,31.0
283,-2.917,0.020,1.504,-0.000,0.006,0.000,31.0
284,-2.918,0.020,1.504,-0.000,0.006,0.001,31.0
285,-2.919,0.020,1.504,-0.000,0.006,0.000,31.0
286,-2.920,0.019,1.504,-0.000,0.005,-0.001,31.0
287,-2.921,0.019,1.504,-0.000,0.005,-0.001,31.0
288,-2.922,0.019,1.504,-0.000,0.004,-0.002,31.0
289,-2.923,0.019,1.504,-0.000,0.004,-0.002,31.0
290,-2.924,0.018,1.504,-0.000,0.004,-0.002,31.0
291,-2.925,0.018,1.504,-0.000,0.004,-0.001,31.0
292,-2.926,0.018,1.504,-0.000,0.004,-0.001,31.0
293,-2.927,0.018,1.504,-0.000,0.004,-0.001,31.0
294,-2.928,0.018,1.504,-0.000,0.004,-0.001,31.0
295,-2.929,0.017,1.504,-0.000,0.004,-0.001,31.0
296,-2.930,0.017,1.504,-0.000,0.004,-0.001,31.0
297,-2.931,0.017,1.504,-0.000,0.004,-0.001,31.0
298,-2.932,0.017,1.504,-0.000,0.004,-0.001,31.0
299,-2.933,0.016,1.504,-0.000,0.004,-0.001,31.0
300,-2.933,0.016,1.504,-0.000,0.004,-0.001,31.0
301,-2.934,0.016,1.504,-0.000,0.004,-0.001,31.0
302,-2.935,0.016,1.504,-0.000,0.004,-0.001,31.0
303,-2.936,0.016,1.504,-0.000,0.004,-0.001,31.0
304,-2.937,0.015,1.504,-0.000,0.004,-0.001,31.0
305,-2.938,0.015,1.504,-0.000,0.004,-0.001,31.0
306,-2.938,0.015,1.504,-0.000,0.004,-0.001,31.0
307,-2.939,0.015,1.504,-0.000,0.003,-0.001,31.0
308,-2.940,0.015,1.504,-0.000,0.003,-0.001,31.0
309,-2.941,0.014,1.504,-0.000,0.003,-0.001,31.0
310,-2.942,0.014,1.504,-0.000,0.003,-0.001,31.0
311,-2.942,0.014,1.504,-0.000,0.003,-0.001,31.0
312,-2.943,0.014,1.504,-0.000,0.003,-0.001,31.0
313,-2.944,0.014,1.504,-0.000,0.003,-0.001,31.0
314,-2.945,0.013,1.504,-0.000,0.003,-0.001,31.0
315,-2.945,0.013,1.504,-0.000,0.003,-0.001,31.0
316,-2.946,0.013,1.504,-0.000,0.003,-0.001,31.0
317,-2.947,0.013,1.504,-0.000,0.003,-0.001,31.0
318,-2.947,0.013,1.504,-0.000,0.003,-0.001,31.0
319,-2.948,0.013,1.504,-0.000,0.003,-0.001,31.0
320,-2.949,0.012,1.504,-0.000,0.003,-0.001,31.0
321,-2.950,0.012,1.504,-0.000,0.003,-0.001,31.0
322,-2.950,0.012,1.504,-0.000,0.003,-0.001,31.0
323,-2.951,0.012,1.504,-0.000,0.003,-0.001,31.0
324,-2.951,0.012,1.504,-0.000,0.003,-0.001,31.0
325,-2.952,0.012,1.504,-0.000,0.003,-0.001,31.0
326,-2.953,0.011,1.504,-0.000,0.003,-0.001,31.0
327,-2.953,0.011,1.504,-0.000,0.003,-0.001,31.0
328,-2.954,0.011,1.504,-0.000,0.003,-0.001,31.0
329,-2.955,0.011,1.504,-0.000,0.003,-0.001,31.0
330,-2.955,0.011,1.504,-0.000,0.003,-0.001,31.0
331,-2.956,0.011,1.504,-0.000,0.003,-0.001,31.0
332,-2.956,0.011,1.504,-0.000,0.002,-0.001,31.0
333,-2.957,0.010,1.504,-0.000,0.002,-0.001,31.0
334,-2.957,0.010,1.504,-0.000,0.002,-0.001,31.0
335,-2.958,0.010,1.504,-0.000,0.002,-0.001,31.0
336,-2.959,0.010,1.504,-0.000,0.002,-0.001,31.0
337,-2.959,0.010,1.504,-0.000,0.002,-0.001,31.0
338,-2.960,0.010,1.504,-0.000,0.002,-0.001,31.0
339,-2.960,0.010,1.504,-0.000,0.002,-0.001,31.0
340,-2.961,0.010,1.504,-0.000,0.002,-0.001,31.0
341,-2.961,0.009,1.504,-0.000,0.002,-0.001,31.0
342,-2.962,0.009,1.504,-0.000,0.002,-0.001,31.0
343,-2.962,0.009,1.504,-0.000,0.002,-0.001,31.0
344,-2.963,0.009,1.504,-0.000,0.002,-0.001,31.0
345,-2.963,0.009,1.504,-0.000,0.002,-0.001,31.0
346,-2.964,0.009,1.504,-0.000,0.002,-0.001,31.0
347,-2.964,0.009,1.504,-0.000,0.002,-0.000,31.0
348,-2.965,0.009,1.504,-0.000,0.002,-0.000,31.0
349,-2.965,0.008,1.504,-0.000,0.002,-0.000,31.0
350,-2.966,0.008,1.504,-0.000,0.002,-0.000,31.0
351,-2.966,0.008,1.504,-0.000,0.002,-0.000,31.0
352,-2.966,0.008,1.504,-0.000,0.002,-0.000,31.0
353,-2.967,0.008,1.504,-0.000,0.002,-0.000,31.0
354,-2.967,0.008,1.504,-0.000,0.002,-0.000,31.0
355,-2.968,0.008,1.504,-0.000,0.002,-0.000,31.0
356,-2.968,0.008,1.504,-0.000,0.002,-0.000,31.0
357,-2.969,0.008,1.504,-0.000,0.002,-0.000,31.0
358,-2.969,0.008,1.504,-0.000,0.002,-0.000,31.0
359,-2.969,0.007,1.504,-0.000,0.002,-0.000,31.0
360,-2.970,0.007,1.504,-0.000,0.002,-0.000,31.0
361,-2.970,0.007,1.504,-0.000,0.002,-0.000,31.0
362,-2.971,0.007,1.504,-0.000,0.002,-0.000,31.0
363,-2.971,0.007,1.504,-0.000,0.002,-0.000,31.0
364,-2.971,0.007,1.504,-0.000,0.002,-0.000,31.0
365,-2.972,0.007,1.504,-0.000,0.002,-0.000,31.0
366,-2.972,0.007,1.504,-0.000,0.002,-0.000,31.0
367,-2.972,0.007,1.504,-0.000,0.002,-0.000,31.0
368,-2.973,0.007,1.504,-0.000,0.002,-0.000,31.0
369,-2.973,0.007,1.504,-0.000,0.002,-0.000,31.0
370,-2.974,0.006,1.504,-0.000,0.002,-0.000,31.0
371,-2.974,0.006,1.504,-0.000,0.001,-0.000,31.0
372,-2.974,0.006,1.504,-0.000,0.001,-0.000,31.0
373,-2.975,0.006,1.504,-0.000,0.001,-0.000,31.0
374,-2.975,0.006,1.504,-0.000,0.001,-0.000,31.0
375,-2.975,0.006,1.504,-0.000,0.001,-0.000,31.0
376,-2.976,0.006,1.504,-0.000,0.001,-0.000,31.0
377,-2.976,0.006,1.504,-0.000,0.001,-0.000,31.0
378,-2.976,0.006,1.504,-0.000,0.001,-0.000,31.0
379,-2.976,0.006,1.504,-0.000,0.001,-0.000,31.0
380,-2.977,0.006,1.504,-0.000,0.001,-0.000,31.0
381,-2.977,0.006,1.504,-0.000,0.001,-0.000,31.0
382,-2.977,0.005,1.504,-0.000,0.001,-0.000,31.0
383,-2.978,0.005,1.504,-0.000,0.001,-0.000,31.0
384,-2.978,0.005,1.504,-0.000,0.001,-0.000,31.0
385,-2.978,0.005,1.504,-0.000,0.001,-0.000,31.0
386,-2.979,0.005,1.504,-0.000,0.001,-0.000,31.0
387,-2.979,0.005,1.504,-0.000,0.001,-0.000,31.0
388,-2.979,0.005,1.504,-0.000,0.001,-0.000,31.0
389,-2.979,0.005,1.504,-0.000,0.001,-0.000,31.0
390,-2.980,0.005,1.504,-0.000,0.001,-0.000,31.0
391,-2.980,0.005,1.504,-0.000,0.001,-0.000,31.0
392,-2.980,0.005,1.504,-0.000,0.001,-0.000,31.0
393,-2.980,0.005,1.504,-0.000,0.001,-0.000,31.0
394,-2.981,0.005,1.504,-0.000,0.001,-0.000,31.0
395,-2.981,0.005,1.504,-0.000,0.001,-0.000,31.0
396,-2.981,0.005,1.504,-0.000,0.001,-0.000,31.0
397,-2.981,0.005,1.504,-0.000,0.001,-0.000,31.0
398,-2.982,0.004,1.504,-0.000,0.001,-0.000,31.0
399,-2.982,0.004,1.504,-0.000,0.001,-0.000,31.0
400,-2.982,0.004,1.504,-0.000,0.001,-0.000,31.0
401,-2.982,0.004,1.504,-0.000,0.001,-0.000,31.0
402,-2.983,0.004,1.504,-0.000,0.001,-0.000,31.0
403,-2.983,0.004,1.504,-0.000,0.001,-0.000,31.0
404,-2.983,0.004,1.504,-0.000,0.001,-0.000,31.0
405,-2.983,0.004,1.504,-0.000,0.001,-0.000,31.0
406,-2.984,0.004,1.504,-0.000,0.001,-0.000,31.0
407,-2.984,0.004,1.504,-0.000,0.001,-0.000,31.0
408,-2.984,0.004,1.504,-0.000,0.001,-0.000,31.0
409,-2.984,0.004,1.504,-0.000,0.001,-0.000,31.0
410,-2.984,0.004,1.504,-0.000,0.001,-0.000,31.0
411,-2.985,0.004,1.504,-0.000,0.001,-0.000,31.0
412,-2.985,0.004,1.504,-0.000,0.001,-0.000,31.0
413,-2.985,0.004,1.504,-0.000,0.001,-0.000,31.0
414,-2.985,0.004,1.504,-0.000,0.001,-0.000,31.0
415,-2.985,0.004,1.504,-0.000,0.001,-0.000,31.0
416,-2.986,0.004,1.504,-0.000,0.001,-0.000,31.0
417,-2.986,0.003,1.504,-0.000,0.001,-0.000,31.0
418,-2.986,0.003,1.504,-0.000,0.001,-0.000,31.0
419,-2.986,0.003,1.504,-0.000,0.001,-0.000,31.0
420,-2.986,0.003,1.504,-0.000,0.001,-0.000,31.0
421,-2.986,0.003,1.504,-0.000,0.001,-0.000,31.0
422,-2.987,0.003,1.504,-0.000,0.001,-0.000,31.0
423,-2.987,0.003,1.504,-0.000,0.001,-0.000,31.0
424,-2.987,0.003,1.504,-0.000,0.001,-0.000,31.0
425,-2.987,0.003,1.504,-0.000,0.001,-0.000,31.0
426,-2.987,0.003,1.504,-0.000,0.001,-0.000,31.0
427,-2.988,0.003,1.504,-0.000,0.001,-0.000,31.0
428,-2.988,0.003,1.504,-0.000,0.001,-0.000,31.0
429,-2.988,0.003,1.504,-0.000,0.001,-0.000,31.0
430,-2.988,0.003,1.504,-0.000,0.001,-0.000,31.0
431,-2.988,0.003,1.504,-0.000,0.001,-0.000,31.0
432,-2.988,0.003,1.504,-0.000,0.001,-0.000,31.0
433,-2.988,0.003,1.504,-0.000,0.001,-0.000,31.0
434,-2.989,0.003,1.504,-0.000,0.001,-0.000,31.0
435,-2.989,0.003,1.504,-0.000,0.001,-0.000,31.0
436,-2.989,0.003,1.504,-0.000,0.001,-0.000,31.0
437,-2.989,0.003,1.504,-0.000,0.001,-0.000,31.0
438,-2.989,0.003,1.504,-0.000,0.001,-0.000,31.0
439,-2.989,0.003,1.504,-0.000,0.001,-0.000,31.0
440,-2.989,0.003,1.504,-0.000,0.001,-0.000,31.0
441,-2.990,0.003,1.504,-0.000,0.001,-0.000,31.0
442,-2.990,0.002,1.504,-0.000,0.001,-0.000,31.0
443,-2.990,0.002,1.504,-0.000,0.001,-0.000,31.0
444,-2.990,0.002,1.504,-0.000,0.001,-0.000,31.0
445,-2.990,0.002,1.504,-0.000,0.001,-0.000,31.0
446,-2.990,0.002,1.504,-0.000,0.001,-0.000,31.0
447,-2.990,0.002,1.504,-0.000,0.001,-0.000,31.0
448,-2.991,0.002,1.504,-0.000,0.007,-0.002,31.0
449,-2.991,0.002,1.504,-0.000,0.010,-0.003,31.0
450,-2.991,0.002,1.504,-0.000,0.011,-0.003,31.0
451,-2.991,0.002,1.504,-0.000,0.008,-0.002,31.0
452,-2.991,0.002,1.504,-0.000,0.004,-0.001,31.0
453,-2.991,0.002,1.504,-0.000,0.001,-0.000,31.0
454,-2.991,0.002,1.504,-0.000,-0.002,0.000,31.0
455,-2.991,0.002,1.504,-0.000,-0.003,0.001,31.0
456,-2.991,0.002,1.504,-0.000,-0.003,0.001,31.0
457,-2.991,0.002,1.504,-0.000,-0.001,0.000,31.0
458,-2.991,0.002,1.504,-0.000,0.000,-0.000,31.0
459,-2.991,0.002,1.504,-0.000,0.001,-0.000,31.0
460,-2.991,0.002,1.504,-0.000,0.002,-0.000,31.0
461,-2.991,0.002,1.504,-0.000,0.002,-0.000,31.0
462,-2.991,0.002,1.504,-0.000,0.001,-0.000,31.0
463,-2.991,0.002,1.504,-0.000,0.000,-0.000,31.0
464,-2.991,0.002,1.504,-0.000,-0.000,0.000,31.0
465,-2.991,0.002,1.504,-0.000,-0.000,0.000,31.0
466,-2.991,0.002,1.504,-0.000,-0.001,0.000,31.0
467,-2.991,0.002,1.504,-0.000,-0.000,0.000,31.0
468,-2.991,0.002,1.504,-0.000,-0.000,0.000,31.0
469,-2.991,0.002,1.504,-0.000,0.000,-0.000,31.0
470,-2.991,0.002,1.504,-0.000,0.000,-0.000,31.0
471,-2.991,0.002,1.504,-0.000,0.000,-0.000,31.0
472,-2.991,0.002,1.504,-0.000,0.000,-0.000,31.0
473,-2.991,0.002,1.504,-0.000,0.000,-0.000,31.0
474,-2.991,0.002,1.504,-0.000,0.000,-0.000,31.0
475,-2.991,0.002,1.504,-0.000,-0.000,0.000,31.0
476,-2.991,0.002,1.504,-0.000,-0.000,0.000,31.0
477,-2.991,0.002,1.504,-0.000,-0.000,0.000,31.0
478,-2.991,0.002,1.504,-0.000,-0.000,0.000,31.0
479,-2.991,0.002,1.504,-0.000,-0.000,0.000,31.0
480,-2.991,0.002,1.504,-0.000,0.000,-0.000,31.0
481,-2.991,0.002,1.504,-0.000,0.000,-0.000,31.0
482,-2.991,0.002,1.504,-0.000,0.000,-0.000,31.0
483,-2.991,0.002,1.504,-0.000,0.000,-0.000,31.0
484,-2.991,0.002,1.504,-0.000,0.000,-0.000,31.0
485,-2.991,0.002,1.504,-0.000,-0.000,0.000,31.0
486,-2.991,0.002,1.504,-0.000,-0.000,0.000,31.0
487,-2.991,0.002,1.504,-0.000,-0.000,0.000,31.0
488,-2.991,0.002,1.504,-0.000,-0.000,0.000,31.0
489,-2.991,0.002,1.504,-0.000,-0.000,0.000,31.0
490,-2.991,0.002,1.504,-0.000,-0.000,0.000,31.0
491,-2.991,0.002,1.504,-0.000,0.000,-0.000,31.0
492,-2.991,0.002,1.504,-0.000,0.000,-0.000,31.0
493,-2.991,0.002,1.504,-0.000,0.000,-0.000,31.0
494,-2.991,0.002,1.504,-0.000,0.000,-0.000,31.0
495,-2.991,0.002,1.504,-0.000,0.000,-0.000,31.0
496,-2.991,0.002,1.504,-0.000,-0.000,0.000,31.0
497,-2.991,0.002,1.504,-0.000,-0.000,0.000,31.0
498,-2.991,0.002,1.504,-0.000,-0.000,0.000,31.0
499,-2.991,0.002,1.504,-0.000,-0.000,0.000,31.0
500,-2.991,0.002,1.504,-0.000,-0.000,0.000,31.0
501,-2.991,0.002,1.504,-0.000,0.000,-0.000,31.0
502,-2.991,0.002,1.504,-0.000,0.000,-0.000,31.0
503,-2.991,0.002,1.504,-0.000,0.000,-0.000,31.0
504,-2.991,0.002,1.504,-0.000,0.000,-0.000,31.0
505,-2.991,0.002,1.504,-0.000,0.000,-0.000,31.0
506,-2.991,0.002,1.504,-0.000,0.000,-0.000,31.0
507,-2.991,0.002,1.504,-0.000,-0.000,0.000,31.0
508,-2.991,0.002,1.504,-0.000,-0.000,0.000,31.0
509,-2.991,0.002,1.504,-0.000,-0.000,0.000,31.0
510,-2.991,0.002,1.504,-0.000,-0.000,0.000,31.0
511,-2.991,0.002,1.504,-0.000,-0.000,0.000,31.0
512,-2.991,0.002,1.504,-0.000,0.000,-0.000,31.0
513,-2.991,0.002,1.504,-0.000,0.000,-0.000,31.0
514,-2.991,0.002,1.504,-0.000,0.000,-0.000,31.0
515,-2.991,0.002,1.504,-0.000,0.000,-0.000,31.0
516,-2.991,0.002,1.504,-0.000,0.000,-0.000,31.0
517,-2.991,0.002,1.504,-0.000,-0.000,0.000,31.0
518,-2.991,0.002,1.504,-0.000,-0.000,0.000,31.0
519,-2.991,0.002,1.504,-0.000,-0.000,0.000,31.0
520,-2.991,0.002,1.504,-0.000,-0.000,0.000,31.0
521,-2.991,0.002,1.504,-0.000,-0.000,0.000,31.0
522,-2.991,0.002,1.504,-0.000,-0.000,0.000,31.0
523,-2.991,0.002,1.504,-0.000,0.000,-0.000,31.0
524,-2.991,0.002,1.504,-0.000,0.000,-0.000,31.0
525,-2.991,0.002,1.504,-0.000,0.000,-0.000,31.0
526,-2.991,0.002,1.504,-0.000,0.000,-0.000,31.0
527,-2.991,0.002,1.504,-0.000,0.000,-0.000,31.0
528,-2.991,0.002,1.504,-0.000,-0.000,0.000,31.0
529,-2.991,0.002,1.504,-0.000,-0.000,0.000,31.0
530,-2.991,0.002,1.504,-0.000,-0.000,0.000,31.0
531,-2.991,0.002,1.504,-0.000,-0.000,0.000,31.0
532,-2.991,0.002,1.504,-0.000,-0.000,0.000,31.0
533,-2.991,0.002,1.504,-0.000,0.000,-0.000,31.0
534,-2.991,0.002,1.504,-0.000,0.000,-0.000,31.0
535,-2.991,0.002,1.504,-0.000,0.000,-0.000,31.0
536,-2.991,0.002,1.504,-0.000,0.000,-0.000,31.0
537,-2.991,0.002,1.504,-0.000,0.000,-0.000,31.0
538,-2.991,0.002,1.504,-0.000,0.000,-0.000,31.0
539,-2.991,0.002,1.504,-0.000,-0.000,0.000,31.0
540,-2.991,0.002,1.504,-0.000,-0.000,0.000,31.0
541,-2.991,0.002,1.504,-0.000,-0.000,0.000,31.0
542,-2.991,0.002,1.504,-0.000,-0.000,0.000,31.0
543,-2.991,0.002,1.504,-0.000,-0.000,0.000,31.0
544,-2.991,0.002,1.504,-0.000,0.000,-0.000,31.0
545,-2.991,0.002,1.504,-0.000,0.000,-0.000,31.0
546,-2.991,0.002,1.504,-0.000,0.000,-0.000,31.0
547,-2.991,0.002,1.504,-0.000,0.000,-0.000,31.0
548,-2.991,0.002,1.504,-0.000,0.000,-0.000,31.0
549,-2.991,0.002,1.504,-0.000,-0.000,0.000,31.0
550,-2.991,0.002,1.504,-0.000,-0.000,0.000,31.0
551,-2.991,0.002,1.504,-0.000,-0.000,0.000,31.0
552,-2.991,0.002,1.504,-0.000,-0.000,0.000,31.0
553,-2.991,0.002,1.504,-0.000,-0.000,0.000,31.0
554,-2.991,0.002,1.504,-0.000,-0.000,0.000,31.0
555,-2.991,0.002,1.504,-0.000,0.000,-0.000,31.0
556,-2.991,0.002,1.504,-0.000,0.000,-0.000,31.0
557,-2.991,0.002,1.504,-0.000,0.000,-0.000,31.0
558,-2.991,0.002,1.504,-0.000,0.000,-0.000,31.0
559,-2.991,0.002,1.504,-0.000,0.000,-0.000,31.0
560,-2.991,0.002,1.504,-0.000,-0.000,0.000,31.0
561,-2.991,0.002,1.504,-0.000,-0.000,0.000,31.0
562,-2.991,0.002,1.504,-0.000,-0.000,0.000,31.0
563,-2.991,0.002,1.504,-0.000,-0.000,0.000,31.0
564,-2.991,0.002,1.504,-0.000,-0.000,0.000,31.0
565,-2.991,0.002,1.504,-0.000,0.000,-0.000,31.0
566,-2.991,0.002,1.504,-0.000,0.000,-0.000,31.0
567,-2.991,0.002,1.504,-0.000,0.000,-0.000,31.0
568,-2.991,0.002,1.504,-0.000,0.000,-0.000,31.0
569,-2.991,0.002,1.504,-0.000,0.000,-0.000,31.0
570,-2.991,0.002,1.504,-0.000,0.000,-0.000,31.0
571,-2.991,0.002,1.504,-0.000,-0.000,0.000,31.0
572,-2.991,0.002,1.504,-0.000,-0.000,0.000,31.0
573,-2.991,0.002,1.504,-0.000,-0.000,0.000,31.0
574,-2.991,0.002,1.504,-0.000,-0.000,0.000,31.0
575,-2.991,0.002,1.504,-0.000,-0.000,0.000,31.0
576,-2.991,0.002,1.504,-0.000,0.000,-0.000,31.0
577,-2.991,0.002,1.504,-0.000,0.000,-0.000,31.0
578,-2.991,0.002,1.504,-0.000,0.000,-0.000,31.0
579,-2.991,0.002,1.504,-0.000,0.000,-0.000,31.0
580,-2.991,0.002,1.504,-0.000,0.000,-0.000,31.0
581,-2.991,0.002,1.504,-0.000,-0.000,0.000,31.0
582,-2.991,0.002,1.504,-0.000,-0.000,0.000,31.0
583,-2.991,0.002,1.504,-0.000,-0.000,0.000,31.0
584,-2.991,0.002,1.504,-0.000,-0.000,0.000,31.0
585,-2.991,0.002,1.504,-0.000,-0.000,0.000,31.0
586,-2.991,0.002,1.504,-0.000,-0.000,0.000,31.0
587,-2.991,0.002,1.504,-0.000,0.000,-0.000,31.0
588,-2.991,0.002,1.504,-0.000,0.000,-0.000,31.0
589,-2.991,0.002,1.504,-0.000,0.000,-0.000,31.0
590,-2.991,0.002,1.504,-0.000,0.000,-0.000,31.0
591,-2.991,0.002,1.504,-0.000,0.000,-0.000,31.0
592,-2.991,0.002,1.504,-0.000,-0.000,0.000,31.0
593,-2.991,0.002,1.504,-0.000,-0.000,0.000,31.0
594,-2.991,0.002,1.504,-0.000,-0.000,0.000,31.0
595,-2.991,0.002,1.504,-0.000,-0.000,0.000,31.0
596,-2.991,0.002,1.504,-0.000,-0.000,0.000,31.0
597,-2.991,0.002,1.504,-0.000,0.000,-0.000,31.0
598,-2.991,0.002,1.504,-0.000,0.000,-0.000,31.0
599,-2.991,0.002,1.504,-0.000,0.000,-0.000,31.0
600,-2.991,0.002,1.504,-0.000,0.000,-0.000,31.0
601,-2.991,0.002,1.504,-0.000,0.000,-0.000,31.0
602,-2.991,0.002,1.504,-0.000,0.000,-0.000,31.0
603,-2.991,0.002,1.504,-0.000,-0.000,-0.000,31.0
604,-2.991,0.002,1.504,-0.000,-0.000,-0.000,31.0
605,-2.991,0.002,1.504,-0.000,-0.000,-0.000,31.0
606,-2.991,0.002,1.504,-0.000,-0.000,-0.000,31.0
607,-2.991,0.002,1.504,-0.000,-0.000,-0.000,31.0
608,-2.991,0.002,1.504,-0.000,-0.000,-0.000,31.0
609,-2.991,0.002,1.504,-0.000,0.000,0.000,31.0
610,-2.991,0.002,1.504,-0.000,0.000,0.000,31.0
611,-2.991,0.002,1.504,-0.000,0.000,0.000,31.0
612,-2.991,0.002,1.504,-0.000,0.000,0.000,31.0
613,-2.991,0.002,1.504,-0.000,0.000,-0.000,31.0
614,-2.991,0.002,1.504,-0.000,0.000,0.000,31.0
615,-2.991,0.002,1.504,-0.000,0.000,0.000,31.0
616,-2.991,0.002,1.504,-0.000,0.000,-0.000,31.0
617,-2.991,0.002,1.504,-0.000,0.000,0.000,31.0
618,-2.991,0.002,1.504,-0.000,-0.000,0.000,31.0
619,-2.991,0.002,1.504,-0.000,-0.000,0.000,31.0
620,-2.991,0.002,1.504,-0.000,-0.000,0.000,31.0
621,-2.991,0.002,1.504,-0.000,-0.000,-0.000,31.0
622,-2.991,0.002,1.504,-0.000,-0.000,0.000,31.0
623,-2.991,0.002,1.504,-0.000,-0.000,0.000,31.0
624,-2.991,0.002,1.504,-0.000,-0.000,-0.000,31.0
625,-2.991,0.002,1.504,-0.000,-0.000,0.000,31.0
626,-2.991,0.002,1.504,-0.000,-0.000,0.000,31.0
627,-2.991,0.002,1.504,-0.000,-0.000,-0.000,31.0
628,-2.991,0.002,1.504,-0.000,-0.000,0.000,31.0
629,-2.991,0.002,1.504,-0.000,-0.000,-0.000,31.0
630,-2.991,0.002,1.504,-0.000,0.000,0.000,31.0
631,-2.991,0.002,1.504,-0.000,0.000,0.000,31.0
632,-2.991,0.002,1.504,-0.000,0.000,-0.000,31.0
633,-2.991,0.002,1.504,-0.000,0.000,0.000,31.0
634,-2.991,0.002,1.504,-0.000,0.000,0.000,31.0
635,-2.991,0.002,1.504,-0.000,0.000,-0.000,31.0
636,-2.991,0.002,1.504,-0.000,0.000,0.000,31.0
637,-2.991,0.002,1.504,-0.000,0.000,0.000,31.0
638,-2.991,0.002,1.504,-0.000,0.000,0.000,31.0
639,-2.991,0.002,1.504,-0.000,0.000,0.000,31.0
640,-2.991,0.002,1.504,-0.000,0.000,-0.000,31.0
641,-2.991,0.002,1.504,-0.000,0.000,0.000,31.0
642,-2.991,0.002,1.504,-0.000,0.000,0.000,31.0
643,-2.991,0.002,1.504,-0.000,0.000,-0.000,31.0
644,-2.991,0.002,1.504,-0.000,-0.000,0.000,31.0
645,-2.991,0.002,1.504,-0.000,-0.000,0.000,31.0
646,-2.991,0.002,1.504,-0.000,-0.000,-0.000,31.0
647,-2.991,0.002,1.504,-0.000,-0.000,0.000,31.0
648,-2.991,0.002,1.504,-0.000,-0.000,-0.000,31.0
649,-2.991,0.002,1.504,-0.000,-0.000,0.000,31.0
650,-2.991,0.002,1.504,-0.000,-0.000,0.000,31.0
651,-2.991,0.002,1.504,-0.000,-0.000,-0.000,31.0
652,-2.991,0.002,1.504,-0.000,-0.000,0.000,31.0
653,-2.991,0.002,1.504,-0.000,-0.000,0.000,31.0
654,-2.991,0.002,1.504,-0.000,-0.000,-0.000,31.0
655,-2.991,0.002,1.504,-0.000,-0.000,0.000,31.0
656,-2.991,0.002,1.504,-0.000,-0.000,-0.000,31.0
657,-2.991,0.002,1.504,-0.000,-0.000,0.000,31.0
658,-2.991,0.002,1.504,-0.000,0.000,0.000,31.0
659,-2.991,0.002,1.504,-0.000,0.000,-0.000,31.0
660,-2.991,0.002,1.504,-0.000,0.000,0.000,31.0
661,-2.991,0.002,1.504,-0.000,0.000,0.000,31.0
662,-2.991,0.002,1.504,-0.000,0.000,-0.000,31.0
663,-2.991,0.002,1.504,-0.000,0.000,0.000,31.0
664,-2.991,0.002,1.504,-0.000,0.000,0.000,31.0
665,-2.991,0.002,1.504,-0.000,0.000,0.000,31.0
666,-2.991,0.002,1.504,-0.000,0.000,0.000,31.0
667,-2.991,0.002,1.504,-0.000,0.000,-0.000,31.0
668,-2.991,0.002,1.504,-0.000,0.000,0.000,31.0
669,-2.991,0.002,1.504,-0.000,0.000,0.000,31.0
670,-2.991,0.002,1.504,-0.000,0.000,-0.000,31.0
671,-2.991,0.002,1.504,-0.000,0.000,0.000,31.0
672,-2.991,0.002,1.504,-0.000,-0.000,0.000,31.0
673,-2.991,0.002,1.504,-0.000,-0.000,-0.000,31.0
674,-2.991,0.002,1.504,-0.000,-0.000,0.000,31.0
675,-2.991,0.002,1.504,-0.000,-0.000,-0.000,31.0
676,-2.991,0.002,1.504,-0.000,-0.000,0.000,31.0
677,-2.991,0.002,1.504,-0.000,-0.000,0.000,31.0
678,-2.991,0.002,1.504,-0.000,-0.000,-0.000,31.0
679,-2.991,0.002,1.504,-0.000,-0.000,0.000,31.0
680,-2.991,0.002,1.504,-0.000,-0.000,0.000,31.0
681,-2.991,0.002,1.504,-0.000,-0.000,-0.000,31.0
682,-2.991,0.002,1.504,-0.000,-0.000,0.000,31.0
683,-2.991,0.002,1.504,-0.000,-0.000,0.000,31.0
684,-2.991,0.002,1.504,-0.000,-0.000,0.000,31.0
685,-2.991,0.002,1.504,-0.000,-0.000,0.000,31.0
686,-2.991,0.002,1.504,-0.000,0.000,-0.000,31.0
687,-2.991,0.002,1.504,-0.000,0.000,0.000,31.0
688,-2.991,0.002,1.504,-0.000,0.000,0.000,31.0
689,-2.991,0.002,1.504,-0.000,0.000,-0.000,31.0
690,-2.991,0.002,1.504,-0.000,0.000,0.000,31.0
691,-2.991,0.002,1.504,-0.000,0.000,0.000,31.0
692,-2.991,0.002,1.504,-0.000,0.000,-0.000,31.0
693,-2.991,0.002,1.504,-0.000,0.000,0.000,31.0
694,-2.991,0.002,1.504,-0.000,0.000,-0.000,31.0
695,-2.991,0.002,1.504,-0.000,0.000,0.000,31.0
696,-2.991,0.002,1.504,-0.000,0.000,0.000,31.0
697,-2.991,0.002,1.504,-0.000,0.000,-0.000,31.0
698,-2.991,0.002,1.504,-0.000,0.000,0.000,31.0
699,-2.991,0.002,1.504,-0.000,0.000,0.000,31.0
700,-2.991,0.002,1.504,-0.000,-0.000,-0.000,31.0
701,-2.991,0.002,1.504,-0.000,-0.000,0.000,31.0
702,-2.991,0.002,1.504,-0.000,-0.000,-0.000,31.0
703,-2.991,0.002,1.504,-0.000,-0.000,0.000,31.0
704,-2.991,0.002,1.504,-0.000,-0.000,0.000,31.0
705,-2.991,0.002,1.504,-0.000,-0.000,-0.000,31.0
706,-2.991,0.002,1.504,-0.000,-0.000,0.000,31.0
707,-2.991,0.002,1.504,-0.000,-0.000,0.000,31.0
708,-2.991,0.002,1.504,-0.000,-0.000,-0.000,31.0
709,-2.991,0.002,1.504,-0.000,-0.000,0.000,31.0
710,-2.991,0.002,1.504,-0.000,-0.000,0.000,31.0
711,-2.991,0.002,1.504,-0.000,-0.000,0.000,31.0
712,-2.991,0.002,1.504,-0.000,-0.000,0.000,31.0
713,-2.991,0.002,1.504,-0.000,-0.000,-0.000,31.0
714,-2.991,0.002,1.504,-0.000,0.000,0.000,31.0
715,-2.991,0.002,1.504,-0.000,0.000,0.000,31.0
716,-2.991,0.002,1.504,-0.000,0.000,-0.000,31.0
717,-2.991,0.002,1.504,-0.000,0.000,0.000,31.0
718,-2.991,0.002,1.504,-0.000,0.000,0.000,31.0
719,-2.991,0.002,1.504,-0.000,0.000,-0.000,31.0
720,-2.991,0.002,1.504,-0.000,0.000,0.000,31.0
721,-2.991,0.002,1.504,-0.000,0.000,-0.000,31.0
722,-2.991,0.002,1.504,-0.000,0.000,0.000,31.0
723,-2.991,0.002,1.504,-0.000,0.000,0.000,31.0
724,-2.991,0.002,1.504,-0.000,0.000,-0.000,31.0
725,-2.991,0.002,1.504,-0.000,0.000,0.000,31.0
726,-2.991,0.002,1.504,-0.000,0.000,0.000,31.0
727,-2.991,0.002,1.504,-0.000,0.000,-0.000,31.0
728,-2.991,0.002,1.504,-0.000,-0.000,0.000,31.0
729,-2.991,0.002,1.504,-0.000,-0.000,0.000,31.0
730,-2.991,0.002,1.504,-0.000,-0.000,0.000,31.0
731,-2.991,0.002,1.504,-0.000,-0.000,0.000,31.0
732,-2.991,0.002,1.504,-0.000,-0.000,-0.000,31.0
733,-2.991,0.002,1.504,-0.000,-0.000,0.000,31.0
734,-2.991,0.002,1.504,-0.000,-0.000,0.000,31.0
735,-2.991,0.002,1.504,-0.000,-0.000,-0.000,31.0
736,-2.991,0.002,1.504,-0.000,-0.000,0.000,31.0
737,-2.991,0.002,1.504,-0.000,-0.000,0.000,31.0
738,-2.991,0.002,1.504,-0.000,-0.000,-0.000,31.0
739,-2.991,0.002,1.504,-0.000,-0.000,0.000,31.0
740,-2.991,0.002,1.504,-0.000,-0.000,-0.000,31.0
741,-2.991,0.002,1.504,-0.000,-0.000,0.000,31.0
742,-2.991,0.002,1.504,-0.000,0.000,0.000,31.0
743,-2.991,0.002,1.504,-0.000,0.000,-0.000,31.0
744,-2.991,0.002,1.504,-0.000,0.000,0.000,31.0
745,-2.991,0.002,1.504,-0.000,0.000,0.000,31.0
746,-2.991,0.002,1.504,-0.000,0.000,-0.000,31.0
747,-2.991,0.002,1.504,-0.000,0.000,0.000,31.0
748,-2.991,0.002,1.504,-0.000,0.000,0.000,31.0
749,-2.991,0.002,1.504,-0.000,0.000,0.000,31.0
750,-2.991,0.002,1.504,-0.000,0.000,0.000,31.0
751,-2.991,0.002,1.504,-0.000,0.000,-0.000,31.0
752,-2.991,0.002,1.504,-0.000,0.000,0.000,31.0
753,-2.991,0.002,1.504,-0.000,0.000,0.000,31.0
754,-2.991,0.002,1.504,-0.000,0.000,-0.000,31.0
755,-2.991,0.002,1.504,-0.000,0.000,0.000,31.0
756,-2.991,0.002,1.504,-0.000,-0.000,-0.000,31.0
757,-2.991,0.002,1.504,-0.000,-0.000,0.000,31.0
758,-2.991,0.002,1.504,-0.000,-0.000,0.000,31.0
759,-2.991,0.002,1.504,-0.000,-0.000,-0.000,31.0
760,-2.991,0.002,1.504,-0.000,-0.000,0.000,31.0
761,-2.991,0.002,1.504,-0.000,-0.000,0.000,31.0
762,-2.991,0.002,1.504,-0.000,-0.000,-0.000,31.0
763,-2.991,0.002,1.504,-0.000,-0.000,0.000,31.0
764,-2.991,0.002,1.504,-0.000,-0.000,0.000,31.0
765,-2.991,0.002,1.504,-0.000,-0.000,-0.000,31.0
766,-2.991,0.002,1.504,-0.000,-0.000,0.000,31.0
767,-2.991,0.002,1.504,-0.000,-0.000,0.000,31.0
768,-2.991,0.002,1.504,-0.000,-0.000,0.000,31.0
769,-2.991,0.002,1.504,-0.000,-0.000,0.000,31.0
770,-2.991,0.002,1.504,-0.000,0.000,-0.000,31.0
771,-2.991,0.002,1.504,-0.000,0.000,0.000,31.0
772,-2.991,0.002,1.504,-0.000,0.000,0.000,31.0
773,-2.991,0.002,1.504,-0.000,0.000,-0.000,31.0
774,-2.991,0.002,1.504,-0.000,0.000,0.000,31.0
775,-2.991,0.002,1.504,-0.000,0.000,-0.000,31.0
776,-2.991,0.002,1.504,-0.000,0.000,0.000,31.0
777,-2.991,0.002,1.504,-0.000,0.000,0.000,31.0
778,-2.991,0.002,1.504,-0.000,0.000,-0.000,31.0
779,-2.991,0.002,1.504,-0.000,0.000,0.000,31.0
780,-2.991,0.002,1.504,-0.000,0.000,0.000,31.0
781,-2.991,0.002,1.504,-0.000,0.000,-0.000,31.0
782,-2.991,0.002,1.504,-0.000,0.000,0.000,31.0
783,-2.991,0.002,1.504,-0.000,0.000,0.000,31.0
784,-2.991,0.002,1.504,-0.000,-0.000,-0.000,31.0
785,-2.991,0.002,1.504,-0.000,-0.000,0.000,31.0
786,-2.991,0.002,1.504,-0.000,-0.000,0.000,31.0
787,-2.991,0.002,1.504,-0.000,-0.000,0.000,31.0
788,-2.991,0.002,1.504,-0.000,-0.000,0.000,31.0
789,-2.991,0.002,1.504,-0.000,-0.000,-0.000,31.0
790,-2.991,0.002,1.504,-0.000,-0.000,0.000,31.0
791,-2.991,0.002,1.504,-0.000,-0.000,0.000,31.0
792,-2.991,0.002,1.504,-0.000,-0.000,-0.000,31.0
793,-2.991,0.002,1.504,-0.000,-0.000,0.000,31.0
794,-2.991,0.002,1.504,-0.000,-0.000,-0.000,31.0
795,-2.991,0.002,1.504,-0.000,-0.000,0.000,31.0
796,-2.991,0.002,1.504,-0.000,-0.000,0.000,31.0
797,-2.991,0.002,1.504,-0.000,-0.000,-0.000,31.0
798,-2.991,0.002,1.504,-0.000,0.000,0.000,31.0
799,-2.991,0.002,1.504,-0.000,0.000,0.000,31.0
800,-2.991,0.002,1.504,-0.000,0.000,-0.000,31.0
801,-2.991,0.002,1.504,-0.000,0.000,0.000,31.0
802,-2.991,0.002,1.504,-0.000,0.000,0.000,31.0
803,-2.991,0.002,1.504,-0.000,0.000,-0.000,31.0
804,-2.991,0.002,1.504,-0.000,0.000,0.000,31.0
805,-2.991,0.002,1.504,-0.000,0.000,-0.000,31.0
806,-2.991,0.002,1.504,-0.000,0.000,0.000,31.0
807,-2.991,0.002,1.504,-0.000,0.000,0.000,31.0
808,-2.991,0.002,1.504,-0.000,0.000,-0.000,31.0
809,-2.991,0.002,1.504,-0.000,0.000,0.000,31.0
810,-2.991,0.002,1.504,-0.000,0.000,0.000,31.0
811,-2.991,0.002,1.504,-0.000,0.000,-0.000,31.0
812,-2.991,0.002,1.504,-0.000,-0.000,0.000,31.0
813,-2.991,0.002,1.504,-0.000,-0.000,0.000,31.0
814,-2.991,0.002,1.504,-0.000,-0.000,0.000,31.0
815,-2.991,0.002,1.504,-0.000,-0.000,0.000,31.0
816,-2.991,0.002,1.504,-0.000,-0.000,-0.000,31.0
817,-2.991,0.002,1.504,-0.000,-0.000,0.000,31.0
818,-2.991,0.002,1.504,-0.000,-0.000,0.000,31.0
819,-2.991,0.002,1.504,-0.000,-0.000,-0.000,31.0
820,-2.991,0.002,1.504,-0.000,-0.000,0.000,31.0
821,-2.991,0.002,1.504,-0.000,-0.000,-0.000,31.0
822,-2.991,0.002,1.504,-0.000,-0.000,0.000,31.0
823,-2.991,0.002,1.504,-0.000,-0.000,0.000,31.0
824,-2.991,0.002,1.504,-0.000,-0.000,-0.000,31.0
825,-2.991,0.002,1.504,-0.000,-0.000,0.000,31.0
826,-2.991,0.002,1.504,-0.000,0.000,0.000,31.0
827,-2.991,0.002,1.504,-0.000,0.000,-0.000,31.0
828,-2.991,0.002,1.504,-0.000,0.000,0.000,31.0
829,-2.991,0.002,1.504,-0.000,0.000,0.000,31.0
830,-2.991,0.002,1.504,-0.000,0.000,-0.000,31.0
831,-2.991,0.002,1.504,-0.000,0.000,0.000,31.0
832,-2.991,0.002,1.504,-0.000,0.000,-0.000,31.0
833,-2.991,0.002,1.504,-0.000,0.000,0.000,31.0
834,-2.991,0.002,1.504,-0.000,0.000,0.000,31.0
835,-2.991,0.002,1.504,-0.000,0.000,-0.000,31.0
836,-2.991,0.002,1.504,-0.000,0.000,0.000,31.0
837,-2.991,0.002,1.504,-0.000,0.000,0.000,31.0
838,-2.991,0.002,1.504,-0.000,0.000,-0.000,31.0
839,-2.991,0.002,1.504,-0.000,0.000,0.000,31.0
840,-2.991,0.002,1.504,-0.000,-0.000,0.000,31.0
841,-2.991,0.002,1.504,-0.000,-0.000,0.000,31.0
842,-2.991,0.002,1.504,-0.000,-0.000,0.000,31.0
843,-2.991,0.002,1.504,-0.000,-0.000,-0.000,31.0
844,-2.991,0.002,1.504,-0.000,-0.000,0.000,31.0
845,-2.991,0.002,1.504,-0.000,-0.000,0.000,31.0
846,-2.991,0.002,1.504,-0.000,-0.000,-0.000,31.0
847,-2.991,0.002,1.504,-0.000,-0.000,0.000,31.0
848,-2.991,0.002,1.504,-0.000,-0.000,0.000,31.0
849,-2.991,0.002,1.504,-0.000,-0.000,-0.000,31.0
850,-2.991,0.002,1.504,-0.000,-0.000,0.000,31.0
851,-2.991,0.002,1.504,-0.000,-0.000,-0.000,31.0
852,-2.991,0.002,1.504,-0.000,-0.000,0.000,31.0
853,-2.991,0.002,1.504,-0.000,-0.000,0.000,31.0
854,-2.991,0.002,1.504,-0.000,0.000,-0.000,31.0
855,-2.991,0.002,1.504,-0.000,0.000,0.000,31.0
856,-2.991,0.002,1.504,-0.000,0.000,0.000,31.0
857,-2.991,0.002,1.504,-0.000,0.000,-0.000,31.0
858,-2.991,0.002,1.504,-0.000,0.000,0.000,31.0
859,-2.991,0.002,1.504,-0.000,0.000,0.000,31.0
860,-2.991,0.002,1.504,-0.000,0.000,0.000,31.0
861,-2.991,0.002,1.504,-0.000,0.000,0.000,31.0
862,-2.991,0.002,1.504,-0.000,0.000,-0.000,31.0
863,-2.991,0.002,1.504,-0.000,0.000,0.000,31.0
864,-2.991,0.002,1.504,-0.000,0.000,0.000,31.0
865,-2.991,0.002,1.504,-0.000,0.000,-0.000,31.0
866,-2.991,0.002,1.504,-0.000,0.000,0.000,31.0
867,-2.991,0.002,1.504,-0.000,0.000,-0.000,31.0
868,-2.991,0.002,1.504,-0.000,-0.000,0.000,31.0
869,-2.991,0.002,1.504,-0.000,-0.000,0.000,31.0
870,-2.991,0.002,1.504,-0.000,-0.000,-0.000,31.0
871,-2.991,0.002,1.504,-0.000,-0.000,0.000,31.0
872,-2.991,0.002,1.504,-0.000,-0.000,0.000,31.0
873,-2.991,0.002,1.504,-0.000,-0.000,-0.000,31.0
874,-2.991,0.002,1.504,-0.000,-0.000,0.000,31.0
875,-2.991,0.002,1.504,-0.000,-0.000,0.000,31.0
876,-2.991,0.002,1.504,-0.000,-0.000,-0.000,31.0
877,-2.991,0.002,1.504,-0.000,-0.000,0.000,31.0
878,-2.991,0.002,1.504,-0.000,-0.000,0.000,31.0
879,-2.991,0.002,1.504,-0.000,-0.000,0.000,31.0
880,-2.991,0.002,1.504,-0.000,-0.000,0.000,31.0
881,-2.991,0.002,1.504,-0.000,-0.000,-0.000,31.0
882,-2.991,0.002,1.504,-0.000,0.000,0.000,31.0
883,-2.991,0.002,1.504,-0.000,0.000,0.000,31.0
884,-2.991,0.002,1.504,-0.000,0.000,-0.000,31.0
885,-2.991,0.002,1.504,-0.000,0.000,0.000,31.0
886,-2.991,0.002,1.504,-0.000,0.000,-0.000,31.0
887,-2.991,0.002,1.504,-0.000,0.000,0.000,31.0
888,-2.991,0.002,1.504,-0.000,0.000,0.000,31.0
889,-2.991,0.002,1.504,-0.000,0.000,-0.000,31.0
890,-2.991,0.002,1.504,-0.000,0.000,0.000,31.0
891,-2.991,0.002,1.504,-0.000,0.000,0.000,31.0
892,-2.991,0.002,1.504,-0.000,0.000,-0.000,31.0
893,-2.991,0.002,1.504,-0.000,0.000,0.000,31.0
894,-2.991,0.002,1.504,-0.000,0.000,0.000,31.0
895,-2.991,0.002,1.504,-0.000,0.000,-0.000,31.0
896,-2.991,0.002,1.504,-0.000,-0.000,0.000,31.0
897,-2.991,0.002,1.504,-0.000,-0.000,-0.000,31.0
898,-2.991,0.002,1.504,-0.000,-0.000,0.000,31.0
899,-2.991,0.002,1.504,-0.000,-0.000,0.000,31.0
900,-2.991,0.002,1.504,-0.000,-0.000,-0.000,31.0
901,-2.991,0.002,1.504,-0.000,-0.000,0.000,31.0
902,-2.991,0.002,1.504,-0.000,-0.000,0.000,31.0
903,-2.991,0.002,1.504,-0.000,-0.000,-0.000,31.0
904,-2.991,0.002,1.504,-0.000,-0.000,0.000,31.0
905,-2.991,0.002,1.504,-0.000,-0.000,0.000,31.0
906,-2.991,0.002,1.504,-0.000,-0.000,0.000,31.0
907,-2.991,0.002,1.504,-0.000,-0.000,0.000,31.0
908,-2.991,0.002,1.504,-0.000,-0.000,-0.000,31.0
909,-2.991,0.002,1.504,-0.000,-0.000,0.000,31.0
910,-2.991,0.002,1.504,-0.000,0.000,0.000,31.0
911,-2.991,0.002,1.504,-0.000,0.000,-0.000,31.0
912,-2.991,0.002,1.504,-0.000,0.000,0.000,31.0
913,-2.991,0.002,1.504,-0.000,0.000,0.000,31.0
914,-2.991,0.002,1.504,-0.000,0.000,0.000,31.0
915,-2.991,0.002,1.504,-0.000,0.000,0.000,31.0
916,-2.991,0.002,1.504,-0.000,0.000,-0.000,31.0
917,-2.991,0.002,1.504,-0.000,0.000,0.000,31.0
918,-2.991,0.002,1.504,-0.000,0.000,0.000,31.0
919,-2.991,0.002,1.504,-0.000,0.000,-0.000,31.0
920,-2.991,0.002,1.504,-0.000,0.000,0.000,31.0
921,-2.991,0.002,1.504,-0.000,0.000,0.000,31.0
922,-2.991,0.002,1.504,-0.000,0.000,-0.000,31.0
923,-2.991,0.002,1.504,-0.000,0.000,0.000,31.0
924,-2.991,0.002,1.504,-0.000,-0.000,-0.000,31.0
925,-2.991,0.002,1.504,-0.000,-0.000,0.000,31.0
926,-2.991,0.002,1.504,-0.000,-0.000,0.000,31.0
927,-2.991,0.002,1.504,-0.000,-0.000,-0.000,31.0
928,-2.991,0.002,1.504,-0.000,-0.000,0.000,31.0
929,-2.991,0.002,1.504,-0.000,-0.000,0.000,31.0
930,-2.991,0.002,1.504,-0.000,-0.000,-0.000,31.0
931,-2.991,0.002,1.504,-0.000,-0.000,0.000,31.0
932,-2.991,0.002,1.504,-0.000,-0.000,0.000,31.0
933,-2.991,0.002,1.504,-0.000,-0.000,0.000,31.0
934,-2.991,0.002,1.504,-0.000,-0.000,0.000,31.0
935,-2.991,0.002,1.504,-0.000,-0.000,-0.000,31.0
936,-2.991,0.002,1.504,-0.000,-0.000,0.000,31.0
937,-2.991,0.002,1.504,-0.000,-0.000,0.000,31.0
938,-2.991,0.002,1.504,-0.000,0.000,-0.000,31.0
939,-2.991,0.002,1.504,-0.000,0.000,0.000,31.0
940,-2.991,0.002,1.504,-0.000,0.000,0.000,31.0
941,-2.991,0.002,1.504,-0.000,0.000,-0.000,31.0
942,-2.991,0.002,1.504,-0.000,0.000,0.000,31.0
943,-2.991,0.002,1.504,-0.000,0.000,-0.000,31.0
944,-2.991,0.002,1.504,-0.000,0.000,0.000,31.0
945,-2.991,0.002,1.504,-0.000,0.000,0.000,31.0
946,-2.991,0.002,1.504,-0.000,0.000,-0.000,31.0
947,-2.991,0.002,1.504,-0.000,0.000,0.000,31.0
948,-2.991,0.002,1.504,-0.000,0.000,0.000,31.0
949,-2.991,0.002,1.504,-0.000,0.000,-0.000,31.0
950,-2.991,0.002,1.504,-0.000,0.000,0.000,31.0
951,-2.991,0.002,1.504,-0.000,0.000,0.000,31.0
952,-2.991,0.002,1.504,-0.000,-0.000,0.000,31.0
953,-2.991,0.002,1.504,-0.000,-0.000,0.000,31.0
954,-2.991,0.002,1.504,-0.000,-0.000,-0.000,31.0
955,-2.991,0.002,1.504,-0.000,-0.000,0.000,31.0
956,-2.991,0.002,1.504,-0.000,-0.000,0.000,31.0
957,-2.991,0.002,1.504,-0.000,-0.000,-0.000,31.0
958,-2.991,0.002,1.504,-0.000,-0.000,0.000,31.0
959,-2.991,0.002,1.504,-0.000,-0.000,0.000,31.0
960,-2.991,0.002,1.504,-0.000,-0.000,-0.000,31.0
961,-2.991,0.002,1.504,-0.000,-0.000,0.000,31.0
962,-2.991,0.002,1.504,-0.000,-0.000,-0.000,31.0
963,-2.991,0.002,1.504,-0.000,-0.000,0.000,31.0
964,-2.991,0.002,1.504,-0.000,-0.000,0.000,31.0
965,-2.991,0.002,1.504,-0.000,-0.000,-0.000,31.0
966,-2.991,0.002,1.504,-0.000,0.000,0.000,31.0
967,-2.991,0.002,1.504,-0.000,0.000,0.000,31.0
968,-2.991,0.002,1.504,-0.000,0.000,-0.000,31.0
969,-2.991,0.002,1.504,-0.000,0.000,0.000,31.0
970,-2.991,0.002,1.504,-0.000,0.000,-0.000,31.0
971,-2.991,0.002,1.504,-0.000,0.000,0.000,31.0
972,-2.991,0.002,1.504,-0.000,0.000,0.000,31.0
973,-2.991,0.002,1.504,-0.000,0.000,-0.000,31.0
974,-2.991,0.002,1.504,-0.000,0.000,0.000,31.0
975,-2.991,0.002,1.504,-0.000,0.000,0.000,31.0
976,-2.991,0.002,1.504,-0.000,0.000,-0.000,31.0
977,-2.991,0.002,1.504,-0.000,0.000,0.000,31.0
978,-2.991,0.002,1.504,-0.000,0.000,0.000,31.0
979,-2.991,0.002,1.504,-0.000,0.000,0.000,31.0
980,-2.991,0.002,1.504,-0.000,-0.000,0.000,31.0
981,-2.991,0.002,1.504,-0.000,-0.000,-0.000,31.0
982,-2.991,0.002,1.504,-0.000,-0.000,0.000,31.0
983,-2.991,0.002,1.504,-0.000,-0.000,0.000,31.0
984,-2.991,0.002,1.504,-0.000,-0.000,-0.000,31.0
985,-2.991,0.002,1.504,-0.000,-0.000,0.000,31.0
986,-2.991,0.002,1.504,-0.000,-0.000,0.000,31.0
987,-2.991,0.002,1.504,-0.000,-0.000,-0.000,31.0
988,-2.991,0.002,1.504,-0.000,-0.000,0.000,31.0
989,-2.991,0.002,1.504,-0.000,-0.000,-0.000,31.0
990,-2.991,0.002,1.504,-0.000,-0.000,0.000,31.0
991,-2.991,0.002,1.504,-0.000,-0.000,0.000,31.0
992,-2.991,0.002,1.504,-0.000,-0.000,-0.000,31.0
993,-2.991,0.002,1.504,-0.000,-0.000,0.000,31.0
994,-2.991,0.002,1.504,-0.000,0.000,0.000,31.0
995,-2.991,0.002,1.504,-0.000,0.000,-0.000,31.0
996,-2.991,0.002,1.504,-0.000,0.000,0.000,31.0
997,-2.991,0.002,1.504,-0.000,0.000,0.000,31.0
998,-2.991,0.002,1.504,-0.000,0.000,0.000,31.0
999,-2.991,0.002,1.504,-0.000,0.000,0.000,31.0
1000,-2.991,0.002,1.504,-0.000,0.000,-0.000,31.0
1001,-2.991,0.002,1.504,-0.000,0.000,0.000,31.0
1002,-2.991,0.002,1.504,-0.000,0.000,0.000,31.0
1003,-2.991,0.002,1.504,-0.000,0.000,-0.000,31.0
1004,-2.991,0.002,1.504,-0.000,0.000,0.000,31.0
1005,-2.991,0.002,1.504,-0.000,0.000,0.000,31.0
1006,-2.991,0.002,1.504,-0.000,0.000,-0.000,31.0
1007,-2.991,0.002,1.504,-0.000,0.000,0.000,31.0
1008,-2.991,0.002,1.504,-0.000,-0.000,-0.000,31.0
1009,-2.991,0.002,1.504,-0.000,-0.000,0.000,31.0
1010,-2.991,0.002,1.504,-0.000,-0.000,0.000,31.0
1011,-2.991,0.002,1.504,-0.000,-0.000,-0.000,31.0
1012,-2.991,0.002,1.504,-0.000,-0.000,0.000,31.0
1013,-2.991,0.002,1.504,-0.000,-0.000,0.000,31.0
1014,-2.991,0.002,1.504,-0.000,-0.000,-0.000,31.0
1015,-2.991,0.002,1.504,-0.000,-0.000,0.000,31.0
1016,-2.991,0.002,1.504,-0.000,-0.000,-0.000,31.0
1017,-2.991,0.002,1.504,-0.000,-0.000,0.000,31.0
1018,-2.991,0.002,1.504,-0.000,-0.000,0.000,31.0
1019,-2.991,0.002,1.504,-0.000,-0.000,-0.000,31.0
1020,-2.991,0.002,1.504,-0.000,-0.000,0.000,31.0
1021,-2.991,0.002,1.504,-0.000,-0.000,0.000,31.0
1022,-2.991,0.002,1.504,-0.000,0.000,-0.000,31.0
1023,-2.991,0.002,1.504,-0.000,0.000,0.000,31.0
1024,-2.991,0.002,1.504,-0.000,0.000,0.000,31.0
1025,-2.991,0.002,1.504,-0.000,0.000,0.000,31.0
1026,-2.991,0.002,1.504,-0.000,0.000,0.000,31.0
1027,-2.991,0.002,1.504,-0.000,0.000,-0.000,31.0
1028,-2.991,0.002,1.504,-0.000,0.000,0.000,31.0
1029,-2.991,0.002,1.504,-0.000,0.000,0.000,31.0
1030,-2.991,0.002,1.504,-0.000,0.000,-0.000,31.0
1031,-2.991,0.002,1.504,-0.000,0.000,0.000,31.0
1032,-2.991,0.002,1.504,-0.000,0.000,0.000,31.0
1033,-2.991,0.002,1.504,-0.000,0.000,-0.000,31.0
1034,-2.991,0.002,1.504,-0.000,0.000,0.000,31.0
1035,-2.991,0.002,1.504,-0.000,0.000,-0.000,31.0
1036,-2.991,0.002,1.504,-0.000,-0.000,0.000,31.0
1037,-2.991,0.002,1.504,-0.000,-0.000,0.000,31.0
1038,-2.991,0.002,1.504,-0.000,-0.000,-0.000,31.0
1039,-2.991,0.002,1.504,-0.000,-0.000,0.000,31.0
1040,-2.991,0.002,1.504,-0.000,-0.000,0.000,31.0
1041,-2.991,0.002,1.504,-0.000,-0.000,-0.000,31.0
1042,-2.991,0.002,1.504,-0.000,-0.000,0.000,31.0
1043,-2.991,0.002,1.504,-0.000,-0.000,0.000,31.0
1044,-2.991,0.002,1.504,-0.000,-0.000,0.000,31.0
1045,-2.991,0.002,1.504,-0.000,-0.000,0.000,31.0
1046,-2.991,0.002,1.504,-0.000,-0.000,-0.000,31.0
1047,-2.991,0.002,1.504,-0.000,-0.000,0.000,31.0
1048,-2.991,0.002,1.504,-0.000,-0.000,0.000,31.0
1049,-2.991,0.002,1.504,-0.000,-0.000,-0.000,31.0
1050,-2.991,0.002,1.504,-0.000,0.000,0.000,31.0
1051,-2.991,0.002,1.504,-0.000,0.000,0.000,31.0
1052,-2.991,0.002,1.504,-0.000,0.000,-0.000,31.0
1053,-2.991,0.002,1.504,-0.000,0.000,0.000,31.0
1054,-2.991,0.002,1.504,-0.000,0.000,-0.000,31.0
1055,-2.991,0.002,1.504,-0.000,0.000,0.000,31.0
1056,-2.991,0.002,1.504,-0.000,0.000,0.000,31.0
1057,-2.991,0.002,1.504,-0.000,0.000,-0.000,31.0
1058,-2.991,0.002,1.504,-0.000,0.000,0.000,31.0
1059,-2.991,0.002,1.504,-0.000,0.000,0.000,31.0
1060,-2.991,0.002,1.504,-0.000,0.000,-0.000,31.0
1061,-2.991,0.002,1.504,-0.000,0.000,0.000,31.0
1062,-2.991,0.002,1.504,-0.000,0.000,-0.000,31.0
1063,-2.991,0.002,1.504,-0.000,0.000,0.000,31.0
1064,-2.991,0.002,1.504,-0.000,-0.000,0.000,31.0
1065,-2.991,0.002,1.504,-0.000,-0.000,-0.000,31.0
1066,-2.991,0.002,1.504,-0.000,-0.000,0.000,31.0
1067,-2.991,0.002,1.504,-0.000,-0.000,0.000,31.0
1068,-2.991,0.002,1.504,-0.000,-0.000,-0.000,31.0
1069,-2.991,0.002,1.504,-0.000,-0.000,0.000,31.0
1070,-2.991,0.002,1.504,-0.000,-0.000,0.000,31.0
1071,-2.991,0.002,1.504,-0.000,-0.000,0.000,31.0
1072,-2.991,0.002,1.504,-0.000,-0.000,0.000,31.0
1073,-2.991,0.002,1.504,-0.000,-0.000,-0.000,31.0
1074,-2.991,0.002,1.504,-0.000,-0.000,0.000,31.0
1075,-2.991,0.002,1.504,-0.000,-0.000,0.000,31.0
1076,-2.991,0.002,1.504,-0.000,-0.000,-0.000,31.0
1077,-2.991,0.002,1.504,-0.000,-0.000,0.000,31.0
1078,-2.991,0.002,1.504,-0.000,0.000,0.000,31.0
1079,-2.991,0.002,1.504,-0.000,0.000,-0.000,31.0
1080,-2.991,0.002,1.504,-0.000,0.000,0.000,31.0
1081,-2.991,0.002,1.504,-0.000,0.000,0.000,31.0
1082,-2.991,0.002,1.504,-0.000,0.000,0.000,31.0
1083,-2.991,0.002,1.504,-0.000,0.000,0.000,31.0
1084,-2.991,0.002,1.504,-0.000,0.000,-0.000,31.0
1085,-2.991,0.002,1.504,-0.000,0.000,0.000,31.0
1086,-2.991,0.002,1.504,-0.000,0.000,0.000,31.0
1087,-2.991,0.002,1.504,-0.000,0.000,-0.000,31.0
1088,-2.991,0.002,1.504,-0.000,0.000,0.000,31.0
1089,-2.991,0.002,1.504,-0.000,0.000,-0.000,31.0
1090,-2.991,0.002,1.504,-0.000,0.000,0.000,31.0
1091,-2.991,0.002,1.504,-0.000,0.000,0.000,31.0
1092,-2.991,0.002,1.504,-0.000,-0.000,-0.000,31.0
1093,-2.991,0.002,1.504,-0.000,-0.000,0.000,31.0
1094,-2.991,0.002,1.504,-0.000,-0.000,0.000,31.0
1095,-2.991,0.002,1.504,-0.000,-0.000,-0.000,31.0
1096,-2.991,0.002,1.504,-0.000,-0.000,0.000,31.0
1097,-2.991,0.002,1.504,-0.000,-0.000,0.000,31.0
1098,-2.991,0.002,1.504,-0.000,-0.000,-0.000,31.0
1099,-2.991,0.002,1.504,-0.000,-0.000,0.000,31.0
1100,-2.991,0.002,1.504,-0.000,-0.000,0.000,31.0
1101,-2.991,0.002,1.504,-0.000,-0.000,0.000,31.0
1102,-2.991,0.002,1.504,-0.000,-0.000,0.000,31.0
1103,-2.991,0.002,1.504,-0.000,-0.000,-0.000,31.0
1104,-2.991,0.002,1.504,-0.000,-0.000,0.000,31.0
1105,-2.991,0.002,1.504,-0.000,-0.000,0.000,31.0
1106,-2.991,0.002,1.504,-0.000,0.000,-0.000,31.0
1107,-2.991,0.002,1.504,-0.000,0.000,0.000,31.0
1108,-2.991,0.002,1.504,-0.000,0.000,-0.000,31.0
1109,-2.991,0.002,1.504,-0.000,0.000,0.000,31.0
1110,-2.991,0.002,1.504,-0.000,0.000,0.000,31.0
1111,-2.991,0.002,1.504,-0.000,0.000,-0.000,31.0
1112,-2.991,0.002,1.504,-0.000,0.000,0.000,31.0
1113,-2.991,0.002,1.504,-0.000,0.000,0.000,31.0
1114,-2.991,0.002,1.504,-0.000,0.000,-0.000,31.0
1115,-2.991,0.002,1.504,-0.000,0.000,0.000,31.0
1116,-2.991,0.002,1.504,-0.000,0.000,0.000,31.0
1117,-2.991,0.002,1.504,-0.000,0.000,-0.000,31.0
1118,-2.991,0.002,1.504,-0.000,0.000,0.000,31.0
1119,-2.991,0.002,1.504,-0.000,0.000,-0.000,31.0
1120,-2.991,0.002,1.504,-0.000,-0.000,0.000,31.0
1121,-2.991,0.002,1.504,-0.000,-0.000,0.000,31.0
1122,-2.991,0.002,1.504,-0.000,-0.000,-0.000,31.0
1123,-2.991,0.002,1.504,-0.000,-0.000,0.000,31.0
1124,-2.991,0.002,1.504,-0.000,-0.000,0.000,31.0
1125,-2.991,0.002,1.504,-0.000,-0.000,-0.000,31.0
1126,-2.991,0.002,1.504,-0.000,-0.000,0.000,31.0
1127,-2.991,0.002,1.504,-0.000,-0.000,0.000,31.0
1128,-2.991,0.002,1.504,-0.000,-0.000,0.000,31.0
1129,-2.991,0.002,1.504,-0.000,-0.000,0.000,31.0
1130,-2.991,0.002,1.504,-0.000,-0.000,-0.000,31.0
1131,-2.991,0.002,1.504,-0.000,-0.000,0.000,31.0
1132,-2.991,0.002,1.504,-0.000,-0.000,0.000,31.0
1133,-2.991,0.002,1.504,-0.000,-0.000,-0.000,31.0
1134,-2.991,0.002,1.504,-0.000,0.000,0.000,31.0
1135,-2.991,0.002,1.504,-0.000,0.000,-0.000,31.0
1136,-2.991,0.002,1.504,-0.000,0.000,0.000,31.0
1137,-2.991,0.002,1.504,-0.000,0.000,0.000,31.0
1138,-2.991,0.002,1.504,-0.000,0.000,-0.000,31.0
1139,-2.991,0.002,1.504,-0.000,0.000,0.000,31.0
1140,-2.991,0.002,1.504,-0.000,0.000,0.000,31.0
1141,-2.991,0.002,1.504,-0.000,0.000,-0.000,31.0
1142,-2.991,0.002,1.504,-0.000,0.000,0.000,31.0
1143,-2.991,0.002,1.504,-0.000,0.000,0.000,31.0
1144,-2.991,0.002,1.504,-0.000,0.000,-0.000,31.0
1145,-2.991,0.002,1.504,-0.000,0.000,0.000,31.0
1146,-2.991,0.002,1.504,-0.000,0.000,-0.000,31.0
1147,-2.991,0.002,1.504,-0.000,0.000,0.000,31.0
1148,-2.991,0.002,1.504,-0.000,-0.000,0.000,31.0
1149,-2.991,0.002,1.504,-0.000,-0.000,-0.000,31.0
1150,-2.991,0.002,1.504,-0.000,-0.000,0.000,31.0
1151,-2.991,0.002,1.504,-0.000,-0.000,0.000,31.0
1152,-2.991,0.002,1.504,-0.000,-0.000,-0.000,31.0
1153,-2.991,0.002,1.504,-0.000,-0.000,0.000,31.0
1154,-2.991,0.002,1.504,-0.000,-0.000,0.000,31.0
1155,-2.991,0.002,1.504,-0.000,-0.000,0.000,31.0
1156,-2.991,0.002,1.504,-0.000,-0.000,0.000,31.0
1157,-2.991,0.002,1.504,-0.000,-0.000,-0.000,31.0
1158,-2.991,0.002,1.504,-0.000,-0.000,0.000,31.0
1159,-2.991,0.002,1.504,-0.000,-0.000,0.000,31.0
1160,-2.991,0.002,1.504,-0.000,-0.000,-0.000,31.0
1161,-2.991,0.002,1.504,-0.000,-0.000,0.000,31.0
1162,-2.991,0.002,1.504,-0.000,0.000,0.000,31.0
1163,-2.991,0.002,1.504,-0.000,0.000,-0.000,31.0
1164,-2.991,0.002,1.504,-0.000,0.000,0.000,31.0
1165,-2.991,0.002,1.504,-0.000,0.000,-0.000,31.0
1166,-2.991,0.002,1.504,-0.000,0.000,0.000,31.0
1167,-2.991,0.002,1.504,-0.000,0.000,0.000,31.0
1168,-2.991,0.002,1.504,-0.000,0.000,-0.000,31.0
1169,-2.991,0.002,1.504,-0.000,0.000,0.000,31.0
1170,-2.991,0.002,1.504,-0.000,0.000,0.000,31.0
1171,-2.991,0.002,1.504,-0.000,0.000,-0.000,31.0
1172,-2.991,0.002,1.504,-0.000,0.000,0.000,31.0
1173,-2.991,0.002,1.504,-0.000,0.000,0.000,31.0
1174,-2.991,0.002,1.504,-0.000,0.000,0.000,31.0
1175,-2.991,0.002,1.504,-0.000,0.000,0.000,31.0
1176,-2.991,0.002,1.504,-0.000,-0.000,-0.000,31.0
1177,-2.991,0.002,1.504,-0.000,-0.000,0.000,31.0
1178,-2.991,0.002,1.504,-0.000,-0.000,0.000,31.0
1179,-2.991,0.002,1.504,-0.000,-0.000,-0.000,31.0
1180,-2.991,0.002,1.504,-0.000,-0.000,0.000,31.0
1181,-2.991,0.002,1.504,-0.000,-0.000,-0.000,31.0
1182,-2.991,0.002,1.504,-0.000,-0.000,0.000,31.0
1183,-2.991,0.002,1.504,-0.000,-0.000,0.000,31.0
1184,-2.991,0.002,1.504,-0.000,-0.000,-0.000,31.0
1185,-2.991,0.002,1.504,-0.000,-0.000,0.000,31.0
1186,-2.991,0.002,1.504,-0.000,-0.000,0.000,31.0
1187,-2.991,0.002,1.504,-0.000,-0.000,-0.000,31.0
1188,-2.991,0.002,1.504,-0.000,-0.000,0.000,31.0
1189,-2.991,0.002,1.504,-0.000,-0.000,0.000,31.0
1190,-2.991,0.002,1.504,-0.000,0.000,-0.000,31.0
1191,-2.991,0.002,1.504,-0.000,0.000,0.000,31.0
1192,-2.991,0.002,1.504,-0.000,0.000,0.000,31.0
1193,-2.991,0.002,1.504,-0.000,0.000,0.000,31.0
1194,-2.991,0.002,1.504,-0.000,0.000,0.000,31.0
1195,-2.991,0.002,1.504,-0.000,0.000,-0.000,31.0
1196,-2.991,0.002,1.504,-0.000,0.000,0.000,31.0
1197,-2.991,0.002,1.504,-0.000,0.000,0.000,31.0
1198,-2.991,0.002,1.504,-0.000,0.000,-0.000,31.0
1199,-2.991,0.002,1.504,-0.000,0.000,0.000,31.0
1200,-2.991,0.002,1.504,-0.000,0.000,-0.000,31.0
1201,-2.991,0.002,1.504,-0.000,0.000,0.000,31.0
1202,-2.991,0.002,1.504,-0.000,0.000,0.000,31.0
1203,-2.991,0.002,1.504,-0.000,0.000,-0.000,31.0
1204,-2.991,0.002,1.504,-0.000,-0.000,0.000,31.0
1205,-2.991,0.002,1.504,-0.000,-0.000,0.000,31.0
1206,-2.991,0.002,1.504,-0.000,-0.000,-0.000,31.0
1207,-2.991,0.002,1.504,-0.000,-0.000,0.000,31.0
1208,-2.991,0.002,1.504,-0.000,-0.000,0.000,31.0
1209,-2.991,0.002,1.504,-0.000,-0.000,-0.000,31.0
1210,-2.991,0.002,1.504,-0.000,-0.000,0.000,31.0
1211,-2.991,0.002,1.504,-0.000,-0.000,-0.000,31.0
1212,-2.991,0.002,1.504,-0.000,-0.000,0.000,31.0
1213,-2.991,0.002,1.504,-0.000,-0.000,0.000,31.0
1214,-2.991,0.002,1.504,-0.000,-0.000,-0.000,31.0
1215,-2.991,0.002,1.504,-0.000,-0.000,0.000,31.0
1216,-2.991,0.002,1.504,-0.000,-0.000,0.000,31.0
1217,-2.991,0.002,1.504,-0.000,-0.000,-0.000,31.0
1218,-2.991,0.002,1.504,-0.000,0.000,0.000,31.0
1219,-2.991,0.002,1.504,-0.000,0.000,0.000,31.0
1220,-2.991,0.002,1.504,-0.000,0.000,0.000,31.0
1221,-2.991,0.002,1.504,-0.000,0.000,0.000,31.0
1222,-2.991,0.002,1.504,-0.000,0.000,-0.000,31.0
1223,-2.991,0.002,1.504,-0.000,0.000,0.000,31.0
1224,-2.991,0.002,1.504,-0.000,0.000,0.000,31.0
1225,-2.991,0.002,1.504,-0.000,0.000,-0.000,31.0
1226,-2.991,0.002,1.504,-0.000,0.000,0.000,31.0
1227,-2.991,0.002,1.504,-0.000,0.000,0.000,31.0
1228,-2.991,0.002,1.504,-0.000,0.000,0.000,31.0
1229,-2.991,0.002,1.504,-0.000,0.000,0.000,31.0
1230,-2.991,0.002,1.504,-0.000,0.000,-0.000,31.0
1231,-2.991,0.002,1.504,-0.000,0.000,0.000,31.0
1232,-2.991,0.002,1.504,-0.000,-0.000,0.000,31.0
1233,-2.991,0.002,1.504,-0.000,-0.000,-0.000,31.0
1234,-2.991,0.002,1.504,-0.000,-0.000,0.000,31.0
1235,-2.991,0.002,1.504,-0.000,-0.000,0.000,31.0
1236,-2.991,0.002,1.504,-0.000,-0.000,-0.000,31.0
1237,-2.991,0.002,1.504,-0.000,-0.000,0.000,31.0
1238,-2.991,0.002,1.504,-0.000,-0.000,-0.000,31.0
1239,-2.991,0.002,1.504,-0.000,-0.000,0.000,31.0
1240,-2.991,0.002,1.504,-0.000,-0.000,0.000,31.0
1241,-2.991,0.002,1.504,-0.000,-0.000,-0.000,31.0
1242,-2.991,0.002,1.504,-0.000,-0.000,0.000,31.0
1243,-2.991,0.002,1.504,-0.000,-0.000,0.000,31.0
1244,-2.991,0.002,1.504,-0.000,-0.000,-0.000,31.0
1245,-2.991,0.002,1.504,-0.000,-0.000,0.000,31.0
1246,-2.991,0.002,1.504,-0.000,0.000,0.000,31.0
1247,-2.991,0.002,1.504,-0.000,0.000,0.000,31.0
1248,-2.991,0.002,1.504,-0.000,0.000,0.000,31.0
1249,-2.991,0.002,1.504,-0.000,0.000,-0.000,31.0
1250,-2.991,0.002,1.504,-0.000,0.000,0.000,31.0
1251,-2.991,0.002,1.504,-0.000,0.000,0.000,31.0
1252,-2.991,0.002,1.504,-0.000,0.000,-0.000,31.0
1253,-2.991,0.002,1.504,-0.000,0.000,0.000,31.0
1254,-2.991,0.002,1.504,-0.000,0.000,0.000,31.0
1255,-2.991,0.002,1.504,-0.000,0.000,-0.000,31.0
1256,-2.991,0.002,1.504,-0.000,0.000,0.000,31.0
1257,-2.991,0.002,1.504,-0.000,0.000,-0.000,31.0
1258,-2.991,0.002,1.504,-0.000,0.000,0.000,31.0
1259,-2.991,0.002,1.504,-0.000,0.000,0.000,31.0
1260,-2.991,0.002,1.504,-0.000,-0.000,-0.000,31.0
1261,-2.991,0.002,1.504,-0.000,-0.000,0.000,31.0
1262,-2.991,0.002,1.504,-0.000,-0.000,0.000,31.0
1263,-2.991,0.002,1.504,-0.000,-0.000,-0.000,31.0
1264,-2.991,0.002,1.504,-0.000,-0.000,0.000,31.0
1265,-2.991,0.002,1.504,-0.000,-0.000,0.000,31.0
1266,-2.991,0.002,1.504,-0.000,-0.000,0.000,31.0
1267,-2.991,0.002,1.504,-0.000,-0.000,0.000,31.0
1268,-2.991,0.002,1.504,-0.000,-0.000,-0.000,31.0
1269,-2.991,0.002,1.504,-0.000,-0.000,0.000,31.0
1270,-2.991,0.002,1.504,-0.000,-0.000,0.000,31.0
1271,-2.991,0.002,1.504,-0.000,-0.000,-0.000,31.0
1272,-2.991,0.002,1.504,-0.000,-0.000,0.000,31.0
1273,-2.991,0.002,1.504,-0.000,-0.000,0.000,31.0
1274,-2.991,0.002,1.504,-0.000,0.000,-0.000,31.0
1275,-2.991,0.002,1.504,-0.000,0.000,0.000,31.0
1276,-2.991,0.002,1.504,-0.000,0.000,-0.000,31.0
1277,-2.991,0.002,1.504,-0.000,0.000,0.000,31.0
1278,-2.991,0.002,1.504,-0.000,0.000,0.000,31.0
1279,-2.991,0.002,1.504,-0.000,0.000,-0.000,31.0
1280,-2.991,0.002,1.504,-0.000,0.000,0.000,31.0
1281,-2.991,0.002,1.504,-0.000,0.000,0.000,31.0
1282,-2.991,0.002,1.504,-0.000,0.000,-0.000,31.0
1283,-2.991,0.002,1.504,-0.000,0.000,0.000,31.0
1284,-2.991,0.002,1.504,-0.000,0.000,-0.000,31.0
1285,-2.991,0.002,1.504,-0.000,0.000,0.000,31.0
1286,-2.991,0.002,1.504,-0.000,0.000,0.000,31.0
1287,-2.991,0.002,1.504,-0.000,0.000,-0.000,31.0
1288,-2.991,0.002,1.504,-0.000,-0.000,0.000,31.0
1289,-2.991,0.002,1.504,-0.000,-0.000,0.000,31.0
1290,-2.991,0.002,1.504,-0.000,-0.000,-0.000,31.0
1291,-2.991,0.002,1.504,-0.000,-0.000,0.000,31.0
1292,-2.991,0.002,1.504,-0.000,-0.000,0.000,31.0
1293,-2.991,0.002,1.504,-0.000,-0.000,0.000,31.0
1294,-2.991,0.002,1.504,-0.000,-0.000,0.000,31.0
1295,-2.991,0.002,1.504,-0.000,-0.000,-0.000,31.0
1296,-2.991,0.002,1.504,-0.000,-0.000,0.000,31.0
1297,-2.991,0.002,1.504,-0.000,-0.000,0.000,31.0
1298,-2.991,0.002,1.504,-0.000,-0.000,-0.000,31.0
1299,-2.991,0.002,1.504,-0.000,-0.000,0.000,31.0
1300,-2.991,0.002,1.504,-0.000,-0.000,0.000,31.0
1301,-2.991,0.002,1.504,-0.000,-0.000,-0.000,31.0
1302,-2.991,0.002,1.504,-0.000,0.000,0.000,31.0
1303,-2.991,0.002,1.504,-0.000,0.000,-0.000,31.0
1304,-2.991,0.002,1.504,-0.000,0.000,0.000,31.0
1305,-2.991,0.002,1.504,-0.000,0.000,0.000,31.0
1306,-2.991,0.002,1.504,-0.000,0.000,-0.000,31.0
1307,-2.991,0.002,1.504,-0.000,0.000,0.000,31.0
1308,-2.991,0.002,1.504,-0.000,0.000,0.000,31.0
1309,-2.991,0.002,1.504,-0.000,0.000,-0.000,31.0
1310,-2.991,0.002,1.504,-0.000,0.000,0.000,31.0
1311,-2.991,0.002,1.504,-0.000,0.000,0.000,31.0
1312,-2.991,0.002,1.504,-0.000,0.000,0.000,31.0
1313,-2.991,0.002,1.504,-0.000,0.000,0.000,31.0
1314,-2.991,0.002,1.504,-0.000,0.000,-0.000,31.0
1315,-2.991,0.002,1.504,-0.000,0.000,0.000,31.0
1316,-2.991,0.002,1.504,-0.000,-0.000,0.000,31.0
1317,-2.991,0.002,1.504,-0.000,-0.000,-0.000,31.0
1318,-2.991,0.002,1.504,-0.000,-0.000,0.000,31.0
1319,-2.991,0.002,1.504,-0.000,-0.000,0.000,31.0
1320,-2.991,0.002,1.504,-0.000,-0.000,-0.000,31.0
1321,-2.991,0.002,1.504,-0.000,-0.000,0.000,31.0
1322,-2.991,0.002,1.504,-0.000,-0.000,-0.000,31.0
1323,-2.991,0.002,1.504,-0.000,-0.000,0.000,31.0
1324,-2.991,0.002,1.504,-0.000,-0.000,0.000,31.0
1325,-2.991,0.002,1.504,-0.000,-0.000,-0.000,31.0
1326,-2.991,0.002,1.504,-0.000,-0.000,0.000,31.0
1327,-2.991,0.002,1.504,-0.000,-0.000,0.000,31.0
1328,-2.991,0.002,1.504,-0.000,-0.000,-0.000,31.0
1329,-2.991,0.002,1.504,-0.000,-0.000,0.000,31.0
1330,-2.991,0.002,1.504,-0.000,0.000,-0.000,31.0
1331,-2.991,0.002,1.504,-0.000,0.000,0.000,31.0
1332,-2.991,0.002,1.504,-0.000,0.000,0.000,31.0
1333,-2.991,0.002,1.504,-0.000,0.000,-0.000,31.0
1334,-2.991,0.002,1.504,-0.000,0.000,0.000,31.0
1335,-2.991,0.002,1.504,-0.000,0.000,0.000,31.0
1336,-2.991,0.002,1.504,-0.000,0.000,-0.000,31.0
1337,-2.991,0.002,1.504,-0.000,0.000,0.000,31.0
1338,-2.991,0.002,1.504,-0.000,0.000,0.000,31.0
1339,-2.991,0.002,1.504,-0.000,0.000,0.000,31.0
1340,-2.991,0.002,1.504,-0.000,0.000,0.000,31.0
1341,-2.991,0.002,1.504,-0.000,0.000,-0.000,31.0
1342,-2.991,0.002,1.504,-0.000,0.000,0.000,31.0
1343,-2.991,0.002,1.504,-0.000,-0.000,0.000,31.0
1344,-2.991,0.002,1.504,-0.000,-0.000,-0.000,31.0
1345,-2.991,0.002,1.504,-0.000,-0.000,0.000,31.0
1346,-2.991,0.002,1.504,-0.000,-0.000,0.000,31.0
1347,-2.991,0.002,1.504,-0.000,-0.000,-0.000,31.0
1348,-2.991,0.002,1.504,-0.000,-0.000,0.000,31.0
1349,-2.991,0.002,1.504,-0.000,-0.000,-0.000,31.0
1350,-2.991,0.002,1.504,-0.000,-0.000,0.000,31.0
1351,-2.991,0.002,1.504,-0.000,-0.000,0.000,31.0
1352,-2.991,0.002,1.504,-0.000,-0.000,-0.000,31.0
1353,-2.991,0.002,1.504,-0.000,-0.000,0.000,31.0
1354,-2.991,0.002,1.504,-0.000,-0.000,0.000,31.0
1355,-2.991,0.002,1.504,-0.000,-0.000,-0.000,31.0
1356,-2.991,0.002,1.504,-0.000,-0.000,0.000,31.0
1357,-2.991,0.002,1.504,-0.000,-0.000,0.000,31.0
1358,-2.991,0.002,1.504,-0.000,0.000,0.000,31.0
1359,-2.991,0.002,1.504,-0.000,0.000,0.000,31.0
1360,-2.991,0.002,1.504,-0.000,0.000,-0.000,31.0
1361,-2.991,0.002,1.504,-0.000,0.000,0.000,31.0
1362,-2.991,0.002,1.504,-0.000,0.000,0.000,31.0
1363,-2.991,0.002,1.504,-0.000,0.000,-0.000,31.0
1364,-2.991,0.002,1.504,-0.000,0.000,0.000,31.0
1365,-2.991,0.002,1.504,-0.000,0.000,0.000,31.0
1366,-2.991,0.002,1.504,-0.000,0.000,-0.000,31.0
1367,-2.991,0.002,1.504,-0.000,0.000,0.000,31.0
1368,-2.991,0.002,1.504,-0.000,0.000,-0.000,31.0
1369,-2.991,0.002,1.504,-0.000,0.000,0.000,31.0
1370,-2.991,0.002,1.504,-0.000,0.000,0.000,31.0
1371,-2.991,0.002,1.504,-0.000,-0.000,-0.000,31.0
1372,-2.991,0.002,1.504,-0.000,-0.000,0.000,31.0
1373,-2.991,0.002,1.504,-0.000,-0.000,0.000,31.0
1374,-2.991,0.002,1.504,-0.000,-0.000,-0.000,31.0
1375,-2.991,0.002,1.504,-0.000,-0.000,0.000,31.0
1376,-2.991,0.002,1.504,-0.000,-0.000,0.000,31.0
1377,-2.991,0.002,1.504,-0.000,-0.000,0.000,31.0
1378,-2.991,0.002,1.504,-0.000,-0.000,0.000,31.0
1379,-2.991,0.002,1.504,-0.000,-0.000,-0.000,31.0
1380,-2.991,0.002,1.504,-0.000,-0.000,0.000,31.0
1381,-2.991,0.002,1.504,-0.000,-0.000,0.000,31.0
1382,-2.991,0.002,1.504,-0.000,-0.000,-0.000,31.0
1383,-2.991,0.002,1.504,-0.000,-0.000,0.000,31.0
1384,-2.991,0.002,1.504,-0.000,-0.000,0.000,31.0
1385,-2.991,0.002,1.504,-0.000,0.000,0.000,31.0
1386,-2.991,0.002,1.504,-0.000,0.000,0.000,31.0
1387,-2.991,0.002,1.504,-0.000,0.000,-0.000,31.0
1388,-2.991,0.002,1.504,-0.000,0.000,0.000,31.0
1389,-2.991,0.002,1.504,-0.000,0.000,0.000,31.0
1390,-2.991,0.002,1.504,-0.000,0.000,-0.000,31.0
1391,-2.991,0.002,1.504,-0.000,0.000,0.000,31.0
1392,-2.991,0.002,1.504,-0.000,0.000,0.000,31.0
1393,-2.991,0.002,1.504,-0.000,0.000,-0.000,31.0
1394,-2.991,0.002,1.504,-0.000,0.000,0.000,31.0
1395,-2.991,0.002,1.504,-0.000,0.000,-0.000,31.0
1396,-2.991,0.002,1.504,-0.000,0.000,0.000,31.0
1397,-2.991,0.002,1.504,-0.000,0.000,0.000,31.0
1398,-2.991,0.002,1.504,-0.000,0.000,-0.000,31.0
1399,-2.991,0.002,1.504,-0.000,-0.000,0.000,31.0
1400,-2.991,0.002,1.504,-0.000,-0.000,0.000,31.0
1401,-2.991,0.002,1.504,-0.000,-0.000,-0.000,31.0
1402,-2.991,0.002,1.504,-0.000,-0.000,0.000,31.0
1403,-2.991,0.002,1.504,-0.000,-0.000,0.000,31.0
1404,-2.991,0.002,1.504,-0.000,-0.000,0.000,31.0
1405,-2.991,0.002,1.504,-0.000,-0.000,0.000,31.0
1406,-2.991,0.002,1.504,-0.000,-0.000,-0.000,31.0
1407,-2.991,0.002,1.504,-0.000,-0.000,0.000,31.0
1408,-2.991,0.002,1.504,-0.000,-0.000,0.000,31.0
1409,-2.991,0.002,1.504,-0.000,-0.000,-0.000,31.0
1410,-2.991,0.002,1.504,-0.000,-0.000,0.000,31.0
1411,-2.991,0.002,1.504,-0.000,-0.000,0.000,31.0
1412,-2.991,0.002,1.504,-0.000,-0.000,-0.000,31.0
1413,-2.991,0.002,1.504,-0.000,0.000,0.000,31.0
1414,-2.991,0.002,1.504,-0.000,0.000,-0.000,31.0
1415,-2.991,0.002,1.504,-0.000,0.000,0.000,31.0
1416,-2.991,0.002,1.504,-0.000,0.000,0.000,31.0
1417,-2.991,0.002,1.504,-0.000,0.000,-0.000,31.0
1418,-2.991,0.002,1.504,-0.000,0.000,0.000,31.0
1419,-2.991,0.002,1.504,-0.000,0.000,0.000,31.0
1420,-2.991,0.002,1.504,-0.000,0.000,-0.000,31.0
1421,-2.991,0.002,1.504,-0.000,0.000,0.000,31.0
1422,-2.991,0.002,1.504,-0.000,0.000,-0.000,31.0
1423,-2.991,0.002,1.504,-0.000,0.000,0.000,31.0
1424,-2.991,0.002,1.504,-0.000,0.000,0.000,31.0
1425,-2.991,0.002,1.504,-0.000,0.000,-0.000,31.0
1426,-2.991,0.002,1.504,-0.000,0.000,0.000,31.0
1427,-2.991,0.002,1.504,-0.000,-0.000,0.000,31.0
1428,-2.991,0.002,1.504,-0.000,-0.000,-0.000,31.0
1429,-2.991,0.002,1.504,-0.000,-0.000,0.000,31.0
1430,-2.991,0.002,1.504,-0.000,-0.000,0.000,31.0
1431,-2.991,0.002,1.504,-0.000,-0.000,-0.000,31.0
1432,-2.991,0.002,1.504,-0.000,-0.000,0.000,31.0
1433,-2.991,0.002,1.504,-0.000,-0.000,-0.000,31.0
1434,-2.991,0.002,1.504,-0.000,-0.000,0.000,31.0
1435,-2.991,0.002,1.504,-0.000,-0.000,0.000,31.0
1436,-2.991,0.002,1.504,-0.000,-0.000,-0.000,31.0
1437,-2.991,0.002,1.504,-0.000,-0.000,0.000,31.0
1438,-2.991,0.002,1.504,-0.000,-0.000,0.000,31.0
1439,-2.991,0.002,1.504,-0.000,-0.000,-0.000,31.0
1440,-2.991,0.002,1.504,-0.000,-0.000,0.000,31.0
1441,-2.991,0.002,1.504,-0.000,0.000,0.000,31.0
1442,-2.991,0.002,1.504,-0.000,0.000,0.000,31.0
1443,-2.991,0.002,1.504,-0.000,0.000,0.000,31.0
1444,-2.991,0.002,1.504,-0.000,0.000,-0.000,31.0
1445,-2.991,0.002,1.504,-0.000,0.000,0.000,31.0
1446,-2.991,0.002,1.504,-0.000,0.000,0.000,31.0
1447,-2.991,0.002,1.504,-0.000,0.000,-0.000,31.0
1448,-2.991,0.002,1.504,-0.000,0.000,0.000,31.0
1449,-2.991,0.002,1.504,-0.000,0.000,-0.000,31.0
1450,-2.991,0.002,1.504,-0.000,0.000,0.000,31.0
1451,-2.991,0.002,1.504,-0.000,0.000,0.000,31.0
1452,-2.991,0.002,1.504,-0.000,0.000,-0.000,31.0
1453,-2.991,0.002,1.504,-0.000,0.000,0.000,31.0
1454,-2.991,0.002,1.504,-0.000,0.000,0.000,31.0
1455,-2.991,0.002,1.504,-0.000,-0.000,-0.000,31.0
1456,-2.991,0.002,1.504,-0.000,-0.000,0.000,31.0
1457,-2.991,0.002,1.504,-0.000,-0.000,0.000,31.0
1458,-2.991,0.002,1.504,-0.000,-0.000,-0.000,31.0
1459,-2.991,0.002,1.504,-0.000,-0.000,0.000,31.0
1460,-2.991,0.002,1.504,-0.000,-0.000,0.000,31.0
1461,-2.991,0.002,1.504,-0.000,-0.000,0.000,31.0
1462,-2.991,0.002,1.504,-0.000,-0.000,0.000,31.0
1463,-2.991,0.002,1.504,-0.000,-0.000,-0.000,31.0
1464,-2.991,0.002,1.504,-0.000,-0.000,0.000,31.0
1465,-2.991,0.002,1.504,-0.000,-0.000,0.000,31.0
1466,-2.991,0.002,1.504,-0.000,-0.000,-0.000,31.0
1467,-2.991,0.002,1.504,-0.000,-0.000,0.000,31.0
1468,-2.991,0.002,1.504,-0.000,-0.000,-0.000,31.0
1469,-2.991,0.002,1.504,-0.000,0.000,0.000,31.0
1470,-2.991,0.002,1.504,-0.000,0.000,0.000,31.0
1471,-2.991,0.002,1.504,-0.000,0.000,-0.000,31.0
1472,-2.991,0.002,1.504,-0.000,0.000,0.000,31.0
1473,-2.991,0.002,1.504,-0.000,0.000,0.000,31.0
1474,-2.991,0.002,1.504,-0.000,0.000,-0.000,31.0
1475,-2.991,0.002,1.504,-0.000,0.000,0.000,31.0
1476,-2.991,0.002,1.504,-0.000,0.000,0.000,31.0
1477,-2.991,0.002,1.504,-0.000,0.000,-0.000,31.0
1478,-2.991,0.002,1.504,-0.000,0.000,0.000,31.0
1479,-2.991,0.002,1.504,-0.000,0.000,-0.000,31.0
1480,-2.991,0.002,1.504,-0.000,0.000,0.000,31.0
1481,-2.991,0.002,1.504,-0.000,0.000,0.000,31.0
1482,-2.991,0.002,1.504,-0.000,0.000,-0.000,31.0
1483,-2.991,0.002,1.504,-0.000,-0.000,0.000,31.0
1484,-2.991,0.002,1.504,-0.000,-0.000,0.000,31.0
1485,-2.991,0.002,1.504,-0.000,-0.000,-0.000,31.0
1486,-2.991,0.002,1.504,-0.000,-0.000,0.000,31.0
1487,-2.991,0.002,1.504,-0.000,-0.000,0.000,31.0
1488,-2.991,0.002,1.504,-0.000,-0.000,0.000,31.0
1489,-2.991,0.002,1.504,-0.000,-0.000,0.000,31.0
1490,-2.991,0.002,1.504,-0.000,-0.000,-0.000,31.0
1491,-2.991,0.002,1.504,-0.000,-0.000,0.000,31.0
1492,-2.991,0.002,1.504,-0.000,-0.000,0.000,31.0
1493,-2.991,0.002,1.504,-0.000,-0.000,-0.000,31.0
1494,-2.991,0.002,1.504,-0.000,-0.000,0.000,31.0
1495,-2.991,0.002,1.504,-0.000,-0.000,0.000,31.0
1496,-2.991,0.002,1.504,-0.000,-0.000,0.000,31.0
1497,-2.991,0.002,1.504,-0.000,0.000,0.000,31.0
1498,-2.991,0.002,1.504,-0.000,0.000,-0.000,31.0
1499,-2.991,0.002,1.504,-0.000,0.000,0.000,31.0
1500,-2.991,0.002,1.504,-0.000,0.000,0.000,31.0
