1,-2.100,-1.000,0.000,0.000,0.000,0.000,1
2,-2.100,-1.000,0.153,0.000,0.000,0.000,1
3,-2.100,-1.000,0.473,0.000,0.000,0.000,1
4,-2.100,-1.000,0.808,0.000,0.000,0.000,1
5,-2.100,-1.000,1.088,0.000,0.000,0.000,1
6,-2.100,-1.000,1.290,0.000,0.000,0.000,1
7,-2.100,-1.000,1.420,0.000,0.000,0.000,1
8,-2.100,-1.000,1.493,0.000,0.000,0.000,1
9,-2.100,-1.000,1.522,0.000,0.000,0.000,1
10,-2.100,-1.000,1.534,0.000,0.000,0.000,1
11,-2.100,-1.000,1.533,0.000,0.000,0.000,1
12,-2.100,-1.000,1.527,0.000,0.000,0.000,1
13,-2.100,-1.000,1.519,0.000,0.000,0.000,1
14,-2.100,-1.000,1.512,0.000,0.000,0.000,1
15,-2.100,-1.000,1.506,0.000,0.000,0.000,1
16,-2.100,-1.000,1.506,0.000,0.000,0.000,1
17,-2.100,-1.000,1.507,0.000,0.000,0.000,1
18,-2.100,-1.000,1.507,0.000,0.000,0.000,1
19,-2.100,-1.000,1.508,0.000,0.000,0.000,1
20,-2.100,-1.000,1.508,0.000,0.000,0.000,1
21,-2.100,-1.000,1.509,0.000,0.000,0.000,1
22,-2.100,-1.000,1.509,0.000,0.000,0.000,1
23,-2.100,-1.000,1.509,0.000,0.000,0.000,1
24,-2.100,-1.000,1.509,0.000,0.000,0.000,1
25,-2.100,-1.000,1.510,0.000,0.000,0.000,1
26,-2.100,-1.000,1.510,0.000,0.000,0.000,1
27,-2.100,-1.000,1.510,0.000,0.000,0.000,1
28,-2.100,-1.000,1.510,0.000,0.000,0.000,1
29,-2.100,-1.000,1.504,0.000,0.000,0.000,1
30,-2.100,-1.000,1.503,0.000,0.000,0.000,1
31,-2.100,-1.000,1.503,0.000,0.000,0.000,1
32,-2.100,-1.000,1.503,0.000,0.000,0.000,1
33,-2.100,-1.000,1.502,0.000,0.011,-0.013,25.0
34,-2.100,-1.000,1.502,0.000,0.021,-0.023,25.0
35,-2.100,-1.000,1.502,0.000,0.025,-0.028,25.0
36,-2.100,-1.000,1.501,0.000,0.023,-0.026,25.0
37,-2.099,-0.999,1.501,0.000,0.016,-0.019,25.0
38,-2.099,-0.999,1.501,0.000,0.006,-0.010,25.0
39,-2.099,-0.999,1.500,0.000,-0.003,-0.001,25.0
40,-2.098,-0.998,1.500,0.000,-0.007,0.004,25.0
41,-2.098,-0.998,1.500,0.000,-0.006,0.004,25.0
42,-2.098,-0.997,1.500,0.000,-0.001,0.001,25.0
43,-2.097,-0.997,1.500,0.000,0.006,-0.005,25.0
44,-2.097,-0.997,1.499,0.000,0.011,-0.011,25.0
45,-2.097,-0.996,1.499,0.000,0.012,-0.013,25.0
46,-2.096,-0.996,1.499,0.000,0.008,-0.011,25.0
47,-2.096,-0.995,1.499,0.000,0.003,-0.006,25.0
48,-2.095,-0.995,1.499,0.000,-0.001,-0.002,25.0
49,-2.095,-0.994,1.499,0.000,-0.001,-0.001,25.0
50,-2.095,-0.993,1.499,0.000,0.001,-0.001,25.0
51,-2.094,-0.993,1.499,0.000,0.005,-0.003,25.0
52,-2.094,-0.992,1.499,0.000,0.008,-0.007,25.0
53,-2.093,-0.992,1.499,0.000,0.009,-0.009,25.0
54,-2.093,-0.991,1.499,0.000,0.005,-0.007,25.0
55,-2.092,-0.990,1.499,0.000,0.001,-0.004,25.0
56,-2.092,-0.990,1.499,0.000,-0.001,-0.002,25.0
57,-2.091,-0.989,1.500,0.000,-0.000,-0.001,25.0
58,-2.091,-0.988,1.500,0.000,0.003,-0.002,25.0
59,-2.090,-0.988,1.500,0.000,0.007,-0.004,25.0
60,-2.089,-0.987,1.500,0.000,0.009,-0.008,25.0
61,-2.089,-0.986,1.500,0.000,0.009,-0.008,25.0
62,-2.088,-0.985,1.500,0.000,0.005,-0.006,25.0
63,-2.087,-0.985,1.501,0.000,0.000,-0.003,25.0
64,-2.087,-0.984,1.501,0.000,-0.002,-0.001,25.0
65,-2.086,-0.983,1.501,0.000,-0.001,-0.000,25.0
66,-2.086,-0.982,1.501,0.000,0.002,-0.002,25.0
67,-2.085,-0.981,1.501,0.000,0.007,-0.004,25.0
68,-2.084,-0.980,1.502,0.000,0.010,-0.007,25.0
69,-2.083,-0.980,1.502,0.000,0.010,-0.008,25.0
70,-2.083,-0.979,1.502,0.000,0.005,-0.006,25.0
71,-2.082,-0.978,1.502,0.000,0.000,-0.003,25.0
72,-2.081,-0.977,1.503,0.000,-0.003,-0.000,25.0
73,-2.080,-0.976,1.503,0.000,-0.002,-0.000,25.0
74,-2.080,-0.975,1.503,0.000,0.001,-0.001,25.0
75,-2.079,-0.974,1.503,0.000,0.006,-0.004,25.0
76,-2.078,-0.973,1.504,0.000,0.010,-0.007,25.0
77,-2.077,-0.972,1.504,0.000,0.128,-0.102,25.0
78,-2.076,-0.971,1.505,0.000,0.202,-0.163,25.0
79,-2.074,-0.969,1.505,0.000,0.195,-0.155,25.0
80,-2.071,-0.967,1.505,0.000,0.120,-0.090,25.0
81,-2.068,-0.964,1.505,0.000,-0.086,-0.117,25.0
82,-2.066,-0.961,1.505,0.000,-0.259,-0.102,25.0
83,-2.064,-0.957,1.505,0.000,-0.346,-0.038,25.0
84,-2.063,-0.954,1.505,0.000,-0.282,0.184,25.0
85,-2.063,-0.951,1.505,0.000,-0.322,0.353,29.0
86,-2.064,-0.949,1.505,0.000,-0.297,0.391,29.0
87,-2.067,-0.948,1.505,0.000,-0.209,0.315,29.0
88,-2.070,-0.949,1.505,0.000,-0.098,0.177,29.0
89,-2.073,-0.950,1.506,0.000,0.165,0.001,29.0
90,-2.076,-0.951,1.506,0.000,0.170,-0.094,29.0
91,-2.079,-0.952,1.506,0.000,0.094,-0.124,29.0
92,-2.081,-0.952,1.506,0.000,0.001,-0.102,29.0
93,-2.083,-0.953,1.506,0.000,-0.072,-0.050,29.0
94,-2.085,-0.953,1.506,0.000,-0.107,0.006,29.0
95,-2.088,-0.953,1.506,0.000,-0.101,0.047,29.0
96,-2.091,-0.953,1.506,0.000,-0.068,0.064,29.0
97,-2.094,-0.953,1.506,0.000,-0.023,0.059,29.0
98,-2.097,-0.954,1.506,0.000,0.018,0.037,29.0
99,-2.100,-0.954,1.506,0.000,0.043,0.011,29.0
100,-2.103,-0.955,1.506,0.000,0.050,-0.011,29.0
101,-2.106,-0.956,1.506,0.000,0.042,-0.023,29.0
102,-2.109,-0.956,1.506,0.000,0.026,-0.025,29.0
103,-2.112,-0.957,1.506,0.000,0.009,-0.019,29.0
104,-2.115,-0.958,1.506,0.000,-0.003,-0.009,29.0
105,-2.117,-0.958,1.506,0.000,-0.008,0.000,29.0
106,-2.120,-0.958,1.506,0.000,-0.006,0.007,29.0
107,-2.123,-0.959,1.506,0.000,0.001,0.009,29.0
108,-2.126,-0.959,1.506,0.000,0.008,0.007,29.0
109,-2.129,-0.960,1.506,0.000,0.015,0.003,29.0
110,-2.131,-0.961,1.506,0.000,0.018,-0.001,29.0
111,-2.134,-0.961,1.506,0.000,0.018,-0.005,29.0
112,-2.137,-0.962,1.506,0.000,0.016,-0.006,29.0
113,-2.139,-0.962,1.506,0.000,0.013,-0.006,29.0
114,-2.142,-0.963,1.506,0.000,0.010,-0.005,29.0
115,-2.144,-0.963,1.506,0.000,0.008,-0.003,29.0
116,-2.147,-0.964,1.506,0.000,0.007,-0.001,29.0
117,-2.149,-0.964,1.506,0.000,0.008,-0.000,29.0
118,-2.151,-0.964,1.506,0.000,0.009,-0.000,29.0
119,-2.154,-0.965,1.506,0.000,0.010,-0.001,29.0
120,-2.156,-0.965,1.506,0.000,0.011,-0.001,29.0
121,-2.158,-0.966,1.506,0.000,0.011,-0.002,29.0
122,-2.161,-0.966,1.506,0.000,0.011,-0.002,29.0
123,-2.163,-0.967,1.506,0.000,0.010,-0.003,29.0
124,-2.165,-0.967,1.506,0.000,0.010,-0.003,29.0
125,-2.167,-0.968,1.506,0.000,0.009,-0.002,29.0
126,-2.170,-0.968,1.506,0.000,0.009,-0.002,29.0
127,-2.172,-0.968,1.506,0.000,0.009,-0.002,29.0
128,-2.174,-0.969,1.506,0.000,0.009,-0.001,29.0
129,-2.176,-0.969,1.506,0.000,0.009,-0.001,29.0
130,-2.178,-0.970,1.506,0.000,0.009,-0.002,29.0
131,-2.180,-0.970,1.506,0.000,0.009,-0.002,29.0
132,-2.182,-0.970,1.506,0.000,0.009,-0.002,29.0
133,-2.184,-0.971,1.505,0.000,0.009,-0.002,29.0
134,-2.186,-0.971,1.505,0.000,0.009,-0.002,29.0
135,-2.188,-0.972,1.505,0.000,0.008,-0.002,29.0
136,-2.190,-0.972,1.505,0.000,0.008,-0.002,29.0
137,-2.192,-0.972,1.505,0.000,0.008,-0.002,29.0
138,-2.194,-0.973,1.505,0.000,0.008,-0.002,29.0
139,-2.195,-0.973,1.505,0.000,0.008,-0.001,29.0
140,-2.197,-0.973,1.505,0.000,0.008,-0.001,29.0
141,-2.199,-0.974,1.505,0.000,0.008,-0.001,29.0
142,-2.201,-0.974,1.505,0.000,0.008,-0.001,29.0
143,-2.202,-0.974,1.505,0.000,0.008,-0.001,29.0
144,-2.204,-0.975,1.505,0.000,0.007,-0.001,29.0
145,-2.206,-0.975,1.505,0.000,0.007,-0.001,29.0
146,-2.208,-0.975,1.505,0.000,0.007,-0.001,29.0
147,-2.209,-0.976,1.505,0.000,0.007,-0.001,29.0
148,-2.211,-0.976,1.505,0.000,0.007,-0.001,29.0
149,-2.212,-0.976,1.505,0.000,0.007,-0.001,29.0
150,-2.214,-0.977,1.505,0.000,0.007,-0.001,29.0
151,-2.216,-0.977,1.505,0.000,0.007,-0.001,29.0
152,-2.217,-0.977,1.505,0.000,0.007,-0.001,29.0
153,-2.219,-0.978,1.505,0.000,0.007,-0.001,29.0
154,-2.220,-0.978,1.505,0.000,0.006,-0.001,29.0
155,-2.222,-0.978,1.505,0.000,0.006,-0.001,29.0
156,-2.223,-0.978,1.505,0.000,0.006,-0.001,29.0
157,-2.225,-0.979,1.505,0.000,0.006,-0.001,29.0
158,-2.226,-0.979,1.505,0.000,0.006,-0.001,29.0
159,-2.227,-0.979,1.505,0.000,0.006,-0.001,29.0
160,-2.229,-0.980,1.505,0.000,0.006,-0.001,29.0
161,-2.230,-0.980,1.505,0.000,0.006,-0.001,29.0
162,-2.231,-0.980,1.505,0.000,0.006,-0.001,29.0
163,-2.233,-0.980,1.505,0.000,0.006,-0.001,29.0
164,-2.234,-0.981,1.505,0.000,0.006,-0.001,29.0
165,-2.235,-0.981,1.505,0.000,0.006,-0.001,29.0
166,-2.237,-0.981,1.505,0.000,0.006,-0.001,29.0
167,-2.238,-0.981,1.505,0.000,0.005,-0.001,29.0
168,-2.239,-0.982,1.505,0.000,0.005,-0.001,29.0
169,-2.240,-0.982,1.505,0.000,0.005,-0.001,29.0
170,-2.242,-0.982,1.505,0.000,0.005,-0.001,29.0
171,-2.243,-0.982,1.505,0.000,0.005,-0.001,29.0
172,-2.244,-0.983,1.505,0.000,0.005,-0.001,29.0
173,-2.245,-0.983,1.505,0.000,0.005,-0.001,29.0
174,-2.246,-0.983,1.505,0.000,0.005,-0.001,29.0
175,-2.247,-0.983,1.505,0.000,0.005,-0.001,29.0
176,-2.249,-0.983,1.505,0.000,0.005,-0.001,29.0
177,-2.250,-0.984,1.505,0.000,0.005,-0.001,29.0
178,-2.251,-0.984,1.505,0.000,0.005,-0.001,29.0
179,-2.252,-0.984,1.505,0.000,0.005,-0.001,29.0
180,-2.253,-0.984,1.505,0.000,0.005,-0.001,29.0
181,-2.254,-0.985,1.505,0.000,0.005,-0.001,29.0
182,-2.255,-0.985,1.505,0.000,0.004,-0.001,29.0
183,-2.256,-0.985,1.505,0.000,0.004,-0.001,29.0
184,-2.257,-0.985,1.505,0.000,0.004,-0.001,29.0
185,-2.258,-0.985,1.505,0.000,0.004,-0.001,29.0
186,-2.259,-0.985,1.505,0.000,0.004,-0.001,29.0
187,-2.260,-0.986,1.505,0.000,0.004,-0.001,29.0
188,-2.261,-0.986,1.505,0.000,0.004,-0.001,29.0
189,-2.262,-0.986,1.505,0.000,0.004,-0.001,29.0
190,-2.263,-0.986,1.505,0.000,0.004,-0.001,29.0
191,-2.264,-0.986,1.505,0.000,0.004,-0.001,29.0
192,-2.265,-0.987,1.505,0.000,0.004,-0.001,29.0
193,-2.266,-0.987,1.505,0.000,0.004,-0.001,29.0
194,-2.266,-0.987,1.505,0.000,0.004,-0.001,29.0
195,-2.267,-0.987,1.505,0.000,0.004,-0.001,29.0
196,-2.268,-0.987,1.505,0.000,0.004,-0.001,29.0
197,-2.269,-0.987,1.505,0.000,0.004,-0.001,29.0
198,-2.270,-0.988,1.505,0.000,0.004,-0.001,29.0
199,-2.271,-0.988,1.505,0.000,0.004,-0.001,29.0
200,-2.272,-0.988,1.505,0.000,0.004,-0.001,29.0
201,-2.272,-0.988,1.505,0.000,0.003,-0.001,29.0
202,-2.273,-0.988,1.505,0.000,0.003,-0.001,29.0
203,-2.274,-0.988,1.505,0.000,0.003,-0.001,29.0
204,-2.275,-0.989,1.505,0.000,0.003,-0.001,29.0
205,-2.276,-0.989,1.505,0.000,0.003,-0.001,29.0
206,-2.276,-0.989,1.505,0.000,0.003,-0.001,29.0
207,-2.277,-0.989,1.505,0.000,0.003,-0.001,29.0
208,-2.278,-0.989,1.505,0.000,0.003,-0.001,29.0
209,-2.278,-0.989,1.505,0.000,0.003,-0.001,29.0
210,-2.279,-0.989,1.505,0.000,0.003,-0.001,29.0
211,-2.280,-0.990,1.505,0.000,0.003,-0.001,29.0
212,-2.281,-0.990,1.505,0.000,0.003,-0.001,29.0
213,-2.281,-0.990,1.505,0.000,0.003,-0.001,29.0
214,-2.282,-0.990,1.505,0.000,0.003,-0.001,29.0
215,-2.283,-0.990,1.505,0.000,0.003,-0.001,29.0
216,-2.283,-0.990,1.505,0.000,0.003,-0.001,29.0
217,-2.284,-0.990,1.505,0.000,0.003,-0.001,29.0
218,-2.285,-0.990,1.505,0.000,0.003,-0.001,29.0
219,-2.285,-0.991,1.505,0.000,0.003,-0.001,29.0
220,-2.286,-0.991,1.505,0.000,0.003,-0.001,29.0
221,-2.287,-0.991,1.505,0.000,0.003,-0.001,29.0
222,-2.287,-0.991,1.505,0.000,0.003,-0.001,29.0
223,-2.288,-0.991,1.505,0.000,0.003,-0.001,29.0
224,-2.288,-0.991,1.505,0.000,0.003,-0.001,29.0
225,-2.289,-0.991,1.505,0.000,0.003,-0.000,29.0
226,-2.289,-0.991,1.505,0.000,0.003,-0.000,29.0
227,-2.290,-0.992,1.505,0.000,0.002,-0.000,29.0
228,-2.291,-0.992,1.505,0.000,0.002,-0.000,29.0
229,-2.291,-0.992,1.505,0.000,0.002,-0.000,29.0
230,-2.292,-0.992,1.505,0.000,0.002,-0.000,29.0
231,-2.292,-0.992,1.505,0.000,0.002,-0.000,29.0
232,-2.293,-0.992,1.505,0.000,0.002,-0.000,29.0
233,-2.293,-0.992,1.505,0.000,0.002,-0.000,29.0
234,-2.294,-0.992,1.505,0.000,0.002,-0.000,29.0
235,-2.294,-0.992,1.505,0.000,0.002,-0.000,29.0
236,-2.295,-0.992,1.505,0.000,0.002,-0.000,29.0
237,-2.295,-0.993,1.505,0.000,0.002,-0.000,29.0
238,-2.296,-0.993,1.505,0.000,0.002,-0.000,29.0
239,-2.296,-0.993,1.505,0.000,0.002,-0.000,29.0
240,-2.297,-0.993,1.505,0.000,0.002,-0.000,29.0
241,-2.297,-0.993,1.505,0.000,0.002,-0.000,29.0
242,-2.298,-0.993,1.505,0.000,0.002,-0.000,29.0
243,-2.298,-0.993,1.505,0.000,0.002,-0.000,29.0
244,-2.299,-0.993,1.505,0.000,0.002,-0.000,29.0
245,-2.299,-0.993,1.505,0.000,0.002,-0.000,29.0
246,-2.300,-0.993,1.505,0.000,0.002,-0.000,29.0
247,-2.300,-0.994,1.505,0.000,0.002,-0.000,29.0
248,-2.301,-0.994,1.505,0.000,0.002,-0.000,29.0
249,-2.301,-0.994,1.505,0.000,0.002,-0.000,29.0
250,-2.301,-0.994,1.505,0.000,0.002,-0.000,29.0
251,-2.302,-0.994,1.505,0.000,0.002,-0.000,29.0
252,-2.302,-0.994,1.505,0.000,0.002,-0.000,29.0
253,-2.303,-0.994,1.505,0.000,0.002,-0.000,29.0
254,-2.303,-0.994,1.505,0.000,0.002,-0.000,29.0
255,-2.303,-0.994,1.505,0.000,0.002,-0.000,29.0
256,-2.304,-0.994,1.505,0.000,0.002,-0.000,29.0
257,-2.304,-0.994,1.505,0.000,0.002,-0.000,29.0
258,-2.305,-0.994,1.505,0.000,0.002,-0.000,29.0
259,-2.305,-0.994,1.505,0.000,0.002,-0.000,29.0
260,-2.305,-0.995,1.505,0.000,0.002,-0.000,29.0
261,-2.306,-0.995,1.505,0.000,0.002,-0.000,29.0
262,-2.306,-0.995,1.505,0.000,0.002,-0.000,29.0
263,-2.306,-0.995,1.505,0.000,0.002,-0.000,29.0
264,-2.307,-0.995,1.505,0.000,0.002,-0.000,29.0
265,-2.307,-0.995,1.505,0.000,0.001,-0.000,29.0
266,-2.307,-0.995,1.505,0.000,0.001,-0.000,29.0
267,-2.308,-0.995,1.505,0.000,0.001,-0.000,29.0
268,-2.308,-0.995,1.505,0.000,0.001,-0.000,29.0
269,-2.308,-0.995,1.505,0.000,0.001,-0.000,29.0
270,-2.309,-0.995,1.505,0.000,0.001,-0.000,29.0
271,-2.309,-0.995,1.505,0.000,0.001,-0.000,29.0
272,-2.309,-0.995,1.505,0.000,0.001,-0.000,29.0
273,-2.310,-0.995,1.505,0.000,0.001,-0.000,29.0
274,-2.310,-0.995,1.505,0.000,0.001,-0.000,29.0
275,-2.310,-0.996,1.505,0.000,0.001,-0.000,29.0
276,-2.311,-0.996,1.505,0.000,0.001,-0.000,29.0
277,-2.311,-0.996,1.505,0.000,0.001,-0.000,29.0
278,-2.311,-0.996,1.505,0.000,0.001,-0.000,29.0
279,-2.312,-0.996,1.505,0.000,0.001,-0.000,29.0
280,-2.312,-0.996,1.505,0.000,0.001,-0.000,29.0
281,-2.312,-0.996,1.505,0.000,0.001,-0.000,29.0
282,-2.312,-0.996,1.505,0.000,0.001,-0.000,29.0
283,-2.313,-0.996,1.505,0.000,0.001,-0.000,29.0
284,-2.313,-0.996,1.505,0.000,0.001,-0.000,29.0
285,-2.313,-0.996,1.505,0.000,0.001,-0.000,29.0
286,-2.313,-0.996,1.505,0.000,0.001,-0.000,29.0
287,-2.314,-0.996,1.505,0.000,0.001,-0.000,29.0
288,-2.314,-0.996,1.505,0.000,0.001,-0.000,29.0
289,-2.314,-0.996,1.505,0.000,0.001,-0.000,29.0
290,-2.314,-0.996,1.505,0.000,0.001,-0.000,29.0
291,-2.315,-0.996,1.505,0.000,0.001,-0.000,29.0
292,-2.315,-0.996,1.505,0.000,0.001,-0.000,29.0
293,-2.315,-0.996,1.505,0.000,0.001,-0.000,29.0
294,-2.315,-0.997,1.505,0.000,0.001,-0.000,29.0
295,-2.316,-0.997,1.505,0.000,0.001,-0.000,29.0
296,-2.316,-0.997,1.505,0.000,0.001,-0.000,29.0
297,-2.316,-0.997,1.505,0.000,0.001,-0.000,29.0
298,-2.316,-0.997,1.505,0.000,0.001,-0.000,29.0
299,-2.317,-0.997,1.505,0.000,0.001,-0.000,29.0
300,-2.317,-0.997,1.505,0.000,0.001,-0.000,29.0
301,-2.317,-0.997,1.505,0.000,0.001,-0.000,29.0
302,-2.317,-0.997,1.505,0.000,0.001,-0.000,29.0
303,-2.317,-0.997,1.505,0.000,0.001,-0.000,29.0
304,-2.318,-0.997,1.505,0.000,0.001,-0.000,29.0
305,-2.318,-0.997,1.505,0.000,0.001,-0.000,29.0
306,-2.318,-0.997,1.505,0.000,0.001,-0.000,29.0
307,-2.318,-0.997,1.505,0.000,0.001,-0.000,29.0
308,-2.318,-0.997,1.505,0.000,0.001,-0.000,29.0
309,-2.319,-0.997,1.505,0.000,0.001,-0.000,29.0
310,-2.319,-0.997,1.505,0.000,0.001,-0.000,29.0
311,-2.319,-0.997,1.505,0.000,0.001,-0.000,29.0
312,-2.319,-0.997,1.505,0.000,0.001,-0.000,29.0
313,-2.319,-0.997,1.505,0.000,0.001,-0.000,29.0
314,-2.320,-0.997,1.505,0.000,0.001,-0.000,29.0
315,-2.320,-0.997,1.505,0.000,0.001,-0.000,29.0
316,-2.320,-0.997,1.505,0.000,0.001,-0.000,29.0
317,-2.320,-0.997,1.505,0.000,0.001,-0.000,29.0
318,-2.320,-0.997,1.505,0.000,0.001,-0.000,29.0
319,-2.320,-0.997,1.505,0.000,0.001,-0.000,29.0
320,-2.321,-0.998,1.505,0.000,0.001,-0.000,29.0
321,-2.321,-0.998,1.505,0.000,0.001,-0.000,29.0
322,-2.321,-0.998,1.505,0.000,0.001,-0.000,29.0
323,-2.321,-0.998,1.505,0.000,0.001,-0.000,29.0
324,-2.321,-0.998,1.505,0.000,0.001,-0.000,29.0
325,-2.321,-0.998,1.505,0.000,0.001,-0.000,29.0
326,-2.322,-0.998,1.505,0.000,0.001,-0.000,29.0
327,-2.322,-0.998,1.505,0.000,0.001,-0.000,29.0
328,-2.322,-0.998,1.505,0.000,0.001,-0.000,29.0
329,-2.322,-0.998,1.505,0.000,0.001,-0.000,29.0
330,-2.322,-0.998,1.505,0.000,0.001,-0.000,29.0
331,-2.322,-0.998,1.505,0.000,0.001,-0.000,29.0
332,-2.322,-0.998,1.505,0.000,0.001,-0.000,29.0
333,-2.323,-0.998,1.505,0.000,0.001,-0.000,29.0
334,-2.323,-0.998,1.505,0.000,0.001,-0.000,29.0
335,-2.323,-0.998,1.505,0.000,0.001,-0.000,29.0
336,-2.323,-0.998,1.505,0.000,0.001,-0.000,29.0
337,-2.323,-0.998,1.505,0.000,0.001,-0.000,29.0
338,-2.323,-0.998,1.505,0.000,0.001,-0.000,29.0
339,-2.323,-0.998,1.505,0.000,0.001,-0.000,29.0
340,-2.324,-0.998,1.505,0.000,0.001,-0.000,29.0
341,-2.324,-0.998,1.505,0.000,0.007,-0.001,29.0
342,-2.324,-0.998,1.505,0.000,0.011,-0.002,29.0
343,-2.324,-0.998,1.505,0.000,0.011,-0.002,29.0
344,-2.324,-0.998,1.505,0.000,0.008,-0.002,29.0
345,-2.324,-0.998,1.505,0.000,0.004,-0.001,29.0
346,-2.324,-0.998,1.505,0.000,0.001,-0.000,29.0
347,-2.324,-0.998,1.505,0.000,-0.002,0.000,29.0
348,-2.324,-0.998,1.505,0.000,-0.003,0.001,29.0
349,-2.324,-0.998,1.505,0.000,-0.003,0.001,29.0
350,-2.324,-0.998,1.505,0.000,-0.001,0.000,29.0
351,-2.324,-0.998,1.505,0.000,0.000,-0.000,29.0
352,-2.324,-0.998,1.505,0.000,0.001,-0.000,29.0
353,-2.324,-0.998,1.505,0.000,0.002,-0.000,29.0
354,-2.324,-0.998,1.505,0.000,0.002,-0.000,29.0
355,-2.324,-0.998,1.505,0.000,0.001,-0.000,29.0
356,-2.324,-0.998,1.505,0.000,0.000,-0.000,29.0
357,-2.324,-0.998,1.505,0.000,-0.000,0.000,29.0
358,-2.324,-0.998,1.505,0.000,-0.001,0.000,29.0
359,-2.324,-0.998,1.505,0.000,-0.001,0.000,29.0
360,-2.324,-0.998,1.505,0.000,-0.000,0.000,29.0
361,-2.324,-0.998,1.505,0.000,-0.000,0.000,29.0
362,-2.324,-0.998,1.505,0.000,0.000,-0.000,29.0
363,-2.324,-0.998,1.505,0.000,0.000,-0.000,29.0
364,-2.324,-0.998,1.505,0.000,0.000,-0.000,29.0
365,-2.324,-0.998,1.505,0.000,0.000,-0.000,29.0
366,-2.324,-0.998,1.505,0.000,0.000,-0.000,29.0
367,-2.324,-0.998,1.505,0.000,0.000,-0.000,29.0
368,-2.324,-0.998,1.505,0.000,-0.000,0.000,29.0
369,-2.324,-0.998,1.505,0.000,-0.000,0.000,29.0
370,-2.324,-0.998,1.505,0.000,-0.000,0.000,29.0
371,-2.324,-0.998,1.505,0.000,-0.000,0.000,29.0
372,-2.324,-0.998,1.505,0.000,-0.000,0.000,29.0
373,-2.324,-0.998,1.505,0.000,0.000,-0.000,29.0
374,-2.324,-0.998,1.505,0.000,0.000,-0.000,29.0
375,-2.324,-0.998,1.505,0.000,0.000,-0.000,29.0
376,-2.324,-0.998,1.505,0.000,0.000,-0.000,29.0
377,-2.324,-0.998,1.505,0.000,0.000,-0.000,29.0
378,-2.324,-0.998,1.505,0.000,-0.000,0.000,29.0
379,-2.324,-0.998,1.505,0.000,-0.000,0.000,29.0
380,-2.324,-0.998,1.505,0.000,-0.000,0.000,29.0
381,-2.324,-0.998,1.505,0.000,-0.000,0.000,29.0
382,-2.324,-0.998,1.505,0.000,-0.000,0.000,29.0
383,-2.324,-0.998,1.505,0.000,-0.000,0.000,29.0
384,-2.324,-0.998,1.505,0.000,0.000,-0.000,29.0
385,-2.324,-0.998,1.505,0.000,0.000,-0.000,29.0
386,-2.324,-0.998,1.505,0.000,0.000,-0.000,29.0
387,-2.324,-0.998,1.505,0.000,0.000,-0.000,29.0
388,-2.324,-0.998,1.505,0.000,0.000,-0.000,29.0
389,-2.324,-0.998,1.505,0.000,-0.000,0.000,29.0
390,-2.324,-0.998,1.505,0.000,-0.000,0.000,29.0
391,-2.324,-0.998,1.505,0.000,-0.000,0.000,29.0
392,-2.324,-0.998,1.505,0.000,-0.000,0.000,29.0
393,-2.324,-0.998,1.505,0.000,-0.000,0.000,29.0
394,-2.324,-0.998,1.505,0.000,0.000,-0.000,29.0
395,-2.324,-0.998,1.505,0.000,0.000,-0.000,29.0
396,-2.324,-0.998,1.505,0.000,0.000,-0.000,29.0
397,-2.324,-0.998,1.505,0.000,0.000,-0.000,29.0
398,-2.324,-0.998,1.505,0.000,0.000,-0.000,29.0
399,-2.324,-0.998,1.505,0.000,0.000,-0.000,29.0
400,-2.324,-0.998,1.505,0.000,-0.000,0.000,29.0
401,-2.324,-0.998,1.505,0.000,-0.000,0.000,29.0
402,-2.324,-0.998,1.505,0.000,-0.000,0.000,29.0
403,-2.324,-0.998,1.505,0.000,-0.000,0.000,29.0
404,-2.324,-0.998,1.505,0.000,-0.000,0.000,29.0
405,-2.324,-0.998,1.505,0.000,0.000,-0.000,29.0
406,-2.324,-0.998,1.505,0.000,0.000,-0.000,29.0
407,-2.324,-0.998,1.505,0.000,0.000,-0.000,29.0
408,-2.324,-0.998,1.505,0.000,0.000,-0.000,29.0
409,-2.324,-0.998,1.505,0.000,0.000,-0.000,29.0
410,-2.324,-0.998,1.505,0.000,-0.000,0.000,29.0
411,-2.324,-0.998,1.505,0.000,-0.000,0.000,29.0
412,-2.324,-0.998,1.505,0.000,-0.000,0.000,29.0
413,-2.324,-0.998,1.505,0.000,-0.000,0.000,29.0
414,-2.324,-0.998,1.505,0.000,-0.000,0.000,29.0
415,-2.324,-0.998,1.505,0.000,-0.000,0.000,29.0
416,-2.324,-0.998,1.505,0.000,0.000,-0.000,29.0
417,-2.324,-0.998,1.505,0.000,0.175,-0.132,29.0
418,-2.323,-0.998,1.505,0.000,0.288,-0.217,29.0
419,-2.322,-0.997,1.505,0.000,0.294,-0.222,29.0
420,-2.319,-0.995,1.505,0.000,0.053,-0.040,29.0
421,-2.317,-0.993,1.505,0.000,-0.175,0.129,29.0
422,-2.314,-0.991,1.505,0.000,-0.299,0.220,29.0
423,-2.313,-0.990,1.505,0.000,-0.306,0.225,29.0
424,-2.313,-0.990,1.505,0.000,-0.225,0.165,29.0
425,-2.313,-0.990,1.505,0.000,-0.103,0.076,29.0
426,-2.314,-0.991,1.505,0.000,0.012,-0.009,29.0
427,-2.315,-0.991,1.505,0.000,0.088,-0.065,29.0
428,-2.316,-0.992,1.505,0.000,0.113,-0.084,29.0
429,-2.316,-0.992,1.505,0.000,0.095,-0.070,29.0
430,-2.316,-0.992,1.505,0.000,0.051,-0.037,29.0
431,-2.316,-0.992,1.505,0.000,0.002,-0.001,29.0
432,-2.316,-0.991,1.505,0.000,-0.035,0.026,29.0
433,-2.316,-0.991,1.505,0.000,-0.052,0.038,29.0
434,-2.316,-0.991,1.505,0.000,-0.049,0.036,29.0
435,-2.316,-0.991,1.505,0.000,-0.032,0.024,29.0
436,-2.316,-0.992,1.505,0.000,-0.010,0.008,29.0
437,-2.317,-0.992,1.505,0.000,0.008,-0.006,29.0
438,-2.317,-0.992,1.505,0.000,0.019,-0.014,29.0
439,-2.317,-0.992,1.505,0.000,0.021,-0.015,29.0
440,-2.318,-0.992,1.505,0.000,0.016,-0.012,29.0
441,-2.318,-0.992,1.505,0.000,0.008,-0.006,29.0
442,-2.318,-0.992,1.505,0.000,-0.001,0.001,29.0
443,-2.318,-0.992,1.505,0.000,-0.006,0.005,29.0
444,-2.318,-0.993,1.505,0.000,-0.008,0.006,29.0
445,-2.318,-0.993,1.505,0.000,-0.007,0.005,29.0
446,-2.319,-0.993,1.505,0.000,-0.004,0.003,29.0
447,-2.319,-0.993,1.505,0.000,-0.000,0.000,29.0
448,-2.319,-0.993,1.505,0.000,0.003,-0.002,29.0
449,-2.319,-0.993,1.505,0.000,0.004,-0.003,29.0
450,-2.319,-0.993,1.505,0.000,0.004,-0.003,29.0
451,-2.320,-0.993,1.505,0.000,0.003,-0.002,29.0
452,-2.320,-0.993,1.505,0.000,0.002,-0.001,29.0
453,-2.320,-0.993,1.505,0.000,0.000,0.000,29.0
454,-2.320,-0.993,1.505,0.000,-0.001,0.001,29.0
455,-2.320,-0.994,1.505,0.000,-0.001,0.001,29.0
456,-2.320,-0.994,1.505,0.000,-0.001,0.001,29.0
457,-2.321,-0.994,1.505,0.000,0.000,0.000,29.0
458,-2.321,-0.994,1.505,0.000,0.001,-0.000,29.0
459,-2.321,-0.994,1.505,0.000,0.001,-0.001,29.0
460,-2.321,-0.994,1.505,0.000,0.001,-0.001,29.0
461,-2.321,-0.994,1.505,0.000,0.001,-0.001,29.0
462,-2.321,-0.994,1.505,0.000,0.001,-0.001,29.0
463,-2.322,-0.994,1.505,0.000,0.001,-0.000,29.0
464,-2.322,-0.994,1.505,0.000,0.001,-0.000,29.0
465,-2.322,-0.994,1.505,0.000,0.000,-0.000,29.0
466,-2.322,-0.994,1.505,0.000,0.000,-0.000,29.0
467,-2.322,-0.994,1.505,0.000,0.000,-0.000,29.0
468,-2.322,-0.995,1.505,0.000,0.001,-0.000,29.0
469,-2.322,-0.995,1.505,0.000,0.008,-0.004,29.0
470,-2.323,-0.995,1.505,0.000,0.005,-0.003,29.0
471,-2.323,-0.995,1.505,0.000,0.001,-0.001,29.0
472,-2.323,-0.995,1.505,0.000,-0.002,0.001,29.0
473,-2.323,-0.995,1.505,0.000,-0.004,0.002,29.0
474,-2.323,-0.995,1.505,0.000,-0.004,0.002,29.0
475,-2.323,-0.995,1.505,0.000,-0.003,0.001,29.0
476,-2.323,-0.995,1.505,0.000,-0.001,0.000,29.0
477,-2.323,-0.995,1.505,0.000,0.001,-0.000,29.0
478,-2.324,-0.995,1.505,0.000,0.002,-0.001,29.0
479,-2.324,-0.995,1.505,0.000,0.002,-0.001,29.0
480,-2.324,-0.995,1.505,0.000,0.002,-0.001,29.0
481,-2.324,-0.995,1.505,0.000,0.001,-0.001,29.0
482,-2.324,-0.995,1.505,0.000,0.001,-0.000,29.0
483,-2.324,-0.995,1.505,0.000,-0.000,0.000,29.0
484,-2.324,-0.996,1.505,0.000,-0.000,0.000,29.0
485,-2.324,-0.996,1.505,0.000,-0.000,0.000,29.0
486,-2.324,-0.996,1.505,0.000,0.006,-0.003,29.0
487,-2.325,-0.996,1.505,0.000,0.010,-0.005,29.0
488,-2.325,-0.996,1.505,0.000,0.010,-0.005,29.0
489,-2.325,-0.996,1.505,0.000,0.008,-0.004,29.0
490,-2.325,-0.996,1.505,0.000,0.222,-0.025,29.0
491,-2.324,-0.996,1.505,0.000,0.360,-0.039,29.0
492,-2.322,-0.995,1.505,0.000,0.150,-0.013,29.0
493,-2.320,-0.995,1.505,0.000,-0.084,0.013,29.0
494,-2.317,-0.995,1.505,0.000,-0.238,0.030,29.0
495,-2.316,-0.995,1.505,0.000,-0.285,0.034,29.0
496,-2.315,-0.995,1.505,0.000,-0.238,0.027,29.0
497,-2.316,-0.995,1.505,0.000,-0.136,0.014,29.0
498,-2.316,-0.995,1.505,0.000,-0.014,-0.002,29.0
499,-2.317,-0.995,1.505,0.000,0.067,-0.010,29.0
500,-2.318,-0.995,1.506,0.000,0.101,-0.012,29.0
501,-2.318,-0.995,1.506,0.000,0.093,-0.010,29.0
502,-2.318,-0.995,1.506,0.000,0.057,-0.005,29.0
503,-2.318,-0.995,1.506,0.000,0.012,0.000,29.0
504,-2.318,-0.995,1.506,0.000,-0.025,0.004,29.0
505,-2.318,-0.995,1.506,0.000,-0.045,0.006,29.0
506,-2.318,-0.995,1.506,0.000,-0.046,0.005,29.0
507,-2.318,-0.996,1.506,0.000,-0.033,0.003,29.0
508,-2.318,-0.996,1.506,0.000,-0.014,0.001,29.0
509,-2.319,-0.996,1.506,0.000,0.004,-0.001,29.0
510,-2.319,-0.996,1.506,0.000,0.016,-0.002,29.0
511,-2.319,-0.996,1.506,0.000,0.019,-0.002,29.0
512,-2.319,-0.996,1.506,0.000,0.016,-0.002,29.0
513,-2.320,-0.996,1.506,0.000,0.009,-0.001,29.0
514,-2.320,-0.996,1.506,0.000,0.001,0.000,29.0
515,-2.320,-0.996,1.506,0.000,-0.005,0.001,29.0
516,-2.320,-0.996,1.506,0.000,-0.007,0.001,29.0
517,-2.320,-0.996,1.506,0.000,-0.007,0.001,29.0
518,-2.320,-0.996,1.506,0.000,-0.004,0.000,29.0
519,-2.320,-0.996,1.506,0.000,-0.001,-0.000,29.0
520,-2.321,-0.996,1.506,0.000,0.002,-0.000,29.0
521,-2.321,-0.996,1.506,0.000,0.004,-0.001,29.0
522,-2.321,-0.996,1.506,0.000,0.004,-0.001,29.0
523,-2.321,-0.996,1.506,0.000,0.003,-0.000,29.0
524,-2.321,-0.996,1.506,0.000,0.002,-0.000,29.0
525,-2.321,-0.996,1.506,0.000,0.000,-0.000,29.0
526,-2.322,-0.997,1.506,0.000,-0.000,-0.000,29.0
527,-2.322,-0.997,1.506,0.000,-0.001,-0.000,29.0
528,-2.322,-0.997,1.506,0.000,-0.001,-0.000,29.0
529,-2.322,-0.997,1.506,0.000,-0.000,-0.000,29.0
530,-2.322,-0.997,1.506,0.000,0.001,-0.000,29.0
531,-2.322,-0.997,1.506,0.000,0.001,-0.000,29.0
532,-2.322,-0.997,1.506,0.000,0.001,-0.000,29.0
533,-2.323,-0.997,1.506,0.000,0.001,-0.000,29.0
534,-2.323,-0.997,1.506,0.000,0.001,-0.000,29.0
535,-2.323,-0.997,1.506,0.000,0.001,-0.000,29.0
536,-2.323,-0.997,1.506,0.000,0.000,-0.000,29.0
537,-2.323,-0.997,1.506,0.000,0.000,-0.000,29.0
538,-2.323,-0.997,1.506,0.000,0.000,-0.000,29.0
539,-2.323,-0.997,1.506,0.000,0.000,-0.000,29.0
540,-2.324,-0.997,1.506,0.000,0.000,-0.000,29.0
541,-2.324,-0.997,1.506,0.000,0.001,-0.000,29.0
542,-2.324,-0.997,1.506,0.000,0.001,-0.000,29.0
543,-2.324,-0.997,1.506,0.000,0.007,-0.002,29.0
544,-2.324,-0.997,1.506,0.000,0.010,-0.003,29.0
545,-2.324,-0.997,1.506,0.000,0.011,-0.003,29.0
546,-2.324,-0.997,1.506,0.000,0.008,-0.002,29.0
547,-2.324,-0.997,1.506,0.000,0.004,-0.001,29.0
548,-2.324,-0.997,1.506,0.000,0.001,-0.000,29.0
549,-2.324,-0.997,1.506,0.000,-0.002,0.001,29.0
550,-2.324,-0.997,1.506,0.000,-0.003,0.001,29.0
551,-2.324,-0.997,1.506,0.000,-0.003,0.001,29.0
552,-2.324,-0.997,1.506,0.000,-0.001,0.000,29.0
553,-2.324,-0.997,1.506,0.000,0.000,-0.000,29.0
554,-2.324,-0.997,1.506,0.000,0.001,-0.000,29.0
555,-2.324,-0.997,1.506,0.000,0.002,-0.000,29.0
556,-2.324,-0.997,1.506,0.000,0.002,-0.000,29.0
557,-2.324,-0.997,1.506,0.000,0.001,-0.000,29.0
558,-2.324,-0.997,1.506,0.000,0.000,-0.000,29.0
559,-2.324,-0.997,1.506,0.000,-0.000,0.000,29.0
560,-2.324,-0.997,1.506,0.000,-0.001,0.000,29.0
561,-2.324,-0.997,1.506,0.000,-0.001,0.000,29.0
562,-2.324,-0.997,1.506,0.000,-0.000,0.000,29.0
563,-2.324,-0.997,1.506,0.000,-0.000,0.000,29.0
564,-2.324,-0.997,1.506,0.000,0.000,-0.000,29.0
565,-2.324,-0.997,1.506,0.000,0.000,-0.000,29.0
566,-2.324,-0.997,1.506,0.000,0.000,-0.000,29.0
567,-2.324,-0.997,1.506,0.000,0.000,-0.000,29.0
568,-2.324,-0.997,1.506,0.000,0.000,-0.000,29.0
569,-2.324,-0.997,1.506,0.000,0.000,-0.000,29.0
570,-2.324,-0.997,1.506,0.000,-0.000,0.000,29.0
571,-2.324,-0.997,1.506,0.000,-0.000,0.000,29.0
572,-2.324,-0.997,1.506,0.000,-0.000,0.000,29.0
573,-2.324,-0.997,1.506,0.000,-0.000,0.000,29.0
574,-2.324,-0.997,1.506,0.000,-0.000,0.000,29.0
575,-2.324,-0.997,1.506,0.000,0.000,-0.000,29.0
576,-2.324,-0.997,1.506,0.000,0.000,-0.000,29.0
577,-2.324,-0.997,1.506,0.000,0.000,-0.000,29.0
578,-2.324,-0.997,1.506,0.000,0.000,-0.000,29.0
579,-2.324,-0.997,1.506,0.000,0.000,-0.000,29.0
580,-2.324,-0.997,1.506,0.000,-0.000,0.000,29.0
581,-2.324,-0.997,1.506,0.000,-0.000,0.000,29.0
582,-2.324,-0.997,1.506,0.000,-0.000,0.000,29.0
583,-2.324,-0.997,1.506,0.000,-0.000,0.000,29.0
584,-2.324,-0.997,1.506,0.000,-0.000,0.000,29.0
585,-2.324,-0.997,1.506,0.000,-0.000,0.000,29.0
586,-2.324,-0.997,1.506,0.000,0.000,-0.000,29.0
587,-2.324,-0.997,1.506,0.000,0.000,-0.000,29.0
588,-2.324,-0.997,1.506,0.000,0.000,-0.000,29.0
589,-2.324,-0.997,1.506,0.000,0.000,-0.000,29.0
590,-2.324,-0.997,1.506,0.000,0.000,-0.000,29.0
591,-2.324,-0.997,1.506,0.000,-0.000,0.000,29.0
592,-2.324,-0.997,1.506,0.000,-0.000,0.000,29.0
593,-2.324,-0.997,1.506,0.000,-0.000,0.000,29.0
594,-2.324,-0.997,1.506,0.000,-0.000,0.000,29.0
595,-2.324,-0.997,1.506,0.000,-0.000,0.000,29.0
596,-2.324,-0.997,1.506,0.000,0.000,-0.000,29.0
597,-2.324,-0.997,1.506,0.000,0.000,-0.000,29.0
598,-2.324,-0.997,1.506,0.000,0.000,-0.000,29.0
599,-2.324,-0.997,1.506,0.000,0.000,-0.000,29.0
600,-2.324,-0.997,1.506,0.000,0.000,-0.000,29.0
601,-2.324,-0.997,1.506,0.000,0.000,-0.000,29.0
602,-2.324,-0.997,1.506,0.000,-0.000,0.000,29.0
603,-2.324,-0.997,1.506,0.000,-0.000,0.000,29.0
604,-2.324,-0.997,1.506,0.000,-0.000,0.000,29.0
605,-2.324,-0.997,1.506,0.000,-0.000,0.000,29.0
606,-2.324,-0.997,1.506,0.000,-0.000,0.000,29.0
607,-2.324,-0.997,1.506,0.000,0.000,-0.000,29.0
608,-2.324,-0.997,1.506,0.000,0.000,-0.000,29.0
609,-2.324,-0.997,1.506,0.000,0.000,-0.000,29.0
610,-2.324,-0.997,1.506,0.000,0.000,-0.000,29.0
611,-2.324,-0.997,1.506,0.000,0.000,-0.000,29.0
612,-2.324,-0.997,1.506,0.000,-0.000,0.000,29.0
613,-2.324,-0.997,1.506,0.000,-0.000,0.000,29.0
614,-2.324,-0.997,1.506,0.000,-0.000,0.000,29.0
615,-2.324,-0.997,1.506,0.000,-0.000,0.000,29.0
616,-2.324,-0.997,1.506,0.000,-0.000,0.000,29.0
617,-2.324,-0.997,1.506,0.000,-0.000,0.000,29.0
618,-2.324,-0.997,1.506,0.000,0.000,-0.000,29.0
619,-2.324,-0.997,1.506,0.000,0.000,-0.000,29.0
620,-2.324,-0.997,1.506,0.000,0.000,-0.000,29.0
621,-2.324,-0.997,1.506,0.000,0.000,-0.000,29.0
622,-2.324,-0.997,1.506,0.000,0.000,-0.000,29.0
623,-2.324,-0.997,1.506,0.000,-0.000,0.000,29.0
624,-2.324,-0.997,1.506,0.000,-0.000,0.000,29.0
625,-2.324,-0.997,1.506,0.000,-0.000,0.000,29.0
626,-2.324,-0.997,1.506,0.000,-0.000,0.000,29.0
627,-2.324,-0.997,1.506,0.000,-0.000,0.000,29.0
628,-2.324,-0.997,1.506,0.000,0.000,-0.000,29.0
629,-2.324,-0.997,1.506,0.000,0.000,-0.000,29.0
630,-2.324,-0.997,1.506,0.000,0.000,-0.000,29.0
631,-2.324,-0.997,1.506,0.000,0.000,-0.000,29.0
632,-2.324,-0.997,1.506,0.000,0.000,-0.000,29.0
633,-2.324,-0.997,1.506,0.000,0.000,-0.000,29.0
634,-2.324,-0.997,1.506,0.000,-0.000,0.000,29.0
635,-2.324,-0.997,1.506,0.000,-0.000,0.000,29.0
636,-2.324,-0.997,1.506,0.000,-0.000,0.000,29.0
637,-2.324,-0.997,1.506,0.000,-0.000,0.000,29.0
638,-2.324,-0.997,1.506,0.000,-0.000,0.000,29.0
639,-2.324,-0.997,1.506,0.000,0.000,-0.000,29.0
640,-2.324,-0.997,1.506,0.000,0.000,-0.000,29.0
641,-2.324,-0.997,1.506,0.000,0.000,-0.000,29.0
642,-2.324,-0.997,1.506,0.000,0.000,-0.000,29.0
643,-2.324,-0.997,1.506,0.000,0.000,-0.000,29.0
644,-2.324,-0.997,1.506,0.000,-0.000,0.000,29.0
645,-2.324,-0.997,1.506,0.000,-0.000,0.000,29.0
646,-2.324,-0.997,1.506,0.000,-0.000,0.000,29.0
647,-2.324,-0.997,1.506,0.000,-0.000,0.000,29.0
648,-2.324,-0.997,1.506,0.000,-0.000,0.000,29.0
649,-2.324,-0.997,1.506,0.000,-0.000,0.000,29.0
650,-2.324,-0.997,1.506,0.000,0.000,-0.000,29.0
651,-2.324,-0.997,1.506,0.000,0.000,-0.000,29.0
652,-2.324,-0.997,1.506,0.000,0.000,-0.000,29.0
653,-2.324,-0.997,1.506,0.000,0.000,-0.000,29.0
654,-2.324,-0.997,1.506,0.000,0.000,-0.000,29.0
655,-2.324,-0.997,1.506,0.000,-0.000,0.000,29.0
656,-2.324,-0.997,1.506,0.000,-0.000,0.000,29.0
657,-2.324,-0.997,1.506,0.000,-0.000,0.000,29.0
658,-2.324,-0.997,1.506,0.000,-0.000,0.000,29.0
659,-2.324,-0.997,1.506,0.000,-0.000,0.000,29.0
660,-2.324,-0.997,1.506,0.000,0.000,-0.000,29.0
661,-2.324,-0.997,1.506,0.000,0.000,-0.000,29.0
662,-2.324,-0.997,1.506,0.000,0.000,-0.000,29.0
663,-2.324,-0.997,1.506,0.000,0.000,-0.000,29.0
664,-2.324,-0.997,1.506,0.000,0.000,-0.000,29.0
665,-2.324,-0.997,1.506,0.000,0.000,-0.000,29.0
666,-2.324,-0.997,1.506,0.000,-0.000,0.000,29.0
667,-2.324,-0.997,1.506,0.000,-0.000,0.000,29.0
668,-2.324,-0.997,1.506,0.000,-0.000,0.000,29.0
669,-2.324,-0.997,1.506,0.000,-0.000,0.000,29.0
670,-2.324,-0.997,1.506,0.000,-0.000,0.000,29.0
671,-2.324,-0.997,1.506,0.000,0.000,-0.000,29.0
672,-2.324,-0.997,1.506,0.000,0.000,-0.000,29.0
673,-2.324,-0.997,1.506,0.000,0.000,-0.000,29.0
674,-2.324,-0.997,1.506,0.000,0.000,-0.000,29.0
675,-2.324,-0.997,1.506,0.000,0.000,-0.000,29.0
676,-2.324,-0.997,1.506,0.000,-0.000,0.000,29.0
677,-2.324,-0.997,1.506,0.000,-0.000,0.000,29.0
678,-2.324,-0.997,1.506,0.000,-0.000,0.000,29.0
679,-2.324,-0.997,1.506,0.000,-0.000,0.000,29.0
680,-2.324,-0.997,1.506,0.000,-0.000,0.000,29.0
681,-2.324,-0.997,1.506,0.000,-0.000,0.000,29.0
682,-2.324,-0.997,1.506,0.000,0.000,-0.000,29.0
683,-2.324,-0.997,1.506,0.000,0.000,-0.000,29.0
684,-2.324,-0.997,1.506,0.000,0.000,-0.000,29.0
685,-2.324,-0.997,1.506,0.000,0.000,-0.000,29.0
686,-2.324,-0.997,1.506,0.000,0.000,-0.000,29.0
687,-2.324,-0.997,1.506,0.000,-0.000,0.000,29.0
688,-2.324,-0.997,1.506,0.000,-0.000,0.000,29.0
689,-2.324,-0.997,1.506,0.000,-0.000,0.000,29.0
690,-2.324,-0.997,1.506,0.000,-0.000,0.000,29.0
691,-2.324,-0.997,1.506,0.000,-0.000,0.000,29.0
692,-2.324,-0.997,1.506,0.000,0.000,-0.000,29.0
693,-2.324,-0.997,1.506,0.000,0.000,-0.000,29.0
694,-2.324,-0.997,1.506,0.000,0.000,-0.000,29.0
695,-2.324,-0.997,1.506,0.000,0.000,-0.000,29.0
696,-2.324,-0.997,1.506,0.000,0.000,-0.000,29.0
697,-2.324,-0.997,1.506,0.000,0.000,-0.000,29.0
698,-2.324,-0.997,1.506,0.000,-0.000,-0.000,29.0
699,-2.324,-0.997,1.506,0.000,-0.000,-0.000,29.0
700,-2.324,-0.997,1.506,0.000,-0.000,0.000,29.0
701,-2.324,-0.997,1.506,0.000,-0.000,0.000,29.0
702,-2.324,-0.997,1.506,0.000,-0.000,0.000,29.0
703,-2.324,-0.997,1.506,0.000,-0.000,0.000,29.0
704,-2.324,-0.997,1.506,0.000,0.000,0.000,29.0
705,-2.324,-0.997,1.506,0.000,0.000,0.000,29.0
706,-2.324,-0.997,1.506,0.000,0.000,0.000,29.0
707,-2.324,-0.997,1.506,0.000,0.000,0.000,29.0
708,-2.324,-0.997,1.506,0.000,0.000,0.000,29.0
709,-2.324,-0.997,1.506,0.000,0.000,0.000,29.0
710,-2.324,-0.997,1.506,0.000,0.000,0.000,29.0
711,-2.324,-0.997,1.506,0.000,0.000,-0.000,29.0
712,-2.324,-0.997,1.506,0.000,0.000,-0.000,29.0
713,-2.324,-0.997,1.506,0.000,0.000,-0.000,29.0
714,-2.324,-0.997,1.506,0.000,0.000,-0.000,29.0
715,-2.324,-0.997,1.506,0.000,-0.000,-0.000,29.0
716,-2.324,-0.997,1.506,0.000,-0.000,-0.000,29.0
717,-2.324,-0.997,1.506,0.000,-0.000,-0.000,29.0
718,-2.324,-0.997,1.506,0.000,-0.000,-0.000,29.0
719,-2.324,-0.997,1.506,0.000,-0.000,-0.000,29.0
720,-2.324,-0.997,1.506,0.000,-0.000,-0.000,29.0
721,-2.324,-0.997,1.506,0.000,-0.000,-0.000,29.0
722,-2.324,-0.997,1.506,0.000,-0.000,-0.000,29.0
723,-2.324,-0.997,1.506,0.000,-0.000,-0.000,29.0
724,-2.324,-0.997,1.506,0.000,-0.000,-0.000,29.0
725,-2.324,-0.997,1.506,0.000,-0.000,0.000,29.0
726,-2.324,-0.997,1.506,0.000,-0.000,0.000,29.0
727,-2.324,-0.997,1.506,0.000,-0.000,0.000,29.0
728,-2.324,-0.997,1.506,0.000,-0.000,0.000,29.0
729,-2.324,-0.997,1.506,0.000,-0.000,0.000,29.0
730,-2.324,-0.997,1.506,0.000,0.000,0.000,29.0
731,-2.324,-0.997,1.506,0.000,0.000,0.000,29.0
732,-2.324,-0.997,1.506,0.000,0.000,0.000,29.0
733,-2.324,-0.997,1.506,0.000,0.000,0.000,29.0
734,-2.324,-0.997,1.506,0.000,0.000,0.000,29.0
735,-2.324,-0.997,1.506,0.000,0.000,0.000,29.0
736,-2.324,-0.997,1.506,0.000,0.000,0.000,29.0
737,-2.324,-0.997,1.506,0.000,0.000,0.000,29.0
738,-2.324,-0.997,1.506,0.000,0.000,0.000,29.0
739,-2.324,-0.997,1.506,0.000,0.000,-0.000,29.0
740,-2.324,-0.997,1.506,0.000,0.000,-0.000,29.0
741,-2.324,-0.997,1.506,0.000,0.000,-0.000,29.0
742,-2.324,-0.997,1.506,0.000,0.000,-0.000,29.0
743,-2.324,-0.997,1.506,0.000,-0.000,-0.000,29.0
744,-2.324,-0.997,1.506,0.000,-0.000,-0.000,29.0
745,-2.324,-0.997,1.506,0.000,-0.000,-0.000,29.0
746,-2.324,-0.997,1.506,0.000,-0.000,-0.000,29.0
747,-2.324,-0.997,1.506,0.000,-0.000,-0.000,29.0
748,-2.324,-0.997,1.506,0.000,-0.000,-0.000,29.0
749,-2.324,-0.997,1.506,0.000,-0.000,-0.000,29.0
750,-2.324,-0.997,1.506,0.000,-0.000,-0.000,29.0
751,-2.324,-0.997,1.506,0.000,-0.000,-0.000,29.0
752,-2.324,-0.997,1.506,0.000,-0.000,-0.000,29.0
753,-2.324,-0.997,1.506,0.000,-0.000,0.000,29.0
754,-2.324,-0.997,1.506,0.000,-0.000,0.000,29.0
755,-2.324,-0.997,1.506,0.000,-0.000,0.000,29.0
756,-2.324,-0.997,1.506,0.000,-0.000,0.000,29.0
757,-2.324,-0.997,1.506,0.000,0.000,0.000,29.0
758,-2.324,-0.997,1.506,0.000,0.000,0.000,29.0
759,-2.324,-0.997,1.506,0.000,0.000,0.000,29.0
760,-2.324,-0.997,1.506,0.000,0.000,0.000,29.0
761,-2.324,-0.997,1.506,0.000,0.000,0.000,29.0
762,-2.324,-0.997,1.506,0.000,0.000,0.000,29.0
763,-2.324,-0.997,1.506,0.000,0.000,0.000,29.0
764,-2.324,-0.997,1.506,0.000,0.000,0.000,29.0
765,-2.324,-0.997,1.506,0.000,0.000,0.000,29.0
766,-2.324,-0.997,1.506,0.000,0.000,0.000,29.0
767,-2.324,-0.997,1.506,0.000,0.000,-0.000,29.0
768,-2.324,-0.997,1.506,0.000,0.000,-0.000,29.0
769,-2.324,-0.997,1.506,0.000,0.000,-0.000,29.0
770,-2.324,-0.997,1.506,0.000,0.000,-0.000,29.0
771,-2.324,-0.997,1.506,0.000,-0.000,-0.000,29.0
772,-2.324,-0.997,1.506,0.000,-0.000,-0.000,29.0
773,-2.324,-0.997,1.506,0.000,-0.000,-0.000,29.0
774,-2.324,-0.997,1.506,0.000,-0.000,-0.000,29.0
775,-2.324,-0.997,1.506,0.000,-0.000,-0.000,29.0
776,-2.324,-0.997,1.506,0.000,-0.000,-0.000,29.0
777,-2.324,-0.997,1.506,0.000,-0.000,-0.000,29.0
778,-2.324,-0.997,1.506,0.000,-0.000,-0.000,29.0
779,-2.324,-0.997,1.506,0.000,-0.000,-0.000,29.0
780,-2.324,-0.997,1.506,0.000,-0.000,-0.000,29.0
781,-2.324,-0.997,1.506,0.000,-0.000,0.000,29.0
782,-2.324,-0.997,1.506,0.000,-0.000,0.000,29.0
783,-2.324,-0.997,1.506,0.000,-0.000,0.000,29.0
784,-2.324,-0.997,1.506,0.000,-0.000,0.000,29.0
785,-2.324,-0.997,1.506,0.000,0.000,0.000,29.0
786,-2.324,-0.997,1.506,0.000,0.000,0.000,29.0
787,-2.324,-0.997,1.506,0.000,0.000,0.000,29.0
788,-2.324,-0.997,1.506,0.000,0.000,0.000,29.0
789,-2.324,-0.997,1.506,0.000,0.000,0.000,29.0
790,-2.324,-0.997,1.506,0.000,0.000,0.000,29.0
791,-2.324,-0.997,1.506,0.000,0.000,0.000,29.0
792,-2.324,-0.997,1.506,0.000,0.000,0.000,29.0
793,-2.324,-0.997,1.506,0.000,0.000,0.000,29.0
794,-2.324,-0.997,1.506,0.000,0.000,0.000,29.0
795,-2.324,-0.997,1.506,0.000,0.000,-0.000,29.0
796,-2.324,-0.997,1.506,0.000,0.000,-0.000,29.0
797,-2.324,-0.997,1.506,0.000,0.000,-0.000,29.0
798,-2.324,-0.997,1.506,0.000,0.000,-0.000,29.0
799,-2.324,-0.997,1.506,0.000,-0.000,-0.000,29.0
800,-2.324,-0.997,1.506,0.000,-0.000,-0.000,29.0
801,-2.324,-0.997,1.506,0.000,-0.000,-0.000,29.0
802,-2.324,-0.997,1.506,0.000,-0.000,-0.000,29.0
803,-2.324,-0.997,1.506,0.000,-0.000,-0.000,29.0
804,-2.324,-0.997,1.506,0.000,-0.000,-0.000,29.0
805,-2.324,-0.997,1.506,0.000,-0.000,-0.000,29.0
806,-2.324,-0.997,1.506,0.000,-0.000,-0.000,29.0
807,-2.324,-0.997,1.506,0.000,-0.000,-0.000,29.0
808,-2.324,-0.997,1.506,0.000,-0.000,-0.000,29.0
809,-2.324,-0.997,1.506,0.000,-0.000,0.000,29.0
810,-2.324,-0.997,1.506,0.000,-0.000,0.000,29.0
811,-2.324,-0.997,1.506,0.000,-0.000,0.000,29.0
812,-2.324,-0.997,1.506,0.000,-0.000,0.000,29.0
813,-2.324,-0.997,1.506,0.000,0.000,0.000,29.0
814,-2.324,-0.997,1.506,0.000,0.000,0.000,29.0
815,-2.324,-0.997,1.506,0.000,0.000,0.000,29.0
816,-2.324,-0.997,1.506,0.000,0.000,0.000,29.0
817,-2.324,-0.997,1.506,0.000,0.000,0.000,29.0
818,-2.324,-0.997,1.506,0.000,0.000,0.000,29.0
819,-2.324,-0.997,1.506,0.000,0.000,0.000,29.0
820,-2.324,-0.997,1.506,0.000,0.000,0.000,29.0
821,-2.324,-0.997,1.506,0.000,0.000,0.000,29.0
822,-2.324,-0.997,1.506,0.000,0.000,0.000,29.0
823,-2.324,-0.997,1.506,0.000,0.000,0.000,29.0
824,-2.324,-0.997,1.506,0.000,0.000,-0.000,29.0
825,-2.324,-0.997,1.506,0.000,0.000,-0.000,29.0
826,-2.324,-0.997,1.506,0.000,-0.000,-0.000,29.0
827,-2.324,-0.997,1.506,0.000,-0.000,-0.000,29.0
828,-2.324,-0.997,1.506,0.000,-0.000,-0.000,29.0
829,-2.324,-0.997,1.506,0.000,-0.000,-0.000,29.0
830,-2.324,-0.997,1.506,0.000,-0.000,-0.000,29.0
831,-2.324,-0.997,1.506,0.000,-0.000,-0.000,29.0
832,-2.324,-0.997,1.506,0.000,-0.000,-0.000,29.0
833,-2.324,-0.997,1.506,0.000,-0.000,-0.000,29.0
834,-2.324,-0.997,1.506,0.000,-0.000,-0.000,29.0
835,-2.324,-0.997,1.506,0.000,-0.000,-0.000,29.0
836,-2.324,-0.997,1.506,0.000,-0.000,-0.000,29.0
837,-2.324,-0.997,1.506,0.000,-0.000,-0.000,29.0
838,-2.324,-0.997,1.506,0.000,-0.000,0.000,29.0
839,-2.324,-0.997,1.506,0.000,-0.000,0.000,29.0
840,-2.324,-0.997,1.506,0.000,0.000,0.000,29.0
841,-2.324,-0.997,1.506,0.000,0.000,0.000,29.0
842,-2.324,-0.997,1.506,0.000,0.000,0.000,29.0
843,-2.324,-0.997,1.506,0.000,0.000,0.000,29.0
844,-2.324,-0.997,1.506,0.000,0.000,0.000,29.0
845,-2.324,-0.997,1.506,0.000,0.000,0.000,29.0
846,-2.324,-0.997,1.506,0.000,0.000,0.000,29.0
847,-2.324,-0.997,1.506,0.000,0.000,0.000,29.0
848,-2.324,-0.997,1.506,0.000,0.000,0.000,29.0
849,-2.324,-0.997,1.506,0.000,0.000,0.000,29.0
850,-2.324,-0.997,1.506,0.000,0.000,0.000,29.0
851,-2.324,-0.997,1.506,0.000,0.000,0.000,29.0
852,-2.324,-0.997,1.506,0.000,0.000,-0.000,29.0
853,-2.324,-0.997,1.506,0.000,0.000,-0.000,29.0
854,-2.324,-0.997,1.506,0.000,-0.000,-0.000,29.0
855,-2.324,-0.997,1.506,0.000,-0.000,-0.000,29.0
856,-2.324,-0.997,1.506,0.000,-0.000,-0.000,29.0
857,-2.324,-0.997,1.506,0.000,-0.000,-0.000,29.0
858,-2.324,-0.997,1.506,0.000,-0.000,-0.000,29.0
859,-2.324,-0.997,1.506,0.000,-0.000,-0.000,29.0
860,-2.324,-0.997,1.506,0.000,-0.000,-0.000,29.0
861,-2.324,-0.997,1.506,0.000,-0.000,-0.000,29.0
862,-2.324,-0.997,1.506,0.000,-0.000,-0.000,29.0
863,-2.324,-0.997,1.506,0.000,-0.000,-0.000,29.0
864,-2.324,-0.997,1.506,0.000,-0.000,-0.000,29.0
865,-2.324,-0.997,1.506,0.000,-0.000,-0.000,29.0
866,-2.324,-0.997,1.506,0.000,-0.000,0.000,29.0
867,-2.324,-0.997,1.506,0.000,-0.000,0.000,29.0
868,-2.324,-0.997,1.506,0.000,0.000,0.000,29.0
869,-2.324,-0.997,1.506,0.000,0.000,0.000,29.0
870,-2.324,-0.997,1.506,0.000,0.000,0.000,29.0
871,-2.324,-0.997,1.506,0.000,0.000,0.000,29.0
872,-2.324,-0.997,1.506,0.000,0.000,0.000,29.0
873,-2.324,-0.997,1.506,0.000,0.000,0.000,29.0
874,-2.324,-0.997,1.506,0.000,0.000,0.000,29.0
875,-2.324,-0.997,1.506,0.000,0.000,0.000,29.0
876,-2.324,-0.997,1.506,0.000,0.000,0.000,29.0
877,-2.324,-0.997,1.506,0.000,0.000,0.000,29.0
878,-2.324,-0.997,1.506,0.000,0.000,0.000,29.0
879,-2.324,-0.997,1.506,0.000,0.000,0.000,29.0
880,-2.324,-0.997,1.506,0.000,0.000,-0.000,29.0
881,-2.324,-0.997,1.506,0.000,0.000,-0.000,29.0
882,-2.324,-0.997,1.506,0.000,-0.000,-0.000,29.0
883,-2.324,-0.997,1.506,0.000,-0.000,-0.000,29.0
884,-2.324,-0.997,1.506,0.000,-0.000,-0.000,29.0
885,-2.324,-0.997,1.506,0.000,-0.000,-0.000,29.0
886,-2.324,-0.997,1.506,0.000,-0.000,-0.000,29.0
887,-2.324,-0.997,1.506,0.000,-0.000,-0.000,29.0
888,-2.324,-0.997,1.506,0.000,-0.000,-0.000,29.0
889,-2.324,-0.997,1.506,0.000,-0.000,-0.000,29.0
890,-2.324,-0.997,1.506,0.000,-0.000,-0.000,29.0
891,-2.324,-0.997,1.506,0.000,-0.000,-0.000,29.0
892,-2.324,-0.997,1.506,0.000,-0.000,-0.000,29.0
893,-2.324,-0.997,1.506,0.000,-0.000,-0.000,29.0
894,-2.324,-0.997,1.506,0.000,-0.000,0.000,29.0
895,-2.324,-0.997,1.506,0.000,-0.000,0.000,29.0
896,-2.324,-0.997,1.506,0.000,0.000,0.000,29.0
897,-2.324,-0.997,1.506,0.000,0.000,0.000,29.0
898,-2.324,-0.997,1.506,0.000,0.000,0.000,29.0
899,-2.324,-0.997,1.506,0.000,0.000,0.000,29.0
900,-2.324,-0.997,1.506,0.000,0.000,0.000,29.0
901,-2.324,-0.997,1.506,0.000,0.000,0.000,29.0
902,-2.324,-0.997,1.506,0.000,0.000,0.000,29.0
903,-2.324,-0.997,1.506,0.000,0.000,0.000,29.0
904,-2.324,-0.997,1.506,0.000,0.000,0.000,29.0
905,-2.324,-0.997,1.506,0.000,0.000,0.000,29.0
906,-2.324,-0.997,1.506,0.000,0.000,0.000,29.0
907,-2.324,-0.997,1.506,0.000,0.000,0.000,29.0
908,-2.324,-0.997,1.506,0.000,0.000,-0.000,29.0
909,-2.324,-0.997,1.506,0.000,0.000,-0.000,29.0
910,-2.324,-0.997,1.506,0.000,-0.000,-0.000,29.0
911,-2.324,-0.997,1.506,0.000,-0.000,-0.000,29.0
912,-2.324,-0.997,1.506,0.000,-0.000,-0.000,29.0
913,-2.324,-0.997,1.506,0.000,-0.000,-0.000,29.0
914,-2.324,-0.997,1.506,0.000,-0.000,-0.000,29.0
915,-2.324,-0.997,1.506,0.000,-0.000,-0.000,29.0
916,-2.324,-0.997,1.506,0.000,-0.000,-0.000,29.0
917,-2.324,-0.997,1.506,0.000,-0.000,-0.000,29.0
918,-2.324,-0.997,1.506,0.000,-0.000,-0.000,29.0
919,-2.324,-0.997,1.506,0.000,-0.000,-0.000,29.0
920,-2.324,-0.997,1.506,0.000,-0.000,-0.000,29.0
921,-2.324,-0.997,1.506,0.000,-0.000,-0.000,29.0
922,-2.324,-0.997,1.506,0.000,-0.000,0.000,29.0
923,-2.324,-0.997,1.506,0.000,0.000,0.000,29.0
924,-2.324,-0.997,1.506,0.000,0.000,0.000,29.0
925,-2.324,-0.997,1.506,0.000,0.000,0.000,29.0
926,-2.324,-0.997,1.506,0.000,0.000,0.000,29.0
927,-2.324,-0.997,1.506,0.000,0.000,0.000,29.0
928,-2.324,-0.997,1.506,0.000,0.000,0.000,29.0
929,-2.324,-0.997,1.506,0.000,0.000,0.000,29.0
930,-2.324,-0.997,1.506,0.000,0.000,0.000,29.0
931,-2.324,-0.997,1.506,0.000,0.000,0.000,29.0
932,-2.324,-0.997,1.506,0.000,0.000,0.000,29.0
933,-2.324,-0.997,1.506,0.000,0.000,0.000,29.0
934,-2.324,-0.997,1.506,0.000,0.000,0.000,29.0
935,-2.324,-0.997,1.506,0.000,0.000,0.000,29.0
936,-2.324,-0.997,1.506,0.000,0.000,-0.000,29.0
937,-2.324,-0.997,1.506,0.000,-0.000,-0.000,29.0
938,-2.324,-0.997,1.506,0.000,-0.000,-0.000,29.0
939,-2.324,-0.997,1.506,0.000,-0.000,-0.000,29.0
940,-2.324,-0.997,1.506,0.000,-0.000,-0.000,29.0
941,-2.324,-0.997,1.506,0.000,-0.000,-0.000,29.0
942,-2.324,-0.997,1.506,0.000,-0.000,-0.000,29.0
943,-2.324,-0.997,1.506,0.000,-0.000,-0.000,29.0
944,-2.324,-0.997,1.506,0.000,-0.000,-0.000,29.0
945,-2.324,-0.997,1.506,0.000,-0.000,-0.000,29.0
946,-2.324,-0.997,1.506,0.000,-0.000,-0.000,29.0
947,-2.324,-0.997,1.506,0.000,-0.000,-0.000,29.0
948,-2.324,-0.997,1.506,0.000,-0.000,-0.000,29.0
949,-2.324,-0.997,1.506,0.000,-0.000,-0.000,29.0
950,-2.324,-0.997,1.506,0.000,-0.000,0.000,29.0
951,-2.324,-0.997,1.506,0.000,0.000,0.000,29.0
952,-2.324,-0.997,1.506,0.000,0.000,0.000,29.0
953,-2.324,-0.997,1.506,0.000,0.000,0.000,29.0
954,-2.324,-0.997,1.506,0.000,0.000,0.000,29.0
955,-2.324,-0.997,1.506,0.000,0.000,0.000,29.0
956,-2.324,-0.997,1.506,0.000,0.000,0.000,29.0
957,-2.324,-0.997,1.506,0.000,0.000,0.000,29.0
958,-2.324,-0.997,1.506,0.000,0.000,0.000,29.0
959,-2.324,-0.997,1.506,0.000,0.000,0.000,29.0
960,-2.324,-0.997,1.506,0.000,0.000,0.000,29.0
961,-2.324,-0.997,1.506,0.000,0.000,0.000,29.0
962,-2.324,-0.997,1.506,0.000,0.000,0.000,29.0
963,-2.324,-0.997,1.506,0.000,0.000,0.000,29.0
964,-2.324,-0.997,1.506,0.000,0.000,-0.000,29.0
965,-2.324,-0.997,1.506,0.000,-0.000,-0.000,29.0
966,-2.324,-0.997,1.506,0.000,-0.000,-0.000,29.0
967,-2.324,-0.997,1.506,0.000,-0.000,-0.000,29.0
968,-2.324,-0.997,1.506,0.000,-0.000,-0.000,29.0
969,-2.324,-0.997,1.506,0.000,-0.000,-0.000,29.0
970,-2.324,-0.997,1.506,0.000,-0.000,-0.000,29.0
971,-2.324,-0.997,1.506,0.000,-0.000,-0.000,29.0
972,-2.324,-0.997,1.506,0.000,-0.000,-0.000,29.0
973,-2.324,-0.997,1.506,0.000,-0.000,-0.000,29.0
974,-2.324,-0.997,1.506,0.000,-0.000,-0.000,29.0
975,-2.324,-0.997,1.506,0.000,-0.000,-0.000,29.0
976,-2.324,-0.997,1.506,0.000,-0.000,-0.000,29.0
977,-2.324,-0.997,1.506,0.000,-0.000,-0.000,29.0
978,-2.324,-0.997,1.506,0.000,-0.000,0.000,29.0
979,-2.324,-0.997,1.506,0.000,0.000,0.000,29.0
980,-2.324,-0.997,1.506,0.000,0.000,0.000,29.0
981,-2.324,-0.997,1.506,0.000,0.000,0.000,29.0
982,-2.324,-0.997,1.506,0.000,0.000,0.000,29.0
983,-2.324,-0.997,1.506,0.000,0.000,0.000,29.0
984,-2.324,-0.997,1.506,0.000,0.000,0.000,29.0
985,-2.324,-0.997,1.506,0.000,0.000,0.000,29.0
986,-2.324,-0.997,1.506,0.000,0.000,0.000,29.0
987,-2.324,-0.997,1.506,0.000,0.000,0.000,29.0
988,-2.324,-0.997,1.506,0.000,0.000,0.000,29.0
989,-2.324,-0.997,1.506,0.000,0.000,0.000,29.0
990,-2.324,-0.997,1.506,0.000,0.000,0.000,29.0
991,-2.324,-0.997,1.506,0.000,0.000,0.000,29.0
992,-2.324,-0.997,1.506,0.000,0.000,0.000,29.0
993,-2.324,-0.997,1.506,0.000,-0.000,-0.000,29.0
994,-2.324,-0.997,1.506,0.000,-0.000,-0.000,29.0
995,-2.324,-0.997,1.506,0.000,-0.000,-0.000,29.0
996,-2.324,-0.997,1.506,0.000,-0.000,-0.000,29.0
997,-2.324,-0.997,1.506,0.000,-0.000,-0.000,29.0
998,-2.324,-0.997,1.506,0.000,-0.000,-0.000,29.0
999,-2.324,-0.997,1.506,0.000,-0.000,-0.000,29.0
1000,-2.324,-0.997,1.506,0.000,-0.000,-0.000,29.0
