1,-3.100,1.000,0.000,0.000,0.000,0.000,1
2,-3.100,1.000,0.153,0.000,0.000,0.000,1
3,-3.100,1.000,0.473,0.000,0.000,0.000,1
4,-3.100,1.000,0.808,0.000,0.000,0.000,1
5,-3.100,1.000,1.088,0.000,0.000,0.000,1
6,-3.100,1.000,1.290,0.000,0.000,0.000,1
7,-3.100,1.000,1.420,0.000,0.000,0.000,1
8,-3.100,1.000,1.493,0.000,0.000,0.000,1
9,-3.100,1.000,1.522,0.000,0.000,0.000,1
10,-3.100,1.000,1.534,0.000,0.000,0.000,1
11,-3.100,1.000,1.533,0.000,0.000,0.000,1
12,-3.100,1.000,1.527,0.000,0.000,0.000,1
13,-3.100,1.000,1.519,0.000,0.000,0.000,1
14,-3.100,1.000,1.512,0.000,0.000,0.000,1
15,-3.100,1.000,1.506,0.000,0.000,0.000,1
16,-3.100,1.000,1.506,0.000,0.000,0.000,1
17,-3.100,1.000,1.507,0.000,0.000,0.000,1
18,-3.100,1.000,1.507,0.000,0.000,0.000,1
19,-3.100,1.000,1.508,0.000,0.000,0.000,1
20,-3.100,1.000,1.508,0.000,0.000,0.000,1
21,-3.100,1.000,1.509,0.000,0.000,0.000,1
22,-3.100,1.000,1.509,0.000,0.000,0.000,1
23,-3.100,1.000,1.509,0.000,0.000,0.000,1
24,-3.100,1.000,1.509,0.000,0.000,0.000,1
25,-3.100,1.000,1.510,0.000,0.000,0.000,1
26,-3.100,1.000,1.510,0.000,0.000,0.000,1
27,-3.100,1.000,1.510,0.000,0.000,0.000,1
28,-3.100,1.000,1.510,0.000,0.000,0.000,1
29,-3.100,1.000,1.504,0.000,0.000,0.000,1
30,-3.100,1.000,1.503,0.000,0.000,0.000,1
31,-3.100,1.000,1.502,0.000,0.000,0.000,1
32,-3.100,1.000,1.501,0.000,0.000,0.000,1
33,-3.100,1.000,1.500,0.000,0.000,0.000,1
34,-3.100,1.000,1.500,0.000,0.000,0.000,1
35,-3.100,1.000,1.500,0.000,0.000,0.000,1
36,-3.100,1.000,1.499,-0.000,0.016,0.017,28.0
37,-3.100,1.000,1.499,-0.000,0.028,0.030,28.0
38,-3.100,1.000,1.499,-0.000,0.030,0.033,28.0
39,-3.100,1.000,1.498,-0.000,0.022,0.027,28.0
40,-3.099,0.999,1.498,-0.000,0.010,0.016,28.0
41,-3.099,0.999,1.498,-0.000,0.000,0.005,28.0
42,-3.098,0.998,1.498,-0.000,-0.005,-0.002,28.0
43,-3.098,0.998,1.498,-0.000,-0.004,-0.004,28.0
44,-3.098,0.997,1.497,-0.000,-0.000,-0.001,28.0
45,-3.097,0.997,1.497,-0.000,0.005,0.005,28.0
46,-3.097,0.997,1.497,-0.000,0.008,0.009,28.0
47,-3.097,0.996,1.497,-0.000,0.007,0.009,28.0
48,-3.096,0.996,1.497,-0.000,0.004,0.007,28.0
49,-3.096,0.995,1.497,-0.000,0.002,0.005,28.0
50,-3.095,0.994,1.497,-0.000,0.001,0.004,28.0
51,-3.095,0.994,1.497,-0.000,0.003,0.004,28.0
52,-3.095,0.993,1.497,-0.000,0.006,0.005,28.0
53,-3.094,0.993,1.497,-0.000,0.008,0.007,28.0
54,-3.094,0.992,1.497,-0.000,0.008,0.008,28.0
55,-3.093,0.991,1.497,-0.000,0.004,0.006,28.0
56,-3.093,0.991,1.497,-0.000,0.000,0.003,28.0
57,-3.092,0.990,1.497,-0.000,-0.002,0.001,28.0
58,-3.091,0.989,1.498,-0.000,-0.001,0.001,28.0
59,-3.091,0.989,1.498,-0.000,0.003,0.002,28.0
60,-3.090,0.988,1.498,-0.000,0.007,0.005,28.0
61,-3.090,0.987,1.498,-0.000,0.010,0.008,28.0
62,-3.089,0.987,1.498,-0.000,0.010,0.009,28.0
63,-3.089,0.986,1.498,-0.000,0.005,0.006,28.0
64,-3.088,0.985,1.498,-0.000,0.000,0.003,28.0
65,-3.087,0.984,1.499,-0.000,-0.002,0.000,28.0
66,-3.087,0.983,1.499,-0.000,-0.002,-0.000,28.0
67,-3.086,0.983,1.499,-0.000,0.002,0.001,28.0
68,-3.085,0.982,1.499,-0.000,0.007,0.004,28.0
69,-3.085,0.981,1.500,-0.000,0.010,0.007,28.0
70,-3.084,0.980,1.500,-0.000,0.010,0.008,28.0
71,-3.083,0.979,1.500,-0.000,0.006,0.006,28.0
72,-3.082,0.978,1.500,-0.000,0.000,0.003,28.0
73,-3.082,0.977,1.501,-0.000,-0.003,0.000,28.0
74,-3.081,0.976,1.501,-0.000,-0.002,0.000,28.0
75,-3.080,0.975,1.501,-0.000,0.001,0.001,28.0
76,-3.079,0.974,1.501,-0.000,0.006,0.004,28.0
77,-3.078,0.973,1.502,-0.000,0.010,0.007,28.0
78,-3.078,0.972,1.502,-0.000,0.010,0.008,28.0
79,-3.077,0.971,1.502,-0.000,0.005,0.006,28.0
80,-3.076,0.970,1.502,-0.000,-0.000,0.003,28.0
81,-3.075,0.969,1.503,-0.000,-0.004,0.000,28.0
82,-3.074,0.968,1.503,-0.000,-0.003,-0.000,28.0
83,-3.073,0.967,1.503,-0.000,0.001,0.001,28.0
84,-3.072,0.966,1.504,-0.000,0.006,0.003,28.0
85,-3.071,0.965,1.504,-0.000,0.010,0.006,28.0
86,-3.070,0.964,1.504,-0.000,0.123,0.096,28.0
87,-3.069,0.963,1.505,-0.000,0.194,0.153,28.0
88,-3.067,0.961,1.505,-0.000,0.186,0.144,28.0
89,-3.065,0.958,1.505,-0.000,0.111,0.080,28.0
90,-3.062,0.956,1.506,-0.000,-0.092,0.112,28.0
91,-3.059,0.952,1.506,-0.000,-0.262,0.102,28.0
92,-3.057,0.949,1.506,-0.000,-0.346,0.042,28.0
93,-3.056,0.945,1.506,-0.000,-0.279,-0.179,28.0
94,-3.056,0.942,1.506,-0.000,-0.321,-0.354,33.0
95,-3.058,0.941,1.506,-0.000,-0.299,-0.398,33.0
96,-3.060,0.940,1.506,-0.000,-0.214,-0.325,33.0
97,-3.063,0.940,1.506,-0.000,-0.103,-0.186,33.0
98,-3.067,0.942,1.506,-0.000,0.166,-0.002,33.0
99,-3.070,0.943,1.506,-0.000,0.171,0.095,33.0
100,-3.072,0.944,1.506,-0.000,0.094,0.125,33.0
101,-3.074,0.945,1.506,-0.000,0.001,0.102,33.0
102,-3.076,0.945,1.506,-0.000,-0.073,0.050,33.0
103,-3.079,0.945,1.506,-0.000,-0.108,-0.006,33.0
104,-3.081,0.945,1.506,-0.000,-0.102,-0.048,33.0
105,-3.084,0.945,1.506,-0.000,-0.068,-0.065,33.0
106,-3.088,0.946,1.506,-0.000,-0.023,-0.059,33.0
107,-3.091,0.946,1.506,-0.000,0.018,-0.038,33.0
108,-3.094,0.947,1.506,-0.000,0.043,-0.011,33.0
109,-3.098,0.948,1.506,-0.000,0.050,0.011,33.0
110,-3.101,0.949,1.506,-0.000,0.042,0.024,33.0
111,-3.104,0.950,1.506,-0.000,0.026,0.026,33.0
112,-3.106,0.950,1.506,-0.000,0.009,0.020,33.0
113,-3.109,0.951,1.506,-0.000,-0.003,0.010,33.0
114,-3.112,0.951,1.506,-0.000,-0.007,-0.000,33.0
115,-3.115,0.952,1.506,-0.000,-0.005,-0.007,33.0
116,-3.118,0.952,1.506,-0.000,0.001,-0.009,33.0
117,-3.121,0.953,1.506,-0.000,0.009,-0.007,33.0
118,-3.123,0.954,1.506,-0.000,0.015,-0.003,33.0
119,-3.126,0.954,1.506,-0.000,0.018,0.002,33.0
120,-3.129,0.955,1.506,-0.000,0.019,0.005,33.0
121,-3.132,0.956,1.506,-0.000,0.016,0.007,33.0
122,-3.134,0.956,1.506,-0.000,0.013,0.007,33.0
123,-3.137,0.957,1.506,-0.000,0.010,0.005,33.0
124,-3.139,0.957,1.506,-0.000,0.008,0.003,33.0
125,-3.142,0.958,1.506,-0.000,0.008,0.002,33.0
126,-3.144,0.958,1.506,-0.000,0.008,0.001,33.0
127,-3.147,0.959,1.506,-0.000,0.009,0.000,33.0
128,-3.149,0.959,1.506,-0.000,0.010,0.001,33.0
129,-3.152,0.960,1.506,-0.000,0.011,0.002,33.0
130,-3.154,0.960,1.506,-0.000,0.012,0.002,33.0
131,-3.156,0.961,1.506,-0.000,0.011,0.003,33.0
132,-3.159,0.962,1.506,-0.000,0.011,0.003,33.0
133,-3.161,0.962,1.506,-0.000,0.010,0.003,33.0
134,-3.163,0.963,1.506,-0.000,0.009,0.003,33.0
135,-3.165,0.963,1.506,-0.000,0.009,0.002,33.0
136,-3.168,0.963,1.506,-0.000,0.009,0.002,33.0
137,-3.170,0.964,1.506,-0.000,0.009,0.002,33.0
138,-3.172,0.964,1.506,-0.000,0.009,0.002,33.0
139,-3.174,0.965,1.506,-0.000,0.009,0.002,33.0
140,-3.176,0.965,1.506,-0.000,0.009,0.002,33.0
141,-3.178,0.966,1.506,-0.000,0.009,0.002,33.0
142,-3.180,0.966,1.506,-0.000,0.009,0.002,33.0
143,-3.182,0.967,1.506,-0.000,0.009,0.002,33.0
144,-3.184,0.967,1.506,-0.000,0.009,0.002,33.0
145,-3.186,0.968,1.506,-0.000,0.008,0.002,33.0
146,-3.188,0.968,1.506,-0.000,0.008,0.002,33.0
147,-3.190,0.968,1.506,-0.000,0.008,0.002,33.0
148,-3.192,0.969,1.506,-0.000,0.008,0.002,33.0
149,-3.194,0.969,1.506,-0.000,0.008,0.002,33.0
150,-3.196,0.970,1.506,-0.000,0.008,0.002,33.0
151,-3.197,0.970,1.506,-0.000,0.008,0.002,33.0
152,-3.199,0.970,1.506,-0.000,0.008,0.002,33.0
153,-3.201,0.971,1.506,-0.000,0.008,0.002,33.0
154,-3.203,0.971,1.506,-0.000,0.007,0.002,33.0
155,-3.204,0.972,1.506,-0.000,0.007,0.002,33.0
156,-3.206,0.972,1.506,-0.000,0.007,0.002,33.0
157,-3.208,0.972,1.506,-0.000,0.007,0.002,33.0
158,-3.209,0.973,1.506,-0.000,0.007,0.002,33.0
159,-3.211,0.973,1.506,-0.000,0.007,0.002,33.0
160,-3.213,0.973,1.506,-0.000,0.007,0.002,33.0
161,-3.214,0.974,1.506,-0.000,0.007,0.001,33.0
162,-3.216,0.974,1.506,-0.000,0.007,0.001,33.0
163,-3.217,0.974,1.506,-0.000,0.007,0.001,33.0
164,-3.219,0.975,1.506,-0.000,0.007,0.001,33.0
165,-3.220,0.975,1.506,-0.000,0.006,0.001,33.0
166,-3.222,0.975,1.506,-0.000,0.006,0.001,33.0
167,-3.223,0.976,1.506,-0.000,0.006,0.001,33.0
168,-3.225,0.976,1.506,-0.000,0.006,0.001,33.0
169,-3.226,0.976,1.506,-0.000,0.006,0.001,33.0
170,-3.227,0.977,1.506,-0.000,0.006,0.001,33.0
171,-3.229,0.977,1.506,-0.000,0.006,0.001,33.0
172,-3.230,0.977,1.506,-0.000,0.006,0.001,33.0
173,-3.232,0.978,1.506,-0.000,0.006,0.001,33.0
174,-3.233,0.978,1.506,-0.000,0.006,0.001,33.0
175,-3.234,0.978,1.506,-0.000,0.006,0.001,33.0
176,-3.236,0.978,1.506,-0.000,0.006,0.001,33.0
177,-3.237,0.979,1.506,-0.000,0.006,0.001,33.0
178,-3.238,0.979,1.506,-0.000,0.005,0.001,33.0
179,-3.239,0.979,1.506,-0.000,0.005,0.001,33.0
180,-3.241,0.980,1.506,-0.000,0.005,0.001,33.0
181,-3.242,0.980,1.506,-0.000,0.005,0.001,33.0
182,-3.243,0.980,1.506,-0.000,0.005,0.001,33.0
183,-3.244,0.980,1.506,-0.000,0.005,0.001,33.0
184,-3.245,0.981,1.506,-0.000,0.005,0.001,33.0
185,-3.246,0.981,1.506,-0.000,0.005,0.001,33.0
186,-3.248,0.981,1.506,-0.000,0.005,0.001,33.0
187,-3.249,0.981,1.506,-0.000,0.005,0.001,33.0
188,-3.250,0.982,1.506,-0.000,0.005,0.001,33.0
189,-3.251,0.982,1.506,-0.000,0.005,0.001,33.0
190,-3.252,0.982,1.506,-0.000,0.005,0.001,33.0
191,-3.253,0.982,1.506,-0.000,0.005,0.001,33.0
192,-3.254,0.983,1.506,-0.000,0.005,0.001,33.0
193,-3.255,0.983,1.506,-0.000,0.004,0.001,33.0
194,-3.256,0.983,1.506,-0.000,0.004,0.001,33.0
195,-3.257,0.983,1.506,-0.000,0.004,0.001,33.0
196,-3.258,0.983,1.506,-0.000,0.004,0.001,33.0
197,-3.259,0.984,1.506,-0.000,0.004,0.001,33.0
198,-3.260,0.984,1.506,-0.000,0.004,0.001,33.0
199,-3.261,0.984,1.506,-0.000,0.004,0.001,33.0
200,-3.262,0.984,1.506,-0.000,0.004,0.001,33.0
201,-3.263,0.984,1.506,-0.000,0.004,0.001,33.0
202,-3.264,0.985,1.506,-0.000,0.004,0.001,33.0
203,-3.265,0.985,1.506,-0.000,0.004,0.001,33.0
204,-3.266,0.985,1.506,-0.000,0.004,0.001,33.0
205,-3.267,0.985,1.506,-0.000,0.004,0.001,33.0
206,-3.267,0.985,1.506,-0.000,0.004,0.001,33.0
207,-3.268,0.986,1.506,-0.000,0.004,0.001,33.0
208,-3.269,0.986,1.506,-0.000,0.004,0.001,33.0
209,-3.270,0.986,1.506,-0.000,0.004,0.001,33.0
210,-3.271,0.986,1.506,-0.000,0.004,0.001,33.0
211,-3.272,0.986,1.506,-0.000,0.004,0.001,33.0
212,-3.272,0.987,1.506,-0.000,0.003,0.001,33.0
213,-3.273,0.987,1.506,-0.000,0.003,0.001,33.0
214,-3.274,0.987,1.506,-0.000,0.003,0.001,33.0
215,-3.275,0.987,1.506,-0.000,0.003,0.001,33.0
216,-3.276,0.987,1.506,-0.000,0.003,0.001,33.0
217,-3.276,0.987,1.506,-0.000,0.003,0.001,33.0
218,-3.277,0.988,1.506,-0.000,0.003,0.001,33.0
219,-3.278,0.988,1.506,-0.000,0.003,0.001,33.0
220,-3.279,0.988,1.506,-0.000,0.003,0.001,33.0
221,-3.279,0.988,1.506,-0.000,0.003,0.001,33.0
222,-3.280,0.988,1.506,-0.000,0.003,0.001,33.0
223,-3.281,0.988,1.506,-0.000,0.003,0.001,33.0
224,-3.281,0.989,1.506,-0.000,0.003,0.001,33.0
225,-3.282,0.989,1.506,-0.000,0.003,0.001,33.0
226,-3.283,0.989,1.506,-0.000,0.003,0.001,33.0
227,-3.283,0.989,1.506,-0.000,0.003,0.001,33.0
228,-3.284,0.989,1.506,-0.000,0.003,0.001,33.0
229,-3.285,0.989,1.506,-0.000,0.003,0.001,33.0
230,-3.285,0.989,1.506,-0.000,0.003,0.001,33.0
231,-3.286,0.990,1.506,-0.000,0.003,0.001,33.0
232,-3.287,0.990,1.505,-0.000,0.003,0.001,33.0
233,-3.287,0.990,1.505,-0.000,0.003,0.001,33.0
234,-3.288,0.990,1.505,-0.000,0.003,0.001,33.0
235,-3.288,0.990,1.505,-0.000,0.003,0.001,33.0
236,-3.289,0.990,1.505,-0.000,0.003,0.001,33.0
237,-3.290,0.990,1.505,-0.000,0.003,0.001,33.0
238,-3.290,0.990,1.505,-0.000,0.002,0.001,33.0
239,-3.291,0.991,1.505,-0.000,0.002,0.001,33.0
240,-3.291,0.991,1.505,-0.000,0.002,0.001,33.0
241,-3.292,0.991,1.505,-0.000,0.002,0.001,33.0
242,-3.292,0.991,1.505,-0.000,0.002,0.001,33.0
243,-3.293,0.991,1.505,-0.000,0.002,0.001,33.0
244,-3.293,0.991,1.505,-0.000,0.002,0.001,33.0
245,-3.294,0.991,1.505,-0.000,0.002,0.000,33.0
246,-3.294,0.991,1.505,-0.000,0.002,0.000,33.0
247,-3.295,0.992,1.505,-0.000,0.002,0.000,33.0
248,-3.295,0.992,1.505,-0.000,0.002,0.000,33.0
249,-3.296,0.992,1.505,-0.000,0.002,0.000,33.0
250,-3.296,0.992,1.505,-0.000,0.002,0.000,33.0
251,-3.297,0.992,1.505,-0.000,0.002,0.000,33.0
252,-3.297,0.992,1.505,-0.000,0.002,0.000,33.0
253,-3.298,0.992,1.505,-0.000,0.002,0.000,33.0
254,-3.298,0.992,1.505,-0.000,0.002,0.000,33.0
255,-3.299,0.992,1.505,-0.000,0.002,0.000,33.0
256,-3.299,0.992,1.505,-0.000,0.002,0.000,33.0
257,-3.300,0.993,1.505,-0.000,0.002,0.000,33.0
258,-3.300,0.993,1.505,-0.000,0.002,0.000,33.0
259,-3.301,0.993,1.505,-0.000,0.002,0.000,33.0
260,-3.301,0.993,1.505,-0.000,0.002,0.000,33.0
261,-3.301,0.993,1.505,-0.000,0.002,0.000,33.0
262,-3.302,0.993,1.505,-0.000,0.002,0.000,33.0
263,-3.302,0.993,1.505,-0.000,0.002,0.000,33.0
264,-3.303,0.993,1.505,-0.000,0.002,0.000,33.0
265,-3.303,0.993,1.505,-0.000,0.002,0.000,33.0
266,-3.303,0.993,1.505,-0.000,0.002,0.000,33.0
267,-3.304,0.994,1.505,-0.000,0.002,0.000,33.0
268,-3.304,0.994,1.505,-0.000,0.002,0.000,33.0
269,-3.305,0.994,1.505,-0.000,0.002,0.000,33.0
270,-3.305,0.994,1.505,-0.000,0.002,0.000,33.0
271,-3.305,0.994,1.505,-0.000,0.002,0.000,33.0
272,-3.306,0.994,1.505,-0.000,0.002,0.000,33.0
273,-3.306,0.994,1.505,-0.000,0.002,0.000,33.0
274,-3.306,0.994,1.505,-0.000,0.002,0.000,33.0
275,-3.307,0.994,1.505,-0.000,0.002,0.000,33.0
276,-3.307,0.994,1.505,-0.000,0.001,0.000,33.0
277,-3.307,0.994,1.505,-0.000,0.001,0.000,33.0
278,-3.308,0.994,1.505,-0.000,0.001,0.000,33.0
279,-3.308,0.994,1.505,-0.000,0.001,0.000,33.0
280,-3.308,0.995,1.505,-0.000,0.001,0.000,33.0
281,-3.309,0.995,1.505,-0.000,0.001,0.000,33.0
282,-3.309,0.995,1.505,-0.000,0.001,0.000,33.0
283,-3.309,0.995,1.505,-0.000,0.001,0.000,33.0
284,-3.310,0.995,1.505,-0.000,0.001,0.000,33.0
285,-3.310,0.995,1.505,-0.000,0.001,0.000,33.0
286,-3.310,0.995,1.505,-0.000,0.001,0.000,33.0
287,-3.311,0.995,1.505,-0.000,0.001,0.000,33.0
288,-3.311,0.995,1.505,-0.000,0.001,0.000,33.0
289,-3.311,0.995,1.505,-0.000,0.001,0.000,33.0
290,-3.312,0.995,1.505,-0.000,0.001,0.000,33.0
291,-3.312,0.995,1.505,-0.000,0.001,0.000,33.0
292,-3.312,0.995,1.505,-0.000,0.001,0.000,33.0
293,-3.312,0.995,1.505,-0.000,0.001,0.000,33.0
294,-3.313,0.995,1.505,-0.000,0.001,0.000,33.0
295,-3.313,0.996,1.505,-0.000,0.001,0.000,33.0
296,-3.313,0.996,1.505,-0.000,0.001,0.000,33.0
297,-3.313,0.996,1.505,-0.000,0.001,0.000,33.0
298,-3.314,0.996,1.505,-0.000,0.001,0.000,33.0
299,-3.314,0.996,1.505,-0.000,0.001,0.000,33.0
300,-3.314,0.996,1.505,-0.000,0.001,0.000,33.0
301,-3.314,0.996,1.505,-0.000,0.001,0.000,33.0
302,-3.315,0.996,1.505,-0.000,0.001,0.000,33.0
303,-3.315,0.996,1.505,-0.000,0.001,0.000,33.0
304,-3.315,0.996,1.505,-0.000,0.001,0.000,33.0
305,-3.315,0.996,1.505,-0.000,0.001,0.000,33.0
306,-3.316,0.996,1.505,-0.000,0.001,0.000,33.0
307,-3.316,0.996,1.505,-0.000,0.001,0.000,33.0
308,-3.316,0.996,1.505,-0.000,0.001,0.000,33.0
309,-3.316,0.996,1.505,-0.000,0.001,0.000,33.0
310,-3.317,0.996,1.505,-0.000,0.001,0.000,33.0
311,-3.317,0.996,1.505,-0.000,0.001,0.000,33.0
312,-3.317,0.996,1.505,-0.000,0.001,0.000,33.0
313,-3.317,0.996,1.505,-0.000,0.001,0.000,33.0
314,-3.317,0.997,1.505,-0.000,0.001,0.000,33.0
315,-3.318,0.997,1.505,-0.000,0.001,0.000,33.0
316,-3.318,0.997,1.505,-0.000,0.001,0.000,33.0
317,-3.318,0.997,1.505,-0.000,0.001,0.000,33.0
318,-3.318,0.997,1.505,-0.000,0.001,0.000,33.0
319,-3.318,0.997,1.505,-0.000,0.001,0.000,33.0
320,-3.319,0.997,1.505,-0.000,0.001,0.000,33.0
321,-3.319,0.997,1.505,-0.000,0.001,0.000,33.0
322,-3.319,0.997,1.505,-0.000,0.001,0.000,33.0
323,-3.319,0.997,1.505,-0.000,0.001,0.000,33.0
324,-3.319,0.997,1.505,-0.000,0.001,0.000,33.0
325,-3.320,0.997,1.505,-0.000,0.001,0.000,33.0
326,-3.320,0.997,1.505,-0.000,0.001,0.000,33.0
327,-3.320,0.997,1.505,-0.000,0.001,0.000,33.0
328,-3.320,0.997,1.505,-0.000,0.001,0.000,33.0
329,-3.320,0.997,1.505,-0.000,0.001,0.000,33.0
330,-3.320,0.997,1.505,-0.000,0.001,0.000,33.0
331,-3.321,0.997,1.505,-0.000,0.001,0.000,33.0
332,-3.321,0.997,1.505,-0.000,0.001,0.000,33.0
333,-3.321,0.997,1.505,-0.000,0.001,0.000,33.0
334,-3.321,0.997,1.505,-0.000,0.000,0.000,33.0
335,-3.321,0.997,1.505,-0.000,0.008,0.002,1
336,-3.321,0.997,1.505,-0.000,0.015,0.003,1
337,-3.322,0.997,1.505,-0.000,0.017,0.004,1
338,-3.322,0.997,1.505,-0.000,-0.111,0.184,1
339,-3.322,0.997,1.505,-0.000,-0.198,0.300,1
340,-3.323,0.995,1.505,-0.000,-0.209,0.306,1
341,-3.325,0.993,1.505,-0.000,-0.153,0.215,1
342,-3.327,0.989,1.505,-0.000,-0.179,-0.070,3.0
343,-3.330,0.986,1.505,-0.000,-0.153,-0.316,3.0
344,-3.333,0.984,1.506,-0.000,-0.071,-0.443,3.0
345,-3.337,0.983,1.506,-0.000,0.353,-0.227,3.0
346,-3.340,0.983,1.506,-0.000,0.660,0.024,3.0
347,-3.340,0.983,1.506,-0.000,0.744,0.206,3.0
348,-3.338,0.982,1.506,-0.000,0.450,0.365,3.0
349,-3.334,0.981,1.506,-0.000,0.087,0.393,3.0
350,-3.330,0.977,1.506,-0.000,-0.198,0.306,3.0
351,-3.327,0.973,1.506,-0.000,-0.340,0.160,3.0
352,-3.324,0.968,1.506,-0.000,-0.335,0.015,3.0
353,-3.323,0.964,1.506,-0.000,-0.227,-0.088,31.0
354,-3.323,0.959,1.506,-0.000,-0.078,-0.129,31.0
355,-3.322,0.955,1.507,-0.000,0.055,-0.115,31.0
356,-3.322,0.951,1.507,-0.000,0.134,-0.067,31.0
357,-3.321,0.947,1.507,-0.000,0.151,-0.009,31.0
358,-3.320,0.944,1.507,-0.000,0.117,0.037,31.0
359,-3.319,0.940,1.507,-0.000,0.056,0.060,31.0
360,-3.317,0.936,1.507,-0.000,-0.004,0.059,31.0
361,-3.315,0.932,1.507,-0.000,-0.047,0.040,31.0
362,-3.313,0.928,1.507,-0.000,-0.063,0.015,31.0
363,-3.312,0.923,1.507,-0.000,-0.055,-0.008,31.0
364,-3.310,0.919,1.507,-0.000,-0.033,-0.022,31.0
365,-3.309,0.915,1.507,-0.000,-0.007,-0.025,31.0
366,-3.308,0.910,1.507,-0.000,0.014,-0.020,31.0
367,-3.307,0.906,1.507,-0.000,0.025,-0.011,31.0
368,-3.305,0.902,1.507,-0.000,0.024,-0.001,31.0
369,-3.304,0.898,1.508,-0.000,0.017,0.006,31.0
370,-3.302,0.894,1.508,-0.000,0.006,0.008,31.0
371,-3.301,0.890,1.508,-0.000,-0.004,0.007,31.0
372,-3.299,0.886,1.508,-0.000,-0.010,0.003,31.0
373,-3.298,0.882,1.508,-0.000,-0.012,-0.001,31.0
374,-3.296,0.877,1.508,-0.000,-0.009,-0.004,31.0
375,-3.295,0.873,1.508,-0.000,-0.005,-0.006,31.0
376,-3.294,0.869,1.508,-0.000,-0.000,-0.006,31.0
377,-3.292,0.865,1.508,-0.000,0.003,-0.005,31.0
378,-3.291,0.861,1.508,-0.000,0.004,-0.003,31.0
379,-3.290,0.856,1.508,-0.000,0.003,-0.002,31.0
380,-3.288,0.852,1.508,-0.000,0.002,-0.001,31.0
381,-3.287,0.848,1.508,-0.000,-0.000,-0.000,31.0
382,-3.285,0.844,1.508,-0.000,-0.002,-0.001,31.0
383,-3.284,0.840,1.508,-0.000,-0.003,-0.002,31.0
384,-3.282,0.836,1.508,-0.000,-0.003,-0.002,31.0
385,-3.281,0.831,1.508,-0.000,-0.002,-0.003,31.0
386,-3.280,0.827,1.508,-0.000,-0.001,-0.003,31.0
387,-3.278,0.823,1.508,-0.000,-0.001,-0.003,31.0
388,-3.277,0.819,1.508,-0.000,-0.000,-0.003,31.0
389,-3.275,0.815,1.508,-0.000,0.000,-0.002,31.0
390,-3.274,0.811,1.508,-0.000,-0.000,-0.002,31.0
391,-3.273,0.806,1.508,-0.000,-0.000,-0.002,31.0
392,-3.271,0.802,1.508,-0.000,-0.014,-0.040,31.0
393,-3.270,0.798,1.508,-0.000,-0.035,-0.103,31.0
394,-3.269,0.795,1.508,-0.000,-0.089,-0.262,31.0
395,-3.268,0.792,1.508,-0.000,-0.154,-0.463,33.0
396,-3.267,0.790,1.508,-0.000,-0.171,-0.520,33.0
397,-3.267,0.791,1.508,-0.000,-0.141,-0.432,33.0
398,-3.268,0.793,1.508,-0.000,-0.084,-0.260,33.0
399,-3.269,0.796,1.508,-0.000,0.018,0.055,33.0
400,-3.270,0.798,1.508,-0.000,0.050,0.153,33.0
401,-3.270,0.801,1.508,-0.000,0.049,0.150,33.0
402,-3.271,0.803,1.508,-0.000,0.030,0.090,33.0
403,-3.271,0.804,1.508,-0.000,0.004,0.011,33.0
404,-3.272,0.806,1.509,-0.000,-0.018,-0.055,33.0
405,-3.272,0.807,1.509,-0.000,-0.030,-0.090,33.0
406,-3.273,0.809,1.509,-0.000,-0.030,-0.091,33.0
407,-3.274,0.811,1.509,-0.000,-0.022,-0.065,33.0
408,-3.274,0.814,1.509,-0.000,-0.009,-0.027,33.0
409,-3.275,0.816,1.509,-0.000,0.003,0.009,33.0
410,-3.276,0.819,1.509,-0.000,0.011,0.033,33.0
411,-3.277,0.821,1.509,-0.000,0.013,0.041,33.0
412,-3.278,0.824,1.509,-0.000,0.012,0.036,33.0
413,-3.278,0.826,1.509,-0.000,0.008,0.023,33.0
414,-3.279,0.828,1.509,-0.000,0.003,0.009,33.0
415,-3.280,0.830,1.509,-0.000,-0.001,-0.002,33.0
416,-3.280,0.832,1.509,-0.000,-0.002,-0.007,33.0
417,-3.281,0.834,1.509,-0.000,-0.002,-0.006,33.0
418,-3.282,0.837,1.509,-0.000,-0.001,-0.001,33.0
419,-3.282,0.839,1.509,-0.000,0.002,0.005,33.0
420,-3.283,0.841,1.509,-0.000,0.003,0.011,33.0
421,-3.284,0.843,1.509,-0.000,0.005,0.014,33.0
422,-3.284,0.845,1.509,-0.000,0.005,0.015,33.0
423,-3.285,0.847,1.509,-0.000,0.004,0.013,33.0
424,-3.286,0.849,1.509,-0.000,0.003,0.011,33.0
425,-3.286,0.851,1.509,-0.000,0.003,0.008,33.0
426,-3.287,0.853,1.509,-0.000,0.002,0.006,33.0
427,-3.287,0.855,1.509,-0.000,0.002,0.005,33.0
428,-3.288,0.857,1.509,-0.000,0.002,0.006,33.0
429,-3.289,0.859,1.509,-0.000,0.002,0.007,33.0
430,-3.289,0.860,1.509,-0.000,0.002,0.008,33.0
431,-3.290,0.862,1.509,-0.000,0.003,0.008,33.0
432,-3.290,0.864,1.509,-0.000,0.003,0.009,33.0
433,-3.291,0.866,1.509,-0.000,0.003,0.009,33.0
434,-3.291,0.868,1.509,-0.000,0.003,0.008,33.0
435,-3.292,0.869,1.509,-0.000,0.002,0.008,33.0
436,-3.293,0.871,1.509,-0.000,0.002,0.007,33.0
437,-3.293,0.873,1.509,-0.000,0.002,0.007,33.0
438,-3.294,0.874,1.509,-0.000,0.002,0.007,33.0
439,-3.294,0.876,1.509,-0.000,0.002,0.007,33.0
440,-3.295,0.878,1.509,-0.000,0.002,0.007,33.0
441,-3.295,0.879,1.509,-0.000,0.002,0.007,33.0
442,-3.296,0.881,1.509,-0.000,0.002,0.007,33.0
443,-3.296,0.882,1.509,-0.000,0.002,0.007,33.0
444,-3.297,0.884,1.509,-0.000,0.002,0.007,33.0
445,-3.297,0.885,1.509,-0.000,0.002,0.007,33.0
446,-3.298,0.887,1.509,-0.000,0.002,0.006,33.0
447,-3.298,0.888,1.509,-0.000,0.002,0.006,33.0
448,-3.298,0.890,1.509,-0.000,0.204,0.199,33.0
449,-3.298,0.891,1.509,-0.000,0.340,0.337,33.0
450,-3.297,0.890,1.509,-0.000,0.354,0.365,33.0
451,-3.294,0.889,1.509,-0.000,0.064,0.080,33.0
452,-3.292,0.887,1.509,-0.000,-0.204,-0.185,33.0
453,-3.289,0.886,1.509,-0.000,-0.343,-0.332,33.0
454,-3.288,0.885,1.509,-0.000,-0.347,-0.344,33.0
455,-3.288,0.886,1.509,-0.000,-0.252,-0.255,33.0
456,-3.289,0.888,1.509,-0.000,-0.111,-0.116,33.0
457,-3.291,0.890,1.509,-0.000,0.020,0.016,33.0
458,-3.292,0.893,1.509,-0.000,0.106,0.104,33.0
459,-3.293,0.895,1.509,-0.000,0.133,0.135,33.0
460,-3.294,0.896,1.510,-0.000,0.110,0.115,33.0
461,-3.294,0.897,1.510,-0.000,0.058,0.065,33.0
462,-3.294,0.898,1.510,-0.000,0.002,0.009,33.0
463,-3.294,0.899,1.510,-0.000,-0.040,-0.034,33.0
464,-3.294,0.900,1.510,-0.000,-0.058,-0.054,33.0
465,-3.295,0.901,1.510,-0.000,-0.054,-0.051,33.0
466,-3.295,0.902,1.510,-0.000,-0.035,-0.033,33.0
467,-3.296,0.904,1.510,-0.000,-0.010,-0.008,33.0
468,-3.296,0.905,1.510,-0.000,0.011,0.013,33.0
469,-3.297,0.906,1.510,-0.000,0.023,0.026,33.0
470,-3.298,0.908,1.510,-0.000,0.025,0.029,33.0
471,-3.298,0.909,1.510,-0.000,0.019,0.023,33.0
472,-3.298,0.910,1.510,-0.000,0.010,0.013,33.0
473,-3.299,0.911,1.510,-0.000,0.000,0.004,33.0
474,-3.299,0.912,1.510,-0.000,-0.006,-0.003,33.0
475,-3.300,0.913,1.510,-0.000,-0.009,-0.006,33.0
476,-3.300,0.914,1.510,-0.000,-0.007,-0.004,33.0
477,-3.300,0.916,1.510,-0.000,-0.006,-0.001,33.0
478,-3.301,0.917,1.510,-0.000,-0.001,0.004,33.0
479,-3.301,0.918,1.510,-0.000,0.004,0.007,33.0
480,-3.302,0.919,1.510,-0.000,0.007,0.009,33.0
481,-3.302,0.920,1.510,-0.000,0.008,0.009,33.0
482,-3.303,0.921,1.510,-0.000,0.006,0.007,33.0
483,-3.303,0.922,1.510,-0.000,0.004,0.005,33.0
484,-3.303,0.923,1.510,-0.000,0.002,0.004,33.0
485,-3.304,0.924,1.510,-0.000,-0.000,0.003,33.0
486,-3.304,0.925,1.510,-0.000,-0.001,0.002,33.0
487,-3.305,0.926,1.510,-0.000,-0.000,0.003,33.0
488,-3.305,0.927,1.504,-0.000,0.000,0.003,33.0
489,-3.305,0.928,1.502,-0.000,0.001,0.004,33.0
490,-3.306,0.929,1.501,-0.000,0.002,0.005,33.0
491,-3.306,0.930,1.500,-0.000,0.003,0.005,33.0
492,-3.306,0.931,1.499,-0.000,0.003,0.005,33.0
493,-3.307,0.932,1.499,-0.000,0.002,0.004,33.0
494,-3.307,0.933,1.498,-0.000,0.002,0.004,33.0
495,-3.307,0.933,1.497,-0.000,0.001,0.004,33.0
496,-3.308,0.934,1.496,-0.000,0.001,0.003,33.0
497,-3.308,0.935,1.496,-0.000,0.001,0.003,33.0
498,-3.308,0.936,1.495,-0.000,0.001,0.003,33.0
499,-3.309,0.937,1.495,-0.000,0.001,0.004,33.0
500,-3.309,0.938,1.494,-0.000,0.001,0.004,33.0
501,-3.309,0.939,1.494,-0.000,0.001,0.004,33.0
502,-3.310,0.939,1.493,-0.000,0.002,0.004,33.0
503,-3.310,0.940,1.493,-0.000,0.001,0.004,33.0
504,-3.310,0.941,1.493,-0.000,0.001,0.003,33.0
505,-3.311,0.942,1.493,-0.000,0.001,0.003,33.0
506,-3.311,0.942,1.492,-0.000,0.001,0.003,33.0
507,-3.311,0.943,1.492,-0.000,0.001,0.003,33.0
508,-3.312,0.944,1.492,-0.000,0.001,0.003,33.0
509,-3.312,0.945,1.492,-0.000,0.001,0.003,33.0
510,-3.312,0.945,1.491,-0.000,0.001,0.003,33.0
511,-3.312,0.946,1.491,-0.000,0.001,0.003,33.0
512,-3.313,0.947,1.491,-0.000,0.001,0.003,33.0
513,-3.313,0.948,1.491,-0.000,0.001,0.003,33.0
514,-3.313,0.948,1.491,-0.000,0.001,0.003,33.0
515,-3.313,0.949,1.491,-0.000,0.001,0.003,33.0
516,-3.314,0.950,1.491,-0.000,0.001,0.003,33.0
517,-3.314,0.950,1.491,-0.000,0.001,0.003,33.0
518,-3.314,0.951,1.490,-0.000,0.001,0.003,33.0
519,-3.314,0.952,1.490,-0.000,0.001,0.003,33.0
520,-3.315,0.952,1.490,-0.000,0.001,0.003,33.0
521,-3.315,0.953,1.490,-0.000,0.001,0.003,33.0
522,-3.315,0.953,1.490,-0.000,0.001,0.003,33.0
523,-3.315,0.954,1.490,-0.000,0.001,0.003,33.0
524,-3.316,0.955,1.490,-0.000,0.001,0.003,33.0
525,-3.316,0.955,1.490,-0.000,0.001,0.003,33.0
526,-3.316,0.956,1.496,-0.000,0.001,0.003,33.0
527,-3.316,0.956,1.497,-0.000,0.001,0.003,33.0
528,-3.317,0.957,1.499,-0.000,0.001,0.002,33.0
529,-3.317,0.957,1.500,-0.000,0.001,0.002,33.0
530,-3.317,0.958,1.500,-0.000,0.001,0.002,33.0
531,-3.317,0.959,1.501,-0.000,0.001,0.002,33.0
532,-3.317,0.959,1.502,-0.000,0.001,0.002,33.0
533,-3.318,0.960,1.503,-0.000,0.001,0.002,33.0
534,-3.318,0.960,1.503,-0.000,0.001,0.002,33.0
535,-3.318,0.961,1.504,-0.000,0.001,0.002,33.0
536,-3.318,0.961,1.504,-0.000,0.001,0.002,33.0
537,-3.318,0.962,1.505,-0.000,0.001,0.002,33.0
538,-3.319,0.962,1.505,-0.000,0.001,0.002,33.0
539,-3.319,0.963,1.506,-0.000,0.001,0.002,33.0
540,-3.319,0.963,1.506,-0.000,0.001,0.002,33.0
541,-3.319,0.964,1.506,-0.000,0.001,0.002,33.0
542,-3.319,0.964,1.507,-0.000,0.001,0.002,33.0
543,-3.320,0.965,1.507,-0.000,0.001,0.002,33.0
544,-3.320,0.965,1.507,-0.000,0.001,0.002,33.0
545,-3.320,0.966,1.508,-0.000,0.001,0.002,33.0
546,-3.320,0.966,1.508,-0.000,0.001,0.002,33.0
547,-3.320,0.966,1.508,-0.000,0.001,0.002,33.0
548,-3.320,0.967,1.508,-0.000,0.001,0.002,33.0
549,-3.321,0.967,1.508,-0.000,0.001,0.002,33.0
550,-3.321,0.968,1.508,-0.000,0.001,0.002,33.0
551,-3.321,0.968,1.509,-0.000,0.001,0.002,33.0
552,-3.321,0.969,1.509,-0.000,0.001,0.002,33.0
553,-3.321,0.969,1.509,-0.000,0.001,0.002,33.0
554,-3.321,0.969,1.509,-0.000,0.001,0.002,33.0
555,-3.322,0.970,1.509,-0.000,0.001,0.002,33.0
556,-3.322,0.970,1.509,-0.000,0.001,0.002,33.0
557,-3.322,0.971,1.509,-0.000,0.001,0.002,33.0
558,-3.322,0.971,1.509,-0.000,0.001,0.002,33.0
559,-3.322,0.971,1.509,-0.000,0.001,0.002,33.0
560,-3.322,0.972,1.509,-0.000,0.001,0.002,33.0
561,-3.322,0.972,1.509,-0.000,0.001,0.002,33.0
562,-3.323,0.972,1.509,-0.000,0.001,0.002,33.0
563,-3.323,0.973,1.510,-0.000,0.001,0.002,33.0
564,-3.323,0.973,1.510,-0.000,0.001,0.002,33.0
565,-3.323,0.974,1.510,-0.000,0.001,0.002,33.0
566,-3.323,0.974,1.510,-0.000,0.001,0.001,33.0
567,-3.323,0.974,1.510,-0.000,0.001,0.001,33.0
568,-3.323,0.975,1.510,-0.000,0.001,0.001,33.0
569,-3.324,0.975,1.510,-0.000,0.001,0.001,33.0
570,-3.324,0.975,1.510,-0.000,0.001,0.001,33.0
571,-3.324,0.976,1.510,-0.000,0.001,0.001,33.0
572,-3.324,0.976,1.510,-0.000,0.001,0.001,33.0
573,-3.324,0.976,1.510,-0.000,0.001,0.001,33.0
574,-3.324,0.977,1.510,-0.000,0.001,0.001,33.0
575,-3.324,0.977,1.510,-0.000,0.001,0.001,33.0
576,-3.324,0.977,1.510,-0.000,0.001,0.001,33.0
577,-3.325,0.977,1.510,-0.000,0.001,0.001,33.0
578,-3.325,0.978,1.510,-0.000,0.000,0.001,33.0
579,-3.325,0.978,1.510,-0.000,0.000,0.001,33.0
580,-3.325,0.978,1.510,-0.000,0.000,0.001,33.0
581,-3.325,0.979,1.510,-0.000,0.000,0.001,33.0
582,-3.325,0.979,1.510,-0.000,0.000,0.001,33.0
583,-3.325,0.979,1.510,-0.000,0.000,0.001,33.0
584,-3.325,0.979,1.510,-0.000,0.000,0.001,33.0
585,-3.325,0.980,1.510,-0.000,0.000,0.001,33.0
586,-3.326,0.980,1.510,-0.000,0.000,0.001,33.0
587,-3.326,0.980,1.510,-0.000,0.000,0.001,33.0
588,-3.326,0.980,1.510,-0.000,0.000,0.001,33.0
589,-3.326,0.981,1.510,-0.000,0.000,0.001,33.0
590,-3.326,0.981,1.510,-0.000,0.000,0.001,33.0
591,-3.326,0.981,1.510,-0.000,0.000,0.001,33.0
592,-3.326,0.981,1.510,-0.000,0.000,0.001,33.0
593,-3.326,0.982,1.510,-0.000,0.000,0.001,33.0
594,-3.326,0.982,1.510,-0.000,0.000,0.001,33.0
595,-3.326,0.982,1.510,-0.000,0.000,0.001,33.0
596,-3.326,0.982,1.510,-0.000,0.000,0.001,33.0
597,-3.327,0.983,1.510,-0.000,0.000,0.001,33.0
598,-3.327,0.983,1.510,-0.000,0.000,0.001,33.0
599,-3.327,0.983,1.510,-0.000,0.000,0.001,33.0
600,-3.327,0.983,1.510,-0.000,0.000,0.001,33.0
601,-3.327,0.984,1.510,-0.000,0.000,0.001,33.0
602,-3.327,0.984,1.510,-0.000,0.000,0.001,33.0
603,-3.327,0.984,1.510,-0.000,0.000,0.001,33.0
604,-3.327,0.984,1.510,-0.000,0.000,0.001,33.0
605,-3.327,0.984,1.510,-0.000,0.000,0.001,33.0
606,-3.327,0.985,1.510,-0.000,0.000,0.001,33.0
607,-3.327,0.985,1.510,-0.000,0.000,0.001,33.0
608,-3.327,0.985,1.510,-0.000,0.000,0.001,33.0
609,-3.328,0.985,1.510,-0.000,0.000,0.001,33.0
610,-3.328,0.985,1.510,-0.000,0.000,0.001,33.0
611,-3.328,0.986,1.510,-0.000,0.000,0.001,33.0
612,-3.328,0.986,1.510,-0.000,0.000,0.001,33.0
613,-3.328,0.986,1.510,-0.000,0.000,0.001,33.0
614,-3.328,0.986,1.510,-0.000,0.000,0.001,33.0
615,-3.328,0.986,1.510,-0.000,0.000,0.001,33.0
616,-3.328,0.986,1.510,-0.000,0.000,0.001,33.0
617,-3.328,0.987,1.510,-0.000,0.000,0.001,33.0
618,-3.328,0.987,1.510,-0.000,0.000,0.001,33.0
619,-3.328,0.987,1.510,-0.000,0.000,0.001,33.0
620,-3.328,0.987,1.510,-0.000,0.000,0.001,33.0
621,-3.328,0.987,1.510,-0.000,0.000,0.001,33.0
622,-3.328,0.988,1.510,-0.000,0.000,0.001,33.0
623,-3.329,0.988,1.510,-0.000,0.000,0.001,33.0
624,-3.329,0.988,1.510,-0.000,0.000,0.001,33.0
625,-3.329,0.988,1.510,-0.000,0.000,0.001,33.0
626,-3.329,0.988,1.510,-0.000,0.000,0.001,33.0
627,-3.329,0.988,1.510,-0.000,0.000,0.001,33.0
628,-3.329,0.988,1.510,-0.000,0.000,0.001,33.0
629,-3.329,0.989,1.510,-0.000,0.000,0.001,33.0
630,-3.329,0.989,1.510,-0.000,0.000,0.001,33.0
631,-3.329,0.989,1.510,-0.000,0.000,0.001,33.0
632,-3.329,0.989,1.510,-0.000,0.000,0.001,33.0
633,-3.329,0.989,1.510,-0.000,0.000,0.001,33.0
634,-3.329,0.989,1.510,-0.000,0.000,0.001,33.0
635,-3.329,0.989,1.510,-0.000,0.000,0.001,33.0
636,-3.329,0.990,1.510,-0.000,0.000,0.001,33.0
637,-3.329,0.990,1.510,-0.000,0.000,0.001,33.0
638,-3.329,0.990,1.510,-0.000,0.000,0.001,33.0
639,-3.329,0.990,1.510,-0.000,0.000,0.001,33.0
640,-3.330,0.990,1.510,-0.000,0.000,0.001,33.0
641,-3.330,0.990,1.510,-0.000,0.000,0.001,33.0
642,-3.330,0.990,1.510,-0.000,0.000,0.001,33.0
643,-3.330,0.991,1.510,-0.000,0.000,0.001,33.0
644,-3.330,0.991,1.510,-0.000,0.000,0.001,33.0
645,-3.330,0.991,1.510,-0.000,0.000,0.001,33.0
646,-3.330,0.991,1.510,-0.000,0.002,0.006,33.0
647,-3.330,0.991,1.510,-0.000,0.004,0.010,33.0
648,-3.330,0.991,1.510,-0.000,0.004,0.010,33.0
649,-3.330,0.991,1.510,-0.000,0.003,0.008,33.0
650,-3.330,0.991,1.510,-0.000,0.002,0.004,33.0
651,-3.330,0.991,1.510,-0.000,0.000,0.001,33.0
652,-3.330,0.991,1.510,-0.000,-0.001,-0.002,33.0
653,-3.330,0.991,1.510,-0.000,-0.001,-0.003,33.0
654,-3.330,0.991,1.510,-0.000,-0.001,-0.002,33.0
655,-3.330,0.991,1.510,-0.000,-0.001,-0.001,33.0
656,-3.330,0.991,1.510,-0.000,0.000,0.000,33.0
657,-3.330,0.991,1.510,-0.000,0.000,0.001,33.0
658,-3.330,0.991,1.510,-0.000,0.001,0.002,33.0
659,-3.330,0.991,1.510,-0.000,0.001,0.002,33.0
660,-3.330,0.991,1.510,-0.000,0.000,0.001,33.0
661,-3.330,0.991,1.510,-0.000,0.000,0.000,33.0
662,-3.330,0.991,1.510,-0.000,-0.000,-0.000,33.0
663,-3.330,0.991,1.510,-0.000,-0.000,-0.000,33.0
664,-3.330,0.991,1.510,-0.000,-0.000,-0.001,33.0
665,-3.330,0.991,1.510,-0.000,-0.000,-0.000,33.0
666,-3.330,0.991,1.510,-0.000,-0.000,-0.000,33.0
667,-3.330,0.991,1.510,-0.000,0.000,0.000,33.0
668,-3.330,0.991,1.510,-0.000,0.000,0.000,33.0
669,-3.330,0.991,1.510,-0.000,0.000,0.000,33.0
670,-3.330,0.991,1.510,-0.000,0.000,0.000,33.0
671,-3.330,0.991,1.510,-0.000,0.000,0.000,33.0
672,-3.330,0.991,1.510,-0.000,0.000,0.000,33.0
673,-3.330,0.991,1.510,-0.000,-0.000,-0.000,33.0
674,-3.330,0.991,1.510,-0.000,-0.000,-0.000,33.0
675,-3.330,0.991,1.510,-0.000,-0.000,-0.000,33.0
676,-3.330,0.991,1.510,-0.000,-0.000,-0.000,33.0
677,-3.330,0.991,1.510,-0.000,-0.000,-0.000,33.0
678,-3.330,0.991,1.510,-0.000,0.000,0.000,33.0
679,-3.330,0.991,1.510,-0.000,0.000,0.000,33.0
680,-3.330,0.991,1.510,-0.000,0.000,0.000,33.0
681,-3.330,0.991,1.510,-0.000,0.000,0.000,33.0
682,-3.330,0.991,1.510,-0.000,0.000,0.000,33.0
683,-3.330,0.991,1.510,-0.000,-0.000,-0.000,33.0
684,-3.330,0.991,1.510,-0.000,-0.000,-0.000,33.0
685,-3.330,0.991,1.510,-0.000,-0.000,-0.000,33.0
686,-3.330,0.991,1.510,-0.000,-0.000,-0.000,33.0
687,-3.330,0.991,1.510,-0.000,-0.000,-0.000,33.0
688,-3.330,0.991,1.510,-0.000,-0.000,-0.000,33.0
689,-3.330,0.991,1.510,-0.000,0.000,0.000,33.0
690,-3.330,0.991,1.510,-0.000,0.000,0.000,33.0
691,-3.330,0.991,1.510,-0.000,0.000,0.000,33.0
692,-3.330,0.991,1.510,-0.000,0.000,0.000,33.0
693,-3.330,0.991,1.510,-0.000,0.000,0.000,33.0
694,-3.330,0.991,1.510,-0.000,-0.000,-0.000,33.0
695,-3.330,0.991,1.510,-0.000,-0.000,-0.000,33.0
696,-3.330,0.991,1.510,-0.000,-0.000,-0.000,33.0
697,-3.330,0.991,1.510,-0.000,-0.000,-0.000,33.0
698,-3.330,0.991,1.510,-0.000,-0.000,-0.000,33.0
699,-3.330,0.991,1.510,-0.000,0.000,0.000,33.0
700,-3.330,0.991,1.510,-0.000,0.000,0.000,33.0
701,-3.330,0.991,1.510,-0.000,0.000,0.000,33.0
702,-3.330,0.991,1.510,-0.000,0.000,0.000,33.0
703,-3.330,0.991,1.510,-0.000,0.000,0.000,33.0
704,-3.330,0.991,1.510,-0.000,0.000,0.000,33.0
705,-3.330,0.991,1.510,-0.000,-0.000,-0.000,33.0
706,-3.330,0.991,1.510,-0.000,-0.000,-0.000,33.0
707,-3.330,0.991,1.510,-0.000,-0.000,-0.000,33.0
708,-3.330,0.991,1.510,-0.000,-0.000,-0.000,33.0
709,-3.330,0.991,1.510,-0.000,-0.000,-0.000,33.0
710,-3.330,0.991,1.510,-0.000,0.000,0.000,33.0
711,-3.330,0.991,1.510,-0.000,0.000,0.000,33.0
712,-3.330,0.991,1.510,-0.000,0.000,0.000,33.0
713,-3.330,0.991,1.510,-0.000,0.000,0.000,33.0
714,-3.330,0.991,1.510,-0.000,0.000,0.000,33.0
715,-3.330,0.991,1.510,-0.000,-0.000,-0.000,33.0
716,-3.330,0.991,1.510,-0.000,-0.000,-0.000,33.0
717,-3.330,0.991,1.510,-0.000,-0.000,-0.000,33.0
718,-3.330,0.991,1.510,-0.000,-0.000,-0.000,33.0
719,-3.330,0.991,1.510,-0.000,-0.000,-0.000,33.0
720,-3.330,0.991,1.510,-0.000,-0.000,-0.000,33.0
721,-3.330,0.991,1.510,-0.000,0.000,0.000,33.0
722,-3.330,0.991,1.510,-0.000,0.000,0.000,33.0
723,-3.330,0.991,1.510,-0.000,0.000,0.000,33.0
724,-3.330,0.991,1.510,-0.000,0.000,0.000,33.0
725,-3.330,0.991,1.510,-0.000,0.000,0.000,33.0
726,-3.330,0.991,1.510,-0.000,-0.000,-0.000,33.0
727,-3.330,0.991,1.510,-0.000,-0.000,-0.000,33.0
728,-3.330,0.991,1.510,-0.000,-0.000,-0.000,33.0
729,-3.330,0.991,1.510,-0.000,-0.000,-0.000,33.0
730,-3.330,0.991,1.510,-0.000,-0.000,-0.000,33.0
731,-3.330,0.991,1.510,-0.000,0.000,0.000,33.0
732,-3.330,0.991,1.510,-0.000,0.000,0.000,33.0
733,-3.330,0.991,1.510,-0.000,0.000,0.000,33.0
734,-3.330,0.991,1.510,-0.000,0.000,0.000,33.0
735,-3.330,0.991,1.510,-0.000,0.000,0.000,33.0
736,-3.330,0.991,1.510,-0.000,0.000,0.000,33.0
737,-3.330,0.991,1.510,-0.000,-0.000,-0.000,33.0
738,-3.330,0.991,1.510,-0.000,-0.000,-0.000,33.0
739,-3.330,0.991,1.510,-0.000,-0.000,-0.000,33.0
740,-3.330,0.991,1.510,-0.000,-0.000,-0.000,33.0
741,-3.330,0.991,1.510,-0.000,-0.000,-0.000,33.0
742,-3.330,0.991,1.510,-0.000,0.000,0.000,33.0
743,-3.330,0.991,1.510,-0.000,0.000,0.000,33.0
744,-3.330,0.991,1.510,-0.000,0.000,0.000,33.0
745,-3.330,0.991,1.510,-0.000,0.000,0.000,33.0
746,-3.330,0.991,1.510,-0.000,0.000,0.000,33.0
747,-3.330,0.991,1.510,-0.000,-0.000,-0.000,33.0
748,-3.330,0.991,1.510,-0.000,-0.000,-0.000,33.0
749,-3.330,0.991,1.510,-0.000,-0.000,-0.000,33.0
750,-3.330,0.991,1.510,-0.000,-0.000,-0.000,33.0
751,-3.330,0.991,1.510,-0.000,-0.000,-0.000,33.0
752,-3.330,0.991,1.510,-0.000,-0.000,-0.000,33.0
753,-3.330,0.991,1.510,-0.000,0.000,0.000,33.0
754,-3.330,0.991,1.510,-0.000,0.000,0.000,33.0
755,-3.330,0.991,1.510,-0.000,0.000,0.000,33.0
756,-3.330,0.991,1.510,-0.000,0.000,0.000,33.0
757,-3.330,0.991,1.510,-0.000,0.000,0.000,33.0
758,-3.330,0.991,1.510,-0.000,-0.000,-0.000,33.0
759,-3.330,0.991,1.510,-0.000,-0.000,-0.000,33.0
760,-3.330,0.991,1.510,-0.000,-0.000,-0.000,33.0
761,-3.330,0.991,1.510,-0.000,-0.000,-0.000,33.0
762,-3.330,0.991,1.510,-0.000,-0.000,-0.000,33.0
763,-3.330,0.991,1.510,-0.000,0.000,0.000,33.0
764,-3.330,0.991,1.510,-0.000,0.000,0.000,33.0
765,-3.330,0.991,1.510,-0.000,0.000,0.000,33.0
766,-3.330,0.991,1.510,-0.000,0.000,0.000,33.0
767,-3.330,0.991,1.510,-0.000,0.000,0.000,33.0
768,-3.330,0.991,1.510,-0.000,0.000,0.000,33.0
769,-3.330,0.991,1.510,-0.000,-0.000,-0.000,33.0
770,-3.330,0.991,1.510,-0.000,-0.000,-0.000,33.0
771,-3.330,0.991,1.510,-0.000,-0.000,-0.000,33.0
772,-3.330,0.991,1.510,-0.000,-0.000,-0.000,33.0
773,-3.330,0.991,1.510,-0.000,-0.000,-0.000,33.0
774,-3.330,0.991,1.510,-0.000,0.000,0.000,33.0
775,-3.330,0.991,1.510,-0.000,0.000,0.000,33.0
776,-3.330,0.991,1.510,-0.000,0.000,0.000,33.0
777,-3.330,0.991,1.510,-0.000,0.000,0.000,33.0
778,-3.330,0.991,1.510,-0.000,0.000,0.000,33.0
779,-3.330,0.991,1.510,-0.000,-0.000,-0.000,33.0
780,-3.330,0.991,1.510,-0.000,-0.000,-0.000,33.0
781,-3.330,0.991,1.510,-0.000,-0.000,-0.000,33.0
782,-3.330,0.991,1.510,-0.000,-0.000,-0.000,33.0
783,-3.330,0.991,1.510,-0.000,-0.000,-0.000,33.0
784,-3.330,0.991,1.510,-0.000,-0.000,-0.000,33.0
785,-3.330,0.991,1.510,-0.000,0.000,0.000,33.0
786,-3.330,0.991,1.510,-0.000,0.000,0.000,33.0
787,-3.330,0.991,1.510,-0.000,0.000,0.000,33.0
788,-3.330,0.991,1.510,-0.000,0.000,0.000,33.0
789,-3.330,0.991,1.510,-0.000,0.000,0.000,33.0
790,-3.330,0.991,1.510,-0.000,-0.000,-0.000,33.0
791,-3.330,0.991,1.510,-0.000,-0.000,-0.000,33.0
792,-3.330,0.991,1.510,-0.000,-0.000,-0.000,33.0
793,-3.330,0.991,1.510,-0.000,-0.000,-0.000,33.0
794,-3.330,0.991,1.510,-0.000,-0.000,-0.000,33.0
795,-3.330,0.991,1.510,-0.000,0.000,0.000,33.0
796,-3.330,0.991,1.510,-0.000,0.000,0.000,33.0
797,-3.330,0.991,1.510,-0.000,0.000,0.000,33.0
798,-3.330,0.991,1.510,-0.000,0.000,0.000,33.0
799,-3.330,0.991,1.510,-0.000,0.000,0.000,33.0
800,-3.330,0.991,1.510,-0.000,0.000,0.000,33.0
801,-3.330,0.991,1.510,-0.000,-0.000,-0.000,33.0
802,-3.330,0.991,1.510,-0.000,-0.000,-0.000,33.0
803,-3.330,0.991,1.510,-0.000,-0.000,-0.000,33.0
804,-3.330,0.991,1.510,-0.000,-0.000,-0.000,33.0
805,-3.330,0.991,1.510,-0.000,-0.000,-0.000,33.0
806,-3.330,0.991,1.510,-0.000,-0.000,0.000,33.0
807,-3.330,0.991,1.510,-0.000,-0.000,0.000,33.0
808,-3.330,0.991,1.510,-0.000,-0.000,0.000,33.0
809,-3.330,0.991,1.510,-0.000,-0.000,0.000,33.0
810,-3.330,0.991,1.510,-0.000,-0.000,0.000,33.0
811,-3.330,0.991,1.510,-0.000,-0.000,0.000,33.0
812,-3.330,0.991,1.510,-0.000,0.000,0.000,33.0
813,-3.330,0.991,1.510,-0.000,0.000,0.000,33.0
814,-3.330,0.991,1.510,-0.000,0.000,0.000,33.0
815,-3.330,0.991,1.510,-0.000,0.000,0.000,33.0
816,-3.330,0.991,1.510,-0.000,0.000,0.000,33.0
817,-3.330,0.991,1.510,-0.000,0.000,-0.000,33.0
818,-3.330,0.991,1.510,-0.000,0.000,-0.000,33.0
819,-3.330,0.991,1.510,-0.000,0.000,-0.000,33.0
820,-3.330,0.991,1.510,-0.000,0.000,-0.000,33.0
821,-3.330,0.991,1.510,-0.000,0.000,-0.000,33.0
822,-3.330,0.991,1.510,-0.000,0.000,-0.000,33.0
823,-3.330,0.991,1.510,-0.000,0.000,-0.000,33.0
824,-3.330,0.991,1.510,-0.000,0.000,-0.000,33.0
825,-3.330,0.991,1.510,-0.000,0.000,-0.000,33.0
826,-3.330,0.991,1.510,-0.000,-0.000,-0.000,33.0
827,-3.330,0.991,1.510,-0.000,-0.000,-0.000,33.0
828,-3.330,0.991,1.510,-0.000,-0.000,-0.000,33.0
829,-3.330,0.991,1.510,-0.000,-0.000,-0.000,33.0
830,-3.330,0.991,1.510,-0.000,-0.000,-0.000,33.0
831,-3.330,0.991,1.510,-0.000,-0.000,0.000,33.0
832,-3.330,0.991,1.510,-0.000,-0.000,0.000,33.0
833,-3.330,0.991,1.510,-0.000,-0.000,0.000,33.0
834,-3.330,0.991,1.510,-0.000,-0.000,0.000,33.0
835,-3.330,0.991,1.510,-0.000,-0.000,0.000,33.0
836,-3.330,0.991,1.510,-0.000,-0.000,0.000,33.0
837,-3.330,0.991,1.510,-0.000,-0.000,0.000,33.0
838,-3.330,0.991,1.510,-0.000,-0.000,0.000,33.0
839,-3.330,0.991,1.510,-0.000,-0.000,0.000,33.0
840,-3.330,0.991,1.510,-0.000,0.000,0.000,33.0
841,-3.330,0.991,1.510,-0.000,0.000,0.000,33.0
842,-3.330,0.991,1.510,-0.000,0.000,0.000,33.0
843,-3.330,0.991,1.510,-0.000,0.000,0.000,33.0
844,-3.330,0.991,1.510,-0.000,0.000,0.000,33.0
845,-3.330,0.991,1.510,-0.000,0.000,-0.000,33.0
846,-3.330,0.991,1.510,-0.000,0.000,-0.000,33.0
847,-3.330,0.991,1.510,-0.000,0.000,-0.000,33.0
848,-3.330,0.991,1.510,-0.000,0.000,-0.000,33.0
849,-3.330,0.991,1.510,-0.000,0.000,-0.000,33.0
850,-3.330,0.991,1.510,-0.000,0.000,-0.000,33.0
851,-3.330,0.991,1.510,-0.000,0.000,-0.000,33.0
852,-3.330,0.991,1.510,-0.000,0.000,-0.000,33.0
853,-3.330,0.991,1.510,-0.000,-0.000,-0.000,33.0
854,-3.330,0.991,1.510,-0.000,-0.000,-0.000,33.0
855,-3.330,0.991,1.510,-0.000,-0.000,-0.000,33.0
856,-3.330,0.991,1.510,-0.000,-0.000,-0.000,33.0
857,-3.330,0.991,1.510,-0.000,-0.000,-0.000,33.0
858,-3.330,0.991,1.510,-0.000,-0.000,0.000,33.0
859,-3.330,0.991,1.510,-0.000,-0.000,0.000,33.0
860,-3.330,0.991,1.510,-0.000,-0.000,0.000,33.0
861,-3.330,0.991,1.510,-0.000,-0.000,0.000,33.0
862,-3.330,0.991,1.510,-0.000,-0.000,0.000,33.0
863,-3.330,0.991,1.510,-0.000,-0.000,0.000,33.0
864,-3.330,0.991,1.510,-0.000,-0.000,0.000,33.0
865,-3.330,0.991,1.510,-0.000,-0.000,0.000,33.0
866,-3.330,0.991,1.510,-0.000,-0.000,0.000,33.0
867,-3.330,0.991,1.510,-0.000,0.000,0.000,33.0
868,-3.330,0.991,1.510,-0.000,0.000,0.000,33.0
869,-3.330,0.991,1.510,-0.000,0.000,0.000,33.0
870,-3.330,0.991,1.510,-0.000,0.000,0.000,33.0
871,-3.330,0.991,1.510,-0.000,0.000,0.000,33.0
872,-3.330,0.991,1.510,-0.000,0.000,-0.000,33.0
873,-3.330,0.991,1.510,-0.000,0.000,-0.000,33.0
874,-3.330,0.991,1.510,-0.000,0.000,-0.000,33.0
875,-3.330,0.991,1.510,-0.000,0.000,-0.000,33.0
876,-3.330,0.991,1.510,-0.000,0.000,-0.000,33.0
877,-3.330,0.991,1.510,-0.000,0.000,-0.000,33.0
878,-3.330,0.991,1.510,-0.000,0.000,-0.000,33.0
879,-3.330,0.991,1.510,-0.000,0.000,-0.000,33.0
880,-3.330,0.991,1.510,-0.000,0.000,-0.000,33.0
881,-3.330,0.991,1.510,-0.000,-0.000,-0.000,33.0
882,-3.330,0.991,1.510,-0.000,-0.000,-0.000,33.0
883,-3.330,0.991,1.510,-0.000,-0.000,-0.000,33.0
884,-3.330,0.991,1.510,-0.000,-0.000,-0.000,33.0
885,-3.330,0.991,1.510,-0.000,-0.000,-0.000,33.0
886,-3.330,0.991,1.510,-0.000,-0.000,0.000,33.0
887,-3.330,0.991,1.510,-0.000,-0.000,0.000,33.0
888,-3.330,0.991,1.510,-0.000,-0.000,0.000,33.0
889,-3.330,0.991,1.510,-0.000,-0.000,0.000,33.0
890,-3.330,0.991,1.510,-0.000,-0.000,0.000,33.0
891,-3.330,0.991,1.510,-0.000,-0.000,0.000,33.0
892,-3.330,0.991,1.510,-0.000,-0.000,0.000,33.0
893,-3.330,0.991,1.510,-0.000,-0.000,0.000,33.0
894,-3.330,0.991,1.510,-0.000,-0.000,0.000,33.0
895,-3.330,0.991,1.510,-0.000,0.000,0.000,33.0
896,-3.330,0.991,1.510,-0.000,0.000,0.000,33.0
897,-3.330,0.991,1.510,-0.000,0.000,0.000,33.0
898,-3.330,0.991,1.510,-0.000,0.000,0.000,33.0
899,-3.330,0.991,1.510,-0.000,0.000,0.000,33.0
900,-3.330,0.991,1.510,-0.000,0.000,-0.000,33.0
901,-3.330,0.991,1.510,-0.000,0.000,-0.000,33.0
902,-3.330,0.991,1.510,-0.000,0.000,-0.000,33.0
903,-3.330,0.991,1.510,-0.000,0.000,-0.000,33.0
904,-3.330,0.991,1.510,-0.000,0.000,-0.000,33.0
905,-3.330,0.991,1.510,-0.000,0.000,-0.000,33.0
906,-3.330,0.991,1.510,-0.000,0.000,-0.000,33.0
907,-3.330,0.991,1.510,-0.000,0.000,-0.000,33.0
908,-3.330,0.991,1.510,-0.000,0.000,-0.000,33.0
909,-3.330,0.991,1.510,-0.000,-0.000,-0.000,33.0
910,-3.330,0.991,1.510,-0.000,-0.000,-0.000,33.0
911,-3.330,0.991,1.510,-0.000,-0.000,-0.000,33.0
912,-3.330,0.991,1.510,-0.000,-0.000,-0.000,33.0
913,-3.330,0.991,1.510,-0.000,-0.000,-0.000,33.0
914,-3.330,0.991,1.510,-0.000,-0.000,0.000,33.0
915,-3.330,0.991,1.510,-0.000,-0.000,0.000,33.0
916,-3.330,0.991,1.510,-0.000,-0.000,0.000,33.0
917,-3.330,0.991,1.510,-0.000,-0.000,0.000,33.0
918,-3.330,0.991,1.510,-0.000,-0.000,0.000,33.0
919,-3.330,0.991,1.510,-0.000,-0.000,0.000,33.0
920,-3.330,0.991,1.510,-0.000,-0.000,0.000,33.0
921,-3.330,0.991,1.510,-0.000,-0.000,0.000,33.0
922,-3.330,0.991,1.510,-0.000,0.000,0.000,33.0
923,-3.330,0.991,1.510,-0.000,0.000,0.000,33.0
924,-3.330,0.991,1.510,-0.000,0.000,0.000,33.0
925,-3.330,0.991,1.510,-0.000,0.000,0.000,33.0
926,-3.330,0.991,1.510,-0.000,0.000,0.000,33.0
927,-3.330,0.991,1.510,-0.000,0.000,0.000,33.0
928,-3.330,0.991,1.510,-0.000,0.000,-0.000,33.0
929,-3.330,0.991,1.510,-0.000,0.000,-0.000,33.0
930,-3.330,0.991,1.510,-0.000,0.000,-0.000,33.0
931,-3.330,0.991,1.510,-0.000,0.000,-0.000,33.0
932,-3.330,0.991,1.510,-0.000,0.000,-0.000,33.0
933,-3.330,0.991,1.510,-0.000,0.000,-0.000,33.0
934,-3.330,0.991,1.510,-0.000,0.000,-0.000,33.0
935,-3.330,0.991,1.510,-0.000,0.000,-0.000,33.0
936,-3.330,0.991,1.510,-0.000,-0.000,-0.000,33.0
937,-3.330,0.991,1.510,-0.000,-0.000,-0.000,33.0
938,-3.330,0.991,1.510,-0.000,-0.000,-0.000,33.0
939,-3.330,0.991,1.510,-0.000,-0.000,-0.000,33.0
940,-3.330,0.991,1.510,-0.000,-0.000,-0.000,33.0
941,-3.330,0.991,1.510,-0.000,-0.000,-0.000,33.0
942,-3.330,0.991,1.510,-0.000,-0.000,0.000,33.0
943,-3.330,0.991,1.510,-0.000,-0.000,0.000,33.0
944,-3.330,0.991,1.510,-0.000,-0.000,0.000,33.0
945,-3.330,0.991,1.510,-0.000,-0.000,0.000,33.0
946,-3.330,0.991,1.510,-0.000,-0.000,0.000,33.0
947,-3.330,0.991,1.510,-0.000,-0.000,0.000,33.0
948,-3.330,0.991,1.510,-0.000,-0.000,0.000,33.0
949,-3.330,0.991,1.510,-0.000,-0.000,0.000,33.0
950,-3.330,0.991,1.510,-0.000,0.000,0.000,33.0
951,-3.330,0.991,1.510,-0.000,0.000,0.000,33.0
952,-3.330,0.991,1.510,-0.000,0.000,0.000,33.0
953,-3.330,0.991,1.510,-0.000,0.000,0.000,33.0
954,-3.330,0.991,1.510,-0.000,0.000,0.000,33.0
955,-3.330,0.991,1.510,-0.000,0.000,-0.000,33.0
956,-3.330,0.991,1.510,-0.000,0.000,-0.000,33.0
957,-3.330,0.991,1.510,-0.000,0.000,-0.000,33.0
958,-3.330,0.991,1.510,-0.000,0.000,-0.000,33.0
959,-3.330,0.991,1.510,-0.000,0.000,-0.000,33.0
960,-3.330,0.991,1.510,-0.000,0.000,-0.000,33.0
961,-3.330,0.991,1.510,-0.000,0.000,-0.000,33.0
962,-3.330,0.991,1.510,-0.000,0.000,-0.000,33.0
963,-3.330,0.991,1.510,-0.000,0.000,-0.000,33.0
964,-3.330,0.991,1.510,-0.000,-0.000,-0.000,33.0
965,-3.330,0.991,1.510,-0.000,-0.000,-0.000,33.0
966,-3.330,0.991,1.510,-0.000,-0.000,-0.000,33.0
967,-3.330,0.991,1.510,-0.000,-0.000,-0.000,33.0
968,-3.330,0.991,1.510,-0.000,-0.000,-0.000,33.0
969,-3.330,0.991,1.510,-0.000,-0.000,0.000,33.0
970,-3.330,0.991,1.510,-0.000,-0.000,0.000,33.0
971,-3.330,0.991,1.510,-0.000,-0.000,0.000,33.0
972,-3.330,0.991,1.510,-0.000,-0.000,0.000,33.0
973,-3.330,0.991,1.510,-0.000,-0.000,0.000,33.0
974,-3.330,0.991,1.510,-0.000,-0.000,0.000,33.0
975,-3.330,0.991,1.510,-0.000,-0.000,0.000,33.0
976,-3.330,0.991,1.510,-0.000,-0.000,0.000,33.0
977,-3.330,0.991,1.510,-0.000,-0.000,0.000,33.0
978,-3.330,0.991,1.510,-0.000,0.000,0.000,33.0
979,-3.330,0.991,1.510,-0.000,0.000,0.000,33.0
980,-3.330,0.991,1.510,-0.000,0.000,0.000,33.0
981,-3.330,0.991,1.510,-0.000,0.000,0.000,33.0
982,-3.330,0.991,1.510,-0.000,0.000,0.000,33.0
983,-3.330,0.991,1.510,-0.000,0.000,-0.000,33.0
984,-3.330,0.991,1.510,-0.000,0.000,-0.000,33.0
985,-3.330,0.991,1.510,-0.000,0.000,-0.000,33.0
986,-3.330,0.991,1.510,-0.000,0.000,-0.000,33.0
987,-3.330,0.991,1.510,-0.000,0.000,-0.000,33.0
988,-3.330,0.991,1.510,-0.000,0.000,-0.000,33.0
989,-3.330,0.991,1.510,-0.000,0.000,-0.000,33.0
990,-3.330,0.991,1.510,-0.000,0.000,-0.000,33.0
991,-3.330,0.991,1.510,-0.000,-0.000,-0.000,33.0
992,-3.330,0.991,1.510,-0.000,-0.000,-0.000,33.0
993,-3.330,0.991,1.510,-0.000,-0.000,-0.000,33.0
994,-3.330,0.991,1.510,-0.000,-0.000,-0.000,33.0
995,-3.330,0.991,1.510,-0.000,-0.000,-0.000,33.0
996,-3.330,0.991,1.510,-0.000,-0.000,-0.000,33.0
997,-3.330,0.991,1.510,-0.000,-0.000,0.000,33.0
998,-3.330,0.991,1.510,-0.000,-0.000,0.000,33.0
999,-3.330,0.991,1.510,-0.000,-0.000,0.000,33.0
1000,-3.330,0.991,1.510,-0.000,-0.000,0.000,33.0
