1,3.000,0.000,0.000,0.000,0.000,0.000,1
2,3.000,0.000,0.153,0.000,0.000,0.000,1
3,3.000,0.000,0.473,0.000,0.000,0.000,1
4,3.000,0.000,0.808,0.000,0.000,0.000,1
5,3.000,0.000,1.088,0.000,0.000,0.000,1
6,3.000,0.000,1.290,0.000,0.000,0.000,1
7,3.000,0.000,1.420,0.000,0.000,0.000,1
8,3.000,0.000,1.493,0.000,0.000,0.000,1
9,3.000,0.000,1.522,0.000,0.000,0.000,1
10,3.000,0.000,1.534,0.000,0.000,0.000,1
11,3.000,0.000,1.533,0.000,0.000,0.000,1
12,3.000,0.000,1.527,0.000,0.000,0.000,1
13,3.000,0.000,1.519,0.000,0.000,0.000,1
14,3.000,0.000,1.512,0.000,0.000,0.000,1
15,3.000,0.000,1.506,0.000,0.000,0.000,1
16,3.000,0.000,1.503,0.000,0.000,0.000,1
17,3.000,0.000,1.501,0.000,0.000,0.000,1
18,3.000,0.000,1.500,0.000,0.000,0.000,10.0
19,3.000,0.000,1.499,0.000,0.000,0.000,10.0
20,3.000,0.000,1.499,0.000,0.000,0.000,10.0
21,3.000,-0.000,1.498,0.000,-0.219,0.000,16.0
22,2.999,-0.000,1.498,0.000,-0.362,0.000,16.0
23,2.997,-0.000,1.498,0.000,-0.377,0.000,16.0
24,2.994,-0.000,1.497,0.000,-0.291,0.000,16.0
25,2.990,-0.000,1.497,0.000,-0.154,-0.000,16.0
26,2.985,-0.000,1.497,0.000,-0.020,-0.000,16.0
27,2.980,0.000,1.497,0.000,0.074,-0.000,16.0
28,2.975,0.000,1.497,0.000,0.111,0.000,16.0
29,2.971,0.000,1.497,0.000,0.098,0.000,16.0
30,2.967,0.000,1.497,0.000,0.054,0.000,16.0
31,2.963,0.000,1.496,0.000,0.002,0.000,16.0
32,2.959,0.000,1.496,0.000,-0.038,0.000,16.0
33,2.955,0.000,1.496,0.000,-0.057,0.000,16.0
34,2.951,0.000,1.496,0.000,-0.054,-0.000,16.0
35,2.947,0.000,1.496,0.000,-0.037,-0.000,16.0
36,2.943,0.000,1.496,0.000,-0.013,-0.000,16.0
37,2.938,0.000,1.496,0.000,0.008,-0.000,16.0
38,2.933,0.000,1.496,0.000,0.020,0.000,16.0
39,2.929,0.000,1.496,0.000,0.023,0.000,16.0
40,2.925,0.000,1.496,0.000,0.018,0.000,16.0
41,2.920,0.000,1.496,0.000,0.009,0.000,16.0
42,2.916,0.000,1.496,0.000,0.001,0.000,16.0
43,2.912,0.000,1.496,0.000,-0.005,0.000,16.0
44,2.907,0.000,1.496,0.000,-0.008,-0.000,16.0
45,2.903,0.000,1.496,0.000,-0.006,-0.000,16.0
46,2.898,0.000,1.496,0.000,-0.003,-0.000,16.0
47,2.894,0.000,1.496,0.000,0.001,-0.000,16.0
48,2.890,0.000,1.496,0.000,0.004,-0.000,16.0
49,2.885,0.000,1.496,0.000,0.006,0.000,16.0
50,2.881,0.000,1.496,0.000,0.006,0.000,16.0
51,2.876,0.000,1.496,0.000,0.005,0.000,16.0
52,2.872,0.000,1.496,0.000,0.003,0.000,16.0
53,2.868,0.000,1.496,0.000,0.002,0.000,16.0
54,2.863,0.000,1.496,0.000,0.001,-0.000,16.0
55,2.859,0.000,1.496,0.000,0.001,-0.000,16.0
56,2.854,0.000,1.496,0.000,0.001,-0.000,16.0
57,2.850,0.000,1.496,0.000,0.002,-0.000,16.0
58,2.846,0.000,1.496,0.000,0.002,-0.000,16.0
59,2.841,0.000,1.496,0.000,0.003,-0.000,16.0
60,2.837,0.000,1.496,0.000,0.003,0.000,16.0
61,2.832,0.000,1.496,0.000,0.003,0.000,16.0
62,2.828,0.000,1.496,0.000,0.003,0.000,16.0
63,2.824,0.000,1.496,0.000,0.002,0.000,16.0
64,2.819,0.000,1.496,0.000,0.002,0.000,16.0
65,2.815,0.000,1.496,0.000,0.002,-0.000,16.0
66,2.810,0.000,1.496,0.000,0.002,-0.000,16.0
67,2.806,0.000,1.496,0.000,0.002,-0.000,16.0
68,2.802,0.000,1.496,0.000,0.002,-0.000,16.0
69,2.797,0.000,1.496,0.000,0.002,-0.000,16.0
70,2.793,0.000,1.496,0.000,0.002,-0.000,16.0
71,2.788,0.000,1.496,0.000,0.002,-0.000,16.0
72,2.784,0.000,1.496,0.000,0.221,-0.000,16.0
73,2.780,0.000,1.496,0.000,0.145,0.000,16.0
74,2.777,0.000,1.496,0.000,0.018,0.000,16.0
75,2.774,0.000,1.496,0.000,-0.084,0.000,16.0
76,2.771,0.000,1.495,0.000,-0.135,0.000,16.0
77,2.767,0.000,1.495,0.000,-0.132,0.000,16.0
78,2.762,0.000,1.495,0.000,-0.091,-0.000,16.0
79,2.758,0.000,1.495,0.000,-0.035,-0.000,16.0
80,2.753,0.000,1.495,0.000,0.015,-0.000,16.0
81,2.748,0.000,1.495,0.000,0.046,-0.000,16.0
82,2.744,0.000,1.495,0.000,0.054,0.000,16.0
83,2.739,0.000,1.495,0.000,0.043,0.000,16.0
84,2.735,0.000,1.495,0.000,0.021,0.000,16.0
85,2.731,0.000,1.495,0.000,-0.000,0.000,16.0
86,2.727,0.000,1.495,0.000,-0.015,-0.000,16.0
87,2.722,0.000,1.495,0.000,-0.021,-0.000,16.0
88,2.718,0.000,1.495,0.000,-0.018,-0.000,16.0
89,2.714,0.000,1.495,0.000,-0.010,-0.000,16.0
90,2.709,0.000,1.495,0.000,-0.000,-0.000,16.0
91,2.705,0.000,1.495,0.000,0.007,-0.000,16.0
92,2.700,0.000,1.495,0.000,0.011,0.000,16.0
93,2.696,0.000,1.495,0.000,0.011,0.000,16.0
94,2.691,0.000,1.496,0.000,0.008,0.000,16.0
95,2.687,0.000,1.496,0.000,0.004,0.000,16.0
96,2.683,0.000,1.496,0.000,0.001,0.000,16.0
97,2.678,0.000,1.496,0.000,-0.001,-0.000,16.0
98,2.674,0.000,1.496,0.000,-0.002,-0.000,16.0
99,2.669,0.000,1.496,0.000,-0.001,-0.000,16.0
100,2.665,0.000,1.496,0.000,0.001,-0.000,16.0
101,2.661,0.000,1.496,0.000,0.002,-0.000,16.0
102,2.656,0.000,1.496,0.000,0.004,0.000,16.0
103,2.652,0.000,1.496,0.000,0.004,0.000,16.0
104,2.647,0.000,1.495,0.000,0.004,0.000,16.0
105,2.643,0.000,1.495,0.000,0.003,0.000,16.0
106,2.639,0.000,1.495,0.000,0.002,0.000,16.0
107,2.634,0.000,1.495,0.000,0.002,0.000,16.0
108,2.630,0.000,1.495,0.000,0.002,-0.000,16.0
109,2.625,0.000,1.495,0.000,0.002,-0.000,16.0
110,2.621,0.000,1.495,0.000,0.002,-0.000,16.0
111,2.617,0.000,1.495,0.000,0.002,-0.000,16.0
112,2.612,0.000,1.495,0.000,0.002,-0.000,16.0
113,2.608,0.000,1.495,0.000,0.003,0.000,16.0
114,2.603,0.000,1.495,0.000,0.003,0.000,16.0
115,2.599,0.000,1.495,0.000,0.003,0.000,16.0
116,2.595,0.000,1.495,0.000,0.002,0.000,16.0
117,2.590,0.000,1.495,0.000,0.002,0.000,16.0
118,2.586,0.000,1.495,0.000,0.002,-0.000,16.0
119,2.581,0.000,1.495,0.000,0.002,-0.000,16.0
120,2.577,0.000,1.495,0.000,0.002,-0.000,16.0
121,2.573,0.000,1.495,0.000,0.002,-0.000,16.0
122,2.568,0.000,1.495,0.000,0.002,-0.000,16.0
123,2.564,0.000,1.495,0.000,0.002,0.000,16.0
124,2.559,0.000,1.495,0.000,0.002,0.000,16.0
125,2.555,0.000,1.495,0.000,0.002,0.000,16.0
126,2.551,0.000,1.495,0.000,0.002,0.000,16.0
127,2.546,0.000,1.495,0.000,0.002,0.000,16.0
128,2.542,0.000,1.495,0.000,0.002,0.000,16.0
129,2.537,0.000,1.495,0.000,0.002,-0.000,16.0
130,2.533,0.000,1.495,0.000,0.002,-0.000,16.0
131,2.529,0.000,1.495,0.000,0.002,-0.000,16.0
132,2.524,0.000,1.495,0.000,0.002,-0.000,16.0
133,2.520,0.000,1.495,0.000,0.002,-0.000,16.0
134,2.515,0.000,1.495,0.000,0.002,0.000,16.0
135,2.511,0.000,1.495,0.000,0.002,0.000,16.0
136,2.507,0.000,1.495,0.000,0.002,0.000,16.0
137,2.502,0.000,1.495,0.000,0.002,0.000,16.0
138,2.498,0.000,1.495,0.000,0.002,0.000,16.0
139,2.493,0.000,1.495,0.000,0.002,-0.000,16.0
140,2.489,0.000,1.495,0.000,0.002,-0.000,16.0
141,2.484,0.000,1.495,0.000,0.002,-0.000,16.0
142,2.480,0.000,1.495,0.000,0.002,-0.000,16.0
143,2.476,0.000,1.495,0.000,0.002,-0.000,16.0
144,2.471,0.000,1.495,0.000,0.002,-0.000,16.0
145,2.467,0.000,1.495,0.000,0.002,-0.000,16.0
146,2.462,0.000,1.495,0.000,0.002,-0.000,16.0
147,2.458,0.000,1.495,0.000,0.002,-0.000,16.0
148,2.454,0.000,1.495,0.000,0.002,-0.000,16.0
149,2.449,0.000,1.495,0.000,0.002,-0.000,16.0
150,2.445,0.000,1.495,0.000,0.002,-0.000,16.0
151,2.440,0.000,1.495,0.000,0.002,-0.000,16.0
152,2.436,0.000,1.495,0.000,0.002,-0.000,16.0
153,2.432,0.000,1.495,0.000,0.002,-0.000,16.0
154,2.427,0.000,1.495,0.000,0.002,-0.000,16.0
155,2.423,0.000,1.495,0.000,0.002,-0.000,16.0
156,2.418,0.000,1.495,0.000,0.002,-0.000,16.0
157,2.414,0.000,1.495,0.000,0.002,-0.000,16.0
158,2.410,0.000,1.495,0.000,0.002,-0.000,16.0
159,2.405,0.000,1.495,0.000,0.002,-0.000,16.0
160,2.401,0.000,1.495,0.000,0.002,-0.000,16.0
161,2.396,0.000,1.495,0.000,0.002,-0.000,16.0
162,2.392,0.000,1.495,0.000,0.002,-0.000,16.0
163,2.388,0.000,1.495,0.000,0.002,-0.000,16.0
164,2.383,0.000,1.495,0.000,0.002,-0.000,16.0
165,2.379,0.000,1.495,0.000,0.002,-0.000,16.0
166,2.374,0.000,1.495,0.000,0.002,-0.000,16.0
167,2.370,0.000,1.495,0.000,0.002,-0.000,16.0
168,2.366,0.000,1.495,0.000,0.002,-0.000,16.0
169,2.361,0.000,1.495,0.000,0.002,-0.000,16.0
170,2.357,0.000,1.495,0.000,0.002,-0.000,16.0
171,2.352,0.000,1.495,0.000,0.002,-0.000,16.0
172,2.348,0.000,1.495,0.000,0.002,-0.000,16.0
173,2.344,0.000,1.495,0.000,0.004,-0.000,16.0
174,2.339,0.000,1.495,0.000,0.007,-0.000,16.0
175,2.335,0.000,1.495,0.000,0.012,-0.000,16.0
176,2.330,0.000,1.495,0.000,0.016,-0.000,16.0
177,2.326,0.000,1.495,0.000,0.019,-0.000,16.0
178,2.322,0.000,1.495,0.000,0.020,-0.000,16.0
179,2.318,0.000,1.495,0.000,0.020,-0.000,16.0
180,2.314,0.000,1.495,0.000,0.018,-0.000,16.0
181,2.310,0.000,1.495,0.000,0.017,-0.000,16.0
182,2.305,0.000,1.495,0.000,0.015,-0.000,16.0
183,2.302,0.000,1.495,0.000,0.015,0.000,16.0
184,2.298,0.000,1.495,0.000,0.012,0.000,16.0
185,2.294,0.000,1.495,0.000,0.014,-0.000,16.0
186,2.290,0.000,1.495,0.000,0.016,-0.000,16.0
187,2.286,0.000,1.495,0.000,0.017,0.000,16.0
188,2.282,0.000,1.495,0.000,0.018,0.000,16.0
189,2.279,0.000,1.495,0.000,0.018,0.000,16.0
190,2.275,0.000,1.495,0.000,0.017,0.000,16.0
191,2.271,0.000,1.495,0.000,0.016,-0.000,16.0
192,2.268,0.000,1.495,0.000,0.015,-0.000,16.0
193,2.264,0.000,1.495,0.000,0.014,-0.000,16.0
194,2.261,0.000,1.495,0.000,0.014,-0.000,16.0
195,2.257,0.000,1.495,0.000,0.014,-0.000,16.0
196,2.254,0.000,1.495,0.000,0.014,-0.000,16.0
197,2.251,0.000,1.495,0.000,0.014,0.000,16.0
198,2.247,0.000,1.495,0.000,0.014,0.000,16.0
199,2.244,0.000,1.495,0.000,0.014,0.000,16.0
200,2.241,0.000,1.495,0.000,0.014,0.000,16.0
201,2.238,0.000,1.495,0.000,0.014,0.000,16.0
202,2.235,0.000,1.495,0.000,0.013,0.000,16.0
203,2.232,0.000,1.495,0.000,0.013,-0.000,16.0
204,2.229,0.000,1.495,0.000,0.013,-0.000,16.0
205,2.226,0.000,1.495,0.000,0.013,-0.000,16.0
206,2.223,0.000,1.494,-0.000,-0.016,-0.319,16.0
207,2.220,0.001,1.493,-0.000,-0.178,-0.519,16.0
208,2.216,0.004,1.493,-0.000,-0.275,-0.527,16.0
209,2.211,0.008,1.492,-0.000,-0.275,-0.385,16.0
210,2.206,0.014,1.492,-0.000,-0.195,-0.161,16.0
211,2.200,0.021,1.491,-0.000,-0.063,0.077,16.0
212,2.194,0.027,1.490,-0.000,0.087,0.285,16.0
213,2.187,0.033,1.496,-0.000,0.223,0.435,16.0
214,2.182,0.037,1.497,-0.000,0.319,0.513,16.0
215,2.178,0.039,1.497,-0.000,0.335,0.480,16.0
216,2.174,0.040,1.498,-0.000,0.264,0.338,16.0
217,2.172,0.039,1.499,-0.000,0.146,0.150,16.0
218,2.170,0.038,1.499,-0.000,0.028,-0.016,16.0
219,2.168,0.037,1.500,-0.000,-0.056,-0.119,16.0
220,2.167,0.036,1.500,-0.000,-0.091,-0.148,16.0
221,2.164,0.036,1.501,-0.000,-0.081,-0.116,16.0
222,2.162,0.036,1.501,-0.000,-0.042,-0.051,16.0
223,2.159,0.036,1.501,-0.000,0.004,0.016,16.0
224,2.157,0.036,1.502,-0.000,0.042,0.063,16.0
225,2.154,0.037,1.502,-0.000,0.061,0.081,16.0
226,2.152,0.036,1.502,-0.000,0.060,0.071,16.0
227,2.150,0.036,1.503,-0.000,0.045,0.044,16.0
228,2.148,0.035,1.503,-0.000,0.024,0.012,16.0
229,2.146,0.035,1.503,-0.000,0.005,-0.014,16.0
230,2.145,0.034,1.503,-0.000,-0.007,-0.028,16.0
231,2.143,0.034,1.503,-0.000,-0.011,-0.029,16.0
232,2.141,0.033,1.503,-0.000,-0.007,-0.021,16.0
233,2.139,0.033,1.504,-0.000,0.000,-0.009,16.0
234,2.137,0.033,1.504,-0.000,0.008,0.003,16.0
235,2.135,0.032,1.504,-0.000,0.014,0.010,16.0
236,2.133,0.032,1.504,-0.000,0.017,0.012,16.0
237,2.132,0.032,1.504,-0.000,0.016,0.009,16.0
238,2.130,0.031,1.504,-0.000,0.013,0.004,16.0
239,2.128,0.031,1.504,-0.000,0.009,-0.001,16.0
240,2.127,0.030,1.504,-0.000,0.006,-0.005,16.0
241,2.125,0.030,1.504,-0.000,0.004,-0.007,16.0
242,2.123,0.029,1.504,-0.000,0.004,-0.006,16.0
243,2.122,0.029,1.504,-0.000,0.004,-0.005,16.0
244,2.120,0.029,1.504,-0.000,0.006,-0.002,16.0
245,2.118,0.028,1.504,-0.000,0.007,-0.000,16.0
246,2.117,0.028,1.505,-0.000,0.008,0.001,16.0
247,2.115,0.028,1.505,-0.000,0.008,0.001,16.0
248,2.114,0.027,1.505,-0.000,0.008,0.000,16.0
249,2.112,0.027,1.505,-0.000,0.007,-0.001,16.0
250,2.111,0.027,1.505,-0.000,0.006,-0.002,16.0
251,2.109,0.026,1.505,-0.000,0.006,-0.002,16.0
252,2.108,0.026,1.505,-0.000,0.006,-0.002,16.0
253,2.107,0.025,1.505,-0.000,0.006,-0.002,16.0
254,2.105,0.025,1.505,-0.000,0.006,-0.002,16.0
255,2.104,0.025,1.505,-0.000,0.006,-0.001,16.0
256,2.102,0.024,1.505,-0.000,0.006,-0.001,16.0
257,2.101,0.024,1.505,-0.000,0.006,-0.001,16.0
258,2.100,0.024,1.505,-0.000,0.006,-0.001,16.0
259,2.099,0.024,1.505,-0.000,0.006,-0.001,16.0
260,2.097,0.023,1.505,-0.000,0.006,-0.001,16.0
261,2.096,0.023,1.505,-0.000,0.005,-0.001,16.0
262,2.095,0.023,1.505,-0.000,0.005,-0.001,16.0
263,2.093,0.022,1.505,-0.000,0.005,-0.001,16.0
264,2.092,0.022,1.505,-0.000,0.005,-0.001,16.0
265,2.091,0.022,1.505,-0.000,0.005,-0.001,16.0
266,2.090,0.021,1.505,-0.000,0.005,-0.001,16.0
267,2.089,0.021,1.505,-0.000,0.005,-0.001,16.0
268,2.088,0.021,1.505,-0.000,0.005,-0.001,16.0
269,2.086,0.021,1.505,-0.000,0.005,-0.001,16.0
270,2.085,0.020,1.505,-0.000,0.005,-0.001,16.0
271,2.084,0.020,1.505,-0.000,0.005,-0.001,16.0
272,2.083,0.020,1.505,-0.000,0.005,-0.001,16.0
273,2.082,0.020,1.505,-0.000,0.005,-0.001,16.0
274,2.081,0.019,1.505,-0.000,0.005,-0.001,16.0
275,2.080,0.019,1.505,-0.000,0.005,-0.001,16.0
276,2.079,0.019,1.505,-0.000,0.004,-0.001,16.0
277,2.078,0.019,1.505,-0.000,0.004,-0.001,16.0
278,2.077,0.018,1.505,-0.000,0.004,-0.001,16.0
279,2.076,0.018,1.505,-0.000,0.004,-0.001,16.0
280,2.075,0.018,1.505,-0.000,0.004,-0.001,16.0
281,2.074,0.018,1.505,-0.000,0.004,-0.001,16.0
282,2.073,0.017,1.505,-0.000,0.004,-0.001,16.0
283,2.072,0.017,1.505,-0.000,0.004,-0.001,16.0
284,2.071,0.017,1.505,-0.000,0.004,-0.001,16.0
285,2.070,0.017,1.505,-0.000,0.004,-0.001,16.0
286,2.069,0.016,1.505,-0.000,0.004,-0.001,16.0
287,2.068,0.016,1.505,-0.000,0.004,-0.001,16.0
288,2.067,0.016,1.505,-0.000,0.004,-0.001,16.0
289,2.066,0.016,1.505,-0.000,0.004,-0.001,16.0
290,2.065,0.016,1.505,-0.000,0.004,-0.001,16.0
291,2.065,0.015,1.505,-0.000,0.004,-0.001,16.0
292,2.064,0.015,1.505,-0.000,0.004,-0.001,16.0
293,2.063,0.015,1.505,-0.000,0.004,-0.001,16.0
294,2.062,0.015,1.505,-0.000,0.004,-0.001,16.0
295,2.061,0.015,1.505,-0.000,0.004,-0.001,16.0
296,2.061,0.014,1.505,-0.000,0.003,-0.001,16.0
297,2.060,0.014,1.505,-0.000,0.003,-0.001,16.0
298,2.059,0.014,1.505,-0.000,0.003,-0.001,16.0
299,2.058,0.014,1.505,-0.000,0.003,-0.001,16.0
300,2.057,0.014,1.505,-0.000,0.003,-0.001,16.0
301,2.057,0.014,1.505,-0.000,0.003,-0.001,16.0
302,2.056,0.013,1.505,-0.000,0.003,-0.001,16.0
303,2.055,0.013,1.505,-0.000,0.003,-0.001,16.0
304,2.054,0.013,1.505,-0.000,0.003,-0.001,16.0
305,2.054,0.013,1.505,-0.000,0.003,-0.001,16.0
306,2.053,0.013,1.505,-0.000,0.003,-0.001,16.0
307,2.052,0.013,1.505,-0.000,0.003,-0.001,16.0
308,2.052,0.012,1.505,-0.000,0.003,-0.001,16.0
309,2.051,0.012,1.505,-0.000,0.003,-0.001,16.0
310,2.050,0.012,1.505,-0.000,0.003,-0.001,16.0
311,2.050,0.012,1.505,-0.000,0.003,-0.001,16.0
312,2.049,0.012,1.505,-0.000,0.003,-0.001,16.0
313,2.048,0.012,1.505,-0.000,0.003,-0.001,16.0
314,2.048,0.011,1.505,-0.000,0.003,-0.001,16.0
315,2.047,0.011,1.505,-0.000,0.003,-0.001,16.0
316,2.046,0.011,1.505,-0.000,0.003,-0.001,16.0
317,2.046,0.011,1.505,-0.000,0.003,-0.001,16.0
318,2.045,0.011,1.505,-0.000,0.003,-0.001,16.0
319,2.045,0.011,1.505,-0.000,0.003,-0.001,16.0
320,2.044,0.011,1.505,-0.000,0.003,-0.001,16.0
321,2.044,0.010,1.505,-0.000,0.002,-0.001,16.0
322,2.043,0.010,1.505,-0.000,0.002,-0.001,16.0
323,2.042,0.010,1.505,-0.000,0.002,-0.001,16.0
324,2.042,0.010,1.505,-0.000,0.002,-0.001,16.0
325,2.041,0.010,1.505,-0.000,0.002,-0.001,16.0
326,2.041,0.010,1.505,-0.000,0.002,-0.001,16.0
327,2.040,0.010,1.505,-0.000,0.002,-0.001,16.0
328,2.040,0.009,1.505,-0.000,0.002,-0.001,16.0
329,2.039,0.009,1.505,-0.000,0.002,-0.001,16.0
330,2.039,0.009,1.505,-0.000,0.002,-0.001,16.0
331,2.038,0.009,1.505,-0.000,0.002,-0.001,16.0
332,2.038,0.009,1.505,-0.000,0.002,-0.001,16.0
333,2.037,0.009,1.505,-0.000,0.002,-0.001,16.0
334,2.037,0.009,1.505,-0.000,0.002,-0.001,16.0
335,2.036,0.009,1.505,-0.000,0.002,-0.000,16.0
336,2.036,0.009,1.505,-0.000,0.002,-0.000,16.0
337,2.035,0.008,1.505,-0.000,0.002,-0.000,16.0
338,2.035,0.008,1.505,-0.000,0.002,-0.000,16.0
339,2.034,0.008,1.505,-0.000,0.002,-0.000,16.0
340,2.034,0.008,1.505,-0.000,0.002,-0.000,16.0
341,2.033,0.008,1.505,-0.000,0.002,-0.000,16.0
342,2.033,0.008,1.505,-0.000,0.002,-0.000,16.0
343,2.033,0.008,1.505,-0.000,0.002,-0.000,16.0
344,2.032,0.008,1.505,-0.000,0.002,-0.000,16.0
345,2.032,0.008,1.505,-0.000,0.002,-0.000,16.0
346,2.031,0.007,1.505,-0.000,0.002,-0.000,16.0
347,2.031,0.007,1.505,-0.000,0.002,-0.000,16.0
348,2.030,0.007,1.505,-0.000,0.002,-0.000,16.0
349,2.030,0.007,1.505,-0.000,0.002,-0.000,16.0
350,2.030,0.007,1.505,-0.000,0.002,-0.000,16.0
351,2.029,0.007,1.505,-0.000,0.002,-0.000,16.0
352,2.029,0.007,1.505,-0.000,0.002,-0.000,16.0
353,2.029,0.007,1.505,-0.000,0.002,-0.000,16.0
354,2.028,0.007,1.505,-0.000,0.002,-0.000,16.0
355,2.028,0.007,1.505,-0.000,0.002,-0.000,16.0
356,2.027,0.007,1.505,-0.000,0.002,-0.000,16.0
357,2.027,0.006,1.505,-0.000,0.002,-0.000,16.0
358,2.027,0.006,1.505,-0.000,0.002,-0.000,16.0
359,2.026,0.006,1.505,-0.000,0.002,-0.000,16.0
360,2.026,0.006,1.505,-0.000,0.001,-0.000,16.0
361,2.026,0.006,1.505,-0.000,0.001,-0.000,16.0
362,2.025,0.006,1.505,-0.000,0.001,-0.000,16.0
363,2.025,0.006,1.505,-0.000,0.001,-0.000,16.0
364,2.025,0.006,1.505,-0.000,0.001,-0.000,16.0
365,2.024,0.006,1.505,-0.000,0.001,-0.000,16.0
366,2.024,0.006,1.505,-0.000,0.001,-0.000,16.0
367,2.024,0.006,1.505,-0.000,0.001,-0.000,16.0
368,2.023,0.006,1.505,-0.000,0.001,-0.000,16.0
369,2.023,0.006,1.505,-0.000,0.001,-0.000,16.0
370,2.023,0.005,1.505,-0.000,0.001,-0.000,16.0
371,2.023,0.005,1.505,-0.000,0.001,-0.000,16.0
372,2.022,0.005,1.505,-0.000,0.001,-0.000,16.0
373,2.022,0.005,1.505,-0.000,0.001,-0.000,16.0
374,2.022,0.005,1.505,-0.000,0.001,-0.000,16.0
375,2.021,0.005,1.505,-0.000,0.001,-0.000,16.0
376,2.021,0.005,1.505,-0.000,0.001,-0.000,16.0
377,2.021,0.005,1.505,-0.000,0.001,-0.000,16.0
378,2.021,0.005,1.505,-0.000,0.001,-0.000,16.0
379,2.020,0.005,1.505,-0.000,0.001,-0.000,16.0
380,2.020,0.005,1.505,-0.000,0.001,-0.000,16.0
381,2.020,0.005,1.505,-0.000,0.001,-0.000,16.0
382,2.019,0.005,1.505,-0.000,0.001,-0.000,16.0
383,2.019,0.005,1.505,-0.000,0.001,-0.000,16.0
384,2.019,0.005,1.505,-0.000,0.001,-0.000,16.0
385,2.019,0.004,1.505,-0.000,0.001,-0.000,16.0
386,2.018,0.004,1.505,-0.000,0.001,-0.000,16.0
387,2.018,0.004,1.505,-0.000,0.001,-0.000,16.0
388,2.018,0.004,1.505,-0.000,0.001,-0.000,16.0
389,2.018,0.004,1.505,-0.000,0.001,-0.000,16.0
390,2.018,0.004,1.505,-0.000,0.001,-0.000,16.0
391,2.017,0.004,1.505,-0.000,0.001,-0.000,16.0
392,2.017,0.004,1.505,-0.000,0.001,-0.000,16.0
393,2.017,0.004,1.505,-0.000,0.001,-0.000,16.0
394,2.017,0.004,1.505,-0.000,0.001,-0.000,16.0
395,2.016,0.004,1.505,-0.000,0.001,-0.000,16.0
396,2.016,0.004,1.505,-0.000,0.001,-0.000,16.0
397,2.016,0.004,1.505,-0.000,0.001,-0.000,16.0
398,2.016,0.004,1.505,-0.000,0.001,-0.000,16.0
399,2.016,0.004,1.505,-0.000,0.001,-0.000,16.0
400,2.015,0.004,1.505,-0.000,0.001,-0.000,16.0
401,2.015,0.004,1.505,-0.000,0.001,-0.000,16.0
402,2.015,0.004,1.505,-0.000,0.001,-0.000,16.0
403,2.015,0.004,1.505,-0.000,0.001,-0.000,16.0
404,2.015,0.003,1.505,-0.000,0.001,-0.000,16.0
405,2.014,0.003,1.505,-0.000,0.001,-0.000,16.0
406,2.014,0.003,1.505,-0.000,0.001,-0.000,16.0
407,2.014,0.003,1.505,-0.000,0.001,-0.000,16.0
408,2.014,0.003,1.505,-0.000,0.001,-0.000,16.0
409,2.014,0.003,1.505,-0.000,0.001,-0.000,16.0
410,2.013,0.003,1.505,-0.000,0.001,-0.000,16.0
411,2.013,0.003,1.505,-0.000,0.001,-0.000,16.0
412,2.013,0.003,1.505,-0.000,0.001,-0.000,16.0
413,2.013,0.003,1.505,-0.000,0.001,-0.000,16.0
414,2.013,0.003,1.505,-0.000,0.001,-0.000,16.0
415,2.013,0.003,1.505,-0.000,0.001,-0.000,16.0
416,2.012,0.003,1.505,-0.000,0.001,-0.000,16.0
417,2.012,0.003,1.505,-0.000,0.001,-0.000,16.0
418,2.012,0.003,1.505,-0.000,0.001,-0.000,16.0
419,2.012,0.003,1.505,-0.000,0.001,-0.000,16.0
420,2.012,0.003,1.505,-0.000,0.001,-0.000,16.0
421,2.012,0.003,1.505,-0.000,0.001,-0.000,16.0
422,2.012,0.003,1.505,-0.000,0.001,-0.000,16.0
423,2.011,0.003,1.505,-0.000,0.001,-0.000,16.0
424,2.011,0.003,1.505,-0.000,0.001,-0.000,16.0
425,2.011,0.003,1.505,-0.000,0.001,-0.000,16.0
426,2.011,0.003,1.505,-0.000,0.001,-0.000,16.0
427,2.011,0.003,1.505,-0.000,0.001,-0.000,16.0
428,2.011,0.003,1.505,-0.000,0.001,-0.000,16.0
429,2.010,0.003,1.505,-0.000,0.001,-0.000,16.0
430,2.010,0.002,1.505,-0.000,0.001,-0.000,16.0
431,2.010,0.002,1.505,-0.000,0.001,-0.000,16.0
432,2.010,0.002,1.505,-0.000,0.001,-0.000,16.0
433,2.010,0.002,1.505,-0.000,0.001,-0.000,16.0
434,2.010,0.002,1.505,-0.000,0.001,-0.000,16.0
435,2.010,0.002,1.505,-0.000,0.001,-0.000,16.0
436,2.010,0.002,1.505,-0.000,0.007,-0.002,16.0
437,2.009,0.002,1.505,-0.000,0.010,-0.003,16.0
438,2.009,0.002,1.505,-0.000,0.011,-0.003,16.0
439,2.009,0.002,1.505,-0.000,0.008,-0.002,16.0
440,2.009,0.002,1.505,-0.000,0.004,-0.001,16.0
441,2.009,0.002,1.505,-0.000,0.001,-0.000,16.0
442,2.009,0.002,1.505,-0.000,-0.002,0.000,16.0
443,2.009,0.002,1.505,-0.000,-0.003,0.001,16.0
444,2.009,0.002,1.505,-0.000,-0.003,0.001,16.0
445,2.009,0.002,1.505,-0.000,-0.001,0.000,16.0
446,2.009,0.002,1.505,-0.000,0.000,-0.000,16.0
447,2.009,0.002,1.505,-0.000,0.001,-0.000,16.0
448,2.009,0.002,1.505,-0.000,0.002,-0.000,16.0
449,2.009,0.002,1.505,-0.000,0.002,-0.000,16.0
450,2.009,0.002,1.505,-0.000,0.001,-0.000,16.0
451,2.009,0.002,1.505,-0.000,0.000,-0.000,16.0
452,2.009,0.002,1.505,-0.000,-0.000,0.000,16.0
453,2.009,0.002,1.505,-0.000,-0.001,0.000,16.0
454,2.009,0.002,1.505,-0.000,-0.001,0.000,16.0
455,2.009,0.002,1.505,-0.000,-0.000,0.000,16.0
456,2.009,0.002,1.505,-0.000,-0.000,0.000,16.0
457,2.009,0.002,1.505,-0.000,0.000,-0.000,16.0
458,2.009,0.002,1.505,-0.000,0.000,-0.000,16.0
459,2.009,0.002,1.505,-0.000,0.000,-0.000,16.0
460,2.009,0.002,1.505,-0.000,0.000,-0.000,16.0
461,2.009,0.002,1.505,-0.000,0.000,-0.000,16.0
462,2.009,0.002,1.505,-0.000,0.000,-0.000,16.0
463,2.009,0.002,1.505,-0.000,-0.000,0.000,16.0
464,2.009,0.002,1.505,-0.000,-0.000,0.000,16.0
465,2.009,0.002,1.505,-0.000,-0.000,0.000,16.0
466,2.009,0.002,1.505,-0.000,-0.000,0.000,16.0
467,2.009,0.002,1.505,-0.000,-0.000,0.000,16.0
468,2.009,0.002,1.505,-0.000,0.000,-0.000,16.0
469,2.009,0.002,1.505,-0.000,0.000,-0.000,16.0
470,2.009,0.002,1.505,-0.000,0.000,-0.000,16.0
471,2.009,0.002,1.505,-0.000,0.000,-0.000,16.0
472,2.009,0.002,1.505,-0.000,0.000,-0.000,16.0
473,2.009,0.002,1.505,-0.000,-0.000,0.000,16.0
474,2.009,0.002,1.505,-0.000,-0.000,0.000,16.0
475,2.009,0.002,1.505,-0.000,-0.000,0.000,16.0
476,2.009,0.002,1.505,-0.000,-0.000,0.000,16.0
477,2.009,0.002,1.505,-0.000,-0.000,0.000,16.0
478,2.009,0.002,1.505,-0.000,-0.000,0.000,16.0
479,2.009,0.002,1.505,-0.000,0.000,-0.000,16.0
480,2.009,0.002,1.505,-0.000,0.000,-0.000,16.0
481,2.009,0.002,1.505,-0.000,0.000,-0.000,16.0
482,2.009,0.002,1.505,-0.000,0.000,-0.000,16.0
483,2.009,0.002,1.505,-0.000,0.000,-0.000,16.0
484,2.009,0.002,1.505,-0.000,-0.000,0.000,16.0
485,2.009,0.002,1.505,-0.000,-0.000,0.000,16.0
486,2.009,0.002,1.505,-0.000,-0.000,0.000,16.0
487,2.009,0.002,1.505,-0.000,-0.000,0.000,16.0
488,2.009,0.002,1.505,-0.000,-0.000,0.000,16.0
489,2.009,0.002,1.505,-0.000,0.000,-0.000,16.0
490,2.009,0.002,1.505,-0.000,0.000,-0.000,16.0
491,2.009,0.002,1.505,-0.000,0.000,-0.000,16.0
492,2.009,0.002,1.505,-0.000,0.000,-0.000,16.0
493,2.009,0.002,1.505,-0.000,0.000,-0.000,16.0
494,2.009,0.002,1.505,-0.000,0.000,-0.000,16.0
495,2.009,0.002,1.505,-0.000,-0.000,0.000,16.0
496,2.009,0.002,1.505,-0.000,-0.000,0.000,16.0
497,2.009,0.002,1.505,-0.000,-0.000,0.000,16.0
498,2.009,0.002,1.505,-0.000,-0.000,0.000,16.0
499,2.009,0.002,1.505,-0.000,-0.000,0.000,16.0
500,2.009,0.002,1.505,-0.000,0.000,-0.000,16.0
501,2.009,0.002,1.505,-0.000,0.000,-0.000,16.0
502,2.009,0.002,1.505,-0.000,0.000,-0.000,16.0
503,2.009,0.002,1.505,-0.000,0.000,-0.000,16.0
504,2.009,0.002,1.505,-0.000,0.000,-0.000,16.0
505,2.009,0.002,1.505,-0.000,-0.000,0.000,16.0
506,2.009,0.002,1.505,-0.000,-0.000,0.000,16.0
507,2.009,0.002,1.505,-0.000,-0.000,0.000,16.0
508,2.009,0.002,1.505,-0.000,-0.000,0.000,16.0
509,2.009,0.002,1.505,-0.000,-0.000,0.000,16.0
510,2.009,0.002,1.505,-0.000,-0.000,0.000,16.0
511,2.009,0.002,1.505,-0.000,0.000,-0.000,16.0
512,2.009,0.002,1.505,-0.000,0.000,-0.000,16.0
513,2.009,0.002,1.505,-0.000,0.000,-0.000,16.0
514,2.009,0.002,1.505,-0.000,0.000,-0.000,16.0
515,2.009,0.002,1.505,-0.000,0.000,-0.000,16.0
516,2.009,0.002,1.505,-0.000,-0.000,0.000,16.0
517,2.009,0.002,1.505,-0.000,-0.000,0.000,16.0
518,2.009,0.002,1.505,-0.000,-0.000,0.000,16.0
519,2.009,0.002,1.505,-0.000,-0.000,0.000,16.0
520,2.009,0.002,1.505,-0.000,-0.000,0.000,16.0
521,2.009,0.002,1.505,-0.000,0.000,-0.000,16.0
522,2.009,0.002,1.505,-0.000,0.000,-0.000,16.0
523,2.009,0.002,1.505,-0.000,0.000,-0.000,16.0
524,2.009,0.002,1.505,-0.000,0.000,-0.000,16.0
525,2.009,0.002,1.505,-0.000,0.000,-0.000,16.0
526,2.009,0.002,1.505,-0.000,0.000,-0.000,16.0
527,2.009,0.002,1.505,-0.000,-0.000,0.000,16.0
528,2.009,0.002,1.505,-0.000,-0.000,0.000,16.0
529,2.009,0.002,1.505,-0.000,-0.000,0.000,16.0
530,2.009,0.002,1.505,-0.000,-0.000,0.000,16.0
531,2.009,0.002,1.505,-0.000,-0.000,0.000,16.0
532,2.009,0.002,1.505,-0.000,0.000,-0.000,16.0
533,2.009,0.002,1.505,-0.000,0.000,-0.000,16.0
534,2.009,0.002,1.505,-0.000,0.000,-0.000,16.0
535,2.009,0.002,1.505,-0.000,0.000,-0.000,16.0
536,2.009,0.002,1.505,-0.000,0.000,-0.000,16.0
537,2.009,0.002,1.505,-0.000,-0.000,0.000,16.0
538,2.009,0.002,1.505,-0.000,-0.000,0.000,16.0
539,2.009,0.002,1.505,-0.000,-0.000,0.000,16.0
540,2.009,0.002,1.505,-0.000,-0.000,0.000,16.0
541,2.009,0.002,1.505,-0.000,-0.000,0.000,16.0
542,2.009,0.002,1.505,-0.000,-0.000,0.000,16.0
543,2.009,0.002,1.505,-0.000,0.000,-0.000,16.0
544,2.009,0.002,1.505,-0.000,0.000,-0.000,16.0
545,2.009,0.002,1.505,-0.000,0.000,-0.000,16.0
546,2.009,0.002,1.505,-0.000,0.000,-0.000,16.0
547,2.009,0.002,1.505,-0.000,0.000,-0.000,16.0
548,2.009,0.002,1.505,-0.000,-0.000,0.000,16.0
549,2.009,0.002,1.505,-0.000,-0.000,0.000,16.0
550,2.009,0.002,1.505,-0.000,-0.000,0.000,16.0
551,2.009,0.002,1.505,-0.000,-0.000,0.000,16.0
552,2.009,0.002,1.505,-0.000,-0.000,0.000,16.0
553,2.009,0.002,1.505,-0.000,0.000,-0.000,16.0
554,2.009,0.002,1.505,-0.000,0.000,-0.000,16.0
555,2.009,0.002,1.505,-0.000,0.000,-0.000,16.0
556,2.009,0.002,1.505,-0.000,0.000,-0.000,16.0
557,2.009,0.002,1.505,-0.000,0.000,-0.000,16.0
558,2.009,0.002,1.505,-0.000,0.000,-0.000,16.0
559,2.009,0.002,1.505,-0.000,-0.000,0.000,16.0
560,2.009,0.002,1.505,-0.000,-0.000,0.000,16.0
561,2.009,0.002,1.505,-0.000,-0.000,0.000,16.0
562,2.009,0.002,1.505,-0.000,-0.000,0.000,16.0
563,2.009,0.002,1.505,-0.000,-0.000,0.000,16.0
564,2.009,0.002,1.505,-0.000,0.000,-0.000,16.0
565,2.009,0.002,1.505,-0.000,0.000,-0.000,16.0
566,2.009,0.002,1.505,-0.000,0.000,-0.000,16.0
567,2.009,0.002,1.505,-0.000,0.000,-0.000,16.0
568,2.009,0.002,1.505,-0.000,0.000,-0.000,16.0
569,2.009,0.002,1.505,-0.000,-0.000,0.000,16.0
570,2.009,0.002,1.505,-0.000,-0.000,0.000,16.0
571,2.009,0.002,1.505,-0.000,-0.000,0.000,16.0
572,2.009,0.002,1.505,-0.000,-0.006,0.007,13.0
573,2.009,0.002,1.505,-0.000,-0.009,0.012,13.0
574,2.009,0.002,1.505,-0.000,-0.010,0.013,13.0
575,2.009,0.002,1.505,-0.000,-0.008,0.010,13.0
576,2.009,0.002,1.505,-0.000,-0.004,0.005,13.0
577,2.009,0.002,1.505,-0.000,0.005,-0.007,10.0
578,2.009,0.002,1.505,-0.000,0.011,-0.015,10.0
579,2.009,0.001,1.505,-0.000,0.013,-0.016,16.0
580,2.009,0.001,1.505,-0.000,0.010,-0.013,16.0
581,2.009,0.001,1.505,-0.000,0.005,-0.007,16.0
582,2.009,0.001,1.505,-0.000,0.001,-0.001,16.0
583,2.009,0.002,1.505,-0.000,-0.003,0.004,16.0
584,2.009,0.002,1.505,-0.000,-0.004,0.006,16.0
585,2.009,0.002,1.505,-0.000,-0.004,0.005,16.0
586,2.009,0.002,1.505,-0.000,-0.002,0.003,16.0
587,2.009,0.002,1.505,-0.000,-0.000,0.001,16.0
588,2.009,0.002,1.505,-0.000,0.001,-0.002,16.0
589,2.009,0.001,1.505,-0.000,0.002,-0.003,16.0
590,2.009,0.001,1.505,-0.000,0.002,-0.003,16.0
591,2.009,0.001,1.505,-0.000,0.001,-0.002,16.0
592,2.009,0.001,1.505,-0.000,0.001,-0.001,16.0
593,2.009,0.001,1.505,-0.000,-0.000,0.000,16.0
594,2.009,0.001,1.505,-0.000,-0.001,0.001,16.0
595,2.009,0.001,1.505,-0.000,-0.001,0.001,16.0
596,2.009,0.001,1.505,-0.000,-0.001,0.001,16.0
597,2.009,0.001,1.505,-0.000,-0.000,0.000,16.0
598,2.009,0.001,1.505,-0.000,0.000,-0.000,16.0
599,2.009,0.001,1.505,-0.000,0.000,-0.000,16.0
600,2.009,0.001,1.505,-0.000,0.000,-0.000,16.0
601,2.009,0.001,1.505,-0.000,0.000,-0.000,16.0
602,2.009,0.001,1.505,-0.000,0.000,-0.000,16.0
603,2.009,0.001,1.505,-0.000,0.000,-0.000,16.0
604,2.009,0.001,1.505,-0.000,-0.000,0.000,16.0
605,2.009,0.001,1.505,-0.000,-0.000,0.000,16.0
606,2.009,0.001,1.505,-0.000,-0.000,0.000,16.0
607,2.009,0.001,1.505,-0.000,-0.000,0.000,16.0
608,2.009,0.001,1.505,-0.000,-0.000,0.000,16.0
609,2.009,0.001,1.505,-0.000,0.000,-0.000,16.0
610,2.009,0.001,1.505,-0.000,0.000,-0.000,16.0
611,2.009,0.001,1.505,-0.000,0.000,-0.000,16.0
612,2.009,0.001,1.505,-0.000,0.000,-0.000,16.0
613,2.009,0.001,1.505,-0.000,0.000,-0.000,16.0
614,2.009,0.001,1.505,-0.000,0.000,-0.000,16.0
615,2.009,0.001,1.505,-0.000,-0.000,0.000,16.0
616,2.009,0.001,1.505,-0.000,-0.000,0.000,16.0
617,2.009,0.001,1.505,-0.000,-0.000,0.000,16.0
618,2.009,0.001,1.505,-0.000,-0.000,0.000,16.0
619,2.009,0.001,1.505,-0.000,-0.000,0.000,16.0
620,2.009,0.001,1.505,-0.000,0.000,-0.000,16.0
621,2.009,0.001,1.505,-0.000,0.000,-0.000,16.0
622,2.009,0.001,1.505,-0.000,0.000,-0.000,16.0
623,2.009,0.001,1.505,-0.000,0.000,-0.000,16.0
624,2.009,0.001,1.505,-0.000,0.000,-0.000,16.0
625,2.009,0.001,1.505,-0.000,-0.000,0.000,16.0
626,2.009,0.001,1.505,-0.000,-0.000,0.000,16.0
627,2.009,0.001,1.505,-0.000,-0.000,0.000,16.0
628,2.009,0.001,1.505,-0.000,-0.000,0.000,16.0
629,2.009,0.001,1.505,-0.000,-0.000,0.000,16.0
630,2.009,0.001,1.505,-0.000,0.000,-0.000,16.0
631,2.009,0.001,1.505,-0.000,0.000,-0.000,16.0
632,2.009,0.001,1.505,-0.000,0.000,-0.000,16.0
633,2.009,0.001,1.505,-0.000,0.000,-0.000,16.0
634,2.009,0.001,1.505,-0.000,0.000,-0.000,16.0
635,2.009,0.001,1.505,-0.000,0.000,-0.000,16.0
636,2.009,0.001,1.505,-0.000,-0.000,0.000,16.0
637,2.009,0.001,1.505,-0.000,-0.000,0.000,16.0
638,2.009,0.001,1.505,-0.000,-0.000,0.000,16.0
639,2.009,0.001,1.505,-0.000,-0.000,0.000,16.0
640,2.009,0.001,1.505,-0.000,-0.000,0.000,16.0
641,2.009,0.001,1.505,-0.000,0.000,-0.000,16.0
642,2.009,0.001,1.505,-0.000,0.000,-0.000,16.0
643,2.009,0.001,1.505,-0.000,0.000,-0.000,16.0
644,2.009,0.001,1.505,-0.000,0.000,-0.000,16.0
645,2.009,0.001,1.505,-0.000,0.000,-0.000,16.0
646,2.009,0.001,1.505,-0.000,-0.000,0.000,16.0
647,2.009,0.001,1.505,-0.000,-0.000,0.000,16.0
648,2.009,0.001,1.505,-0.000,-0.000,0.000,16.0
649,2.009,0.001,1.505,-0.000,-0.000,0.000,16.0
650,2.009,0.001,1.505,-0.000,-0.000,0.000,16.0
651,2.009,0.001,1.505,-0.000,-0.000,0.000,16.0
652,2.009,0.001,1.505,-0.000,0.000,-0.000,16.0
653,2.009,0.001,1.505,-0.000,0.000,-0.000,16.0
654,2.009,0.001,1.505,-0.000,0.000,-0.000,16.0
655,2.009,0.001,1.505,-0.000,0.000,-0.000,16.0
656,2.009,0.001,1.505,-0.000,0.000,-0.000,16.0
657,2.009,0.001,1.505,-0.000,-0.000,0.000,16.0
658,2.009,0.001,1.505,-0.000,-0.000,0.000,16.0
659,2.009,0.001,1.505,-0.000,-0.000,0.000,16.0
660,2.009,0.001,1.505,-0.000,-0.000,0.000,16.0
661,2.009,0.001,1.505,-0.000,-0.000,0.000,16.0
662,2.009,0.001,1.505,-0.000,0.000,-0.000,16.0
663,2.009,0.001,1.505,-0.000,0.000,-0.000,16.0
664,2.009,0.001,1.505,-0.000,0.000,-0.000,16.0
665,2.009,0.001,1.505,-0.000,0.000,-0.000,16.0
666,2.009,0.001,1.505,-0.000,0.000,-0.000,16.0
667,2.009,0.001,1.505,-0.000,0.000,-0.000,16.0
668,2.009,0.001,1.505,-0.000,-0.000,0.000,16.0
669,2.009,0.001,1.505,-0.000,-0.000,0.000,16.0
670,2.009,0.001,1.505,-0.000,-0.000,0.000,16.0
671,2.009,0.001,1.505,-0.000,-0.000,0.000,16.0
672,2.009,0.001,1.505,-0.000,-0.000,0.000,16.0
673,2.009,0.001,1.505,-0.000,0.000,-0.000,16.0
674,2.009,0.001,1.505,-0.000,0.000,-0.000,16.0
675,2.009,0.001,1.505,-0.000,0.000,-0.000,16.0
676,2.009,0.001,1.505,-0.000,0.000,-0.000,16.0
677,2.009,0.001,1.505,-0.000,0.000,-0.000,16.0
678,2.009,0.001,1.505,-0.000,-0.000,0.000,16.0
679,2.009,0.001,1.505,-0.000,-0.000,0.000,16.0
680,2.009,0.001,1.505,-0.000,-0.000,0.000,16.0
681,2.009,0.001,1.505,-0.000,-0.000,0.000,16.0
682,2.009,0.001,1.505,-0.000,-0.000,0.000,16.0
683,2.009,0.001,1.505,-0.000,-0.000,0.000,16.0
684,2.009,0.001,1.505,-0.000,0.000,-0.000,16.0
685,2.009,0.001,1.505,-0.000,0.000,-0.000,16.0
686,2.009,0.001,1.505,-0.000,0.000,-0.000,16.0
687,2.009,0.001,1.505,-0.000,0.000,-0.000,16.0
688,2.009,0.001,1.505,-0.000,0.000,-0.000,16.0
689,2.009,0.001,1.505,-0.000,-0.000,0.000,16.0
690,2.009,0.001,1.505,-0.000,-0.000,0.000,16.0
691,2.009,0.001,1.505,-0.000,-0.000,0.000,16.0
692,2.009,0.001,1.505,-0.000,-0.000,0.000,16.0
693,2.009,0.001,1.505,-0.000,-0.000,0.000,16.0
694,2.009,0.001,1.505,-0.000,0.000,-0.000,16.0
695,2.009,0.001,1.505,-0.000,0.000,-0.000,16.0
696,2.009,0.001,1.505,-0.000,0.000,-0.000,16.0
697,2.009,0.001,1.505,-0.000,0.000,-0.000,16.0
698,2.009,0.001,1.505,-0.000,0.000,-0.000,16.0
699,2.009,0.001,1.505,-0.000,0.000,-0.000,16.0
700,2.009,0.001,1.505,-0.000,-0.000,0.000,16.0
701,2.009,0.001,1.505,-0.000,-0.000,0.000,16.0
702,2.009,0.001,1.505,-0.000,-0.000,0.000,16.0
703,2.009,0.001,1.505,-0.000,-0.000,0.000,16.0
704,2.009,0.001,1.505,-0.000,-0.000,0.000,16.0
705,2.009,0.001,1.505,-0.000,0.000,-0.000,16.0
706,2.009,0.001,1.505,-0.000,0.000,-0.000,16.0
707,2.009,0.001,1.505,-0.000,0.000,-0.000,16.0
708,2.009,0.001,1.505,-0.000,0.000,-0.000,16.0
709,2.009,0.001,1.505,-0.000,0.000,-0.000,16.0
710,2.009,0.001,1.505,-0.000,-0.000,0.000,16.0
711,2.009,0.001,1.505,-0.000,-0.000,0.000,16.0
712,2.009,0.001,1.505,-0.000,-0.000,0.000,16.0
713,2.009,0.001,1.505,-0.000,-0.000,0.000,16.0
714,2.009,0.001,1.505,-0.000,-0.000,0.000,16.0
715,2.009,0.001,1.505,-0.000,-0.000,0.000,16.0
716,2.009,0.001,1.505,-0.000,0.000,-0.000,16.0
717,2.009,0.001,1.505,-0.000,0.000,-0.000,16.0
718,2.009,0.001,1.505,-0.000,0.000,-0.000,16.0
719,2.009,0.001,1.505,-0.000,0.000,-0.000,16.0
720,2.009,0.001,1.505,-0.000,0.000,-0.000,16.0
721,2.009,0.001,1.505,-0.000,-0.000,0.000,16.0
722,2.009,0.001,1.505,-0.000,-0.000,0.000,16.0
723,2.009,0.001,1.505,-0.000,-0.000,0.000,16.0
724,2.009,0.001,1.505,-0.000,-0.000,0.000,16.0
725,2.009,0.001,1.505,-0.000,-0.000,0.000,16.0
726,2.009,0.001,1.505,-0.000,0.000,-0.000,16.0
727,2.009,0.001,1.505,-0.000,0.000,-0.000,16.0
728,2.009,0.001,1.505,-0.000,0.000,-0.000,16.0
729,2.009,0.001,1.505,-0.000,0.000,-0.000,16.0
730,2.009,0.001,1.505,-0.000,0.000,-0.000,16.0
731,2.009,0.001,1.505,-0.000,0.000,-0.000,16.0
732,2.009,0.001,1.505,-0.000,-0.000,0.000,16.0
733,2.009,0.001,1.505,-0.000,-0.000,0.000,16.0
734,2.009,0.001,1.505,-0.000,-0.000,0.000,16.0
735,2.009,0.001,1.505,-0.000,-0.000,0.000,16.0
736,2.009,0.001,1.505,-0.000,-0.000,0.000,16.0
737,2.009,0.001,1.505,-0.000,-0.000,-0.000,16.0
738,2.009,0.001,1.505,-0.000,0.000,-0.000,16.0
739,2.009,0.001,1.505,-0.000,0.000,-0.000,16.0
740,2.009,0.001,1.505,-0.000,0.000,-0.000,16.0
741,2.009,0.001,1.505,-0.000,0.000,-0.000,16.0
742,2.009,0.001,1.505,-0.000,0.000,-0.000,16.0
743,2.009,0.001,1.505,-0.000,0.000,-0.000,16.0
744,2.009,0.001,1.505,-0.000,0.000,0.000,16.0
745,2.009,0.001,1.505,-0.000,0.000,0.000,16.0
746,2.009,0.001,1.505,-0.000,0.000,0.000,16.0
747,2.009,0.001,1.505,-0.000,0.000,0.000,16.0
748,2.009,0.001,1.505,-0.000,0.000,0.000,16.0
749,2.009,0.001,1.505,-0.000,-0.000,0.000,16.0
750,2.009,0.001,1.505,-0.000,-0.000,0.000,16.0
751,2.009,0.001,1.505,-0.000,-0.000,0.000,16.0
752,2.009,0.001,1.505,-0.000,-0.000,0.000,16.0
753,2.009,0.001,1.505,-0.000,-0.000,0.000,16.0
754,2.009,0.001,1.505,-0.000,-0.000,0.000,16.0
755,2.009,0.001,1.505,-0.000,-0.000,0.000,16.0
756,2.009,0.001,1.505,-0.000,-0.000,0.000,16.0
757,2.009,0.001,1.505,-0.000,-0.000,0.000,16.0
758,2.009,0.001,1.505,-0.000,-0.000,0.000,16.0
759,2.009,0.001,1.505,-0.000,-0.000,-0.000,16.0
760,2.009,0.001,1.505,-0.000,-0.000,-0.000,16.0
761,2.009,0.001,1.505,-0.000,-0.000,-0.000,16.0
762,2.009,0.001,1.505,-0.000,-0.000,-0.000,16.0
763,2.009,0.001,1.505,-0.000,0.000,-0.000,16.0
764,2.009,0.001,1.505,-0.000,0.000,-0.000,16.0
765,2.009,0.001,1.505,-0.000,0.000,-0.000,16.0
766,2.009,0.001,1.505,-0.000,0.000,-0.000,16.0
767,2.009,0.001,1.505,-0.000,0.000,-0.000,16.0
768,2.009,0.001,1.505,-0.000,0.000,-0.000,16.0
769,2.009,0.001,1.505,-0.000,0.000,-0.000,16.0
770,2.009,0.001,1.505,-0.000,0.000,-0.000,16.0
771,2.009,0.001,1.505,-0.000,0.000,-0.000,16.0
772,2.009,0.001,1.505,-0.000,0.000,-0.000,16.0
773,2.009,0.001,1.505,-0.000,0.000,-0.000,16.0
774,2.009,0.001,1.505,-0.000,0.000,-0.000,16.0
775,2.009,0.001,1.505,-0.000,0.000,-0.000,16.0
776,2.009,0.001,1.505,-0.000,0.000,-0.000,16.0
777,2.009,0.001,1.505,-0.000,0.000,-0.000,16.0
778,2.009,0.001,1.505,-0.000,-0.000,-0.000,16.0
779,2.009,0.001,1.505,-0.000,-0.000,-0.000,16.0
780,2.009,0.001,1.505,-0.000,-0.000,-0.000,16.0
781,2.009,0.001,1.505,-0.000,-0.000,-0.000,16.0
782,2.009,0.001,1.505,-0.000,-0.000,-0.000,16.0
783,2.009,0.001,1.505,-0.000,-0.000,-0.000,16.0
784,2.009,0.001,1.505,-0.000,-0.000,-0.000,16.0
785,2.009,0.001,1.505,-0.000,-0.000,-0.000,16.0
786,2.009,0.001,1.505,-0.000,-0.000,-0.000,16.0
787,2.009,0.001,1.505,-0.000,-0.000,-0.000,16.0
788,2.009,0.001,1.505,-0.000,-0.000,-0.000,16.0
789,2.009,0.001,1.505,-0.000,-0.000,-0.000,16.0
790,2.009,0.001,1.505,-0.000,-0.000,-0.000,16.0
791,2.009,0.001,1.505,-0.000,-0.000,-0.000,16.0
792,2.009,0.001,1.505,-0.000,0.000,-0.000,16.0
793,2.009,0.001,1.505,-0.000,0.000,-0.000,16.0
794,2.009,0.001,1.505,-0.000,0.000,-0.000,16.0
795,2.009,0.001,1.505,-0.000,0.000,-0.000,16.0
796,2.009,0.001,1.505,-0.000,0.000,-0.000,16.0
797,2.009,0.001,1.505,-0.000,0.000,-0.000,16.0
798,2.009,0.001,1.505,-0.000,0.000,-0.000,16.0
799,2.009,0.001,1.505,-0.000,0.000,-0.000,16.0
800,2.009,0.001,1.505,-0.000,0.000,-0.000,16.0
801,2.009,0.001,1.505,-0.000,0.000,-0.000,16.0
802,2.009,0.001,1.505,-0.000,0.000,-0.000,16.0
803,2.009,0.001,1.505,-0.000,0.000,-0.000,16.0
804,2.009,0.001,1.505,-0.000,0.000,-0.000,16.0
805,2.009,0.001,1.505,-0.000,0.000,-0.000,16.0
806,2.009,0.001,1.505,-0.000,-0.000,-0.000,16.0
807,2.009,0.001,1.505,-0.000,-0.000,-0.000,16.0
808,2.009,0.001,1.505,-0.000,-0.000,-0.000,16.0
809,2.009,0.001,1.505,-0.000,-0.000,-0.000,16.0
810,2.009,0.001,1.505,-0.000,-0.000,-0.000,16.0
811,2.009,0.001,1.505,-0.000,-0.000,-0.000,16.0
812,2.009,0.001,1.505,-0.000,-0.000,-0.000,16.0
813,2.009,0.001,1.505,-0.000,-0.000,-0.000,16.0
814,2.009,0.001,1.505,-0.000,-0.000,-0.000,16.0
815,2.009,0.001,1.505,-0.000,-0.000,-0.000,16.0
816,2.009,0.001,1.505,-0.000,-0.000,-0.000,16.0
817,2.009,0.001,1.505,-0.000,-0.000,-0.000,16.0
818,2.009,0.001,1.505,-0.000,-0.000,-0.000,16.0
819,2.009,0.001,1.505,-0.000,-0.000,-0.000,16.0
820,2.009,0.001,1.505,-0.000,0.000,-0.000,16.0
821,2.009,0.001,1.505,-0.000,0.000,-0.000,16.0
822,2.009,0.001,1.505,-0.000,0.000,-0.000,16.0
823,2.009,0.001,1.505,-0.000,0.000,-0.000,16.0
824,2.009,0.001,1.505,-0.000,0.000,-0.000,16.0
825,2.009,0.001,1.505,-0.000,0.000,-0.000,16.0
826,2.009,0.001,1.505,-0.000,0.000,-0.000,16.0
827,2.009,0.001,1.505,-0.000,0.000,-0.000,16.0
828,2.009,0.001,1.505,-0.000,0.000,-0.000,16.0
829,2.009,0.001,1.505,-0.000,0.000,-0.000,16.0
830,2.009,0.001,1.505,-0.000,0.000,-0.000,16.0
831,2.009,0.001,1.505,-0.000,0.000,-0.000,16.0
832,2.009,0.001,1.505,-0.000,0.000,-0.000,16.0
833,2.009,0.001,1.505,-0.000,0.000,-0.000,16.0
834,2.009,0.001,1.505,-0.000,-0.000,-0.000,16.0
835,2.009,0.001,1.505,-0.000,-0.000,-0.000,16.0
836,2.009,0.001,1.505,-0.000,-0.000,-0.000,16.0
837,2.009,0.001,1.505,-0.000,-0.000,-0.000,16.0
838,2.009,0.001,1.505,-0.000,-0.000,-0.000,16.0
839,2.009,0.001,1.505,-0.000,-0.000,-0.000,16.0
840,2.009,0.001,1.505,-0.000,-0.000,-0.000,16.0
841,2.009,0.001,1.505,-0.000,-0.000,-0.000,16.0
842,2.009,0.001,1.505,-0.000,-0.000,-0.000,16.0
843,2.009,0.001,1.505,-0.000,-0.000,-0.000,16.0
844,2.009,0.001,1.505,-0.000,-0.000,-0.000,16.0
845,2.009,0.001,1.505,-0.000,-0.000,-0.000,16.0
846,2.009,0.001,1.505,-0.000,-0.000,-0.000,16.0
847,2.009,0.001,1.505,-0.000,-0.000,-0.000,16.0
848,2.009,0.001,1.505,-0.000,-0.000,-0.000,16.0
849,2.009,0.001,1.505,-0.000,0.000,-0.000,16.0
850,2.009,0.001,1.505,-0.000,0.000,-0.000,16.0
851,2.009,0.001,1.505,-0.000,0.000,-0.000,16.0
852,2.009,0.001,1.505,-0.000,0.000,-0.000,16.0
853,2.009,0.001,1.505,-0.000,0.000,-0.000,16.0
854,2.009,0.001,1.505,-0.000,0.000,-0.000,16.0
855,2.009,0.001,1.505,-0.000,0.000,-0.000,16.0
856,2.009,0.001,1.505,-0.000,0.000,-0.000,16.0
857,2.009,0.001,1.505,-0.000,0.000,-0.000,16.0
858,2.009,0.001,1.505,-0.000,0.000,-0.000,16.0
859,2.009,0.001,1.505,-0.000,0.000,-0.000,16.0
860,2.009,0.001,1.505,-0.000,0.000,-0.000,16.0
861,2.009,0.001,1.505,-0.000,0.000,-0.000,16.0
862,2.009,0.001,1.505,-0.000,0.000,-0.000,16.0
863,2.009,0.001,1.505,-0.000,-0.000,-0.000,16.0
864,2.009,0.001,1.505,-0.000,-0.000,-0.000,16.0
865,2.009,0.001,1.505,-0.000,-0.000,-0.000,16.0
866,2.009,0.001,1.505,-0.000,-0.000,-0.000,16.0
867,2.009,0.001,1.505,-0.000,-0.000,-0.000,16.0
868,2.009,0.001,1.505,-0.000,-0.000,-0.000,16.0
869,2.009,0.001,1.505,-0.000,-0.000,-0.000,16.0
870,2.009,0.001,1.505,-0.000,-0.000,-0.000,16.0
871,2.009,0.001,1.505,-0.000,-0.000,-0.000,16.0
872,2.009,0.001,1.505,-0.000,-0.000,-0.000,16.0
873,2.009,0.001,1.505,-0.000,-0.000,-0.000,16.0
874,2.009,0.001,1.505,-0.000,-0.000,-0.000,16.0
875,2.009,0.001,1.505,-0.000,-0.000,-0.000,16.0
876,2.009,0.001,1.505,-0.000,-0.000,-0.000,16.0
877,2.009,0.001,1.505,-0.000,0.000,-0.000,16.0
878,2.009,0.001,1.505,-0.000,0.000,-0.000,16.0
879,2.009,0.001,1.505,-0.000,0.000,-0.000,16.0
880,2.009,0.001,1.505,-0.000,0.000,-0.000,16.0
881,2.009,0.001,1.505,-0.000,0.000,-0.000,16.0
882,2.009,0.001,1.505,-0.000,0.000,-0.000,16.0
883,2.009,0.001,1.505,-0.000,0.000,-0.000,16.0
884,2.009,0.001,1.505,-0.000,0.000,-0.000,16.0
885,2.009,0.001,1.505,-0.000,0.000,-0.000,16.0
886,2.009,0.001,1.505,-0.000,0.000,-0.000,16.0
887,2.009,0.001,1.505,-0.000,0.000,-0.000,16.0
888,2.009,0.001,1.505,-0.000,0.000,-0.000,16.0
889,2.009,0.001,1.505,-0.000,0.000,-0.000,16.0
890,2.009,0.001,1.505,-0.000,0.000,-0.000,16.0
891,2.009,0.001,1.505,-0.000,-0.000,-0.000,16.0
892,2.009,0.001,1.505,-0.000,-0.000,-0.000,16.0
893,2.009,0.001,1.505,-0.000,-0.000,-0.000,16.0
894,2.009,0.001,1.505,-0.000,-0.000,-0.000,16.0
895,2.009,0.001,1.505,-0.000,-0.000,-0.000,16.0
896,2.009,0.001,1.505,-0.000,-0.000,-0.000,16.0
897,2.009,0.001,1.505,-0.000,-0.000,-0.000,16.0
898,2.009,0.001,1.505,-0.000,-0.000,-0.000,16.0
899,2.009,0.001,1.505,-0.000,-0.000,-0.000,16.0
900,2.009,0.001,1.505,-0.000,-0.000,-0.000,16.0
901,2.009,0.001,1.505,-0.000,-0.000,-0.000,16.0
902,2.009,0.001,1.505,-0.000,-0.000,-0.000,16.0
903,2.009,0.001,1.505,-0.000,-0.000,-0.000,16.0
904,2.009,0.001,1.505,-0.000,-0.000,-0.000,16.0
905,2.009,0.001,1.505,-0.000,0.000,-0.000,16.0
906,2.009,0.001,1.505,-0.000,0.000,-0.000,16.0
907,2.009,0.001,1.505,-0.000,0.000,-0.000,16.0
908,2.009,0.001,1.505,-0.000,0.000,-0.000,16.0
909,2.009,0.001,1.505,-0.000,0.000,-0.000,16.0
910,2.009,0.001,1.505,-0.000,0.000,-0.000,16.0
911,2.009,0.001,1.505,-0.000,0.000,-0.000,16.0
912,2.009,0.001,1.505,-0.000,0.000,-0.000,16.0
913,2.009,0.001,1.505,-0.000,0.000,-0.000,16.0
914,2.009,0.001,1.505,-0.000,0.000,-0.000,16.0
915,2.009,0.001,1.505,-0.000,0.000,-0.000,16.0
916,2.009,0.001,1.505,-0.000,0.000,-0.000,16.0
917,2.009,0.001,1.505,-0.000,0.000,-0.000,16.0
918,2.009,0.001,1.505,-0.000,0.000,-0.000,16.0
919,2.009,0.001,1.505,-0.000,0.000,-0.000,16.0
920,2.009,0.001,1.505,-0.000,-0.000,-0.000,16.0
921,2.009,0.001,1.505,-0.000,-0.000,-0.000,16.0
922,2.009,0.001,1.505,-0.000,-0.000,-0.000,16.0
923,2.009,0.001,1.505,-0.000,-0.000,-0.000,16.0
924,2.009,0.001,1.505,-0.000,-0.000,-0.000,16.0
925,2.009,0.001,1.505,-0.000,-0.000,-0.000,16.0
926,2.009,0.001,1.505,-0.000,-0.000,-0.000,16.0
927,2.009,0.001,1.505,-0.000,-0.000,-0.000,16.0
928,2.009,0.001,1.505,-0.000,-0.000,-0.000,16.0
929,2.009,0.001,1.505,-0.000,-0.000,-0.000,16.0
930,2.009,0.001,1.505,-0.000,-0.000,-0.000,16.0
931,2.009,0.001,1.505,-0.000,-0.000,-0.000,16.0
932,2.009,0.001,1.505,-0.000,-0.000,-0.000,16.0
933,2.009,0.001,1.505,-0.000,-0.000,-0.000,16.0
934,2.009,0.001,1.505,-0.000,0.000,-0.000,16.0
935,2.009,0.001,1.505,-0.000,0.000,-0.000,16.0
936,2.009,0.001,1.505,-0.000,0.000,-0.000,16.0
937,2.009,0.001,1.505,-0.000,0.000,-0.000,16.0
938,2.009,0.001,1.505,-0.000,0.000,-0.000,16.0
939,2.009,0.001,1.505,-0.000,0.000,-0.000,16.0
940,2.009,0.001,1.505,-0.000,0.000,-0.000,16.0
941,2.009,0.001,1.505,-0.000,0.000,-0.000,16.0
942,2.009,0.001,1.505,-0.000,0.000,-0.000,16.0
943,2.009,0.001,1.505,-0.000,0.000,-0.000,16.0
944,2.009,0.001,1.505,-0.000,0.000,-0.000,16.0
945,2.009,0.001,1.505,-0.000,0.000,-0.000,16.0
946,2.009,0.001,1.505,-0.000,0.000,-0.000,16.0
947,2.009,0.001,1.505,-0.000,0.000,-0.000,16.0
948,2.009,0.001,1.505,-0.000,-0.000,-0.000,16.0
949,2.009,0.001,1.505,-0.000,-0.000,-0.000,16.0
950,2.009,0.001,1.505,-0.000,-0.000,-0.000,16.0
951,2.009,0.001,1.505,-0.000,-0.000,-0.000,16.0
952,2.009,0.001,1.505,-0.000,-0.000,-0.000,16.0
953,2.009,0.001,1.505,-0.000,-0.000,-0.000,16.0
954,2.009,0.001,1.505,-0.000,-0.000,-0.000,16.0
955,2.009,0.001,1.505,-0.000,-0.000,-0.000,16.0
956,2.009,0.001,1.505,-0.000,-0.000,-0.000,16.0
957,2.009,0.001,1.505,-0.000,-0.000,-0.000,16.0
958,2.009,0.001,1.505,-0.000,-0.000,-0.000,16.0
959,2.009,0.001,1.505,-0.000,-0.000,-0.000,16.0
960,2.009,0.001,1.505,-0.000,-0.000,-0.000,16.0
961,2.009,0.001,1.505,-0.000,-0.000,-0.000,16.0
962,2.009,0.001,1.505,-0.000,0.000,-0.000,16.0
963,2.009,0.001,1.505,-0.000,0.000,-0.000,16.0
964,2.009,0.001,1.505,-0.000,0.000,-0.000,16.0
965,2.009,0.001,1.505,-0.000,0.000,-0.000,16.0
966,2.009,0.001,1.505,-0.000,0.000,-0.000,16.0
967,2.009,0.001,1.505,-0.000,0.000,-0.000,16.0
968,2.009,0.001,1.505,-0.000,0.000,-0.000,16.0
969,2.009,0.001,1.505,-0.000,0.000,-0.000,16.0
970,2.009,0.001,1.505,-0.000,0.000,-0.000,16.0
971,2.009,0.001,1.505,-0.000,0.000,-0.000,16.0
972,2.009,0.001,1.505,-0.000,0.000,-0.000,16.0
973,2.009,0.001,1.505,-0.000,0.000,-0.000,16.0
974,2.009,0.001,1.505,-0.000,0.000,-0.000,16.0
975,2.009,0.001,1.505,-0.000,0.000,-0.000,16.0
976,2.009,0.001,1.505,-0.000,-0.000,-0.000,16.0
977,2.009,0.001,1.505,-0.000,-0.000,-0.000,16.0
978,2.009,0.001,1.505,-0.000,-0.000,-0.000,16.0
979,2.009,0.001,1.505,-0.000,-0.000,-0.000,16.0
980,2.009,0.001,1.505,-0.000,-0.000,-0.000,16.0
981,2.009,0.001,1.505,-0.000,-0.000,-0.000,16.0
982,2.009,0.001,1.505,-0.000,-0.000,-0.000,16.0
983,2.009,0.001,1.505,-0.000,-0.000,-0.000,16.0
984,2.009,0.001,1.505,-0.000,-0.000,-0.000,16.0
985,2.009,0.001,1.505,-0.000,-0.000,-0.000,16.0
986,2.009,0.001,1.505,-0.000,-0.000,-0.000,16.0
987,2.009,0.001,1.505,-0.000,-0.000,-0.000,16.0
988,2.009,0.001,1.505,-0.000,-0.000,-0.000,16.0
989,2.009,0.001,1.505,-0.000,-0.000,-0.000,16.0
990,2.009,0.001,1.505,-0.000,-0.000,-0.000,16.0
991,2.009,0.001,1.505,-0.000,0.000,-0.000,16.0
992,2.009,0.001,1.505,-0.000,0.000,-0.000,16.0
993,2.009,0.001,1.505,-0.000,0.000,-0.000,16.0
994,2.009,0.001,1.505,-0.000,0.000,-0.000,16.0
995,2.009,0.001,1.505,-0.000,0.000,-0.000,16.0
996,2.009,0.001,1.505,-0.000,0.000,-0.000,16.0
997,2.009,0.001,1.505,-0.000,0.000,-0.000,16.0
998,2.009,0.001,1.505,-0.000,0.000,-0.000,16.0
999,2.009,0.001,1.505,-0.000,0.000,-0.000,16.0
1000,2.009,0.001,1.505,-0.000,0.000,-0.000,16.0
1001,2.009,0.001,1.505,-0.000,0.000,-0.000,16.0
1002,2.009,0.001,1.505,-0.000,0.000,-0.000,16.0
1003,2.009,0.001,1.505,-0.000,0.000,-0.000,16.0
1004,2.009,0.001,1.505,-0.000,0.000,-0.000,16.0
1005,2.009,0.001,1.505,-0.000,-0.000,-0.000,16.0
1006,2.009,0.001,1.505,-0.000,-0.000,-0.000,16.0
1007,2.009,0.001,1.505,-0.000,-0.000,-0.000,16.0
1008,2.009,0.001,1.505,-0.000,-0.000,-0.000,16.0
1009,2.009,0.001,1.505,-0.000,-0.000,-0.000,16.0
1010,2.009,0.001,1.505,-0.000,-0.000,-0.000,16.0
1011,2.009,0.001,1.505,-0.000,-0.000,-0.000,16.0
1012,2.009,0.001,1.505,-0.000,-0.000,-0.000,16.0
1013,2.009,0.001,1.505,-0.000,-0.000,-0.000,16.0
1014,2.009,0.001,1.505,-0.000,-0.000,-0.000,16.0
1015,2.009,0.001,1.505,-0.000,-0.000,-0.000,16.0
1016,2.009,0.001,1.505,-0.000,-0.000,-0.000,16.0
1017,2.009,0.001,1.505,-0.000,-0.000,-0.000,16.0
1018,2.009,0.001,1.505,-0.000,-0.000,-0.000,16.0
1019,2.009,0.001,1.505,-0.000,0.000,-0.000,16.0
1020,2.009,0.001,1.505,-0.000,0.000,-0.000,16.0
1021,2.009,0.001,1.505,-0.000,0.000,-0.000,16.0
1022,2.009,0.001,1.505,-0.000,0.000,-0.000,16.0
1023,2.009,0.001,1.505,-0.000,0.000,-0.000,16.0
1024,2.009,0.001,1.505,-0.000,0.000,-0.000,16.0
1025,2.009,0.001,1.505,-0.000,0.000,-0.000,16.0
1026,2.009,0.001,1.505,-0.000,0.000,-0.000,16.0
1027,2.009,0.001,1.505,-0.000,0.000,-0.000,16.0
1028,2.009,0.001,1.505,-0.000,0.000,-0.000,16.0
1029,2.009,0.001,1.505,-0.000,0.000,-0.000,16.0
1030,2.009,0.001,1.505,-0.000,0.000,-0.000,16.0
1031,2.009,0.001,1.505,-0.000,0.000,-0.000,16.0
1032,2.009,0.001,1.505,-0.000,0.000,-0.000,16.0
1033,2.009,0.001,1.505,-0.000,-0.000,-0.000,16.0
1034,2.009,0.001,1.505,-0.000,-0.000,-0.000,16.0
1035,2.009,0.001,1.505,-0.000,-0.000,-0.000,16.0
1036,2.009,0.001,1.505,-0.000,-0.000,-0.000,16.0
1037,2.009,0.001,1.505,-0.000,-0.000,-0.000,16.0
1038,2.009,0.001,1.505,-0.000,-0.000,-0.000,16.0
1039,2.009,0.001,1.505,-0.000,-0.000,-0.000,16.0
1040,2.009,0.001,1.505,-0.000,-0.000,-0.000,16.0
1041,2.009,0.001,1.505,-0.000,-0.000,-0.000,16.0
1042,2.009,0.001,1.505,-0.000,-0.000,-0.000,16.0
1043,2.009,0.001,1.505,-0.000,-0.000,-0.000,16.0
1044,2.009,0.001,1.505,-0.000,-0.000,-0.000,16.0
1045,2.009,0.001,1.505,-0.000,-0.000,-0.000,16.0
1046,2.009,0.001,1.505,-0.000,-0.000,-0.000,16.0
1047,2.009,0.001,1.505,-0.000,0.000,-0.000,16.0
1048,2.009,0.001,1.505,-0.000,0.000,-0.000,16.0
1049,2.009,0.001,1.505,-0.000,0.000,-0.000,16.0
1050,2.009,0.001,1.505,-0.000,0.000,-0.000,16.0
1051,2.009,0.001,1.505,-0.000,0.000,-0.000,16.0
1052,2.009,0.001,1.505,-0.000,0.000,-0.000,16.0
1053,2.009,0.001,1.505,-0.000,0.000,-0.000,16.0
1054,2.009,0.001,1.505,-0.000,0.000,-0.000,16.0
1055,2.009,0.001,1.505,-0.000,0.000,-0.000,16.0
1056,2.009,0.001,1.505,-0.000,0.000,-0.000,16.0
1057,2.009,0.001,1.505,-0.000,0.000,-0.000,16.0
1058,2.009,0.001,1.505,-0.000,0.000,-0.000,16.0
1059,2.009,0.001,1.505,-0.000,0.000,-0.000,16.0
1060,2.009,0.001,1.505,-0.000,0.000,-0.000,16.0
1061,2.009,0.001,1.505,-0.000,-0.000,-0.000,16.0
1062,2.009,0.001,1.505,-0.000,-0.000,-0.000,16.0
1063,2.009,0.001,1.505,-0.000,-0.000,-0.000,16.0
1064,2.009,0.001,1.505,-0.000,-0.000,-0.000,16.0
1065,2.009,0.001,1.505,-0.000,-0.000,-0.000,16.0
1066,2.009,0.001,1.505,-0.000,-0.000,-0.000,16.0
1067,2.009,0.001,1.505,-0.000,-0.000,-0.000,16.0
1068,2.009,0.001,1.505,-0.000,-0.000,-0.000,16.0
1069,2.009,0.001,1.505,-0.000,-0.000,-0.000,16.0
1070,2.009,0.001,1.505,-0.000,-0.000,-0.000,16.0
1071,2.009,0.001,1.505,-0.000,-0.000,-0.000,16.0
1072,2.009,0.001,1.505,-0.000,-0.000,-0.000,16.0
1073,2.009,0.001,1.505,-0.000,-0.000,-0.000,16.0
1074,2.009,0.001,1.505,-0.000,-0.000,-0.000,16.0
1075,2.009,0.001,1.505,-0.000,-0.000,-0.000,16.0
1076,2.009,0.001,1.505,-0.000,0.000,-0.000,16.0
1077,2.009,0.001,1.505,-0.000,0.000,-0.000,16.0
1078,2.009,0.001,1.505,-0.000,0.000,-0.000,16.0
1079,2.009,0.001,1.505,-0.000,0.000,-0.000,16.0
1080,2.009,0.001,1.505,-0.000,0.000,-0.000,16.0
1081,2.009,0.001,1.505,-0.000,0.000,-0.000,16.0
1082,2.009,0.001,1.505,-0.000,0.000,-0.000,16.0
1083,2.009,0.001,1.505,-0.000,0.000,-0.000,16.0
1084,2.009,0.001,1.505,-0.000,0.000,-0.000,16.0
1085,2.009,0.001,1.505,-0.000,0.000,-0.000,16.0
1086,2.009,0.001,1.505,-0.000,0.000,-0.000,16.0
1087,2.009,0.001,1.505,-0.000,0.000,-0.000,16.0
1088,2.009,0.001,1.505,-0.000,0.000,-0.000,16.0
1089,2.009,0.001,1.505,-0.000,0.000,-0.000,16.0
1090,2.009,0.001,1.505,-0.000,-0.000,-0.000,16.0
1091,2.009,0.001,1.505,-0.000,-0.000,-0.000,16.0
1092,2.009,0.001,1.505,-0.000,-0.000,-0.000,16.0
1093,2.009,0.001,1.505,-0.000,-0.000,-0.000,16.0
1094,2.009,0.001,1.505,-0.000,-0.000,-0.000,16.0
1095,2.009,0.001,1.505,-0.000,-0.000,-0.000,16.0
1096,2.009,0.001,1.505,-0.000,-0.000,-0.000,16.0
1097,2.009,0.001,1.505,-0.000,-0.000,-0.000,16.0
1098,2.009,0.001,1.505,-0.000,-0.000,-0.000,16.0
1099,2.009,0.001,1.505,-0.000,-0.000,-0.000,16.0
1100,2.009,0.001,1.505,-0.000,-0.000,-0.000,16.0
1101,2.009,0.001,1.505,-0.000,-0.000,-0.000,16.0
1102,2.009,0.001,1.505,-0.000,-0.000,-0.000,16.0
1103,2.009,0.001,1.505,-0.000,-0.000,-0.000,16.0
1104,2.009,0.001,1.505,-0.000,0.000,-0.000,16.0
1105,2.009,0.001,1.505,-0.000,0.000,-0.000,16.0
1106,2.009,0.001,1.505,-0.000,0.000,-0.000,16.0
1107,2.009,0.001,1.505,-0.000,0.000,-0.000,16.0
1108,2.009,0.001,1.505,-0.000,0.000,-0.000,16.0
1109,2.009,0.001,1.505,-0.000,0.000,-0.000,16.0
1110,2.009,0.001,1.505,-0.000,0.000,-0.000,16.0
1111,2.009,0.001,1.505,-0.000,0.000,-0.000,16.0
1112,2.009,0.001,1.505,-0.000,0.000,-0.000,16.0
1113,2.009,0.001,1.505,-0.000,0.000,-0.000,16.0
1114,2.009,0.001,1.505,-0.000,0.000,-0.000,16.0
1115,2.009,0.001,1.505,-0.000,0.000,-0.000,16.0
1116,2.009,0.001,1.505,-0.000,0.000,-0.000,16.0
1117,2.009,0.001,1.505,-0.000,0.000,-0.000,16.0
1118,2.009,0.001,1.505,-0.000,-0.000,-0.000,16.0
1119,2.009,0.001,1.505,-0.000,-0.000,-0.000,16.0
1120,2.009,0.001,1.505,-0.000,-0.000,-0.000,16.0
1121,2.009,0.001,1.505,-0.000,-0.000,-0.000,16.0
1122,2.009,0.001,1.505,-0.000,-0.000,-0.000,16.0
1123,2.009,0.001,1.505,-0.000,-0.000,-0.000,16.0
1124,2.009,0.001,1.505,-0.000,-0.000,-0.000,16.0
1125,2.009,0.001,1.505,-0.000,-0.000,-0.000,16.0
1126,2.009,0.001,1.505,-0.000,-0.000,-0.000,16.0
1127,2.009,0.001,1.505,-0.000,-0.000,-0.000,16.0
1128,2.009,0.001,1.505,-0.000,-0.000,-0.000,16.0
1129,2.009,0.001,1.505,-0.000,-0.000,-0.000,16.0
1130,2.009,0.001,1.505,-0.000,-0.000,-0.000,16.0
1131,2.009,0.001,1.505,-0.000,-0.000,-0.000,16.0
1132,2.009,0.001,1.505,-0.000,0.000,-0.000,16.0
1133,2.009,0.001,1.505,-0.000,0.000,-0.000,16.0
1134,2.009,0.001,1.505,-0.000,0.000,-0.000,16.0
1135,2.009,0.001,1.505,-0.000,0.000,-0.000,16.0
1136,2.009,0.001,1.505,-0.000,0.000,-0.000,16.0
1137,2.009,0.001,1.505,-0.000,0.000,-0.000,16.0
1138,2.009,0.001,1.505,-0.000,0.000,-0.000,16.0
1139,2.009,0.001,1.505,-0.000,0.000,-0.000,16.0
1140,2.009,0.001,1.505,-0.000,0.000,-0.000,16.0
1141,2.009,0.001,1.505,-0.000,0.000,-0.000,16.0
1142,2.009,0.001,1.505,-0.000,0.000,-0.000,16.0
1143,2.009,0.001,1.505,-0.000,0.000,-0.000,16.0
1144,2.009,0.001,1.505,-0.000,0.000,-0.000,16.0
1145,2.009,0.001,1.505,-0.000,0.000,-0.000,16.0
1146,2.009,0.001,1.505,-0.000,-0.000,-0.000,16.0
1147,2.009,0.001,1.505,-0.000,-0.000,-0.000,16.0
1148,2.009,0.001,1.505,-0.000,-0.000,-0.000,16.0
1149,2.009,0.001,1.505,-0.000,-0.000,-0.000,16.0
1150,2.009,0.001,1.505,-0.000,-0.000,-0.000,16.0
1151,2.009,0.001,1.505,-0.000,-0.000,-0.000,16.0
1152,2.009,0.001,1.505,-0.000,-0.000,-0.000,16.0
1153,2.009,0.001,1.505,-0.000,-0.000,-0.000,16.0
1154,2.009,0.001,1.505,-0.000,-0.000,-0.000,16.0
1155,2.009,0.001,1.505,-0.000,-0.000,-0.000,16.0
1156,2.009,0.001,1.505,-0.000,-0.000,-0.000,16.0
1157,2.009,0.001,1.505,-0.000,-0.000,-0.000,16.0
1158,2.009,0.001,1.505,-0.000,-0.000,-0.000,16.0
1159,2.009,0.001,1.505,-0.000,-0.000,-0.000,16.0
1160,2.009,0.001,1.505,-0.000,0.000,-0.000,16.0
1161,2.009,0.001,1.505,-0.000,0.000,-0.000,16.0
1162,2.009,0.001,1.505,-0.000,0.000,-0.000,16.0
1163,2.009,0.001,1.505,-0.000,0.000,-0.000,16.0
1164,2.009,0.001,1.505,-0.000,0.000,-0.000,16.0
1165,2.009,0.001,1.505,-0.000,0.000,-0.000,16.0
1166,2.009,0.001,1.505,-0.000,0.000,-0.000,16.0
1167,2.009,0.001,1.505,-0.000,0.000,-0.000,16.0
1168,2.009,0.001,1.505,-0.000,0.000,-0.000,16.0
1169,2.009,0.001,1.505,-0.000,0.000,-0.000,16.0
1170,2.009,0.001,1.505,-0.000,0.000,-0.000,16.0
1171,2.009,0.001,1.505,-0.000,0.000,-0.000,16.0
1172,2.009,0.001,1.505,-0.000,0.000,-0.000,16.0
1173,2.009,0.001,1.505,-0.000,0.000,-0.000,16.0
1174,2.009,0.001,1.505,-0.000,0.000,-0.000,16.0
1175,2.009,0.001,1.505,-0.000,-0.000,-0.000,16.0
1176,2.009,0.001,1.505,-0.000,-0.000,-0.000,16.0
1177,2.009,0.001,1.505,-0.000,-0.000,-0.000,16.0
1178,2.009,0.001,1.505,-0.000,-0.000,-0.000,16.0
1179,2.009,0.001,1.505,-0.000,-0.000,-0.000,16.0
1180,2.009,0.001,1.505,-0.000,-0.000,-0.000,16.0
1181,2.009,0.001,1.505,-0.000,-0.000,-0.000,16.0
1182,2.009,0.001,1.505,-0.000,-0.000,-0.000,16.0
1183,2.009,0.001,1.505,-0.000,-0.000,-0.000,16.0
1184,2.009,0.001,1.505,-0.000,-0.000,-0.000,16.0
1185,2.009,0.001,1.505,-0.000,-0.000,-0.000,16.0
1186,2.009,0.001,1.505,-0.000,-0.000,-0.000,16.0
1187,2.009,0.001,1.505,-0.000,-0.000,-0.000,16.0
1188,2.009,0.001,1.505,-0.000,-0.000,-0.000,16.0
1189,2.009,0.001,1.505,-0.000,0.000,-0.000,16.0
1190,2.009,0.001,1.505,-0.000,0.000,-0.000,16.0
1191,2.009,0.001,1.505,-0.000,0.000,-0.000,16.0
1192,2.009,0.001,1.505,-0.000,0.000,-0.000,16.0
1193,2.009,0.001,1.505,-0.000,0.000,-0.000,16.0
1194,2.009,0.001,1.505,-0.000,0.000,-0.000,16.0
1195,2.009,0.001,1.505,-0.000,0.000,-0.000,16.0
1196,2.009,0.001,1.505,-0.000,0.000,-0.000,16.0
1197,2.009,0.001,1.505,-0.000,0.000,-0.000,16.0
1198,2.009,0.001,1.505,-0.000,0.000,-0.000,16.0
1199,2.009,0.001,1.505,-0.000,0.000,-0.000,16.0
1200,2.009,0.001,1.505,-0.000,0.000,-0.000,16.0
