1,-1.100,-1.000,0.000,0.000,0.000,0.000,1
2,-1.100,-1.000,0.153,0.000,0.000,0.000,1
3,-1.100,-1.000,0.473,0.000,0.000,0.000,1
4,-1.100,-1.000,0.808,0.000,0.000,0.000,1
5,-1.100,-1.000,1.088,0.000,0.000,0.000,1
6,-1.100,-1.000,1.290,0.000,0.000,0.000,1
7,-1.100,-1.000,1.420,0.000,0.000,0.000,1
8,-1.100,-1.000,1.493,0.000,0.000,0.000,1
9,-1.100,-1.000,1.522,0.000,0.000,0.000,1
10,-1.100,-1.000,1.534,0.000,0.000,0.000,1
11,-1.100,-1.000,1.533,0.000,0.000,0.000,1
12,-1.100,-1.000,1.527,0.000,0.000,0.000,1
13,-1.100,-1.000,1.519,0.000,0.000,0.000,1
14,-1.100,-1.000,1.512,0.000,0.000,0.000,1
15,-1.100,-1.000,1.506,0.000,0.000,0.000,1
16,-1.100,-1.000,1.506,0.000,0.000,0.000,1
17,-1.100,-1.000,1.507,0.000,0.000,0.000,1
18,-1.100,-1.000,1.507,0.000,0.000,0.000,1
19,-1.100,-1.000,1.508,0.000,0.000,0.000,1
20,-1.100,-1.000,1.508,0.000,0.000,0.000,1
21,-1.100,-1.000,1.509,0.000,0.000,0.000,1
22,-1.100,-1.000,1.509,0.000,0.000,0.000,1
23,-1.100,-1.000,1.509,0.000,0.000,0.000,1
24,-1.100,-1.000,1.509,0.000,0.000,0.000,1
25,-1.100,-1.000,1.510,0.000,0.000,0.000,1
26,-1.100,-1.000,1.510,0.000,0.000,0.000,1
27,-1.100,-1.000,1.510,0.000,0.000,0.000,1
28,-1.100,-1.000,1.510,0.000,0.000,0.000,1
29,-1.100,-1.000,1.504,0.000,0.000,0.000,1
30,-1.100,-1.000,1.503,0.000,0.008,-0.011,22.0
31,-1.100,-1.000,1.502,0.000,0.015,-0.019,22.0
32,-1.100,-1.000,1.501,0.000,0.018,-0.022,22.0
33,-1.100,-1.000,1.500,0.000,0.017,-0.020,22.0
34,-1.100,-0.999,1.499,0.000,0.015,-0.016,22.0
35,-1.099,-0.999,1.498,0.000,0.011,-0.012,22.0
36,-1.099,-0.999,1.498,0.000,0.006,-0.007,22.0
37,-1.099,-0.998,1.497,0.000,0.000,-0.002,22.0
38,-1.098,-0.998,1.497,0.000,-0.003,0.001,22.0
39,-1.098,-0.998,1.496,0.000,-0.004,0.002,22.0
40,-1.098,-0.997,1.496,0.000,-0.001,-0.000,22.0
41,-1.097,-0.997,1.495,0.000,0.004,-0.004,22.0
42,-1.097,-0.997,1.495,0.000,0.009,-0.008,22.0
43,-1.097,-0.996,1.495,0.000,0.012,-0.012,22.0
44,-1.096,-0.996,1.495,0.000,0.011,-0.012,22.0
45,-1.096,-0.995,1.494,0.000,0.006,-0.009,22.0
46,-1.096,-0.995,1.494,0.000,0.001,-0.004,22.0
47,-1.095,-0.994,1.494,0.000,-0.002,-0.001,22.0
48,-1.095,-0.994,1.494,0.000,-0.002,0.000,22.0
49,-1.094,-0.993,1.494,0.000,0.001,-0.001,22.0
50,-1.094,-0.992,1.494,0.000,0.006,-0.004,22.0
51,-1.093,-0.992,1.494,0.000,0.009,-0.008,22.0
52,-1.093,-0.991,1.494,0.000,0.009,-0.009,22.0
53,-1.092,-0.991,1.494,0.000,0.006,-0.007,22.0
54,-1.092,-0.990,1.494,0.000,0.002,-0.004,22.0
55,-1.091,-0.989,1.494,0.000,-0.001,-0.001,22.0
56,-1.091,-0.989,1.494,0.000,-0.001,-0.001,22.0
57,-1.090,-0.988,1.494,0.000,0.002,-0.002,22.0
58,-1.090,-0.987,1.494,0.000,0.006,-0.004,22.0
59,-1.089,-0.987,1.494,0.000,0.009,-0.007,22.0
60,-1.088,-0.986,1.494,0.000,0.009,-0.008,22.0
61,-1.088,-0.985,1.494,0.000,0.005,-0.006,22.0
62,-1.087,-0.984,1.495,0.000,0.001,-0.003,22.0
63,-1.086,-0.983,1.495,0.000,-0.002,-0.001,22.0
64,-1.086,-0.983,1.495,0.000,-0.001,-0.000,22.0
65,-1.085,-0.982,1.495,0.000,0.002,-0.002,22.0
66,-1.084,-0.981,1.495,0.000,0.006,-0.004,22.0
67,-1.084,-0.980,1.496,0.000,0.010,-0.007,22.0
68,-1.083,-0.979,1.496,0.000,0.132,-0.109,22.0
69,-1.082,-0.978,1.497,0.000,0.210,-0.173,22.0
70,-1.080,-0.976,1.497,0.000,0.204,-0.166,22.0
71,-1.077,-0.974,1.497,0.000,0.129,-0.100,22.0
72,-1.074,-0.971,1.497,0.000,-0.080,-0.122,22.0
73,-1.072,-0.968,1.497,0.000,-0.256,-0.102,22.0
74,-1.070,-0.965,1.497,0.000,-0.346,-0.034,22.0
75,-1.069,-0.961,1.497,0.000,-0.286,0.189,22.0
76,-1.069,-0.958,1.497,0.000,-0.322,0.353,26.0
77,-1.070,-0.956,1.497,0.000,-0.294,0.385,26.0
78,-1.073,-0.955,1.497,0.000,-0.205,0.307,26.0
79,-1.076,-0.956,1.497,0.000,-0.093,0.169,26.0
80,-1.079,-0.957,1.497,0.000,0.165,0.000,26.0
81,-1.082,-0.958,1.497,0.000,0.170,-0.093,26.0
82,-1.084,-0.959,1.497,0.000,0.093,-0.123,26.0
83,-1.086,-0.959,1.497,0.000,0.002,-0.101,26.0
84,-1.088,-0.959,1.497,0.000,-0.071,-0.050,26.0
85,-1.090,-0.959,1.497,0.000,-0.106,0.005,26.0
86,-1.093,-0.959,1.497,0.000,-0.101,0.046,26.0
87,-1.096,-0.959,1.497,0.000,-0.067,0.064,26.0
88,-1.099,-0.960,1.497,0.000,-0.023,0.058,26.0
89,-1.102,-0.960,1.497,0.000,0.017,0.037,26.0
90,-1.105,-0.961,1.497,0.000,0.042,0.012,26.0
91,-1.109,-0.961,1.497,0.000,0.049,-0.010,26.0
92,-1.111,-0.962,1.497,0.000,0.041,-0.023,26.0
93,-1.114,-0.963,1.497,0.000,0.026,-0.025,26.0
94,-1.117,-0.963,1.497,0.000,0.009,-0.019,26.0
95,-1.120,-0.964,1.497,0.000,-0.003,-0.009,26.0
96,-1.122,-0.964,1.497,0.000,-0.008,0.001,26.0
97,-1.125,-0.964,1.497,0.000,-0.006,0.007,26.0
98,-1.128,-0.965,1.497,0.000,0.001,0.009,26.0
99,-1.130,-0.965,1.497,0.000,0.008,0.007,26.0
100,-1.133,-0.966,1.497,0.000,0.014,0.003,26.0
101,-1.136,-0.966,1.497,0.000,0.018,-0.001,26.0
102,-1.138,-0.967,1.497,0.000,0.018,-0.004,26.0
103,-1.141,-0.967,1.497,0.000,0.016,-0.006,26.0
104,-1.143,-0.967,1.497,0.000,0.013,-0.006,26.0
105,-1.146,-0.968,1.497,0.000,0.010,-0.004,26.0
106,-1.148,-0.968,1.497,0.000,0.008,-0.003,26.0
107,-1.151,-0.969,1.497,0.000,0.007,-0.001,26.0
108,-1.153,-0.969,1.497,0.000,0.008,-0.000,26.0
109,-1.155,-0.969,1.497,0.000,0.009,0.000,26.0
110,-1.158,-0.970,1.497,0.000,0.010,-0.000,26.0
111,-1.160,-0.970,1.497,0.000,0.011,-0.001,26.0
112,-1.162,-0.971,1.497,0.000,0.011,-0.002,26.0
113,-1.165,-0.971,1.497,0.000,0.011,-0.002,26.0
114,-1.167,-0.971,1.497,0.000,0.010,-0.002,26.0
115,-1.169,-0.972,1.497,0.000,0.010,-0.002,26.0
116,-1.171,-0.972,1.497,0.000,0.009,-0.002,26.0
117,-1.173,-0.973,1.497,0.000,0.009,-0.002,26.0
118,-1.175,-0.973,1.497,0.000,0.008,-0.001,26.0
119,-1.177,-0.973,1.497,0.000,0.008,-0.001,26.0
120,-1.179,-0.974,1.497,0.000,0.009,-0.001,26.0
121,-1.181,-0.974,1.497,0.000,0.009,-0.001,26.0
122,-1.183,-0.974,1.497,0.000,0.009,-0.001,26.0
123,-1.185,-0.975,1.497,0.000,0.009,-0.001,26.0
124,-1.187,-0.975,1.497,0.000,0.009,-0.002,26.0
125,-1.189,-0.975,1.497,0.000,0.008,-0.002,26.0
126,-1.191,-0.976,1.497,0.000,0.008,-0.002,26.0
127,-1.193,-0.976,1.497,0.000,0.008,-0.001,26.0
128,-1.195,-0.976,1.497,0.000,0.008,-0.001,26.0
129,-1.197,-0.977,1.497,0.000,0.008,-0.001,26.0
130,-1.198,-0.977,1.497,0.000,0.008,-0.001,26.0
131,-1.200,-0.977,1.497,0.000,0.008,-0.001,26.0
132,-1.202,-0.977,1.497,0.000,0.008,-0.001,26.0
133,-1.204,-0.978,1.497,0.000,0.007,-0.001,26.0
134,-1.205,-0.978,1.497,0.000,0.007,-0.001,26.0
135,-1.207,-0.978,1.497,0.000,0.007,-0.001,26.0
136,-1.209,-0.979,1.497,0.000,0.007,-0.001,26.0
137,-1.210,-0.979,1.497,0.000,0.007,-0.001,26.0
138,-1.212,-0.979,1.497,0.000,0.007,-0.001,26.0
139,-1.214,-0.979,1.497,0.000,0.007,-0.001,26.0
140,-1.215,-0.980,1.497,0.000,0.007,-0.001,26.0
141,-1.217,-0.980,1.497,0.000,0.007,-0.001,26.0
142,-1.218,-0.980,1.497,0.000,0.007,-0.001,26.0
143,-1.220,-0.980,1.497,0.000,0.007,-0.001,26.0
144,-1.221,-0.981,1.497,0.000,0.006,-0.001,26.0
145,-1.223,-0.981,1.497,0.000,0.006,-0.001,26.0
146,-1.224,-0.981,1.497,0.000,0.006,-0.001,26.0
147,-1.225,-0.981,1.497,0.000,0.006,-0.001,26.0
148,-1.227,-0.982,1.497,0.000,0.006,-0.001,26.0
149,-1.228,-0.982,1.497,0.000,0.006,-0.001,26.0
150,-1.230,-0.982,1.497,0.000,0.006,-0.001,26.0
151,-1.231,-0.982,1.497,0.000,0.006,-0.001,26.0
152,-1.232,-0.983,1.497,0.000,0.006,-0.001,26.0
153,-1.234,-0.983,1.497,0.000,0.006,-0.001,26.0
154,-1.235,-0.983,1.497,0.000,0.006,-0.001,26.0
155,-1.236,-0.983,1.497,0.000,0.006,-0.001,26.0
156,-1.238,-0.984,1.497,0.000,0.005,-0.001,26.0
157,-1.239,-0.984,1.497,0.000,0.005,-0.001,26.0
158,-1.240,-0.984,1.497,0.000,0.005,-0.001,26.0
159,-1.241,-0.984,1.497,0.000,0.005,-0.001,26.0
160,-1.242,-0.984,1.497,0.000,0.005,-0.001,26.0
161,-1.244,-0.985,1.497,0.000,0.005,-0.001,26.0
162,-1.245,-0.985,1.497,0.000,0.005,-0.001,26.0
163,-1.246,-0.985,1.497,0.000,0.005,-0.001,26.0
164,-1.247,-0.985,1.497,0.000,0.005,-0.001,26.0
165,-1.248,-0.985,1.497,0.000,0.005,-0.001,26.0
166,-1.249,-0.986,1.497,0.000,0.005,-0.001,26.0
167,-1.250,-0.986,1.497,0.000,0.005,-0.001,26.0
168,-1.252,-0.986,1.497,0.000,0.005,-0.001,26.0
169,-1.253,-0.986,1.497,0.000,0.005,-0.001,26.0
170,-1.254,-0.986,1.497,0.000,0.005,-0.001,26.0
171,-1.255,-0.987,1.497,0.000,0.004,-0.001,26.0
172,-1.256,-0.987,1.497,0.000,0.004,-0.001,26.0
173,-1.257,-0.987,1.497,0.000,0.004,-0.001,26.0
174,-1.258,-0.987,1.497,0.000,0.004,-0.001,26.0
175,-1.259,-0.987,1.497,0.000,0.004,-0.001,26.0
176,-1.260,-0.987,1.497,0.000,0.004,-0.001,26.0
177,-1.261,-0.988,1.497,0.000,0.004,-0.001,26.0
178,-1.262,-0.988,1.497,0.000,0.004,-0.001,26.0
179,-1.263,-0.988,1.497,0.000,0.004,-0.001,26.0
180,-1.264,-0.988,1.497,0.000,0.004,-0.001,26.0
181,-1.264,-0.988,1.497,0.000,0.004,-0.001,26.0
182,-1.265,-0.988,1.497,0.000,0.004,-0.001,26.0
183,-1.266,-0.988,1.497,0.000,0.004,-0.001,26.0
184,-1.267,-0.989,1.497,0.000,0.004,-0.001,26.0
185,-1.268,-0.989,1.497,0.000,0.004,-0.001,26.0
186,-1.269,-0.989,1.497,0.000,0.004,-0.001,26.0
187,-1.270,-0.989,1.497,0.000,0.004,-0.001,26.0
188,-1.271,-0.989,1.497,0.000,0.004,-0.001,26.0
189,-1.271,-0.989,1.497,0.000,0.004,-0.001,26.0
190,-1.272,-0.989,1.497,0.000,0.003,-0.001,26.0
191,-1.273,-0.990,1.497,0.000,0.003,-0.001,26.0
192,-1.274,-0.990,1.497,0.000,0.003,-0.001,26.0
193,-1.275,-0.990,1.497,0.000,0.003,-0.001,26.0
194,-1.275,-0.990,1.497,0.000,0.003,-0.001,26.0
195,-1.276,-0.990,1.497,0.000,0.003,-0.001,26.0
196,-1.277,-0.990,1.497,0.000,0.003,-0.001,26.0
197,-1.278,-0.990,1.497,0.000,0.003,-0.001,26.0
198,-1.278,-0.991,1.497,0.000,0.003,-0.001,26.0
199,-1.279,-0.991,1.497,0.000,0.003,-0.001,26.0
200,-1.280,-0.991,1.497,0.000,0.003,-0.001,26.0
201,-1.280,-0.991,1.497,0.000,0.003,-0.001,26.0
202,-1.281,-0.991,1.497,0.000,0.003,-0.001,26.0
203,-1.282,-0.991,1.497,0.000,0.003,-0.001,26.0
204,-1.282,-0.991,1.497,0.000,0.003,-0.000,26.0
205,-1.283,-0.991,1.497,0.000,0.003,-0.000,26.0
206,-1.284,-0.991,1.497,0.000,0.003,-0.000,26.0
207,-1.284,-0.992,1.497,0.000,0.003,-0.000,26.0
208,-1.285,-0.992,1.497,0.000,0.003,-0.000,26.0
209,-1.286,-0.992,1.497,0.000,0.003,-0.000,26.0
210,-1.286,-0.992,1.497,0.000,0.003,-0.000,26.0
211,-1.287,-0.992,1.497,0.000,0.003,-0.000,26.0
212,-1.288,-0.992,1.497,0.000,0.003,-0.000,26.0
213,-1.288,-0.992,1.497,0.000,0.003,-0.000,26.0
214,-1.289,-0.992,1.497,0.000,0.003,-0.000,26.0
215,-1.289,-0.992,1.497,0.000,0.003,-0.000,26.0
216,-1.290,-0.993,1.497,0.000,0.002,-0.000,26.0
217,-1.290,-0.993,1.497,0.000,0.002,-0.000,26.0
218,-1.291,-0.993,1.497,0.000,0.002,-0.000,26.0
219,-1.292,-0.993,1.497,0.000,0.002,-0.000,26.0
220,-1.292,-0.993,1.497,0.000,0.002,-0.000,26.0
221,-1.293,-0.993,1.497,0.000,0.002,-0.000,26.0
222,-1.293,-0.993,1.497,0.000,0.002,-0.000,26.0
223,-1.294,-0.993,1.497,0.000,0.002,-0.000,26.0
224,-1.294,-0.993,1.497,0.000,0.002,-0.000,26.0
225,-1.295,-0.993,1.497,0.000,0.002,-0.000,26.0
226,-1.295,-0.993,1.497,0.000,0.002,-0.000,26.0
227,-1.296,-0.994,1.497,0.000,0.002,-0.000,26.0
228,-1.296,-0.994,1.497,0.000,0.002,-0.000,26.0
229,-1.297,-0.994,1.497,0.000,0.002,-0.000,26.0
230,-1.297,-0.994,1.497,0.000,0.002,-0.000,26.0
231,-1.298,-0.994,1.497,0.000,0.002,-0.000,26.0
232,-1.298,-0.994,1.497,0.000,0.002,-0.000,26.0
233,-1.299,-0.994,1.497,0.000,0.002,-0.000,26.0
234,-1.299,-0.994,1.497,0.000,0.002,-0.000,26.0
235,-1.300,-0.994,1.497,0.000,0.002,-0.000,26.0
236,-1.300,-0.994,1.497,0.000,0.002,-0.000,26.0
237,-1.300,-0.994,1.497,0.000,0.002,-0.000,26.0
238,-1.301,-0.994,1.497,0.000,0.002,-0.000,26.0
239,-1.301,-0.994,1.497,0.000,0.002,-0.000,26.0
240,-1.302,-0.995,1.497,0.000,0.002,-0.000,26.0
241,-1.302,-0.995,1.497,0.000,0.002,-0.000,26.0
242,-1.302,-0.995,1.497,0.000,0.002,-0.000,26.0
243,-1.303,-0.995,1.497,0.000,0.002,-0.000,26.0
244,-1.303,-0.995,1.497,0.000,0.002,-0.000,26.0
245,-1.304,-0.995,1.497,0.000,0.002,-0.000,26.0
246,-1.304,-0.995,1.497,0.000,0.002,-0.000,26.0
247,-1.304,-0.995,1.497,0.000,0.002,-0.000,26.0
248,-1.305,-0.995,1.497,0.000,0.002,-0.000,26.0
249,-1.305,-0.995,1.497,0.000,0.002,-0.000,26.0
250,-1.306,-0.995,1.497,0.000,0.002,-0.000,26.0
251,-1.306,-0.995,1.497,0.000,0.002,-0.000,26.0
252,-1.306,-0.995,1.497,0.000,0.002,-0.000,26.0
253,-1.307,-0.995,1.497,0.000,0.002,-0.000,26.0
254,-1.307,-0.995,1.497,0.000,0.002,-0.000,26.0
255,-1.307,-0.996,1.497,0.000,0.001,-0.000,26.0
256,-1.308,-0.996,1.497,0.000,0.001,-0.000,26.0
257,-1.308,-0.996,1.497,0.000,0.001,-0.000,26.0
258,-1.308,-0.996,1.497,0.000,0.001,-0.000,26.0
259,-1.309,-0.996,1.497,0.000,0.001,-0.000,26.0
260,-1.309,-0.996,1.497,0.000,0.001,-0.000,26.0
261,-1.309,-0.996,1.497,0.000,0.001,-0.000,26.0
262,-1.310,-0.996,1.497,0.000,0.001,-0.000,26.0
263,-1.310,-0.996,1.497,0.000,0.001,-0.000,26.0
264,-1.310,-0.996,1.497,0.000,0.001,-0.000,26.0
265,-1.311,-0.996,1.497,0.000,0.001,-0.000,26.0
266,-1.311,-0.996,1.497,0.000,0.001,-0.000,26.0
267,-1.311,-0.996,1.497,0.000,0.001,-0.000,26.0
268,-1.311,-0.996,1.497,0.000,0.001,-0.000,26.0
269,-1.312,-0.996,1.497,0.000,0.001,-0.000,26.0
270,-1.312,-0.996,1.497,0.000,0.001,-0.000,26.0
271,-1.312,-0.996,1.497,0.000,0.001,-0.000,26.0
272,-1.313,-0.996,1.497,0.000,0.001,-0.000,26.0
273,-1.313,-0.996,1.497,0.000,0.001,-0.000,26.0
274,-1.313,-0.997,1.497,0.000,0.001,-0.000,26.0
275,-1.313,-0.997,1.497,0.000,0.001,-0.000,26.0
276,-1.314,-0.997,1.497,0.000,0.001,-0.000,26.0
277,-1.314,-0.997,1.497,0.000,0.001,-0.000,26.0
278,-1.314,-0.997,1.497,0.000,0.001,-0.000,26.0
279,-1.314,-0.997,1.497,0.000,0.001,-0.000,26.0
280,-1.315,-0.997,1.497,0.000,0.001,-0.000,26.0
281,-1.315,-0.997,1.497,0.000,0.001,-0.000,26.0
282,-1.315,-0.997,1.497,0.000,0.001,-0.000,26.0
283,-1.315,-0.997,1.497,0.000,0.001,-0.000,26.0
284,-1.316,-0.997,1.497,0.000,0.001,-0.000,26.0
285,-1.316,-0.997,1.497,0.000,0.001,-0.000,26.0
286,-1.316,-0.997,1.497,0.000,0.001,-0.000,26.0
287,-1.316,-0.997,1.497,0.000,0.001,-0.000,26.0
288,-1.317,-0.997,1.497,0.000,0.001,-0.000,26.0
289,-1.317,-0.997,1.497,0.000,0.001,-0.000,26.0
290,-1.317,-0.997,1.497,0.000,0.001,-0.000,26.0
291,-1.317,-0.997,1.497,0.000,0.001,-0.000,26.0
292,-1.317,-0.997,1.497,0.000,0.001,-0.000,26.0
293,-1.318,-0.997,1.497,0.000,0.001,-0.000,26.0
294,-1.318,-0.997,1.497,0.000,0.001,-0.000,26.0
295,-1.318,-0.997,1.497,0.000,0.001,-0.000,26.0
296,-1.318,-0.997,1.497,0.000,0.001,-0.000,26.0
297,-1.318,-0.997,1.497,0.000,0.001,-0.000,26.0
298,-1.319,-0.997,1.497,0.000,0.001,-0.000,26.0
299,-1.319,-0.998,1.497,0.000,0.001,-0.000,26.0
300,-1.319,-0.998,1.497,0.000,0.001,-0.000,26.0
301,-1.319,-0.998,1.497,0.000,0.001,-0.000,26.0
302,-1.319,-0.998,1.497,0.000,0.001,-0.000,26.0
303,-1.320,-0.998,1.497,0.000,0.001,-0.000,26.0
304,-1.320,-0.998,1.497,0.000,0.001,-0.000,26.0
305,-1.320,-0.998,1.497,0.000,0.001,-0.000,26.0
306,-1.320,-0.998,1.497,0.000,0.001,-0.000,26.0
307,-1.320,-0.998,1.497,0.000,0.001,-0.000,26.0
308,-1.320,-0.998,1.497,0.000,0.001,-0.000,26.0
309,-1.321,-0.998,1.497,0.000,0.001,-0.000,26.0
310,-1.321,-0.998,1.497,0.000,0.001,-0.000,26.0
311,-1.321,-0.998,1.497,0.000,0.001,-0.000,26.0
312,-1.321,-0.998,1.497,0.000,0.001,-0.000,26.0
313,-1.321,-0.998,1.497,0.000,0.001,-0.000,26.0
314,-1.321,-0.998,1.497,0.000,0.001,-0.000,26.0
315,-1.322,-0.998,1.497,0.000,0.001,-0.000,26.0
316,-1.322,-0.998,1.497,0.000,0.001,-0.000,26.0
317,-1.322,-0.998,1.497,0.000,0.001,-0.000,26.0
318,-1.322,-0.998,1.497,0.000,0.001,-0.000,26.0
319,-1.322,-0.998,1.497,0.000,0.001,-0.000,26.0
320,-1.322,-0.998,1.497,0.000,0.001,-0.000,26.0
321,-1.322,-0.998,1.497,0.000,0.001,-0.000,26.0
322,-1.323,-0.998,1.497,0.000,0.001,-0.000,26.0
323,-1.323,-0.998,1.497,0.000,0.001,-0.000,26.0
324,-1.323,-0.998,1.497,0.000,0.001,-0.000,26.0
325,-1.323,-0.998,1.497,0.000,0.001,-0.000,26.0
326,-1.323,-0.998,1.497,0.000,0.001,-0.000,26.0
327,-1.323,-0.998,1.497,0.000,0.001,-0.000,26.0
328,-1.323,-0.998,1.497,0.000,0.001,-0.000,26.0
329,-1.324,-0.998,1.497,0.000,0.001,-0.000,26.0
330,-1.324,-0.998,1.497,0.000,0.007,-0.001,26.0
331,-1.324,-0.998,1.497,0.000,0.011,-0.002,26.0
332,-1.324,-0.998,1.497,0.000,0.011,-0.002,26.0
333,-1.324,-0.998,1.497,0.000,0.008,-0.001,26.0
334,-1.324,-0.998,1.497,0.000,0.004,-0.001,26.0
335,-1.324,-0.998,1.497,0.000,0.001,-0.000,26.0
336,-1.324,-0.998,1.497,0.000,-0.002,0.000,26.0
337,-1.324,-0.998,1.497,0.000,-0.003,0.001,26.0
338,-1.324,-0.998,1.497,0.000,-0.003,0.000,26.0
339,-1.324,-0.998,1.497,0.000,-0.001,0.000,26.0
340,-1.324,-0.998,1.497,0.000,0.000,-0.000,26.0
341,-1.324,-0.998,1.497,0.000,0.001,-0.000,26.0
342,-1.324,-0.998,1.497,0.000,0.002,-0.000,26.0
343,-1.324,-0.998,1.497,0.000,0.002,-0.000,26.0
344,-1.324,-0.998,1.497,0.000,0.001,-0.000,26.0
345,-1.324,-0.998,1.497,0.000,0.000,-0.000,26.0
346,-1.324,-0.998,1.497,0.000,-0.000,0.000,26.0
347,-1.324,-0.998,1.497,0.000,-0.001,0.000,26.0
348,-1.324,-0.998,1.497,0.000,-0.001,0.000,26.0
349,-1.324,-0.998,1.497,0.000,-0.000,0.000,26.0
350,-1.324,-0.998,1.497,0.000,-0.000,0.000,26.0
351,-1.324,-0.998,1.497,0.000,0.000,-0.000,26.0
352,-1.324,-0.998,1.497,0.000,0.000,-0.000,26.0
353,-1.324,-0.998,1.497,0.000,0.000,-0.000,26.0
354,-1.324,-0.998,1.497,0.000,0.000,-0.000,26.0
355,-1.324,-0.998,1.497,0.000,0.000,-0.000,26.0
356,-1.324,-0.998,1.497,0.000,0.000,-0.000,26.0
357,-1.324,-0.998,1.497,0.000,-0.000,0.000,26.0
358,-1.324,-0.998,1.497,0.000,-0.000,0.000,26.0
359,-1.324,-0.998,1.497,0.000,-0.000,0.000,26.0
360,-1.324,-0.998,1.497,0.000,-0.000,0.000,26.0
361,-1.324,-0.998,1.497,0.000,-0.000,0.000,26.0
362,-1.324,-0.998,1.497,0.000,0.000,-0.000,26.0
363,-1.324,-0.998,1.497,0.000,0.000,-0.000,26.0
364,-1.324,-0.998,1.497,0.000,0.000,-0.000,26.0
365,-1.324,-0.998,1.497,0.000,0.000,-0.000,26.0
366,-1.324,-0.998,1.497,0.000,0.000,-0.000,26.0
367,-1.324,-0.998,1.497,0.000,-0.000,0.000,26.0
368,-1.324,-0.998,1.497,0.000,-0.000,0.000,26.0
369,-1.324,-0.998,1.497,0.000,-0.000,0.000,26.0
370,-1.324,-0.998,1.497,0.000,-0.000,0.000,26.0
371,-1.324,-0.998,1.497,0.000,-0.000,0.000,26.0
372,-1.324,-0.998,1.497,0.000,-0.000,0.000,26.0
373,-1.324,-0.998,1.497,0.000,0.000,-0.000,26.0
374,-1.324,-0.998,1.497,0.000,0.000,-0.000,26.0
375,-1.324,-0.998,1.497,0.000,0.000,-0.000,26.0
376,-1.324,-0.998,1.497,0.000,0.000,-0.000,26.0
377,-1.324,-0.998,1.497,0.000,0.000,-0.000,26.0
378,-1.324,-0.998,1.497,0.000,-0.000,0.000,26.0
379,-1.324,-0.998,1.497,0.000,-0.000,0.000,26.0
380,-1.324,-0.998,1.497,0.000,-0.000,0.000,26.0
381,-1.324,-0.998,1.497,0.000,-0.000,0.000,26.0
382,-1.324,-0.998,1.497,0.000,-0.000,0.000,26.0
383,-1.324,-0.998,1.497,0.000,0.000,-0.000,26.0
384,-1.324,-0.998,1.497,0.000,0.000,-0.000,26.0
385,-1.324,-0.998,1.497,0.000,0.000,-0.000,26.0
386,-1.324,-0.998,1.497,0.000,0.000,-0.000,26.0
387,-1.324,-0.998,1.497,0.000,0.000,-0.000,26.0
388,-1.324,-0.998,1.497,0.000,0.000,-0.000,26.0
389,-1.324,-0.998,1.497,0.000,-0.000,0.000,26.0
390,-1.324,-0.998,1.497,0.000,-0.000,0.000,26.0
391,-1.324,-0.998,1.497,0.000,-0.000,0.000,26.0
392,-1.324,-0.998,1.497,0.000,-0.000,0.000,26.0
393,-1.324,-0.998,1.497,0.000,-0.000,0.000,26.0
394,-1.324,-0.998,1.497,0.000,0.000,-0.000,26.0
395,-1.324,-0.998,1.497,0.000,0.000,-0.000,26.0
396,-1.324,-0.998,1.497,0.000,0.000,-0.000,26.0
397,-1.324,-0.998,1.497,0.000,0.000,-0.000,26.0
398,-1.324,-0.998,1.497,0.000,0.000,-0.000,26.0
399,-1.324,-0.998,1.497,0.000,-0.000,0.000,26.0
400,-1.324,-0.998,1.497,0.000,-0.000,0.000,26.0
401,-1.324,-0.998,1.497,0.000,-0.000,0.000,26.0
402,-1.324,-0.998,1.497,0.000,-0.000,0.000,26.0
403,-1.324,-0.998,1.497,0.000,-0.000,0.000,26.0
404,-1.324,-0.998,1.497,0.000,-0.000,0.000,26.0
405,-1.324,-0.998,1.497,0.000,0.000,-0.000,26.0
406,-1.324,-0.998,1.497,0.000,0.000,-0.000,26.0
407,-1.324,-0.998,1.497,0.000,0.000,-0.000,26.0
408,-1.324,-0.998,1.497,0.000,0.000,-0.000,26.0
409,-1.324,-0.998,1.497,0.000,0.000,-0.000,26.0
410,-1.324,-0.998,1.497,0.000,-0.000,0.000,26.0
411,-1.324,-0.998,1.497,0.000,-0.000,0.000,26.0
412,-1.324,-0.998,1.497,0.000,-0.000,0.000,26.0
413,-1.324,-0.998,1.497,0.000,-0.000,0.000,26.0
414,-1.324,-0.998,1.497,0.000,-0.000,0.000,26.0
415,-1.324,-0.998,1.497,0.000,0.000,-0.000,26.0
416,-1.324,-0.998,1.497,0.000,0.000,-0.000,26.0
417,-1.324,-0.998,1.497,0.000,0.000,-0.000,26.0
418,-1.324,-0.998,1.497,0.000,0.000,-0.000,26.0
419,-1.324,-0.998,1.497,0.000,0.000,-0.000,26.0
420,-1.324,-0.998,1.497,0.000,0.000,-0.000,26.0
421,-1.324,-0.998,1.497,0.000,-0.000,0.000,26.0
422,-1.324,-0.998,1.497,0.000,-0.000,0.000,26.0
423,-1.324,-0.998,1.497,0.000,-0.000,0.000,26.0
424,-1.324,-0.998,1.497,0.000,-0.000,0.000,26.0
425,-1.324,-0.998,1.497,0.000,-0.000,0.000,26.0
426,-1.324,-0.998,1.497,0.000,0.000,-0.000,26.0
427,-1.324,-0.998,1.497,0.000,0.000,-0.000,26.0
428,-1.324,-0.998,1.497,0.000,0.000,-0.000,26.0
429,-1.324,-0.998,1.497,0.000,0.000,-0.000,26.0
430,-1.324,-0.998,1.497,0.000,0.000,-0.000,26.0
431,-1.324,-0.998,1.497,0.000,0.007,0.001,26.0
432,-1.324,-0.998,1.497,0.000,0.014,0.002,26.0
433,-1.324,-0.998,1.497,0.000,0.018,0.002,26.0
434,-1.324,-0.998,1.497,0.000,0.020,0.001,26.0
435,-1.323,-0.998,1.497,0.000,0.019,0.001,26.0
436,-1.323,-0.998,1.497,0.000,0.017,0.000,26.0
437,-1.323,-0.998,1.497,0.000,0.014,-0.000,26.0
438,-1.323,-0.998,1.497,0.000,0.012,-0.001,26.0
439,-1.322,-0.999,1.497,0.000,0.011,-0.001,26.0
440,-1.322,-0.999,1.497,0.000,0.011,-0.000,26.0
441,-1.321,-0.999,1.497,0.000,0.012,-0.000,26.0
442,-1.321,-0.999,1.497,0.000,0.013,0.000,26.0
443,-1.320,-0.999,1.497,0.000,0.014,0.000,26.0
444,-1.319,-0.999,1.497,0.000,0.014,0.000,26.0
445,-1.319,-0.999,1.497,0.000,0.014,0.000,26.0
446,-1.318,-0.999,1.497,0.000,0.014,0.000,26.0
447,-1.317,-0.999,1.497,0.000,0.013,-0.000,26.0
448,-1.316,-0.999,1.497,0.000,0.013,-0.000,26.0
449,-1.316,-0.999,1.497,0.000,0.012,-0.000,26.0
450,-1.315,-0.999,1.497,0.000,0.012,-0.000,26.0
451,-1.314,-0.999,1.497,0.000,0.012,-0.000,26.0
452,-1.313,-0.999,1.497,0.000,0.012,-0.000,26.0
453,-1.312,-0.999,1.497,0.000,0.012,-0.000,26.0
454,-1.310,-0.999,1.497,0.000,0.012,-0.000,26.0
455,-1.309,-0.999,1.497,0.000,0.012,-0.000,26.0
456,-1.308,-0.999,1.497,0.000,0.012,-0.000,26.0
457,-1.307,-0.999,1.497,0.000,0.011,-0.000,26.0
458,-1.306,-0.999,1.497,0.000,0.011,-0.000,26.0
459,-1.304,-0.999,1.497,0.000,0.011,-0.000,26.0
460,-1.303,-0.999,1.497,0.000,0.011,-0.000,26.0
461,-1.302,-0.999,1.497,0.000,0.011,-0.000,26.0
462,-1.300,-0.999,1.497,0.000,0.010,-0.000,26.0
463,-1.299,-0.999,1.497,0.000,0.010,-0.000,26.0
464,-1.297,-0.999,1.497,0.000,0.010,-0.000,26.0
465,-1.296,-0.999,1.497,0.000,0.010,-0.000,26.0
466,-1.294,-0.999,1.497,0.000,0.010,-0.000,26.0
467,-1.292,-0.999,1.497,0.000,-0.101,-0.000,26.0
468,-1.291,-0.999,1.497,0.000,-0.175,-0.000,26.0
469,-1.290,-0.999,1.497,0.000,-0.188,-0.000,26.0
470,-1.290,-0.999,1.497,0.000,-0.148,-0.000,26.0
471,-1.291,-0.999,1.497,0.000,-0.082,-0.000,26.0
472,-1.292,-0.999,1.497,0.000,-0.015,-0.000,26.0
473,-1.292,-0.999,1.497,0.000,0.034,-0.000,26.0
474,-1.293,-0.999,1.497,0.000,0.056,-0.000,26.0
475,-1.294,-0.999,1.497,0.000,0.052,-0.000,26.0
476,-1.294,-0.999,1.497,0.000,0.032,-0.000,26.0
477,-1.294,-0.999,1.497,0.000,0.006,-0.000,26.0
478,-1.294,-0.999,1.497,0.000,-0.016,-0.000,26.0
479,-1.295,-0.999,1.497,0.000,-0.027,-0.000,26.0
480,-1.295,-0.999,1.497,0.000,-0.028,-0.000,26.0
481,-1.296,-0.999,1.497,0.000,-0.020,-0.000,26.0
482,-1.296,-0.999,1.497,0.000,-0.008,-0.000,26.0
483,-1.297,-0.999,1.497,0.000,0.003,-0.000,26.0
484,-1.297,-0.999,1.497,0.000,0.010,-0.000,26.0
485,-1.298,-0.999,1.497,0.000,0.013,-0.000,26.0
486,-1.298,-0.999,1.497,0.000,0.011,-0.000,26.0
487,-1.299,-0.999,1.497,0.000,0.007,-0.000,26.0
488,-1.299,-0.999,1.497,0.000,0.002,-0.000,26.0
489,-1.299,-0.999,1.497,0.000,-0.002,-0.000,26.0
490,-1.300,-0.999,1.497,0.000,-0.003,-0.000,26.0
491,-1.300,-0.999,1.497,0.000,-0.003,-0.000,26.0
492,-1.301,-0.999,1.497,0.000,-0.001,-0.000,26.0
493,-1.301,-0.999,1.497,0.000,0.001,-0.000,26.0
494,-1.302,-0.999,1.497,0.000,0.003,-0.000,26.0
495,-1.302,-0.999,1.497,0.000,0.004,-0.000,26.0
496,-1.302,-0.999,1.497,0.000,0.004,-0.000,26.0
497,-1.303,-0.999,1.497,0.000,0.003,-0.000,26.0
498,-1.303,-0.999,1.497,0.000,0.002,-0.000,26.0
499,-1.304,-0.999,1.497,0.000,0.002,-0.000,26.0
500,-1.304,-0.999,1.497,0.000,0.001,-0.000,26.0
501,-1.304,-0.999,1.497,0.000,0.001,-0.000,26.0
502,-1.305,-0.999,1.497,0.000,0.001,-0.000,26.0
503,-1.305,-0.999,1.497,0.000,0.001,-0.000,26.0
504,-1.305,-0.999,1.497,0.000,0.002,-0.000,26.0
505,-1.306,-0.999,1.497,0.000,0.002,-0.000,26.0
506,-1.306,-0.999,1.497,0.000,0.002,-0.000,26.0
507,-1.307,-0.999,1.497,0.000,0.002,-0.000,26.0
508,-1.307,-0.999,1.497,0.000,0.002,-0.000,26.0
509,-1.307,-0.999,1.497,0.000,0.002,-0.000,26.0
510,-1.308,-0.999,1.497,0.000,0.001,-0.000,26.0
511,-1.308,-0.999,1.497,0.000,0.001,-0.000,26.0
512,-1.308,-0.999,1.497,0.000,0.001,-0.000,26.0
513,-1.309,-0.999,1.497,0.000,0.001,-0.000,26.0
514,-1.309,-0.999,1.497,0.000,0.001,-0.000,26.0
515,-1.309,-0.999,1.497,0.000,0.001,-0.000,26.0
516,-1.310,-0.999,1.497,0.000,0.001,-0.000,26.0
517,-1.310,-0.999,1.497,0.000,0.001,-0.000,26.0
518,-1.310,-0.999,1.497,0.000,0.001,-0.000,26.0
519,-1.310,-0.999,1.497,0.000,0.001,-0.000,26.0
520,-1.311,-0.999,1.497,0.000,0.001,-0.000,26.0
521,-1.311,-0.999,1.497,0.000,0.001,-0.000,26.0
522,-1.311,-0.999,1.497,0.000,0.001,-0.000,26.0
523,-1.312,-1.000,1.497,0.000,0.001,-0.000,26.0
524,-1.312,-1.000,1.497,0.000,0.001,-0.000,26.0
525,-1.312,-1.000,1.497,0.000,0.001,-0.000,26.0
526,-1.312,-1.000,1.497,0.000,0.001,-0.000,26.0
527,-1.313,-1.000,1.497,0.000,0.001,-0.000,26.0
528,-1.313,-1.000,1.497,0.000,0.001,-0.000,26.0
529,-1.313,-1.000,1.497,0.000,0.001,-0.000,26.0
530,-1.314,-1.000,1.497,0.000,0.001,-0.000,26.0
531,-1.314,-1.000,1.497,0.000,0.001,-0.000,26.0
532,-1.314,-1.000,1.497,0.000,0.001,-0.000,26.0
533,-1.314,-1.000,1.497,0.000,0.001,-0.000,26.0
534,-1.315,-1.000,1.497,0.000,0.001,-0.000,26.0
535,-1.315,-1.000,1.497,0.000,0.001,-0.000,26.0
536,-1.315,-1.000,1.497,0.000,0.001,-0.000,26.0
537,-1.315,-1.000,1.497,0.000,0.001,-0.000,26.0
538,-1.316,-1.000,1.497,0.000,0.001,-0.000,26.0
539,-1.316,-1.000,1.497,0.000,0.001,-0.000,26.0
540,-1.316,-1.000,1.497,0.000,0.001,-0.000,26.0
541,-1.316,-1.000,1.497,0.000,0.001,-0.000,26.0
542,-1.316,-1.000,1.497,0.000,0.001,-0.000,26.0
543,-1.317,-1.000,1.497,0.000,0.001,-0.000,26.0
544,-1.317,-1.000,1.497,0.000,0.001,-0.000,26.0
545,-1.317,-1.000,1.497,0.000,0.001,-0.000,26.0
546,-1.317,-1.000,1.497,0.000,0.001,-0.000,26.0
547,-1.318,-1.000,1.497,0.000,0.001,-0.000,26.0
548,-1.318,-1.000,1.497,0.000,0.001,-0.000,26.0
549,-1.318,-1.000,1.497,0.000,0.001,-0.000,26.0
550,-1.318,-1.000,1.497,0.000,0.001,-0.000,26.0
551,-1.318,-1.000,1.497,0.000,0.001,-0.000,26.0
552,-1.319,-1.000,1.497,0.000,0.001,-0.000,26.0
553,-1.319,-1.000,1.497,0.000,0.001,-0.000,26.0
554,-1.319,-1.000,1.497,0.000,0.001,-0.000,26.0
555,-1.319,-1.000,1.497,0.000,0.001,-0.000,26.0
556,-1.319,-1.000,1.497,0.000,0.001,-0.000,26.0
557,-1.319,-1.000,1.497,0.000,0.001,-0.000,26.0
558,-1.320,-1.000,1.497,0.000,0.001,-0.000,26.0
559,-1.320,-1.000,1.497,0.000,0.001,-0.000,26.0
560,-1.320,-1.000,1.497,0.000,0.001,-0.000,26.0
561,-1.320,-1.000,1.497,0.000,0.001,-0.000,26.0
562,-1.320,-1.000,1.497,0.000,0.001,-0.000,26.0
563,-1.321,-1.000,1.497,0.000,0.001,-0.000,26.0
564,-1.321,-1.000,1.497,0.000,0.001,-0.000,26.0
565,-1.321,-1.000,1.497,0.000,0.001,-0.000,26.0
566,-1.321,-1.000,1.497,0.000,0.001,-0.000,26.0
567,-1.321,-1.000,1.497,0.000,0.001,-0.000,26.0
568,-1.321,-1.000,1.497,0.000,0.001,-0.000,26.0
569,-1.321,-1.000,1.497,0.000,0.001,-0.000,26.0
570,-1.322,-1.000,1.497,0.000,0.001,-0.000,26.0
571,-1.322,-1.000,1.497,0.000,0.001,-0.000,26.0
572,-1.322,-1.000,1.497,0.000,0.001,-0.000,26.0
573,-1.322,-1.000,1.497,0.000,0.001,-0.000,26.0
574,-1.322,-1.000,1.497,0.000,0.001,-0.000,26.0
575,-1.322,-1.000,1.497,0.000,0.001,-0.000,26.0
576,-1.323,-1.000,1.497,0.000,0.001,-0.000,26.0
577,-1.323,-1.000,1.497,0.000,0.001,-0.000,26.0
578,-1.323,-1.000,1.497,0.000,0.001,-0.000,26.0
579,-1.323,-1.000,1.497,0.000,0.001,-0.000,26.0
580,-1.323,-1.000,1.497,0.000,0.001,-0.000,26.0
581,-1.323,-1.000,1.497,0.000,0.001,-0.000,26.0
582,-1.323,-1.000,1.497,0.000,0.001,-0.000,26.0
583,-1.323,-1.000,1.497,0.000,0.007,-0.000,26.0
584,-1.324,-1.000,1.497,0.000,0.011,-0.000,26.0
585,-1.324,-1.000,1.497,0.000,0.011,-0.000,26.0
586,-1.324,-1.000,1.497,0.000,0.008,-0.000,26.0
587,-1.324,-1.000,1.497,0.000,0.004,-0.000,26.0
588,-1.324,-1.000,1.497,0.000,0.001,-0.000,26.0
589,-1.324,-1.000,1.497,0.000,-0.002,0.000,26.0
590,-1.324,-1.000,1.497,0.000,-0.003,0.000,26.0
591,-1.324,-1.000,1.497,0.000,-0.003,0.000,26.0
592,-1.324,-1.000,1.497,0.000,-0.001,0.000,26.0
593,-1.324,-1.000,1.497,0.000,0.000,-0.000,26.0
594,-1.324,-1.000,1.497,0.000,0.001,-0.000,26.0
595,-1.324,-1.000,1.497,0.000,0.002,-0.000,26.0
596,-1.324,-1.000,1.497,0.000,0.002,-0.000,26.0
597,-1.324,-1.000,1.497,0.000,0.001,-0.000,26.0
598,-1.324,-1.000,1.497,0.000,0.000,-0.000,26.0
599,-1.324,-1.000,1.497,0.000,-0.000,0.000,26.0
600,-1.324,-1.000,1.497,0.000,-0.001,0.000,26.0
601,-1.324,-1.000,1.497,0.000,-0.001,0.000,26.0
602,-1.324,-1.000,1.497,0.000,-0.000,0.000,26.0
603,-1.324,-1.000,1.497,0.000,-0.000,0.000,26.0
604,-1.324,-1.000,1.497,0.000,0.000,-0.000,26.0
605,-1.324,-1.000,1.497,0.000,0.000,-0.000,26.0
606,-1.324,-1.000,1.497,0.000,0.000,-0.000,26.0
607,-1.324,-1.000,1.497,0.000,0.000,-0.000,26.0
608,-1.324,-1.000,1.497,0.000,0.000,-0.000,26.0
609,-1.324,-1.000,1.497,0.000,0.000,-0.000,26.0
610,-1.324,-1.000,1.497,0.000,-0.000,0.000,26.0
611,-1.324,-1.000,1.497,0.000,-0.000,0.000,26.0
612,-1.324,-1.000,1.497,0.000,-0.000,0.000,26.0
613,-1.324,-1.000,1.497,0.000,-0.000,0.000,26.0
614,-1.324,-1.000,1.497,0.000,-0.000,0.000,26.0
615,-1.324,-1.000,1.497,0.000,0.000,-0.000,26.0
616,-1.324,-1.000,1.497,0.000,0.000,-0.000,26.0
617,-1.324,-1.000,1.497,0.000,0.000,-0.000,26.0
618,-1.324,-1.000,1.497,0.000,0.000,-0.000,26.0
619,-1.324,-1.000,1.497,0.000,0.000,-0.000,26.0
620,-1.324,-1.000,1.497,0.000,-0.000,0.000,26.0
621,-1.324,-1.000,1.497,0.000,-0.000,0.000,26.0
622,-1.324,-1.000,1.497,0.000,-0.000,0.000,26.0
623,-1.324,-1.000,1.497,0.000,-0.000,0.000,26.0
624,-1.324,-1.000,1.497,0.000,-0.000,0.000,26.0
625,-1.324,-1.000,1.497,0.000,-0.000,0.000,26.0
626,-1.324,-1.000,1.497,0.000,0.000,-0.000,26.0
627,-1.324,-1.000,1.497,0.000,0.000,-0.000,26.0
628,-1.324,-1.000,1.497,0.000,0.000,-0.000,26.0
629,-1.324,-1.000,1.497,0.000,0.000,-0.000,26.0
630,-1.324,-1.000,1.497,0.000,0.000,-0.000,26.0
631,-1.324,-1.000,1.497,0.000,-0.000,0.000,26.0
632,-1.324,-1.000,1.497,0.000,-0.000,0.000,26.0
633,-1.324,-1.000,1.497,0.000,-0.000,0.000,26.0
634,-1.324,-1.000,1.497,0.000,-0.000,0.000,26.0
635,-1.324,-1.000,1.497,0.000,-0.000,0.000,26.0
636,-1.324,-1.000,1.497,0.000,0.000,-0.000,26.0
637,-1.324,-1.000,1.497,0.000,0.000,-0.000,26.0
638,-1.324,-1.000,1.497,0.000,0.000,-0.000,26.0
639,-1.324,-1.000,1.497,0.000,0.000,-0.000,26.0
640,-1.324,-1.000,1.497,0.000,0.000,-0.000,26.0
641,-1.324,-1.000,1.497,0.000,0.000,-0.000,26.0
642,-1.324,-1.000,1.497,0.000,-0.000,0.000,26.0
643,-1.324,-1.000,1.497,0.000,-0.000,0.000,26.0
644,-1.324,-1.000,1.497,0.000,-0.000,0.000,26.0
645,-1.324,-1.000,1.497,0.000,-0.000,0.000,26.0
646,-1.324,-1.000,1.497,0.000,-0.000,0.000,26.0
647,-1.324,-1.000,1.497,0.000,0.000,-0.000,26.0
648,-1.324,-1.000,1.497,0.000,0.000,-0.000,26.0
649,-1.324,-1.000,1.497,0.000,0.000,-0.000,26.0
650,-1.324,-1.000,1.497,0.000,0.000,-0.000,26.0
651,-1.324,-1.000,1.497,0.000,0.000,-0.000,26.0
652,-1.324,-1.000,1.497,0.000,-0.000,0.000,26.0
653,-1.324,-1.000,1.497,0.000,-0.000,0.000,26.0
654,-1.324,-1.000,1.497,0.000,-0.000,0.000,26.0
655,-1.324,-1.000,1.497,0.000,-0.000,0.000,26.0
656,-1.324,-1.000,1.497,0.000,-0.000,0.000,26.0
657,-1.324,-1.000,1.497,0.000,-0.000,0.000,26.0
658,-1.324,-1.000,1.497,0.000,0.000,-0.000,26.0
659,-1.324,-1.000,1.497,0.000,0.000,-0.000,26.0
660,-1.324,-1.000,1.497,0.000,0.000,-0.000,26.0
661,-1.324,-1.000,1.497,0.000,0.000,-0.000,26.0
662,-1.324,-1.000,1.497,0.000,0.000,-0.000,26.0
663,-1.324,-1.000,1.497,0.000,-0.000,0.000,26.0
664,-1.324,-1.000,1.497,0.000,-0.000,0.000,26.0
665,-1.324,-1.000,1.497,0.000,-0.000,0.000,26.0
666,-1.324,-1.000,1.497,0.000,-0.000,0.000,26.0
667,-1.324,-1.000,1.497,0.000,-0.000,0.000,26.0
668,-1.324,-1.000,1.497,0.000,0.000,-0.000,26.0
669,-1.324,-1.000,1.497,0.000,0.000,-0.000,26.0
670,-1.324,-1.000,1.497,0.000,0.000,-0.000,26.0
671,-1.324,-1.000,1.497,0.000,0.000,-0.000,26.0
672,-1.324,-1.000,1.497,0.000,0.000,-0.000,26.0
673,-1.324,-1.000,1.497,0.000,0.000,-0.000,26.0
674,-1.324,-1.000,1.497,0.000,-0.000,0.000,26.0
675,-1.324,-1.000,1.497,0.000,-0.000,0.000,26.0
676,-1.324,-1.000,1.497,0.000,-0.000,0.000,26.0
677,-1.324,-1.000,1.497,0.000,-0.000,0.000,26.0
678,-1.324,-1.000,1.497,0.000,-0.000,0.000,26.0
679,-1.324,-1.000,1.497,0.000,0.000,-0.000,26.0
680,-1.324,-1.000,1.497,0.000,0.000,-0.000,26.0
681,-1.324,-1.000,1.497,0.000,0.000,-0.000,26.0
682,-1.324,-1.000,1.497,0.000,0.000,-0.000,26.0
683,-1.324,-1.000,1.497,0.000,0.000,-0.000,26.0
684,-1.324,-1.000,1.497,0.000,-0.000,0.000,26.0
685,-1.324,-1.000,1.497,0.000,-0.000,0.000,26.0
686,-1.324,-1.000,1.497,0.000,-0.000,0.000,26.0
687,-1.324,-1.000,1.497,0.000,-0.000,0.000,26.0
688,-1.324,-1.000,1.497,0.000,-0.000,0.000,26.0
689,-1.324,-1.000,1.497,0.000,-0.000,0.000,26.0
690,-1.324,-1.000,1.497,0.000,0.000,-0.000,26.0
691,-1.324,-1.000,1.497,0.000,0.000,-0.000,26.0
692,-1.324,-1.000,1.497,0.000,0.000,-0.000,26.0
693,-1.324,-1.000,1.497,0.000,0.000,-0.000,26.0
694,-1.324,-1.000,1.497,0.000,0.000,-0.000,26.0
695,-1.324,-1.000,1.497,0.000,-0.000,0.000,26.0
696,-1.324,-1.000,1.497,0.000,-0.000,0.000,26.0
697,-1.324,-1.000,1.497,0.000,-0.000,0.000,26.0
698,-1.324,-1.000,1.497,0.000,-0.000,0.000,26.0
699,-1.324,-1.000,1.497,0.000,-0.000,0.000,26.0
700,-1.324,-1.000,1.497,0.000,0.000,-0.000,26.0
701,-1.324,-1.000,1.497,0.000,0.000,-0.000,26.0
702,-1.324,-1.000,1.497,0.000,0.000,-0.000,26.0
703,-1.324,-1.000,1.497,0.000,0.000,-0.000,26.0
704,-1.324,-1.000,1.497,0.000,0.000,-0.000,26.0
705,-1.324,-1.000,1.497,0.000,0.000,-0.000,26.0
706,-1.324,-1.000,1.497,0.000,-0.000,0.000,26.0
707,-1.324,-1.000,1.497,0.000,-0.000,0.000,26.0
708,-1.324,-1.000,1.497,0.000,-0.000,0.000,26.0
709,-1.324,-1.000,1.497,0.000,-0.000,0.000,26.0
710,-1.324,-1.000,1.497,0.000,-0.000,0.000,26.0
711,-1.324,-1.000,1.497,0.000,0.000,-0.000,26.0
712,-1.324,-1.000,1.497,0.000,0.000,-0.000,26.0
713,-1.324,-1.000,1.497,0.000,0.000,-0.000,26.0
714,-1.324,-1.000,1.497,0.000,0.000,-0.000,26.0
715,-1.324,-1.000,1.497,0.000,0.000,-0.000,26.0
716,-1.324,-1.000,1.497,0.000,-0.000,0.000,26.0
717,-1.324,-1.000,1.497,0.000,-0.000,0.000,26.0
718,-1.324,-1.000,1.497,0.000,-0.000,0.000,26.0
719,-1.324,-1.000,1.497,0.000,-0.000,0.000,26.0
720,-1.324,-1.000,1.497,0.000,-0.000,0.000,26.0
721,-1.324,-1.000,1.497,0.000,-0.000,0.000,26.0
722,-1.324,-1.000,1.497,0.000,0.000,-0.000,26.0
723,-1.324,-1.000,1.497,0.000,0.000,-0.000,26.0
724,-1.324,-1.000,1.497,0.000,0.000,-0.000,26.0
725,-1.324,-1.000,1.497,0.000,0.000,-0.000,26.0
726,-1.324,-1.000,1.497,0.000,0.000,-0.000,26.0
727,-1.324,-1.000,1.497,0.000,-0.000,-0.000,26.0
728,-1.324,-1.000,1.497,0.000,-0.000,-0.000,26.0
729,-1.324,-1.000,1.497,0.000,-0.000,-0.000,26.0
730,-1.324,-1.000,1.497,0.000,-0.000,-0.000,26.0
731,-1.324,-1.000,1.497,0.000,-0.000,-0.000,26.0
732,-1.324,-1.000,1.497,0.000,0.000,0.000,26.0
733,-1.324,-1.000,1.497,0.000,0.000,0.000,26.0
734,-1.324,-1.000,1.497,0.000,0.000,0.000,26.0
735,-1.324,-1.000,1.497,0.000,0.000,0.000,26.0
736,-1.324,-1.000,1.497,0.000,0.000,0.000,26.0
737,-1.324,-1.000,1.497,0.000,0.000,0.000,26.0
738,-1.324,-1.000,1.497,0.000,-0.000,0.000,26.0
739,-1.324,-1.000,1.497,0.000,-0.000,0.000,26.0
740,-1.324,-1.000,1.497,0.000,-0.000,0.000,26.0
741,-1.324,-1.000,1.497,0.000,-0.000,0.000,26.0
742,-1.324,-1.000,1.497,0.000,-0.000,0.000,26.0
743,-1.324,-1.000,1.497,0.000,0.000,0.000,26.0
744,-1.324,-1.000,1.497,0.000,0.000,0.000,26.0
745,-1.324,-1.000,1.497,0.000,0.000,0.000,26.0
746,-1.324,-1.000,1.497,0.000,0.000,-0.000,26.0
747,-1.324,-1.000,1.497,0.000,0.000,-0.000,26.0
748,-1.324,-1.000,1.497,0.000,0.000,-0.000,26.0
749,-1.324,-1.000,1.497,0.000,0.000,-0.000,26.0
750,-1.324,-1.000,1.497,0.000,0.000,-0.000,26.0
751,-1.324,-1.000,1.497,0.000,0.000,-0.000,26.0
752,-1.324,-1.000,1.497,0.000,0.000,-0.000,26.0
753,-1.324,-1.000,1.497,0.000,-0.000,-0.000,26.0
754,-1.324,-1.000,1.497,0.000,-0.000,-0.000,26.0
755,-1.324,-1.000,1.497,0.000,-0.000,-0.000,26.0
756,-1.324,-1.000,1.497,0.000,-0.000,-0.000,26.0
757,-1.324,-1.000,1.497,0.000,-0.000,-0.000,26.0
758,-1.324,-1.000,1.497,0.000,-0.000,-0.000,26.0
759,-1.324,-1.000,1.497,0.000,-0.000,-0.000,26.0
760,-1.324,-1.000,1.497,0.000,-0.000,-0.000,26.0
761,-1.324,-1.000,1.497,0.000,-0.000,-0.000,26.0
762,-1.324,-1.000,1.497,0.000,-0.000,-0.000,26.0
763,-1.324,-1.000,1.497,0.000,-0.000,0.000,26.0
764,-1.324,-1.000,1.497,0.000,-0.000,0.000,26.0
765,-1.324,-1.000,1.497,0.000,-0.000,0.000,26.0
766,-1.324,-1.000,1.497,0.000,-0.000,0.000,26.0
767,-1.324,-1.000,1.497,0.000,0.000,0.000,26.0
768,-1.324,-1.000,1.497,0.000,0.000,0.000,26.0
769,-1.324,-1.000,1.497,0.000,0.000,0.000,26.0
770,-1.324,-1.000,1.497,0.000,0.000,0.000,26.0
771,-1.324,-1.000,1.497,0.000,0.000,0.000,26.0
772,-1.324,-1.000,1.497,0.000,0.000,0.000,26.0
773,-1.324,-1.000,1.497,0.000,0.000,0.000,26.0
774,-1.324,-1.000,1.497,0.000,0.000,0.000,26.0
775,-1.324,-1.000,1.497,0.000,0.000,0.000,26.0
776,-1.324,-1.000,1.497,0.000,0.000,0.000,26.0
777,-1.324,-1.000,1.497,0.000,0.000,0.000,26.0
778,-1.324,-1.000,1.497,0.000,0.000,0.000,26.0
779,-1.324,-1.000,1.497,0.000,0.000,0.000,26.0
780,-1.324,-1.000,1.497,0.000,0.000,-0.000,26.0
781,-1.324,-1.000,1.497,0.000,0.000,-0.000,26.0
782,-1.324,-1.000,1.497,0.000,-0.000,-0.000,26.0
783,-1.324,-1.000,1.497,0.000,-0.000,-0.000,26.0
784,-1.324,-1.000,1.497,0.000,-0.000,-0.000,26.0
785,-1.324,-1.000,1.497,0.000,-0.000,-0.000,26.0
786,-1.324,-1.000,1.497,0.000,-0.000,-0.000,26.0
787,-1.324,-1.000,1.497,0.000,-0.000,-0.000,26.0
788,-1.324,-1.000,1.497,0.000,-0.000,-0.000,26.0
789,-1.324,-1.000,1.497,0.000,-0.000,-0.000,26.0
790,-1.324,-1.000,1.497,0.000,-0.000,-0.000,26.0
791,-1.324,-1.000,1.497,0.000,-0.000,-0.000,26.0
792,-1.324,-1.000,1.497,0.000,-0.000,-0.000,26.0
793,-1.324,-1.000,1.497,0.000,-0.000,-0.000,26.0
794,-1.324,-1.000,1.497,0.000,-0.000,-0.000,26.0
795,-1.324,-1.000,1.497,0.000,-0.000,-0.000,26.0
796,-1.324,-1.000,1.497,0.000,0.000,-0.000,26.0
797,-1.324,-1.000,1.497,0.000,0.000,0.000,26.0
798,-1.324,-1.000,1.497,0.000,0.000,0.000,26.0
799,-1.324,-1.000,1.497,0.000,0.000,0.000,26.0
800,-1.324,-1.000,1.497,0.000,0.000,0.000,26.0
801,-1.324,-1.000,1.497,0.000,0.000,0.000,26.0
802,-1.324,-1.000,1.497,0.000,0.000,0.000,26.0
803,-1.324,-1.000,1.497,0.000,0.000,0.000,26.0
804,-1.324,-1.000,1.497,0.000,0.000,0.000,26.0
805,-1.324,-1.000,1.497,0.000,0.000,0.000,26.0
806,-1.324,-1.000,1.497,0.000,0.000,0.000,26.0
807,-1.324,-1.000,1.497,0.000,0.000,0.000,26.0
808,-1.324,-1.000,1.497,0.000,0.000,0.000,26.0
809,-1.324,-1.000,1.497,0.000,0.000,0.000,26.0
810,-1.324,-1.000,1.497,0.000,-0.000,0.000,26.0
811,-1.324,-1.000,1.497,0.000,-0.000,0.000,26.0
812,-1.324,-1.000,1.497,0.000,-0.000,0.000,26.0
813,-1.324,-1.000,1.497,0.000,-0.000,0.000,26.0
814,-1.324,-1.000,1.497,0.000,-0.000,-0.000,26.0
815,-1.324,-1.000,1.497,0.000,-0.000,-0.000,26.0
816,-1.324,-1.000,1.497,0.000,-0.000,-0.000,26.0
817,-1.324,-1.000,1.497,0.000,-0.000,-0.000,26.0
818,-1.324,-1.000,1.497,0.000,-0.000,-0.000,26.0
819,-1.324,-1.000,1.497,0.000,-0.000,-0.000,26.0
820,-1.324,-1.000,1.497,0.000,-0.000,-0.000,26.0
821,-1.324,-1.000,1.497,0.000,-0.000,-0.000,26.0
822,-1.324,-1.000,1.497,0.000,-0.000,-0.000,26.0
823,-1.324,-1.000,1.497,0.000,-0.000,-0.000,26.0
824,-1.324,-1.000,1.497,0.000,-0.000,-0.000,26.0
825,-1.324,-1.000,1.497,0.000,0.000,-0.000,26.0
826,-1.324,-1.000,1.497,0.000,0.000,-0.000,26.0
827,-1.324,-1.000,1.497,0.000,0.000,-0.000,26.0
828,-1.324,-1.000,1.497,0.000,0.000,-0.000,26.0
829,-1.324,-1.000,1.497,0.000,0.000,-0.000,26.0
830,-1.324,-1.000,1.497,0.000,0.000,-0.000,26.0
831,-1.324,-1.000,1.497,0.000,0.000,0.000,26.0
832,-1.324,-1.000,1.497,0.000,0.000,0.000,26.0
833,-1.324,-1.000,1.497,0.000,0.000,0.000,26.0
834,-1.324,-1.000,1.497,0.000,0.000,0.000,26.0
835,-1.324,-1.000,1.497,0.000,0.000,0.000,26.0
836,-1.324,-1.000,1.497,0.000,0.000,0.000,26.0
837,-1.324,-1.000,1.497,0.000,0.000,0.000,26.0
838,-1.324,-1.000,1.497,0.000,0.000,0.000,26.0
839,-1.324,-1.000,1.497,0.000,-0.000,0.000,26.0
840,-1.324,-1.000,1.497,0.000,-0.000,0.000,26.0
841,-1.324,-1.000,1.497,0.000,-0.000,0.000,26.0
842,-1.324,-1.000,1.497,0.000,-0.000,0.000,26.0
843,-1.324,-1.000,1.497,0.000,-0.000,0.000,26.0
844,-1.324,-1.000,1.497,0.000,-0.000,0.000,26.0
845,-1.324,-1.000,1.497,0.000,-0.000,0.000,26.0
846,-1.324,-1.000,1.497,0.000,-0.000,0.000,26.0
847,-1.324,-1.000,1.497,0.000,-0.000,0.000,26.0
848,-1.324,-1.000,1.497,0.000,-0.000,-0.000,26.0
849,-1.324,-1.000,1.497,0.000,-0.000,-0.000,26.0
850,-1.324,-1.000,1.497,0.000,-0.000,-0.000,26.0
851,-1.324,-1.000,1.497,0.000,-0.000,-0.000,26.0
852,-1.324,-1.000,1.497,0.000,-0.000,-0.000,26.0
853,-1.324,-1.000,1.497,0.000,-0.000,-0.000,26.0
854,-1.324,-1.000,1.497,0.000,0.000,-0.000,26.0
855,-1.324,-1.000,1.497,0.000,0.000,-0.000,26.0
856,-1.324,-1.000,1.497,0.000,0.000,-0.000,26.0
857,-1.324,-1.000,1.497,0.000,0.000,-0.000,26.0
858,-1.324,-1.000,1.497,0.000,0.000,-0.000,26.0
859,-1.324,-1.000,1.497,0.000,0.000,-0.000,26.0
860,-1.324,-1.000,1.497,0.000,0.000,-0.000,26.0
861,-1.324,-1.000,1.497,0.000,0.000,-0.000,26.0
862,-1.324,-1.000,1.497,0.000,0.000,-0.000,26.0
863,-1.324,-1.000,1.497,0.000,0.000,-0.000,26.0
864,-1.324,-1.000,1.497,0.000,0.000,-0.000,26.0
865,-1.324,-1.000,1.497,0.000,0.000,0.000,26.0
866,-1.324,-1.000,1.497,0.000,0.000,0.000,26.0
867,-1.324,-1.000,1.497,0.000,0.000,0.000,26.0
868,-1.324,-1.000,1.497,0.000,-0.000,0.000,26.0
869,-1.324,-1.000,1.497,0.000,-0.000,0.000,26.0
870,-1.324,-1.000,1.497,0.000,-0.000,0.000,26.0
871,-1.324,-1.000,1.497,0.000,-0.000,0.000,26.0
872,-1.324,-1.000,1.497,0.000,-0.000,0.000,26.0
873,-1.324,-1.000,1.497,0.000,-0.000,0.000,26.0
874,-1.324,-1.000,1.497,0.000,-0.000,0.000,26.0
875,-1.324,-1.000,1.497,0.000,-0.000,0.000,26.0
876,-1.324,-1.000,1.497,0.000,-0.000,0.000,26.0
877,-1.324,-1.000,1.497,0.000,-0.000,0.000,26.0
878,-1.324,-1.000,1.497,0.000,-0.000,0.000,26.0
879,-1.324,-1.000,1.497,0.000,-0.000,0.000,26.0
880,-1.324,-1.000,1.497,0.000,-0.000,0.000,26.0
881,-1.324,-1.000,1.497,0.000,-0.000,0.000,26.0
882,-1.324,-1.000,1.497,0.000,-0.000,0.000,26.0
883,-1.324,-1.000,1.497,0.000,0.000,-0.000,26.0
884,-1.324,-1.000,1.497,0.000,0.000,-0.000,26.0
885,-1.324,-1.000,1.497,0.000,0.000,-0.000,26.0
886,-1.324,-1.000,1.497,0.000,0.000,-0.000,26.0
887,-1.324,-1.000,1.497,0.000,0.000,-0.000,26.0
888,-1.324,-1.000,1.497,0.000,0.000,-0.000,26.0
889,-1.324,-1.000,1.497,0.000,0.000,-0.000,26.0
890,-1.324,-1.000,1.497,0.000,0.000,-0.000,26.0
891,-1.324,-1.000,1.497,0.000,0.000,-0.000,26.0
892,-1.324,-1.000,1.497,0.000,0.000,-0.000,26.0
893,-1.324,-1.000,1.497,0.000,0.000,-0.000,26.0
894,-1.324,-1.000,1.497,0.000,0.000,-0.000,26.0
895,-1.324,-1.000,1.497,0.000,0.000,-0.000,26.0
896,-1.324,-1.000,1.497,0.000,0.000,-0.000,26.0
897,-1.324,-1.000,1.497,0.000,0.000,-0.000,26.0
898,-1.324,-1.000,1.497,0.000,0.000,-0.000,26.0
899,-1.324,-1.000,1.497,0.000,0.000,-0.000,26.0
900,-1.324,-1.000,1.497,0.000,-0.000,0.000,26.0
901,-1.324,-1.000,1.497,0.000,-0.000,0.000,26.0
902,-1.324,-1.000,1.497,0.000,-0.000,0.000,26.0
903,-1.324,-1.000,1.497,0.000,-0.000,0.000,26.0
904,-1.324,-1.000,1.497,0.000,-0.000,0.000,26.0
905,-1.324,-1.000,1.497,0.000,-0.000,0.000,26.0
906,-1.324,-1.000,1.497,0.000,-0.000,0.000,26.0
907,-1.324,-1.000,1.497,0.000,-0.000,0.000,26.0
908,-1.324,-1.000,1.497,0.000,-0.000,0.000,26.0
909,-1.324,-1.000,1.497,0.000,-0.000,0.000,26.0
910,-1.324,-1.000,1.497,0.000,-0.000,0.000,26.0
911,-1.324,-1.000,1.497,0.000,-0.000,0.000,26.0
912,-1.324,-1.000,1.497,0.000,-0.000,0.000,26.0
913,-1.324,-1.000,1.497,0.000,-0.000,0.000,26.0
914,-1.324,-1.000,1.497,0.000,-0.000,0.000,26.0
915,-1.324,-1.000,1.497,0.000,-0.000,0.000,26.0
916,-1.324,-1.000,1.497,0.000,-0.000,0.000,26.0
917,-1.324,-1.000,1.497,0.000,0.000,-0.000,26.0
918,-1.324,-1.000,1.497,0.000,0.000,-0.000,26.0
919,-1.324,-1.000,1.497,0.000,0.000,-0.000,26.0
920,-1.324,-1.000,1.497,0.000,0.000,-0.000,26.0
921,-1.324,-1.000,1.497,0.000,0.000,-0.000,26.0
922,-1.324,-1.000,1.497,0.000,0.000,-0.000,26.0
923,-1.324,-1.000,1.497,0.000,0.000,-0.000,26.0
924,-1.324,-1.000,1.497,0.000,0.000,-0.000,26.0
925,-1.324,-1.000,1.497,0.000,0.000,-0.000,26.0
926,-1.324,-1.000,1.497,0.000,0.000,-0.000,26.0
927,-1.324,-1.000,1.497,0.000,0.000,-0.000,26.0
928,-1.324,-1.000,1.497,0.000,0.000,-0.000,26.0
929,-1.324,-1.000,1.497,0.000,0.000,-0.000,26.0
930,-1.324,-1.000,1.497,0.000,0.000,-0.000,26.0
931,-1.324,-1.000,1.497,0.000,0.000,-0.000,26.0
932,-1.324,-1.000,1.497,0.000,0.000,-0.000,26.0
933,-1.324,-1.000,1.497,0.000,0.000,-0.000,26.0
934,-1.324,-1.000,1.497,0.000,-0.000,0.000,26.0
935,-1.324,-1.000,1.497,0.000,-0.000,0.000,26.0
936,-1.324,-1.000,1.497,0.000,-0.000,0.000,26.0
937,-1.324,-1.000,1.497,0.000,-0.000,0.000,26.0
938,-1.324,-1.000,1.497,0.000,-0.000,0.000,26.0
939,-1.324,-1.000,1.497,0.000,-0.000,0.000,26.0
940,-1.324,-1.000,1.497,0.000,-0.000,0.000,26.0
941,-1.324,-1.000,1.497,0.000,-0.000,0.000,26.0
942,-1.324,-1.000,1.497,0.000,-0.000,0.000,26.0
943,-1.324,-1.000,1.497,0.000,-0.000,0.000,26.0
944,-1.324,-1.000,1.497,0.000,-0.000,0.000,26.0
945,-1.324,-1.000,1.497,0.000,-0.000,0.000,26.0
946,-1.324,-1.000,1.497,0.000,-0.000,0.000,26.0
947,-1.324,-1.000,1.497,0.000,-0.000,0.000,26.0
948,-1.324,-1.000,1.497,0.000,-0.000,0.000,26.0
949,-1.324,-1.000,1.497,0.000,-0.000,0.000,26.0
950,-1.324,-1.000,1.497,0.000,-0.000,0.000,26.0
951,-1.324,-1.000,1.497,0.000,0.000,-0.000,26.0
952,-1.324,-1.000,1.497,0.000,0.000,-0.000,26.0
953,-1.324,-1.000,1.497,0.000,0.000,-0.000,26.0
954,-1.324,-1.000,1.497,0.000,0.000,-0.000,26.0
955,-1.324,-1.000,1.497,0.000,0.000,-0.000,26.0
956,-1.324,-1.000,1.497,0.000,0.000,-0.000,26.0
957,-1.324,-1.000,1.497,0.000,0.000,-0.000,26.0
958,-1.324,-1.000,1.497,0.000,0.000,-0.000,26.0
959,-1.324,-1.000,1.497,0.000,0.000,-0.000,26.0
960,-1.324,-1.000,1.497,0.000,0.000,-0.000,26.0
961,-1.324,-1.000,1.497,0.000,0.000,-0.000,26.0
962,-1.324,-1.000,1.497,0.000,0.000,-0.000,26.0
963,-1.324,-1.000,1.497,0.000,0.000,-0.000,26.0
964,-1.324,-1.000,1.497,0.000,0.000,-0.000,26.0
965,-1.324,-1.000,1.497,0.000,0.000,-0.000,26.0
966,-1.324,-1.000,1.497,0.000,-0.000,-0.000,26.0
967,-1.324,-1.000,1.497,0.000,-0.000,-0.000,26.0
968,-1.324,-1.000,1.497,0.000,-0.000,0.000,26.0
969,-1.324,-1.000,1.497,0.000,-0.000,0.000,26.0
970,-1.324,-1.000,1.497,0.000,-0.000,0.000,26.0
971,-1.324,-1.000,1.497,0.000,-0.000,0.000,26.0
972,-1.324,-1.000,1.497,0.000,-0.000,0.000,26.0
973,-1.324,-1.000,1.497,0.000,-0.000,0.000,26.0
974,-1.324,-1.000,1.497,0.000,-0.000,0.000,26.0
975,-1.324,-1.000,1.497,0.000,-0.000,0.000,26.0
976,-1.324,-1.000,1.497,0.000,-0.000,0.000,26.0
977,-1.324,-1.000,1.497,0.000,-0.000,0.000,26.0
978,-1.324,-1.000,1.497,0.000,-0.000,0.000,26.0
979,-1.324,-1.000,1.497,0.000,-0.000,0.000,26.0
980,-1.324,-1.000,1.497,0.000,0.000,0.000,26.0
981,-1.324,-1.000,1.497,0.000,0.000,0.000,26.0
982,-1.324,-1.000,1.497,0.000,0.000,0.000,26.0
983,-1.324,-1.000,1.497,0.000,0.000,0.000,26.0
984,-1.324,-1.000,1.497,0.000,0.000,0.000,26.0
985,-1.324,-1.000,1.497,0.000,0.000,-0.000,26.0
986,-1.324,-1.000,1.497,0.000,0.000,-0.000,26.0
987,-1.324,-1.000,1.497,0.000,0.000,-0.000,26.0
988,-1.324,-1.000,1.497,0.000,0.000,-0.000,26.0
989,-1.324,-1.000,1.497,0.000,0.000,-0.000,26.0
990,-1.324,-1.000,1.497,0.000,0.000,-0.000,26.0
991,-1.324,-1.000,1.497,0.000,0.000,-0.000,26.0
992,-1.324,-1.000,1.497,0.000,0.000,-0.000,26.0
993,-1.324,-1.000,1.497,0.000,0.000,-0.000,26.0
994,-1.324,-1.000,1.497,0.000,-0.000,-0.000,26.0
995,-1.324,-1.000,1.497,0.000,-0.000,-0.000,26.0
996,-1.324,-1.000,1.497,0.000,-0.000,-0.000,26.0
997,-1.324,-1.000,1.497,0.000,-0.000,-0.000,26.0
998,-1.324,-1.000,1.497,0.000,-0.000,-0.000,26.0
999,-1.324,-1.000,1.497,0.000,-0.000,-0.000,26.0
1000,-1.324,-1.000,1.497,0.000,-0.000,-0.000,26.0
