1,0.000,0.000,0.000,0.000,0.000,0.000,1
2,0.000,0.000,0.153,0.000,0.000,0.000,1
3,0.000,0.000,0.473,0.000,0.000,0.000,1
4,0.000,0.000,0.808,0.000,0.000,0.000,1
5,0.000,0.000,1.088,0.000,0.000,0.000,1
6,0.000,0.000,1.290,0.000,0.000,0.000,1
7,0.000,0.000,1.420,0.000,0.000,0.000,1
8,0.000,0.000,1.493,0.000,0.000,0.000,1
9,0.000,0.000,1.527,0.000,0.000,0.000,1
10,0.000,0.000,1.537,0.000,0.000,0.000,1
11,0.000,0.000,1.534,0.000,0.000,0.000,4.0
12,0.000,0.000,1.527,0.000,0.000,0.000,4.0
13,0.000,0.000,1.518,0.000,0.000,0.000,4.0
14,0.000,0.000,1.511,0.000,0.000,0.000,4.0
15,0.000,-0.000,1.506,-0.000,0.196,0.097,4.0
16,0.001,-0.000,1.506,-0.000,0.325,0.161,4.0
17,0.002,-0.001,1.506,-0.000,0.340,0.167,4.0
18,0.005,-0.003,1.507,-0.000,0.247,0.121,1
19,0.009,-0.004,1.506,-0.000,0.088,0.042,1
20,0.013,-0.006,1.507,-0.000,-0.206,-0.102,1
21,0.016,-0.008,1.507,-0.000,-0.190,-0.286,1
22,0.019,-0.009,1.507,-0.000,-0.086,-0.360,1
23,0.022,-0.008,1.507,-0.000,0.026,-0.317,1
24,0.024,-0.007,1.507,-0.000,0.084,-0.197,1
25,0.027,-0.005,1.507,-0.000,0.077,-0.045,1
26,0.030,-0.002,1.507,-0.000,-0.122,0.148,7.0
27,0.033,-0.000,1.507,-0.000,-0.271,0.257,7.0
28,0.035,0.001,1.507,-0.000,-0.316,0.262,7.0
29,0.036,0.001,1.507,-0.000,-0.267,0.190,7.0
30,0.036,0.001,1.508,-0.000,-0.163,0.083,7.0
31,0.035,0.000,1.508,-0.000,-0.048,-0.017,7.0
32,0.034,-0.001,1.508,-0.000,0.042,-0.082,7.0
33,0.033,-0.001,1.508,-0.000,0.088,-0.102,7.0
34,0.033,-0.001,1.508,-0.000,0.090,-0.084,7.0
35,0.032,-0.001,1.508,-0.000,0.060,-0.044,7.0
36,0.032,-0.000,1.508,0.000,0.017,-0.001,7.0
37,0.033,-0.000,1.508,0.000,-0.022,0.031,7.0
38,0.033,0.000,1.508,0.000,-0.045,0.046,7.0
39,0.032,0.000,1.508,0.000,-0.049,0.043,7.0
40,0.032,0.000,1.508,0.000,-0.038,0.028,7.0
41,0.032,0.000,1.508,0.000,-0.019,0.009,7.0
42,0.031,0.000,1.508,0.000,0.000,-0.007,7.0
43,0.031,-0.000,1.508,0.000,0.014,-0.017,7.0
44,0.030,-0.000,1.508,0.000,0.019,-0.018,7.0
45,0.030,-0.000,1.508,0.000,0.017,-0.014,7.0
46,0.029,-0.000,1.508,0.000,0.011,-0.006,7.0
47,0.029,0.000,1.508,0.000,0.003,0.001,7.0
48,0.029,0.000,1.508,0.000,-0.003,0.006,7.0
49,0.028,0.000,1.508,0.000,-0.007,0.008,7.0
50,0.028,0.000,1.508,0.000,-0.007,0.007,7.0
51,0.028,0.000,1.508,0.000,-0.004,0.004,7.0
52,0.027,0.000,1.508,0.000,-0.001,0.001,7.0
53,0.027,0.000,1.508,0.000,0.002,-0.002,7.0
54,0.027,0.000,1.508,0.000,0.004,-0.003,7.0
55,0.026,0.000,1.508,0.000,0.005,-0.003,7.0
56,0.026,0.000,1.508,0.000,0.004,-0.002,7.0
57,0.026,0.000,1.508,0.000,0.003,-0.001,7.0
58,0.025,0.000,1.508,0.000,0.001,0.001,7.0
59,0.025,0.000,1.508,0.000,0.000,0.001,7.0
60,0.025,0.000,1.508,0.000,-0.000,0.001,7.0
61,0.024,0.000,1.508,0.000,0.000,0.001,7.0
62,0.024,0.000,1.508,0.000,0.001,0.001,7.0
63,0.024,0.000,1.508,0.000,0.001,-0.000,7.0
64,0.023,0.000,1.508,0.000,0.002,-0.000,7.0
65,0.023,0.000,1.508,0.000,0.002,-0.001,7.0
66,0.023,0.000,1.508,0.000,0.002,-0.001,7.0
67,0.022,0.000,1.508,0.000,0.002,-0.000,7.0
68,0.022,0.000,1.508,0.000,0.001,-0.000,7.0
69,0.022,0.000,1.508,0.000,0.001,0.000,7.0
70,0.022,0.000,1.508,0.000,0.001,0.000,7.0
71,0.021,0.000,1.508,0.000,0.001,0.000,7.0
72,0.021,0.000,1.508,0.000,0.001,0.000,7.0
73,0.021,0.000,1.508,0.000,0.001,0.000,7.0
74,0.020,0.000,1.508,0.000,0.001,-0.000,7.0
75,0.020,0.000,1.508,0.000,0.001,-0.000,7.0
76,0.020,0.000,1.508,0.000,0.001,-0.000,7.0
77,0.020,0.000,1.508,0.000,0.001,-0.000,7.0
78,0.019,0.000,1.508,0.000,0.001,-0.000,7.0
79,0.019,0.000,1.508,0.000,0.001,-0.000,7.0
80,0.019,0.000,1.508,0.000,0.013,-0.000,7.0
81,0.019,0.000,1.508,0.000,0.009,0.000,7.0
82,0.019,0.000,1.508,0.000,0.002,0.000,7.0
83,0.018,0.000,1.508,0.000,-0.004,0.000,7.0
84,0.018,0.000,1.508,0.000,-0.005,0.000,1
85,0.018,0.000,1.508,0.000,-0.003,-0.000,1
86,0.018,0.000,1.508,0.000,0.009,-0.000,1
87,0.017,0.000,1.508,0.000,-0.202,-0.000,10.0
88,0.017,0.000,1.508,0.000,-0.343,-0.000,10.0
89,0.015,0.000,1.508,0.000,-0.362,-0.000,10.0
90,0.011,0.000,1.508,0.000,-0.282,-0.000,10.0
91,0.007,0.000,1.509,0.000,-0.152,-0.000,10.0
92,0.003,0.000,1.509,0.000,0.196,0.000,10.0
93,-0.002,0.000,1.509,0.000,0.211,0.000,10.0
94,-0.005,0.000,1.509,0.000,0.121,0.000,10.0
95,-0.008,0.000,1.509,0.000,0.008,0.000,10.0
96,-0.011,0.000,1.509,0.000,-0.083,0.000,10.0
97,-0.015,0.000,1.509,0.000,-0.130,-0.000,10.0
98,-0.018,0.000,1.509,0.000,-0.128,-0.000,10.0
99,-0.023,0.000,1.509,0.000,-0.091,-0.000,10.0
100,-0.027,0.000,1.509,0.000,-0.039,-0.000,10.0
101,-0.032,0.000,1.509,0.000,0.008,-0.000,10.0
102,-0.036,0.000,1.509,0.000,0.038,0.000,10.0
103,-0.041,0.000,1.509,0.000,0.047,0.000,10.0
104,-0.045,0.000,1.509,0.000,0.038,0.000,10.0
105,-0.050,0.000,1.509,0.000,0.019,0.000,10.0
106,-0.054,0.000,1.509,0.000,-0.000,0.000,10.0
107,-0.058,0.000,1.509,0.000,-0.014,0.000,10.0
108,-0.062,0.000,1.509,0.000,-0.020,-0.000,10.0
109,-0.067,0.000,1.509,0.000,-0.017,-0.000,10.0
110,-0.071,0.000,1.509,0.000,-0.010,-0.000,10.0
111,-0.075,0.000,1.509,0.000,-0.001,-0.000,10.0
112,-0.080,0.000,1.509,0.000,0.006,-0.000,10.0
113,-0.084,0.000,1.509,0.000,0.010,0.000,10.0
114,-0.089,0.000,1.509,0.000,0.010,0.000,10.0
115,-0.093,0.000,1.509,0.000,0.008,0.000,10.0
116,-0.098,0.000,1.509,0.000,0.004,0.000,10.0
117,-0.102,0.000,1.509,0.000,0.001,0.000,10.0
118,-0.106,0.000,1.509,0.000,-0.001,-0.000,10.0
119,-0.111,0.000,1.509,0.000,-0.001,-0.000,10.0
120,-0.115,0.000,1.509,0.000,-0.001,-0.000,10.0
121,-0.119,0.000,1.509,0.000,0.001,-0.000,10.0
122,-0.124,0.000,1.509,0.000,0.002,-0.000,10.0
123,-0.128,0.000,1.509,0.000,0.222,-0.000,10.0
124,-0.132,0.000,1.509,0.000,0.147,-0.000,10.0
125,-0.135,0.000,1.509,0.000,0.019,0.000,10.0
126,-0.138,0.000,1.509,0.000,-0.083,0.000,10.0
127,-0.142,0.000,1.509,0.000,-0.134,0.000,10.0
128,-0.146,0.000,1.509,0.000,-0.132,0.000,10.0
129,-0.150,0.000,1.509,0.000,-0.092,0.000,10.0
130,-0.154,0.000,1.509,0.000,-0.035,0.000,10.0
131,-0.159,0.000,1.509,0.000,0.015,-0.000,10.0
132,-0.164,0.000,1.509,0.000,0.046,-0.000,10.0
133,-0.168,0.000,1.509,0.000,0.054,-0.000,10.0
134,-0.173,0.000,1.509,0.000,0.043,-0.000,10.0
135,-0.177,0.000,1.509,0.000,0.022,-0.000,10.0
136,-0.181,0.000,1.509,0.000,-0.000,0.000,10.0
137,-0.186,0.000,1.509,0.000,-0.015,0.000,10.0
138,-0.190,0.000,1.509,0.000,-0.021,0.000,10.0
139,-0.194,0.000,1.509,0.000,-0.018,0.000,10.0
140,-0.199,0.000,1.509,0.000,-0.010,0.000,10.0
141,-0.203,0.000,1.509,0.000,-0.001,-0.000,10.0
142,-0.208,0.000,1.509,0.000,0.007,-0.000,10.0
143,-0.212,0.000,1.509,0.000,0.011,-0.000,10.0
144,-0.216,0.000,1.509,0.000,0.011,-0.000,10.0
145,-0.221,0.000,1.509,0.000,0.008,-0.000,10.0
146,-0.225,0.000,1.509,0.000,0.004,-0.000,10.0
147,-0.230,0.000,1.509,0.000,0.001,-0.000,10.0
148,-0.234,0.000,1.509,0.000,-0.001,0.000,10.0
149,-0.238,0.000,1.509,0.000,-0.002,0.000,10.0
150,-0.243,0.000,1.509,0.000,-0.001,0.000,10.0
151,-0.247,0.000,1.509,0.000,0.001,0.000,10.0
152,-0.252,0.000,1.509,0.000,0.002,-0.000,10.0
153,-0.256,0.000,1.509,0.000,0.003,-0.000,10.0
154,-0.260,0.000,1.509,0.000,0.004,-0.000,10.0
155,-0.265,0.000,1.509,0.000,0.004,-0.000,10.0
156,-0.269,0.000,1.509,0.000,0.003,-0.000,10.0
157,-0.274,0.000,1.509,0.000,0.003,-0.000,10.0
158,-0.278,0.000,1.509,0.000,0.002,-0.000,10.0
159,-0.282,0.000,1.509,0.000,0.002,-0.000,10.0
160,-0.287,0.000,1.509,0.000,0.002,-0.000,10.0
161,-0.291,0.000,1.509,0.000,0.002,-0.000,10.0
162,-0.296,0.000,1.509,0.000,0.002,-0.000,10.0
163,-0.300,0.000,1.509,0.000,0.002,-0.000,10.0
164,-0.304,0.000,1.509,0.000,0.003,-0.000,10.0
165,-0.309,0.000,1.509,0.000,0.003,-0.000,10.0
166,-0.313,0.000,1.509,0.000,0.003,-0.000,10.0
167,-0.318,0.000,1.509,0.000,0.002,-0.000,10.0
168,-0.322,0.000,1.509,0.000,0.002,-0.000,10.0
169,-0.326,0.000,1.509,0.000,0.002,-0.000,10.0
170,-0.331,0.000,1.509,0.000,0.002,-0.000,10.0
171,-0.335,0.000,1.509,0.000,0.002,-0.000,10.0
172,-0.340,0.000,1.509,0.000,0.002,-0.000,10.0
173,-0.344,0.000,1.509,0.000,0.002,-0.000,10.0
174,-0.348,0.000,1.509,0.000,0.002,-0.000,10.0
175,-0.353,0.000,1.509,0.000,0.002,-0.000,10.0
176,-0.357,0.000,1.509,0.000,0.002,-0.000,10.0
177,-0.362,0.000,1.509,0.000,0.002,-0.000,10.0
178,-0.366,0.000,1.509,0.000,0.002,-0.000,10.0
179,-0.370,0.000,1.509,0.000,0.002,-0.000,10.0
180,-0.375,0.000,1.509,0.000,0.002,-0.000,10.0
181,-0.379,0.000,1.509,0.000,0.002,-0.000,10.0
182,-0.384,0.000,1.509,0.000,0.002,-0.000,10.0
183,-0.388,0.000,1.509,0.000,0.002,-0.000,10.0
184,-0.392,0.000,1.509,0.000,0.002,-0.000,10.0
185,-0.397,0.000,1.509,0.000,0.002,-0.000,10.0
186,-0.401,0.000,1.509,0.000,0.002,-0.000,10.0
187,-0.406,0.000,1.509,0.000,0.002,0.000,10.0
188,-0.410,0.000,1.509,0.000,0.007,0.005,10.0
189,-0.414,0.000,1.509,0.000,0.014,0.014,10.0
190,-0.419,-0.000,1.509,0.000,0.020,0.022,10.0
191,-0.423,-0.000,1.509,0.000,0.024,0.028,10.0
192,-0.427,-0.000,1.510,0.000,0.024,0.030,10.0
193,-0.431,-0.001,1.510,0.000,0.021,0.027,10.0
194,-0.436,-0.001,1.510,0.000,0.016,0.022,10.0
195,-0.440,-0.002,1.510,0.000,0.009,0.014,10.0
196,-0.444,-0.002,1.510,0.000,0.002,0.005,10.0
197,-0.448,-0.003,1.504,0.000,-0.004,-0.004,10.0
198,-0.452,-0.003,1.503,0.000,-0.009,-0.012,10.0
199,-0.456,-0.004,1.502,0.000,-0.012,-0.019,10.0
200,-0.460,-0.004,1.501,0.000,-0.014,-0.023,10.0
201,-0.464,-0.005,1.500,0.000,-0.014,-0.025,10.0
202,-0.468,-0.005,1.499,0.000,-0.013,-0.027,10.0
203,-0.472,-0.005,1.498,0.000,-0.012,-0.027,10.0
204,-0.477,-0.005,1.498,0.000,-0.009,-0.023,10.0
205,-0.481,-0.005,1.497,0.000,-0.005,-0.015,10.0
206,-0.485,-0.005,1.497,0.000,-0.001,-0.007,10.0
207,-0.490,-0.005,1.496,0.000,0.003,0.000,10.0
208,-0.494,-0.005,1.496,0.000,0.004,0.004,10.0
209,-0.499,-0.005,1.495,0.000,0.004,0.005,10.0
210,-0.503,-0.005,1.495,0.000,0.003,0.003,10.0
211,-0.507,-0.005,1.494,0.000,0.002,0.001,10.0
212,-0.512,-0.005,1.494,0.000,0.001,-0.002,10.0
213,-0.516,-0.005,1.494,0.000,0.000,-0.004,10.0
214,-0.521,-0.005,1.494,0.000,0.000,-0.004,10.0
215,-0.525,-0.005,1.493,0.000,0.001,-0.003,10.0
216,-0.529,-0.005,1.493,0.000,0.002,-0.002,10.0
217,-0.534,-0.005,1.493,0.000,0.002,-0.000,10.0
218,-0.538,-0.005,1.493,0.000,0.003,0.001,10.0
219,-0.543,-0.005,1.493,0.000,0.003,0.001,10.0
220,-0.547,-0.005,1.492,0.000,0.003,0.001,10.0
221,-0.551,-0.005,1.492,0.000,0.003,0.001,10.0
222,-0.556,-0.005,1.492,0.000,0.002,0.000,10.0
223,-0.560,-0.005,1.492,0.000,0.002,-0.000,10.0
224,-0.565,-0.005,1.492,0.000,0.002,-0.001,10.0
225,-0.569,-0.005,1.492,0.000,0.002,-0.001,10.0
226,-0.573,-0.005,1.492,0.000,0.002,-0.000,10.0
227,-0.578,-0.005,1.492,0.000,0.002,-0.000,10.0
228,-0.582,-0.005,1.492,0.000,0.002,0.000,10.0
229,-0.587,-0.005,1.492,0.000,0.002,0.000,10.0
230,-0.591,-0.005,1.491,0.000,0.002,0.000,10.0
231,-0.595,-0.004,1.491,0.000,0.002,0.000,10.0
232,-0.600,-0.004,1.491,0.000,0.002,0.000,10.0
233,-0.604,-0.004,1.491,0.000,0.002,0.000,10.0
234,-0.609,-0.004,1.491,0.000,0.002,-0.000,10.0
235,-0.613,-0.004,1.491,0.000,0.002,-0.000,10.0
236,-0.617,-0.004,1.491,0.000,0.002,-0.000,10.0
237,-0.622,-0.004,1.491,0.000,0.002,-0.000,10.0
238,-0.626,-0.004,1.491,0.000,0.002,0.000,10.0
239,-0.631,-0.004,1.491,0.000,0.002,0.000,10.0
240,-0.635,-0.004,1.491,0.000,0.002,0.000,10.0
241,-0.639,-0.004,1.491,0.000,0.002,0.000,10.0
242,-0.644,-0.004,1.491,0.000,0.002,0.000,10.0
243,-0.648,-0.004,1.491,0.000,0.002,0.000,10.0
244,-0.653,-0.004,1.491,0.000,0.002,0.000,10.0
245,-0.657,-0.004,1.491,0.000,0.004,0.000,10.0
246,-0.661,-0.004,1.491,0.000,0.008,0.000,10.0
247,-0.666,-0.004,1.491,0.000,0.012,0.000,10.0
248,-0.670,-0.004,1.491,0.000,0.017,0.000,10.0
249,-0.674,-0.004,1.491,0.000,0.019,0.000,10.0
250,-0.679,-0.004,1.491,0.000,0.020,0.000,10.0
251,-0.683,-0.004,1.491,0.000,0.019,0.000,10.0
252,-0.687,-0.003,1.491,0.000,0.018,0.000,10.0
253,-0.691,-0.003,1.491,0.000,0.016,0.000,10.0
254,-0.695,-0.003,1.491,0.000,0.015,0.000,10.0
255,-0.699,-0.003,1.491,0.000,0.015,0.000,10.0
256,-0.703,-0.003,1.491,0.000,0.015,0.000,10.0
257,-0.707,-0.003,1.491,0.000,0.015,0.000,10.0
258,-0.711,-0.003,1.491,0.000,0.016,0.000,10.0
259,-0.714,-0.003,1.491,0.000,0.016,0.000,10.0
260,-0.718,-0.003,1.491,0.000,0.016,0.000,10.0
261,-0.722,-0.003,1.491,0.000,0.016,0.000,10.0
262,-0.726,-0.003,1.491,0.000,0.016,0.000,10.0
263,-0.729,-0.003,1.491,0.000,0.016,0.000,10.0
264,-0.733,-0.003,1.491,0.000,0.015,0.000,10.0
265,-0.736,-0.003,1.491,0.000,0.015,0.000,10.0
266,-0.740,-0.003,1.491,0.000,0.015,0.000,10.0
267,-0.743,-0.003,1.490,0.000,0.014,0.000,10.0
268,-0.746,-0.003,1.490,0.000,0.014,0.000,10.0
269,-0.750,-0.003,1.490,0.000,0.014,0.000,10.0
270,-0.753,-0.003,1.490,0.000,0.014,0.000,10.0
271,-0.756,-0.003,1.490,0.000,0.014,0.000,10.0
272,-0.759,-0.003,1.490,0.000,0.014,0.000,10.0
273,-0.763,-0.003,1.490,0.000,0.014,0.000,10.0
274,-0.766,-0.003,1.490,0.000,0.013,0.000,10.0
275,-0.769,-0.003,1.490,0.000,0.013,0.000,10.0
276,-0.772,-0.003,1.490,0.000,0.013,0.000,10.0
277,-0.775,-0.002,1.490,0.000,0.013,0.000,10.0
278,-0.778,-0.002,1.490,0.000,0.013,0.000,10.0
279,-0.781,-0.002,1.490,0.000,0.013,0.000,10.0
280,-0.783,-0.002,1.490,0.000,0.012,0.000,10.0
281,-0.786,-0.002,1.490,0.000,0.012,0.000,10.0
282,-0.789,-0.002,1.490,0.000,0.012,0.000,10.0
283,-0.792,-0.002,1.490,0.000,0.012,0.000,10.0
284,-0.795,-0.002,1.490,0.000,0.012,0.000,10.0
285,-0.797,-0.002,1.490,0.000,0.012,0.000,10.0
286,-0.800,-0.002,1.490,0.000,0.011,0.000,10.0
287,-0.803,-0.002,1.490,0.000,0.011,0.000,10.0
288,-0.805,-0.002,1.490,0.000,0.011,0.000,10.0
289,-0.808,-0.002,1.490,0.000,0.011,0.000,10.0
290,-0.810,-0.002,1.490,0.000,0.011,0.000,10.0
291,-0.813,-0.002,1.490,0.000,0.011,0.000,10.0
292,-0.815,-0.002,1.490,0.000,0.011,0.000,10.0
293,-0.818,-0.002,1.490,0.000,0.010,0.000,10.0
294,-0.820,-0.002,1.490,0.000,0.010,0.000,10.0
295,-0.822,-0.002,1.490,0.000,0.010,0.000,10.0
296,-0.825,-0.002,1.490,0.000,0.010,0.000,10.0
297,-0.827,-0.002,1.490,0.000,0.010,0.000,10.0
298,-0.829,-0.002,1.490,0.000,0.010,0.000,10.0
299,-0.831,-0.002,1.490,0.000,0.010,0.000,10.0
300,-0.834,-0.002,1.496,0.000,0.010,0.000,10.0
301,-0.836,-0.002,1.498,0.000,0.009,0.000,10.0
302,-0.838,-0.002,1.499,0.000,0.009,0.000,10.0
303,-0.840,-0.002,1.500,0.000,0.009,0.000,10.0
304,-0.842,-0.002,1.501,0.000,0.009,0.000,10.0
305,-0.844,-0.002,1.501,0.000,0.009,0.000,10.0
306,-0.846,-0.002,1.502,0.000,0.009,0.000,10.0
307,-0.848,-0.002,1.503,0.000,0.009,0.000,10.0
308,-0.850,-0.002,1.504,0.000,0.009,0.000,10.0
309,-0.852,-0.002,1.504,0.000,0.008,0.000,10.0
310,-0.854,-0.002,1.505,0.000,0.008,0.000,10.0
311,-0.856,-0.002,1.505,0.000,0.008,0.000,10.0
312,-0.858,-0.002,1.506,0.000,0.008,0.000,10.0
313,-0.860,-0.002,1.506,0.000,0.008,0.000,10.0
314,-0.862,-0.002,1.506,0.000,0.008,0.000,10.0
315,-0.863,-0.002,1.507,0.000,0.008,0.000,10.0
316,-0.865,-0.001,1.507,0.000,0.008,0.000,10.0
317,-0.867,-0.001,1.507,0.000,0.008,0.000,10.0
318,-0.869,-0.001,1.508,0.000,0.007,0.000,10.0
319,-0.870,-0.001,1.508,0.000,0.007,0.000,10.0
320,-0.872,-0.001,1.508,0.000,0.007,0.000,10.0
321,-0.874,-0.001,1.508,0.000,0.007,0.000,10.0
322,-0.876,-0.001,1.508,0.000,0.007,0.000,10.0
323,-0.877,-0.001,1.509,0.000,0.007,0.000,10.0
324,-0.879,-0.001,1.509,0.000,0.007,0.000,10.0
325,-0.880,-0.001,1.509,0.000,0.007,0.000,10.0
326,-0.882,-0.001,1.509,0.000,0.007,0.000,10.0
327,-0.883,-0.001,1.509,0.000,0.007,0.000,10.0
328,-0.885,-0.001,1.509,0.000,0.007,0.000,10.0
329,-0.886,-0.001,1.509,0.000,0.006,0.000,10.0
330,-0.888,-0.001,1.509,0.000,0.006,0.000,10.0
331,-0.889,-0.001,1.509,0.000,0.006,0.000,10.0
332,-0.891,-0.001,1.509,0.000,0.006,0.000,10.0
333,-0.892,-0.001,1.510,0.000,0.006,0.000,10.0
334,-0.894,-0.001,1.510,0.000,0.006,0.000,10.0
335,-0.895,-0.001,1.510,0.000,0.006,0.000,10.0
336,-0.896,-0.001,1.510,0.000,0.006,0.000,10.0
337,-0.898,-0.001,1.510,0.000,0.006,0.000,10.0
338,-0.899,-0.001,1.510,0.000,0.006,0.000,10.0
339,-0.900,-0.001,1.510,0.000,0.006,0.000,10.0
340,-0.902,-0.001,1.510,0.000,0.006,0.000,10.0
341,-0.903,-0.001,1.510,0.000,0.006,0.000,10.0
342,-0.904,-0.001,1.510,0.000,0.005,0.000,10.0
343,-0.906,-0.001,1.510,0.000,0.005,0.000,10.0
344,-0.907,-0.001,1.510,0.000,0.005,0.000,10.0
345,-0.908,-0.001,1.510,0.000,0.005,0.000,10.0
346,-0.909,-0.001,1.510,0.000,0.005,0.000,10.0
347,-0.910,-0.001,1.510,0.000,0.005,0.000,10.0
348,-0.912,-0.001,1.504,0.000,0.005,0.000,10.0
349,-0.913,-0.001,1.502,0.000,0.005,0.000,10.0
350,-0.914,-0.001,1.501,0.000,0.005,0.000,10.0
351,-0.915,-0.001,1.500,0.000,0.005,0.000,10.0
352,-0.916,-0.001,1.499,0.000,0.005,0.000,10.0
353,-0.917,-0.001,1.499,0.000,0.005,0.000,10.0
354,-0.918,-0.001,1.498,0.000,0.005,0.000,10.0
355,-0.919,-0.001,1.497,0.000,0.005,0.000,10.0
356,-0.920,-0.001,1.496,0.000,0.005,0.000,10.0
357,-0.921,-0.001,1.496,0.000,0.004,0.000,10.0
358,-0.923,-0.001,1.495,0.000,0.004,0.000,10.0
359,-0.924,-0.001,1.495,0.000,0.004,0.000,10.0
360,-0.925,-0.001,1.494,0.000,0.004,0.000,10.0
361,-0.926,-0.001,1.494,0.000,0.004,0.000,10.0
362,-0.926,-0.001,1.494,0.000,0.004,0.000,10.0
363,-0.927,-0.001,1.493,0.000,0.004,0.000,10.0
364,-0.928,-0.001,1.493,0.000,0.004,0.000,10.0
365,-0.929,-0.001,1.493,0.000,0.004,0.000,10.0
366,-0.930,-0.001,1.492,0.000,0.004,0.000,10.0
367,-0.931,-0.001,1.492,0.000,0.004,0.000,10.0
368,-0.932,-0.001,1.492,0.000,0.004,0.000,10.0
369,-0.933,-0.001,1.492,0.000,0.004,0.000,10.0
370,-0.934,-0.001,1.492,0.000,0.004,0.000,10.0
371,-0.935,-0.001,1.491,0.000,0.004,0.000,10.0
372,-0.936,-0.001,1.491,0.000,0.004,0.000,10.0
373,-0.936,-0.001,1.491,0.000,0.004,0.000,10.0
374,-0.937,-0.001,1.491,0.000,0.004,0.000,10.0
375,-0.938,-0.001,1.491,0.000,0.004,0.000,10.0
376,-0.939,-0.001,1.491,0.000,0.003,0.000,10.0
377,-0.940,-0.001,1.491,0.000,0.003,0.000,10.0
378,-0.940,-0.001,1.491,0.000,0.003,0.000,10.0
379,-0.941,-0.001,1.490,0.000,0.003,0.000,10.0
380,-0.942,-0.001,1.490,0.000,0.003,0.000,10.0
381,-0.943,-0.001,1.490,0.000,0.003,0.000,10.0
382,-0.944,-0.001,1.490,0.000,0.003,0.000,10.0
383,-0.944,-0.001,1.490,0.000,0.003,0.000,10.0
384,-0.945,-0.001,1.490,0.000,0.003,0.000,10.0
385,-0.946,-0.001,1.490,0.000,0.003,0.000,10.0
386,-0.946,-0.001,1.490,0.000,0.003,0.000,10.0
387,-0.947,-0.001,1.490,0.000,0.003,0.000,10.0
388,-0.948,-0.001,1.490,0.000,0.003,0.000,10.0
389,-0.948,-0.001,1.496,0.000,0.003,0.000,10.0
390,-0.949,-0.001,1.497,0.000,0.003,0.000,10.0
391,-0.950,-0.001,1.499,0.000,0.003,0.000,10.0
392,-0.950,-0.001,1.500,0.000,0.003,0.000,10.0
393,-0.951,-0.001,1.500,0.000,0.003,0.000,10.0
394,-0.952,-0.001,1.501,0.000,0.003,0.000,10.0
395,-0.952,-0.001,1.502,0.000,0.003,0.000,10.0
396,-0.953,-0.001,1.503,0.000,0.003,0.000,10.0
397,-0.954,-0.001,1.503,0.000,0.003,0.000,10.0
398,-0.954,-0.001,1.504,0.000,0.003,0.000,10.0
399,-0.955,-0.000,1.505,0.000,0.003,0.000,10.0
400,-0.955,-0.000,1.505,0.000,0.003,0.000,10.0
401,-0.001,4.000,1.505,-0.000,0.000,0.000,10.0
402,-0.001,4.000,1.506,-0.000,0.001,0.000,10.0
403,-0.002,4.000,1.506,-0.000,0.002,0.000,10.0
404,-0.002,4.000,1.507,-0.000,0.030,0.000,1
405,-0.003,4.000,1.507,-0.000,0.048,0.001,1
406,-0.003,4.000,1.507,-0.000,0.049,0.000,1
407,-0.003,4.000,1.507,-0.000,0.038,0.000,1
408,-0.003,4.000,1.508,-0.000,0.020,0.000,1
409,-0.003,4.000,1.508,-0.000,0.003,-0.000,1
410,-0.003,4.000,1.508,-0.000,-0.009,-0.000,1
411,-0.003,4.000,1.508,-0.000,-0.014,-0.000,1
412,-0.003,4.000,1.508,-0.000,-0.012,-0.000,1
413,-0.003,4.000,1.509,-0.000,-0.006,-0.000,1
414,-0.003,4.000,1.509,-0.000,0.000,0.000,1
415,-0.003,4.000,1.509,-0.000,0.005,0.000,1
416,-0.003,4.000,1.509,-0.000,0.008,0.000,1
417,-0.003,4.000,1.509,-0.000,0.007,0.000,1
418,-0.003,4.000,1.509,-0.000,0.005,0.000,1
419,-0.003,4.000,1.509,-0.000,0.002,0.000,1
420,-0.003,4.000,1.509,-0.000,-0.001,-0.000,1
421,2.024,-1.634,1.509,-0.000,-0.002,-0.000,1
422,2.024,-1.634,1.509,-0.000,-0.002,-0.000,1
423,2.024,-1.634,1.509,-0.000,-0.002,-0.000,1
424,2.024,-1.634,1.510,-0.000,-0.001,-0.000,1
425,2.024,-1.634,1.510,-0.000,-0.000,-0.000,1
426,2.024,-1.634,1.510,-0.000,-0.003,-0.219,1
427,2.024,-1.634,1.510,-0.000,-0.004,-0.361,1
428,2.024,-1.632,1.510,-0.000,-0.005,-0.377,1
429,2.024,-1.629,1.510,-0.000,-0.004,-0.290,1
430,2.024,-1.624,1.510,-0.000,-0.002,-0.154,1
431,2.024,-1.620,1.504,-0.000,-0.000,-0.019,1
432,2.024,-1.615,1.503,-0.000,0.001,0.075,1
433,2.024,-1.610,1.502,-0.000,0.001,0.112,1
434,2.024,-1.606,1.501,-0.000,0.001,0.099,1
435,2.023,-1.601,1.500,-0.000,0.001,0.054,1
436,2.023,-1.598,1.499,-0.000,0.000,0.002,1
437,2.023,-1.594,1.499,-0.000,-0.000,-0.038,1
438,2.023,-1.590,1.498,-0.000,-0.001,-0.057,1
439,2.023,-1.586,1.497,-0.000,-0.001,-0.055,1
440,2.023,-1.581,1.497,-0.000,-0.000,-0.037,1
441,2.023,-1.577,1.496,-0.000,-0.000,-0.013,1
442,2.023,-1.572,1.496,-0.000,0.000,0.008,1
443,2.023,-1.568,1.496,-0.000,0.000,0.020,1
444,2.023,-1.563,1.495,-0.000,0.000,0.023,1
445,2.023,-1.559,1.495,-0.000,0.000,0.018,1
446,2.023,-1.555,1.495,-0.000,0.000,0.009,1
447,2.023,-1.550,1.494,-0.000,0.000,0.001,1
448,2.023,-1.546,1.494,-0.000,-0.000,-0.006,1
449,2.023,-1.542,1.494,-0.000,-0.000,-0.008,1
450,2.023,-1.537,1.494,-0.000,-0.000,-0.006,1
451,2.022,-1.533,1.494,-0.000,-0.000,-0.003,1
452,2.022,-1.528,1.493,-0.000,0.000,0.001,1
453,2.022,-1.524,1.493,-0.000,0.000,0.004,1
454,2.022,-1.520,1.493,-0.000,0.000,0.006,1
455,2.022,-1.515,1.493,-0.000,0.000,0.006,1
456,2.022,-1.511,1.493,-0.000,0.000,0.005,1
457,2.022,-1.506,1.493,-0.000,0.000,0.003,1
458,2.022,-1.502,1.493,-0.000,0.000,0.002,1
459,2.022,-1.498,1.492,-0.000,0.000,0.001,1
460,2.022,-1.493,1.492,-0.000,0.000,0.001,1
461,2.022,-1.489,1.492,-0.000,0.000,0.001,1
462,2.022,-1.484,1.492,-0.000,0.000,0.002,1
463,2.022,-1.480,1.492,-0.000,0.000,0.002,1
464,2.022,-1.476,1.492,-0.000,0.000,0.003,1
465,2.022,-1.471,1.492,-0.000,0.000,0.003,1
466,2.021,-1.467,1.492,-0.000,0.001,0.043,1
467,2.021,-1.463,1.492,-0.000,0.002,0.109,1
468,2.021,-1.459,1.492,-0.000,-0.129,0.103,2.0
469,2.021,-1.455,1.492,-0.000,-0.216,0.067,2.0
470,2.020,-1.452,1.492,-0.000,-0.226,0.024,2.0
471,2.018,-1.448,1.492,-0.000,-0.176,-0.011,2.0
472,2.015,-1.445,1.492,-0.000,-0.095,-0.030,2.0
473,2.012,-1.442,1.492,-0.000,-0.014,-0.033,2.0
474,2.009,-1.438,1.492,-0.000,0.043,-0.023,2.0
475,2.006,-1.435,1.492,-0.000,0.066,-0.007,2.0
476,2.004,-1.431,1.492,-0.000,0.059,0.007,2.0
477,2.001,-1.427,1.492,-0.000,0.033,0.017,2.0
478,1.999,-1.424,1.492,-0.000,0.002,0.020,2.0
479,1.996,-1.420,1.492,-0.000,-0.022,0.017,2.0
480,1.994,-1.417,1.492,-0.000,-0.034,0.010,2.0
481,1.991,-1.413,1.492,-0.000,-0.033,0.003,2.0
482,1.989,-1.410,1.492,-0.000,-0.023,-0.002,2.0
483,1.986,-1.407,1.492,-0.000,-0.009,-0.004,2.0
484,1.983,-1.403,1.492,-0.000,0.004,-0.004,2.0
485,1.980,-1.400,1.492,-0.000,0.012,-0.002,2.0
486,1.978,-1.396,1.492,-0.000,0.014,0.001,2.0
487,1.975,-1.393,1.492,-0.000,0.011,0.003,2.0
488,1.972,-1.389,1.492,-0.000,0.006,0.004,2.0
489,1.969,-1.386,1.492,-0.000,0.001,0.005,2.0
490,1.967,-1.382,1.492,-0.000,-0.003,0.004,2.0
491,1.964,-1.379,1.492,-0.000,-0.005,0.003,2.0
492,1.961,-1.375,1.492,-0.000,-0.004,0.002,2.0
493,1.959,-1.372,1.492,-0.000,-0.002,0.001,2.0
494,1.956,-1.368,1.492,-0.000,0.001,0.001,2.0
495,1.953,-1.365,1.492,-0.000,0.003,0.001,2.0
496,1.951,-1.362,1.492,-0.000,0.004,0.001,2.0
497,1.948,-1.358,1.492,-0.000,0.004,0.002,2.0
498,1.945,-1.355,1.492,-0.000,0.003,0.002,2.0
499,1.942,-1.351,1.492,-0.000,0.002,0.002,2.0
500,1.940,-1.348,1.492,-0.000,0.001,0.002,2.0
501,1.937,-1.344,1.492,-0.000,0.001,0.002,2.0
502,1.934,-1.341,1.492,-0.000,0.000,0.002,2.0
503,1.932,-1.337,1.492,-0.000,0.001,0.002,2.0
504,1.929,-1.334,1.492,-0.000,0.001,0.002,2.0
505,1.926,-1.330,1.492,-0.000,0.001,0.002,2.0
506,1.923,-1.327,1.492,-0.000,0.002,0.002,2.0
507,1.921,-1.323,1.492,-0.000,0.002,0.002,2.0
508,1.918,-1.320,1.492,-0.000,0.002,0.002,2.0
509,1.915,-1.316,1.492,-0.000,0.002,0.002,2.0
510,1.912,-1.313,1.492,-0.000,0.001,0.002,2.0
511,1.910,-1.310,1.492,-0.000,0.001,0.002,2.0
512,1.907,-1.306,1.492,-0.000,0.001,0.002,2.0
513,1.904,-1.303,1.492,-0.000,0.001,0.002,2.0
514,1.902,-1.299,1.492,-0.000,0.001,0.002,2.0
515,1.899,-1.296,1.492,-0.000,0.001,0.002,2.0
516,1.896,-1.292,1.492,-0.000,0.001,0.002,2.0
517,1.893,-1.289,1.492,-0.000,0.002,0.002,2.0
518,1.891,-1.285,1.492,-0.000,0.002,0.002,2.0
519,1.888,-1.282,1.492,-0.000,0.002,0.002,2.0
520,1.885,-1.278,1.492,-0.000,0.001,0.002,2.0
521,1.883,-1.275,1.492,-0.000,0.001,0.002,2.0
522,1.880,-1.271,1.492,-0.000,0.002,0.002,2.0
523,1.877,-1.268,1.492,-0.000,0.003,0.004,2.0
524,1.874,-1.265,1.492,-0.000,0.006,0.008,2.0
525,1.872,-1.261,1.492,-0.000,0.009,0.012,2.0
526,1.869,-1.258,1.492,-0.000,0.011,0.014,2.0
527,1.866,-1.254,1.492,-0.000,0.012,0.016,2.0
528,1.864,-1.251,1.492,-0.000,0.012,0.016,2.0
529,1.861,-1.248,1.492,-0.000,0.012,0.015,2.0
530,1.859,-1.245,1.492,-0.000,0.011,0.014,2.0
531,1.856,-1.241,1.492,-0.000,0.010,0.012,2.0
532,1.854,-1.238,1.492,-0.000,0.009,0.012,2.0
533,1.851,-1.235,1.492,-0.000,0.009,0.012,2.0
534,1.849,-1.232,1.492,-0.000,0.009,0.012,2.0
535,1.847,-1.229,1.492,-0.000,0.010,0.012,2.0
536,1.844,-1.226,1.492,-0.000,0.010,0.013,2.0
537,1.842,-1.223,1.492,-0.000,0.010,0.013,2.0
538,1.840,-1.220,1.492,-0.000,0.010,0.013,2.0
539,1.837,-1.217,1.492,-0.000,0.010,0.013,2.0
540,1.835,-1.214,1.492,-0.000,0.010,0.012,2.0
541,1.833,-1.212,1.492,-0.000,0.009,0.012,2.0
542,1.831,-1.209,1.492,-0.000,0.009,0.012,2.0
543,1.829,-1.206,1.492,-0.000,0.009,0.012,2.0
544,1.826,-1.203,1.492,-0.000,0.009,0.011,2.0
545,1.824,-1.201,1.492,-0.000,0.009,0.011,2.0
546,1.822,-1.198,1.492,-0.000,0.009,0.011,2.0
547,1.820,-1.196,1.492,-0.000,0.009,0.011,2.0
548,1.818,-1.193,1.492,-0.000,0.009,0.011,2.0
549,1.816,-1.190,1.492,-0.000,0.009,0.011,2.0
550,1.814,-1.188,1.492,-0.000,0.008,0.011,2.0
551,1.812,-1.186,1.492,-0.000,0.008,0.011,2.0
552,1.810,-1.183,1.492,-0.000,0.008,0.010,2.0
553,1.809,-1.181,1.492,-0.000,0.008,0.010,2.0
554,1.807,-1.178,1.492,-0.000,0.008,0.010,2.0
555,1.805,-1.176,1.492,-0.000,0.008,0.010,2.0
556,1.803,-1.174,1.492,-0.000,0.008,0.010,2.0
557,1.801,-1.171,1.492,-0.000,0.008,0.010,2.0
558,1.800,-1.169,1.492,-0.000,0.008,0.010,2.0
559,1.798,-1.167,1.492,-0.000,0.008,0.010,2.0
560,1.796,-1.165,1.492,-0.000,0.007,0.009,2.0
561,1.794,-1.163,1.492,-0.000,0.007,0.009,2.0
562,1.793,-1.160,1.492,-0.000,0.007,0.009,2.0
563,1.791,-1.158,1.492,-0.000,0.007,0.009,2.0
564,1.789,-1.156,1.492,-0.000,0.007,0.009,2.0
565,1.788,-1.154,1.492,-0.000,0.007,0.009,2.0
566,1.786,-1.152,1.492,-0.000,0.007,0.009,2.0
567,1.785,-1.150,1.491,-0.000,0.007,0.009,2.0
568,1.783,-1.148,1.491,-0.000,0.007,0.008,2.0
569,1.782,-1.146,1.491,-0.000,0.007,0.008,2.0
570,1.780,-1.144,1.491,-0.000,0.006,0.008,2.0
571,1.779,-1.143,1.491,-0.000,0.006,0.008,2.0
572,1.777,-1.141,1.491,-0.000,0.006,0.008,2.0
573,1.776,-1.139,1.491,-0.000,0.006,0.008,2.0
574,1.774,-1.137,1.491,-0.000,0.006,0.008,2.0
575,1.773,-1.135,1.491,-0.000,0.006,0.008,2.0
576,1.771,-1.133,1.491,-0.000,0.006,0.008,2.0
577,1.770,-1.132,1.491,-0.000,0.006,0.008,2.0
578,1.769,-1.130,1.491,-0.000,0.006,0.007,2.0
579,1.767,-1.128,1.491,-0.000,0.006,0.007,2.0
580,1.766,-1.127,1.491,-0.000,0.006,0.007,2.0
581,1.765,-1.125,1.491,-0.000,0.006,0.007,2.0
582,1.763,-1.123,1.491,-0.000,0.006,0.007,2.0
583,1.762,-1.122,1.491,-0.000,0.005,0.007,2.0
584,1.761,-1.120,1.491,-0.000,0.005,0.007,2.0
585,1.760,-1.119,1.491,-0.000,0.005,0.007,2.0
586,1.759,-1.117,1.491,-0.000,0.005,0.007,2.0
587,1.757,-1.115,1.491,-0.000,0.005,0.007,2.0
588,1.756,-1.114,1.491,-0.000,0.005,0.007,2.0
589,1.755,-1.112,1.491,-0.000,0.005,0.006,2.0
590,1.754,-1.111,1.491,-0.000,0.005,0.006,2.0
591,1.753,-1.110,1.491,-0.000,0.005,0.006,2.0
592,1.752,-1.108,1.491,-0.000,0.005,0.006,2.0
593,1.750,-1.107,1.491,-0.000,0.005,0.006,2.0
594,1.749,-1.105,1.491,-0.000,0.005,0.006,2.0
595,1.748,-1.104,1.491,-0.000,0.005,0.006,2.0
596,1.747,-1.103,1.491,-0.000,0.005,0.006,2.0
597,1.746,-1.101,1.491,-0.000,0.005,0.006,2.0
598,1.745,-1.100,1.491,-0.000,0.004,0.006,2.0
599,1.744,-1.099,1.491,-0.000,0.004,0.006,2.0
600,1.743,-1.097,1.491,-0.000,0.004,0.006,2.0
601,1.742,-1.096,1.491,-0.000,0.004,0.005,2.0
602,1.741,-1.095,1.491,-0.000,0.004,0.005,2.0
603,1.740,-1.094,1.491,-0.000,0.004,0.005,2.0
604,1.739,-1.092,1.491,-0.000,0.004,0.005,2.0
605,1.738,-1.091,1.491,-0.000,0.004,0.005,2.0
606,1.737,-1.090,1.491,-0.000,0.004,0.005,2.0
607,1.736,-1.089,1.491,-0.000,0.004,0.005,2.0
608,1.735,-1.088,1.491,-0.000,0.004,0.005,2.0
609,1.735,-1.086,1.491,-0.000,0.004,0.005,2.0
610,1.734,-1.085,1.491,-0.000,0.004,0.005,2.0
611,1.733,-1.084,1.491,-0.000,0.004,0.005,2.0
612,1.732,-1.083,1.491,-0.000,0.004,0.005,2.0
613,1.731,-1.082,1.491,-0.000,0.004,0.005,2.0
614,1.730,-1.081,1.491,-0.000,0.004,0.005,2.0
615,1.729,-1.080,1.491,-0.000,0.004,0.005,2.0
616,1.729,-1.079,1.491,-0.000,0.004,0.005,2.0
617,1.728,-1.078,1.491,-0.000,0.003,0.004,2.0
618,1.727,-1.077,1.491,-0.000,0.003,0.004,2.0
619,1.726,-1.076,1.491,-0.000,0.003,0.004,2.0
620,1.725,-1.075,1.491,-0.000,0.003,0.004,2.0
621,1.725,-1.074,1.491,-0.000,0.003,0.004,2.0
622,1.724,-1.073,1.491,-0.000,0.003,0.004,2.0
623,1.723,-1.072,1.491,-0.000,0.003,0.004,2.0
624,1.722,-1.071,1.491,-0.000,0.003,0.004,2.0
625,1.722,-1.070,1.491,-0.000,0.003,0.004,2.0
626,1.721,-1.069,1.491,-0.000,0.003,0.004,2.0
627,1.720,-1.068,1.491,-0.000,0.003,0.004,2.0
628,1.719,-1.067,1.491,-0.000,0.003,0.004,2.0
629,1.719,-1.066,1.491,-0.000,0.003,0.004,2.0
630,1.718,-1.066,1.491,-0.000,0.003,0.004,2.0
631,1.717,-1.065,1.491,-0.000,0.003,0.004,2.0
632,1.717,-1.064,1.491,-0.000,0.003,0.004,2.0
633,1.716,-1.063,1.491,-0.000,0.003,0.004,2.0
634,1.715,-1.062,1.491,-0.000,0.003,0.004,2.0
635,1.715,-1.061,1.491,-0.000,0.003,0.004,2.0
636,1.714,-1.061,1.491,-0.000,0.003,0.003,2.0
637,1.714,-1.060,1.491,-0.000,0.003,0.003,2.0
638,1.713,-1.059,1.491,-0.000,0.003,0.003,2.0
639,1.712,-1.058,1.491,-0.000,0.003,0.003,2.0
640,1.712,-1.057,1.491,-0.000,0.003,0.003,2.0
641,1.711,-1.057,1.491,-0.000,0.003,0.003,2.0
642,1.711,-1.056,1.491,-0.000,0.003,0.003,2.0
643,1.710,-1.055,1.491,-0.000,0.002,0.003,2.0
644,1.709,-1.054,1.491,-0.000,0.002,0.003,2.0
645,1.709,-1.054,1.491,-0.000,0.002,0.003,2.0
646,1.708,-1.053,1.491,-0.000,0.002,0.003,2.0
647,1.708,-1.052,1.491,-0.000,0.002,0.003,2.0
648,1.707,-1.052,1.491,-0.000,0.002,0.003,2.0
649,1.707,-1.051,1.491,-0.000,0.002,0.003,2.0
650,1.706,-1.050,1.491,-0.000,0.002,0.003,2.0
651,1.706,-1.050,1.491,-0.000,0.002,0.003,2.0
652,1.705,-1.049,1.491,-0.000,0.002,0.003,2.0
653,1.705,-1.048,1.491,-0.000,0.002,0.003,2.0
654,1.704,-1.048,1.491,-0.000,0.002,0.003,2.0
655,1.704,-1.047,1.491,-0.000,0.002,0.003,2.0
656,1.703,-1.047,1.491,-0.000,0.002,0.003,2.0
657,1.703,-1.046,1.491,-0.000,0.002,0.003,2.0
658,1.702,-1.045,1.491,-0.000,0.002,0.003,2.0
659,1.702,-1.045,1.491,-0.000,0.002,0.003,2.0
660,1.701,-1.044,1.491,-0.000,0.002,0.003,2.0
661,1.701,-1.044,1.491,-0.000,0.002,0.002,2.0
662,1.700,-1.043,1.491,-0.000,0.002,0.002,2.0
663,1.700,-1.042,1.491,-0.000,0.002,0.002,2.0
664,1.700,-1.042,1.491,-0.000,0.002,0.002,2.0
665,1.699,-1.041,1.491,-0.000,0.002,0.002,2.0
666,1.699,-1.041,1.491,-0.000,0.002,0.002,2.0
667,1.698,-1.040,1.491,-0.000,0.002,0.002,2.0
668,1.698,-1.040,1.491,-0.000,0.002,0.002,2.0
669,1.697,-1.039,1.491,-0.000,0.002,0.002,2.0
670,1.697,-1.039,1.491,-0.000,0.002,0.002,2.0
671,1.697,-1.038,1.491,-0.000,0.002,0.002,2.0
672,1.696,-1.038,1.491,-0.000,0.002,0.002,2.0
673,1.696,-1.037,1.491,-0.000,0.002,0.002,2.0
674,1.695,-1.037,1.491,-0.000,0.002,0.002,2.0
675,1.695,-1.036,1.491,-0.000,0.002,0.002,2.0
676,1.695,-1.036,1.491,-0.000,0.002,0.002,2.0
677,1.694,-1.035,1.491,-0.000,0.002,0.002,2.0
678,1.694,-1.035,1.491,-0.000,0.002,0.002,2.0
679,1.694,-1.034,1.491,-0.000,0.002,0.002,2.0
680,1.693,-1.034,1.491,-0.000,0.002,0.002,2.0
681,1.693,-1.033,1.491,-0.000,0.002,0.002,2.0
682,1.693,-1.033,1.491,-0.000,0.001,0.002,2.0
683,1.692,-1.033,1.491,-0.000,0.001,0.002,2.0
684,1.692,-1.032,1.491,-0.000,0.001,0.002,2.0
685,1.692,-1.032,1.491,-0.000,0.001,0.002,2.0
686,1.691,-1.031,1.491,-0.000,0.001,0.002,2.0
687,1.691,-1.031,1.491,-0.000,0.001,0.002,2.0
688,1.691,-1.031,1.491,-0.000,0.001,0.002,2.0
689,1.690,-1.030,1.491,-0.000,0.001,0.002,2.0
690,1.690,-1.030,1.491,-0.000,0.001,0.002,2.0
691,1.690,-1.029,1.491,-0.000,0.001,0.002,2.0
692,1.689,-1.029,1.491,-0.000,0.001,0.002,2.0
693,1.689,-1.029,1.491,-0.000,0.001,0.002,2.0
694,1.689,-1.028,1.491,-0.000,0.001,0.002,2.0
695,1.689,-1.028,1.491,-0.000,0.001,0.002,2.0
696,1.688,-1.027,1.491,-0.000,0.001,0.002,2.0
697,1.688,-1.027,1.491,-0.000,0.001,0.002,2.0
698,1.688,-1.027,1.491,-0.000,0.001,0.002,2.0
699,1.687,-1.026,1.491,-0.000,0.001,0.002,2.0
700,1.687,-1.026,1.491,-0.000,0.001,0.001,2.0
701,1.687,-1.026,1.491,-0.000,0.001,0.001,2.0
702,1.687,-1.025,1.491,-0.000,0.001,0.001,2.0
703,1.686,-1.025,1.491,-0.000,0.001,0.001,2.0
704,1.686,-1.025,1.491,-0.000,0.001,0.001,2.0
705,1.686,-1.024,1.491,-0.000,0.001,0.001,2.0
706,1.686,-1.024,1.491,-0.000,0.001,0.001,2.0
707,1.685,-1.024,1.491,-0.000,0.001,0.001,2.0
708,1.685,-1.023,1.491,-0.000,0.001,0.001,2.0
709,1.685,-1.023,1.491,-0.000,0.001,0.001,2.0
710,1.685,-1.023,1.491,-0.000,0.001,0.001,2.0
711,1.684,-1.023,1.491,-0.000,0.001,0.001,2.0
712,1.684,-1.022,1.491,-0.000,0.001,0.001,2.0
713,1.684,-1.022,1.491,-0.000,0.001,0.001,2.0
714,1.684,-1.022,1.491,-0.000,0.001,0.001,2.0
715,1.683,-1.021,1.491,-0.000,0.001,0.001,2.0
716,1.683,-1.021,1.491,-0.000,0.001,0.001,2.0
717,1.683,-1.021,1.491,-0.000,0.001,0.001,2.0
718,1.683,-1.021,1.491,-0.000,0.001,0.001,2.0
719,1.683,-1.020,1.491,-0.000,0.001,0.001,2.0
720,1.682,-1.020,1.491,-0.000,0.001,0.001,2.0
721,1.682,-1.020,1.491,-0.000,0.001,0.001,2.0
722,1.682,-1.019,1.491,-0.000,0.001,0.001,2.0
723,1.682,-1.019,1.491,-0.000,0.001,0.001,2.0
724,1.682,-1.019,1.491,-0.000,0.001,0.001,2.0
725,1.681,-1.019,1.491,-0.000,0.001,0.001,2.0
726,1.681,-1.018,1.491,-0.000,0.001,0.001,2.0
727,1.681,-1.018,1.491,-0.000,0.001,0.001,2.0
728,1.681,-1.018,1.491,-0.000,0.001,0.001,2.0
729,1.681,-1.018,1.491,-0.000,0.001,0.001,2.0
730,1.680,-1.018,1.491,-0.000,0.001,0.001,2.0
731,1.680,-1.017,1.491,-0.000,0.001,0.001,2.0
732,1.680,-1.017,1.491,-0.000,0.001,0.001,2.0
733,1.680,-1.017,1.491,-0.000,0.001,0.001,2.0
734,1.680,-1.017,1.491,-0.000,0.001,0.001,2.0
735,1.680,-1.016,1.491,-0.000,0.001,0.001,2.0
736,1.679,-1.016,1.491,-0.000,0.001,0.001,2.0
737,1.679,-1.016,1.491,-0.000,0.001,0.001,2.0
738,1.679,-1.016,1.491,-0.000,0.001,0.001,2.0
739,1.679,-1.016,1.491,-0.000,0.001,0.001,2.0
740,1.679,-1.015,1.491,-0.000,0.001,0.001,2.0
741,1.679,-1.015,1.491,-0.000,0.001,0.001,2.0
742,1.678,-1.015,1.491,-0.000,0.001,0.001,2.0
743,1.678,-1.015,1.491,-0.000,0.001,0.001,2.0
744,1.678,-1.015,1.491,-0.000,0.001,0.001,2.0
745,1.678,-1.014,1.491,-0.000,0.001,0.001,2.0
746,1.678,-1.014,1.491,-0.000,0.001,0.001,2.0
747,1.678,-1.014,1.491,-0.000,0.001,0.001,2.0
748,1.678,-1.014,1.491,-0.000,0.001,0.001,2.0
749,1.677,-1.014,1.491,-0.000,0.001,0.001,2.0
750,1.677,-1.013,1.491,-0.000,0.001,0.001,2.0
751,1.677,-1.013,1.491,-0.000,0.001,0.001,2.0
752,1.677,-1.013,1.491,-0.000,0.001,0.001,2.0
753,1.677,-1.013,1.491,-0.000,0.001,0.001,2.0
754,1.677,-1.013,1.491,-0.000,0.001,0.001,2.0
755,1.677,-1.013,1.491,-0.000,0.001,0.001,2.0
756,1.676,-1.012,1.491,-0.000,0.001,0.001,2.0
757,1.676,-1.012,1.491,-0.000,0.001,0.001,2.0
758,1.676,-1.012,1.491,-0.000,0.001,0.001,2.0
759,1.676,-1.012,1.491,-0.000,0.001,0.001,2.0
760,1.676,-1.012,1.491,-0.000,0.001,0.001,2.0
761,1.676,-1.012,1.491,-0.000,0.001,0.001,2.0
762,1.676,-1.012,1.491,-0.000,0.001,0.001,2.0
763,1.676,-1.011,1.491,-0.000,0.001,0.001,2.0
764,1.675,-1.011,1.491,-0.000,0.001,0.001,2.0
765,1.675,-1.011,1.491,-0.000,0.000,0.001,2.0
766,1.675,-1.011,1.491,-0.000,0.000,0.001,2.0
767,1.675,-1.011,1.491,-0.000,0.000,0.001,2.0
768,1.675,-1.011,1.491,-0.000,0.000,0.001,2.0
769,1.675,-1.010,1.491,-0.000,0.000,0.001,2.0
770,1.675,-1.010,1.491,-0.000,0.000,0.001,2.0
771,1.675,-1.010,1.491,-0.000,0.000,0.001,2.0
772,1.675,-1.010,1.491,-0.000,0.000,0.001,2.0
773,1.674,-1.010,1.491,-0.000,0.000,0.001,2.0
774,1.674,-1.010,1.491,-0.000,0.000,0.001,2.0
775,1.674,-1.010,1.491,-0.000,0.000,0.001,2.0
776,1.674,-1.010,1.491,-0.000,0.000,0.001,2.0
777,1.674,-1.009,1.491,-0.000,0.000,0.001,2.0
778,1.674,-1.009,1.491,-0.000,0.000,0.001,2.0
779,1.674,-1.009,1.491,-0.000,0.000,0.001,2.0
780,1.674,-1.009,1.491,-0.000,0.000,0.001,2.0
781,1.674,-1.009,1.491,-0.000,0.000,0.001,2.0
782,1.674,-1.009,1.491,-0.000,0.000,0.001,2.0
783,1.674,-1.009,1.491,-0.000,0.000,0.000,2.0
784,1.673,-1.009,1.491,-0.000,0.000,0.000,2.0
785,1.673,-1.008,1.491,-0.000,0.000,0.000,2.0
786,1.673,-1.008,1.491,-0.000,0.000,0.000,2.0
787,1.673,-1.008,1.491,-0.000,0.000,0.000,2.0
788,1.673,-1.008,1.491,-0.000,0.000,0.000,2.0
789,1.673,-1.008,1.491,-0.000,0.000,0.000,2.0
790,1.673,-1.008,1.491,-0.000,0.000,0.000,2.0
791,1.673,-1.008,1.491,-0.000,0.000,0.000,2.0
792,1.673,-1.008,1.491,-0.000,0.004,0.005,2.0
793,1.673,-1.008,1.491,-0.000,0.007,0.008,2.0
794,1.673,-1.008,1.491,-0.000,0.007,0.009,2.0
795,1.673,-1.008,1.491,-0.000,0.005,0.007,2.0
796,1.673,-1.008,1.491,-0.000,0.003,0.004,2.0
797,1.673,-1.008,1.491,-0.000,0.000,0.000,2.0
798,1.673,-1.008,1.491,-0.000,-0.001,-0.002,2.0
799,1.673,-1.008,1.491,-0.000,-0.002,-0.002,2.0
800,1.673,-1.008,1.491,-0.000,-0.002,-0.002,2.0
801,1.673,-1.008,1.491,-0.000,-0.001,-0.001,2.0
802,1.673,-1.008,1.491,-0.000,0.000,0.000,2.0
803,1.673,-1.008,1.491,-0.000,0.001,0.001,2.0
804,1.673,-1.008,1.491,-0.000,0.001,0.001,2.0
805,1.673,-1.008,1.491,-0.000,0.001,0.001,2.0
806,1.673,-1.008,1.491,-0.000,0.001,0.001,2.0
807,1.673,-1.008,1.491,-0.000,0.000,0.000,2.0
808,1.673,-1.008,1.491,-0.000,-0.000,-0.000,2.0
809,1.673,-1.008,1.491,-0.000,-0.000,-0.000,2.0
810,1.673,-1.008,1.491,-0.000,-0.000,-0.000,2.0
811,1.673,-1.008,1.491,-0.000,-0.000,-0.000,2.0
812,1.673,-1.008,1.491,-0.000,-0.000,-0.000,2.0
813,1.673,-1.008,1.491,-0.000,0.000,0.000,2.0
814,1.673,-1.008,1.491,-0.000,0.000,0.000,2.0
815,1.673,-1.008,1.491,-0.000,0.000,0.000,2.0
816,1.673,-1.008,1.491,-0.000,0.000,0.000,2.0
817,1.673,-1.008,1.491,-0.000,0.000,0.000,2.0
818,1.673,-1.008,1.491,-0.000,0.000,0.000,2.0
819,1.673,-1.008,1.491,-0.000,-0.000,-0.000,2.0
820,1.673,-1.008,1.491,-0.000,-0.000,-0.000,2.0
821,1.673,-1.008,1.491,-0.000,-0.000,-0.000,2.0
822,1.673,-1.008,1.491,-0.000,-0.000,-0.000,2.0
823,1.673,-1.008,1.491,-0.000,-0.000,-0.000,2.0
824,1.673,-1.008,1.491,-0.000,0.000,0.000,2.0
825,1.673,-1.008,1.491,-0.000,0.000,0.000,2.0
826,1.673,-1.008,1.491,-0.000,0.000,0.000,2.0
827,1.673,-1.008,1.491,-0.000,0.000,0.000,2.0
828,1.673,-1.008,1.491,-0.000,0.000,0.000,2.0
829,1.673,-1.008,1.491,-0.000,-0.000,-0.000,2.0
830,1.673,-1.008,1.491,-0.000,-0.000,-0.000,2.0
831,1.673,-1.008,1.491,-0.000,-0.000,-0.000,2.0
832,1.673,-1.008,1.491,-0.000,-0.000,-0.000,2.0
833,1.673,-1.008,1.491,-0.000,-0.000,-0.000,2.0
834,1.673,-1.008,1.491,-0.000,-0.000,-0.000,2.0
835,1.673,-1.008,1.491,-0.000,0.000,0.000,2.0
836,1.673,-1.008,1.491,-0.000,0.000,0.000,2.0
837,1.673,-1.008,1.491,-0.000,0.000,0.000,2.0
838,1.673,-1.008,1.491,-0.000,0.000,0.000,2.0
839,1.673,-1.008,1.491,-0.000,0.000,0.000,2.0
840,1.673,-1.008,1.491,-0.000,-0.000,-0.000,2.0
841,1.673,-1.008,1.491,-0.000,-0.000,-0.000,2.0
842,1.673,-1.008,1.491,-0.000,-0.000,-0.000,2.0
843,1.673,-1.008,1.491,-0.000,-0.000,-0.000,2.0
844,1.673,-1.008,1.491,-0.000,-0.000,-0.000,2.0
845,1.673,-1.008,1.491,-0.000,0.000,0.000,2.0
846,1.673,-1.008,1.491,-0.000,0.000,0.000,2.0
847,1.673,-1.008,1.491,-0.000,0.000,0.000,2.0
848,1.673,-1.008,1.491,-0.000,0.000,0.000,2.0
849,1.673,-1.008,1.491,-0.000,0.000,0.000,2.0
850,1.673,-1.008,1.491,-0.000,0.000,0.000,2.0
851,1.673,-1.008,1.491,-0.000,-0.000,-0.000,2.0
852,1.673,-1.008,1.491,-0.000,-0.000,-0.000,2.0
853,1.673,-1.008,1.491,-0.000,-0.000,-0.000,2.0
854,1.673,-1.008,1.491,-0.000,-0.000,-0.000,2.0
855,1.673,-1.008,1.491,-0.000,-0.000,-0.000,2.0
856,1.673,-1.008,1.491,-0.000,0.000,0.000,2.0
857,1.673,-1.008,1.491,-0.000,0.000,0.000,2.0
858,1.673,-1.008,1.491,-0.000,0.000,0.000,2.0
859,1.673,-1.008,1.491,-0.000,0.000,0.000,2.0
860,1.673,-1.008,1.491,-0.000,0.000,0.000,2.0
861,1.673,-1.008,1.491,-0.000,-0.000,0.000,2.0
862,1.673,-1.008,1.491,-0.000,-0.000,-0.000,2.0
863,1.673,-1.008,1.491,-0.000,-0.000,-0.000,2.0
864,1.673,-1.008,1.491,-0.000,-0.000,-0.000,2.0
865,1.673,-1.008,1.491,-0.000,-0.000,-0.000,2.0
866,1.673,-1.008,1.491,-0.000,-0.000,0.000,2.0
867,1.673,-1.008,1.491,-0.000,0.000,0.000,2.0
868,1.673,-1.008,1.491,-0.000,0.000,0.000,2.0
869,1.673,-1.008,1.491,-0.000,0.000,0.000,2.0
870,1.673,-1.008,1.491,-0.000,0.000,0.000,2.0
871,1.673,-1.008,1.491,-0.000,-0.000,0.000,2.0
872,1.673,-1.008,1.491,-0.000,-0.000,0.000,2.0
873,1.673,-1.008,1.491,-0.000,-0.000,0.000,2.0
874,1.673,-1.008,1.491,-0.000,-0.000,0.000,2.0
875,1.673,-1.008,1.491,-0.000,-0.000,0.000,2.0
876,1.673,-1.008,1.491,-0.000,-0.000,0.000,2.0
877,1.673,-1.008,1.491,-0.000,-0.000,0.000,2.0
878,1.673,-1.008,1.491,-0.000,-0.000,0.000,2.0
879,1.673,-1.008,1.491,-0.000,-0.000,0.000,2.0
880,1.673,-1.008,1.491,-0.000,-0.000,0.000,2.0
881,1.673,-1.008,1.491,-0.000,-0.000,0.000,2.0
882,1.673,-1.008,1.491,-0.000,-0.000,0.000,2.0
883,1.673,-1.008,1.491,-0.000,-0.000,0.000,2.0
884,1.673,-1.008,1.491,-0.000,-0.000,0.000,2.0
885,1.673,-1.008,1.491,-0.000,-0.000,0.000,2.0
886,1.673,-1.008,1.491,-0.000,-0.000,0.000,2.0
887,1.673,-1.008,1.491,-0.000,-0.000,0.000,2.0
888,1.673,-1.008,1.491,-0.000,-0.000,0.000,2.0
889,1.673,-1.008,1.491,-0.000,-0.000,0.000,2.0
890,1.673,-1.008,1.491,-0.000,-0.000,0.000,2.0
891,1.673,-1.008,1.491,-0.000,-0.000,0.000,2.0
892,1.673,-1.008,1.491,-0.000,-0.000,0.000,2.0
893,1.673,-1.008,1.491,-0.000,-0.000,0.000,2.0
894,1.673,-1.008,1.491,-0.000,-0.000,0.000,2.0
895,1.673,-1.008,1.491,-0.000,-0.000,0.000,2.0
896,1.673,-1.008,1.491,-0.000,-0.000,0.000,2.0
897,1.673,-1.008,1.491,-0.000,-0.000,0.000,2.0
898,1.673,-1.008,1.491,-0.000,-0.000,0.000,2.0
899,1.673,-1.008,1.491,-0.000,-0.000,0.000,2.0
900,1.673,-1.008,1.491,-0.000,-0.000,0.000,2.0
901,1.673,-1.008,1.491,-0.000,-0.000,0.000,2.0
902,1.673,-1.008,1.491,-0.000,-0.000,0.000,2.0
903,1.673,-1.008,1.491,-0.000,-0.000,0.000,2.0
904,1.673,-1.008,1.491,-0.000,-0.000,0.000,2.0
905,1.673,-1.008,1.491,-0.000,-0.000,0.000,2.0
906,1.673,-1.008,1.491,-0.000,-0.000,0.000,2.0
907,1.673,-1.008,1.491,-0.000,-0.000,0.000,2.0
908,1.673,-1.008,1.491,-0.000,-0.000,0.000,2.0
909,1.673,-1.008,1.491,-0.000,-0.000,0.000,2.0
910,1.673,-1.008,1.491,-0.000,-0.000,0.000,2.0
911,1.673,-1.008,1.491,-0.000,-0.000,0.000,2.0
912,1.673,-1.008,1.491,-0.000,-0.000,0.000,2.0
913,1.673,-1.008,1.491,-0.000,-0.000,0.000,2.0
914,1.673,-1.008,1.491,-0.000,-0.000,0.000,2.0
915,1.673,-1.008,1.491,-0.000,-0.000,0.000,2.0
916,1.673,-1.008,1.491,-0.000,-0.000,0.000,2.0
917,1.673,-1.008,1.491,-0.000,-0.000,0.000,2.0
918,1.673,-1.008,1.491,-0.000,-0.000,0.000,2.0
919,1.673,-1.008,1.491,-0.000,-0.000,0.000,2.0
920,1.673,-1.008,1.491,-0.000,-0.000,0.000,2.0
921,1.673,-1.008,1.491,-0.000,-0.000,0.000,2.0
922,1.673,-1.008,1.491,-0.000,-0.000,0.000,2.0
923,1.673,-1.008,1.491,-0.000,-0.000,0.000,2.0
924,1.673,-1.008,1.491,-0.000,-0.000,0.000,2.0
925,1.673,-1.008,1.491,-0.000,-0.000,0.000,2.0
926,1.673,-1.008,1.491,-0.000,-0.000,0.000,2.0
927,1.673,-1.008,1.491,-0.000,-0.000,0.000,2.0
928,1.673,-1.008,1.491,-0.000,-0.000,0.000,2.0
929,1.673,-1.008,1.491,-0.000,-0.000,0.000,2.0
930,1.673,-1.008,1.491,-0.000,-0.000,0.000,2.0
931,1.673,-1.008,1.491,-0.000,-0.000,0.000,2.0
932,1.673,-1.008,1.491,-0.000,-0.000,0.000,2.0
933,1.673,-1.008,1.491,-0.000,-0.000,0.000,2.0
934,1.673,-1.008,1.491,-0.000,-0.000,0.000,2.0
935,1.673,-1.008,1.491,-0.000,-0.000,0.000,2.0
936,1.673,-1.008,1.491,-0.000,-0.000,0.000,2.0
937,1.673,-1.008,1.491,-0.000,-0.000,0.000,2.0
938,1.673,-1.008,1.491,-0.000,-0.000,0.000,2.0
939,1.673,-1.008,1.491,-0.000,-0.000,0.000,2.0
940,1.673,-1.008,1.491,-0.000,-0.000,0.000,2.0
941,1.673,-1.008,1.491,-0.000,-0.000,0.000,2.0
942,1.673,-1.008,1.491,-0.000,-0.000,0.000,2.0
943,1.673,-1.008,1.491,-0.000,-0.000,0.000,2.0
944,1.673,-1.008,1.491,-0.000,-0.000,0.000,2.0
945,1.673,-1.008,1.491,-0.000,-0.000,0.000,2.0
946,1.673,-1.008,1.491,-0.000,-0.000,0.000,2.0
947,1.673,-1.008,1.491,-0.000,-0.000,0.000,2.0
948,1.673,-1.008,1.491,-0.000,-0.000,0.000,2.0
949,1.673,-1.008,1.491,-0.000,-0.000,0.000,2.0
950,1.673,-1.008,1.491,-0.000,-0.000,0.000,2.0
951,1.673,-1.008,1.491,-0.000,-0.000,0.000,2.0
952,1.673,-1.008,1.491,-0.000,-0.000,0.000,2.0
953,1.673,-1.008,1.491,-0.000,-0.000,0.000,2.0
954,1.673,-1.008,1.491,-0.000,-0.000,0.000,2.0
955,1.673,-1.008,1.491,-0.000,-0.000,0.000,2.0
956,1.673,-1.008,1.491,-0.000,-0.000,0.000,2.0
957,1.673,-1.008,1.491,-0.000,-0.000,0.000,2.0
958,1.673,-1.008,1.491,-0.000,-0.000,0.000,2.0
959,1.673,-1.008,1.491,-0.000,-0.000,0.000,2.0
960,1.673,-1.008,1.491,-0.000,-0.000,0.000,2.0
961,1.673,-1.008,1.491,-0.000,-0.000,0.000,2.0
962,1.673,-1.008,1.491,-0.000,-0.000,0.000,2.0
963,1.673,-1.008,1.491,-0.000,-0.000,0.000,2.0
964,1.673,-1.008,1.491,-0.000,-0.000,0.000,2.0
965,1.673,-1.008,1.491,-0.000,-0.000,0.000,2.0
966,1.673,-1.008,1.491,-0.000,-0.000,0.000,2.0
967,1.673,-1.008,1.491,-0.000,-0.000,0.000,2.0
968,1.673,-1.008,1.491,-0.000,-0.000,0.000,2.0
969,1.673,-1.008,1.491,-0.000,-0.000,0.000,2.0
970,1.673,-1.008,1.491,-0.000,-0.000,0.000,2.0
971,1.673,-1.008,1.491,-0.000,-0.000,0.000,2.0
972,1.673,-1.008,1.491,-0.000,-0.000,0.000,2.0
973,1.673,-1.008,1.491,-0.000,-0.000,0.000,2.0
974,1.673,-1.008,1.491,-0.000,-0.000,0.000,2.0
975,1.673,-1.008,1.491,-0.000,-0.000,0.000,2.0
976,1.673,-1.008,1.491,-0.000,-0.000,0.000,2.0
977,1.673,-1.008,1.491,-0.000,-0.000,0.000,2.0
978,1.673,-1.008,1.491,-0.000,-0.000,0.000,2.0
979,1.673,-1.008,1.491,-0.000,-0.000,0.000,2.0
980,1.673,-1.008,1.491,-0.000,-0.000,0.000,2.0
981,1.673,-1.008,1.491,-0.000,-0.000,0.000,2.0
982,1.673,-1.008,1.491,-0.000,-0.000,0.000,2.0
983,1.673,-1.008,1.491,-0.000,-0.000,0.000,2.0
984,1.673,-1.008,1.491,-0.000,-0.000,0.000,2.0
985,1.673,-1.008,1.491,-0.000,-0.000,0.000,2.0
986,1.673,-1.008,1.491,-0.000,-0.000,0.000,2.0
987,1.673,-1.008,1.491,-0.000,-0.000,0.000,2.0
988,1.673,-1.008,1.491,-0.000,-0.000,0.000,2.0
989,1.673,-1.008,1.491,-0.000,-0.000,0.000,2.0
990,1.673,-1.008,1.491,-0.000,-0.000,0.000,2.0
991,1.673,-1.008,1.491,-0.000,-0.000,0.000,2.0
992,1.673,-1.008,1.491,-0.000,-0.000,0.000,2.0
993,1.673,-1.008,1.491,-0.000,-0.000,0.000,2.0
994,1.673,-1.008,1.491,-0.000,-0.000,0.000,2.0
995,1.673,-1.008,1.491,-0.000,-0.000,0.000,2.0
996,1.673,-1.008,1.491,-0.000,-0.000,0.000,2.0
997,1.673,-1.008,1.491,-0.000,-0.000,0.000,2.0
998,1.673,-1.008,1.491,-0.000,-0.000,0.000,2.0
999,1.673,-1.008,1.491,-0.000,-0.000,0.000,2.0
1000,1.673,-1.008,1.491,-0.000,-0.000,0.000,2.0
1001,1.673,-1.008,1.491,-0.000,-0.000,0.000,2.0
1002,1.673,-1.008,1.491,-0.000,-0.000,0.000,2.0
1003,1.673,-1.008,1.491,-0.000,-0.000,0.000,2.0
1004,1.673,-1.008,1.491,-0.000,-0.000,0.000,2.0
1005,1.673,-1.008,1.491,-0.000,-0.000,0.000,2.0
1006,1.673,-1.008,1.491,-0.000,-0.000,0.000,2.0
1007,1.673,-1.008,1.491,-0.000,-0.000,0.000,2.0
1008,1.673,-1.008,1.491,-0.000,-0.000,0.000,2.0
1009,1.673,-1.008,1.491,-0.000,-0.000,0.000,2.0
1010,1.673,-1.008,1.491,-0.000,-0.000,0.000,2.0
1011,1.673,-1.008,1.491,-0.000,-0.000,0.000,2.0
1012,1.673,-1.008,1.491,-0.000,-0.000,0.000,2.0
1013,1.673,-1.008,1.491,-0.000,-0.000,0.000,2.0
1014,1.673,-1.008,1.491,-0.000,-0.000,0.000,2.0
1015,1.673,-1.008,1.491,-0.000,-0.000,0.000,2.0
1016,1.673,-1.008,1.491,-0.000,-0.000,0.000,2.0
1017,1.673,-1.008,1.491,-0.000,-0.000,0.000,2.0
1018,1.673,-1.008,1.491,-0.000,-0.000,0.000,2.0
1019,1.673,-1.008,1.491,-0.000,-0.000,0.000,2.0
1020,1.673,-1.008,1.491,-0.000,-0.000,0.000,2.0
1021,1.673,-1.008,1.491,-0.000,-0.000,0.000,2.0
1022,1.673,-1.008,1.491,-0.000,-0.000,0.000,2.0
1023,1.673,-1.008,1.491,-0.000,-0.000,0.000,2.0
1024,1.673,-1.008,1.491,-0.000,-0.000,0.000,2.0
1025,1.673,-1.008,1.491,-0.000,-0.000,0.000,2.0
1026,1.673,-1.008,1.491,-0.000,-0.000,0.000,2.0
1027,1.673,-1.008,1.491,-0.000,-0.000,0.000,2.0
1028,1.673,-1.008,1.491,-0.000,-0.000,0.000,2.0
1029,1.673,-1.008,1.491,-0.000,-0.000,0.000,2.0
1030,1.673,-1.008,1.491,-0.000,-0.000,0.000,2.0
1031,1.673,-1.008,1.491,-0.000,-0.000,0.000,2.0
1032,1.673,-1.008,1.491,-0.000,-0.000,0.000,2.0
1033,1.673,-1.008,1.491,-0.000,-0.000,0.000,2.0
1034,1.673,-1.008,1.491,-0.000,-0.000,0.000,2.0
1035,1.673,-1.008,1.491,-0.000,-0.000,0.000,2.0
1036,1.673,-1.008,1.491,-0.000,-0.000,0.000,2.0
1037,1.673,-1.008,1.491,-0.000,-0.000,0.000,2.0
1038,1.673,-1.008,1.491,-0.000,-0.000,0.000,2.0
1039,1.673,-1.008,1.491,-0.000,-0.000,0.000,2.0
1040,1.673,-1.008,1.491,-0.000,-0.000,0.000,2.0
1041,1.673,-1.008,1.491,-0.000,-0.000,0.000,2.0
1042,1.673,-1.008,1.491,-0.000,-0.000,0.000,2.0
1043,1.673,-1.008,1.491,-0.000,-0.000,0.000,2.0
1044,1.673,-1.008,1.491,-0.000,-0.000,0.000,2.0
1045,1.673,-1.008,1.491,-0.000,-0.000,0.000,2.0
1046,1.673,-1.008,1.491,-0.000,-0.000,0.000,2.0
1047,1.673,-1.008,1.491,-0.000,-0.000,0.000,2.0
1048,1.673,-1.008,1.491,-0.000,-0.000,0.000,2.0
1049,1.673,-1.008,1.491,-0.000,-0.000,0.000,2.0
1050,1.673,-1.008,1.491,-0.000,-0.000,0.000,2.0
1051,1.673,-1.008,1.491,-0.000,-0.000,0.000,2.0
1052,1.673,-1.008,1.491,-0.000,-0.000,0.000,2.0
1053,1.673,-1.008,1.491,-0.000,-0.000,0.000,2.0
1054,1.673,-1.008,1.491,-0.000,-0.000,0.000,2.0
1055,1.673,-1.008,1.491,-0.000,-0.000,0.000,2.0
1056,1.673,-1.008,1.491,-0.000,-0.000,0.000,2.0
1057,1.673,-1.008,1.491,-0.000,-0.000,0.000,2.0
1058,1.673,-1.008,1.491,-0.000,-0.000,0.000,2.0
1059,1.673,-1.008,1.491,-0.000,-0.000,0.000,2.0
1060,1.673,-1.008,1.491,-0.000,-0.000,0.000,2.0
1061,1.673,-1.008,1.491,-0.000,-0.000,0.000,2.0
1062,1.673,-1.008,1.491,-0.000,-0.000,0.000,2.0
1063,1.673,-1.008,1.491,-0.000,-0.000,0.000,2.0
1064,1.673,-1.008,1.491,-0.000,-0.000,0.000,2.0
1065,1.673,-1.008,1.491,-0.000,-0.000,0.000,2.0
1066,1.673,-1.008,1.491,-0.000,-0.000,0.000,2.0
1067,1.673,-1.008,1.491,-0.000,-0.000,0.000,2.0
1068,1.673,-1.008,1.491,-0.000,-0.000,0.000,2.0
1069,1.673,-1.008,1.491,-0.000,-0.000,0.000,2.0
1070,1.673,-1.008,1.491,-0.000,-0.000,0.000,2.0
1071,1.673,-1.008,1.491,-0.000,-0.000,0.000,2.0
1072,1.673,-1.008,1.491,-0.000,-0.000,0.000,2.0
1073,1.673,-1.008,1.491,-0.000,-0.000,0.000,2.0
1074,1.673,-1.008,1.491,-0.000,-0.000,0.000,2.0
1075,1.673,-1.008,1.491,-0.000,-0.000,0.000,2.0
1076,1.673,-1.008,1.491,-0.000,-0.000,0.000,2.0
1077,1.673,-1.008,1.491,-0.000,-0.000,0.000,2.0
1078,1.673,-1.008,1.491,-0.000,-0.000,0.000,2.0
1079,1.673,-1.008,1.491,-0.000,-0.000,0.000,2.0
1080,1.673,-1.008,1.491,-0.000,-0.000,0.000,2.0
1081,1.673,-1.008,1.491,-0.000,-0.000,0.000,2.0
1082,1.673,-1.008,1.491,-0.000,-0.000,0.000,2.0
1083,1.673,-1.008,1.491,-0.000,-0.000,0.000,2.0
1084,1.673,-1.008,1.491,-0.000,-0.000,0.000,2.0
1085,1.673,-1.008,1.491,-0.000,-0.000,0.000,2.0
1086,1.673,-1.008,1.491,-0.000,-0.000,0.000,2.0
1087,1.673,-1.008,1.491,-0.000,-0.000,0.000,2.0
1088,1.673,-1.008,1.491,-0.000,-0.000,0.000,2.0
1089,1.673,-1.008,1.491,-0.000,-0.000,0.000,2.0
1090,1.673,-1.008,1.491,-0.000,-0.000,0.000,2.0
1091,1.673,-1.008,1.491,-0.000,-0.000,0.000,2.0
1092,1.673,-1.008,1.491,-0.000,-0.000,0.000,2.0
1093,1.673,-1.008,1.491,-0.000,-0.000,0.000,2.0
1094,1.673,-1.008,1.491,-0.000,-0.000,0.000,2.0
1095,1.673,-1.008,1.491,-0.000,-0.000,0.000,2.0
1096,1.673,-1.008,1.491,-0.000,-0.000,0.000,2.0
1097,1.673,-1.008,1.491,-0.000,-0.000,0.000,2.0
1098,1.673,-1.008,1.491,-0.000,-0.000,0.000,2.0
1099,1.673,-1.008,1.491,-0.000,-0.000,0.000,2.0
1100,1.673,-1.008,1.491,-0.000,-0.000,0.000,2.0
1101,1.673,-1.008,1.491,-0.000,-0.000,0.000,2.0
1102,1.673,-1.008,1.491,-0.000,-0.000,0.000,2.0
1103,1.673,-1.008,1.491,-0.000,-0.000,0.000,2.0
1104,1.673,-1.008,1.491,-0.000,-0.000,0.000,2.0
1105,1.673,-1.008,1.491,-0.000,-0.000,0.000,2.0
1106,1.673,-1.008,1.491,-0.000,-0.000,0.000,2.0
1107,1.673,-1.008,1.491,-0.000,-0.000,0.000,2.0
1108,1.673,-1.008,1.491,-0.000,-0.000,0.000,2.0
1109,1.673,-1.008,1.491,-0.000,-0.000,0.000,2.0
1110,1.673,-1.008,1.491,-0.000,-0.000,0.000,2.0
1111,1.673,-1.008,1.491,-0.000,-0.000,0.000,2.0
1112,1.673,-1.008,1.491,-0.000,-0.000,0.000,2.0
1113,1.673,-1.008,1.491,-0.000,-0.000,0.000,2.0
1114,1.673,-1.008,1.491,-0.000,-0.000,0.000,2.0
1115,1.673,-1.008,1.491,-0.000,-0.000,0.000,2.0
1116,1.673,-1.008,1.491,-0.000,-0.000,0.000,2.0
1117,1.673,-1.008,1.491,-0.000,-0.000,0.000,2.0
1118,1.673,-1.008,1.491,-0.000,-0.000,0.000,2.0
1119,1.673,-1.008,1.491,-0.000,-0.000,0.000,2.0
1120,1.673,-1.008,1.491,-0.000,-0.000,0.000,2.0
1121,1.673,-1.008,1.491,-0.000,-0.000,0.000,2.0
1122,1.673,-1.008,1.491,-0.000,-0.000,0.000,2.0
1123,1.673,-1.008,1.491,-0.000,-0.000,0.000,2.0
1124,1.673,-1.008,1.491,-0.000,-0.000,0.000,2.0
1125,1.673,-1.008,1.491,-0.000,-0.000,0.000,2.0
1126,1.673,-1.008,1.491,-0.000,-0.000,0.000,2.0
1127,1.673,-1.008,1.491,-0.000,-0.000,0.000,2.0
1128,1.673,-1.008,1.491,-0.000,-0.000,0.000,2.0
1129,1.673,-1.008,1.491,-0.000,-0.000,0.000,2.0
1130,1.673,-1.008,1.491,-0.000,-0.000,0.000,2.0
1131,1.673,-1.008,1.491,-0.000,-0.000,0.000,2.0
1132,1.673,-1.008,1.491,-0.000,-0.000,0.000,2.0
1133,1.673,-1.008,1.491,-0.000,-0.000,0.000,2.0
1134,1.673,-1.008,1.491,-0.000,-0.000,0.000,2.0
1135,1.673,-1.008,1.491,-0.000,-0.000,0.000,2.0
1136,1.673,-1.008,1.491,-0.000,-0.000,0.000,2.0
1137,1.673,-1.008,1.491,-0.000,-0.000,0.000,2.0
1138,1.673,-1.008,1.491,-0.000,-0.000,0.000,2.0
1139,1.673,-1.008,1.491,-0.000,-0.000,0.000,2.0
1140,1.673,-1.008,1.491,-0.000,-0.000,0.000,2.0
1141,1.673,-1.008,1.491,-0.000,-0.000,0.000,2.0
1142,1.673,-1.008,1.491,-0.000,-0.000,0.000,2.0
1143,1.673,-1.008,1.491,-0.000,-0.000,0.000,2.0
1144,1.673,-1.008,1.491,-0.000,-0.000,0.000,2.0
1145,1.673,-1.008,1.491,-0.000,-0.000,0.000,2.0
1146,1.673,-1.008,1.491,-0.000,-0.000,0.000,2.0
1147,1.673,-1.008,1.491,-0.000,-0.000,0.000,2.0
1148,1.673,-1.008,1.491,-0.000,-0.000,0.000,2.0
1149,1.673,-1.008,1.491,-0.000,-0.000,0.000,2.0
1150,1.673,-1.008,1.491,-0.000,-0.000,0.000,2.0
1151,1.673,-1.008,1.491,-0.000,-0.000,0.000,2.0
1152,1.673,-1.008,1.491,-0.000,-0.000,0.000,2.0
1153,1.673,-1.008,1.491,-0.000,-0.000,0.000,2.0
1154,1.673,-1.008,1.491,-0.000,-0.000,0.000,2.0
1155,1.673,-1.008,1.491,-0.000,-0.000,0.000,2.0
1156,1.673,-1.008,1.491,-0.000,-0.000,0.000,2.0
1157,1.673,-1.008,1.491,-0.000,-0.000,0.000,2.0
1158,1.673,-1.008,1.491,-0.000,-0.000,0.000,2.0
1159,1.673,-1.008,1.491,-0.000,-0.000,0.000,2.0
1160,1.673,-1.008,1.491,-0.000,-0.000,0.000,2.0
1161,1.673,-1.008,1.491,-0.000,-0.000,0.000,2.0
1162,1.673,-1.008,1.491,-0.000,-0.000,0.000,2.0
1163,1.673,-1.008,1.491,-0.000,-0.000,0.000,2.0
1164,1.673,-1.008,1.491,-0.000,-0.000,0.000,2.0
1165,1.673,-1.008,1.491,-0.000,-0.000,0.000,2.0
1166,1.673,-1.008,1.491,-0.000,-0.000,0.000,2.0
1167,1.673,-1.008,1.491,-0.000,-0.000,0.000,2.0
1168,1.673,-1.008,1.491,-0.000,-0.000,0.000,2.0
1169,1.673,-1.008,1.491,-0.000,-0.000,0.000,2.0
1170,1.673,-1.008,1.491,-0.000,-0.000,0.000,2.0
1171,1.673,-1.008,1.491,-0.000,-0.000,0.000,2.0
1172,1.673,-1.008,1.491,-0.000,-0.000,0.000,2.0
1173,1.673,-1.008,1.491,-0.000,-0.000,0.000,2.0
1174,1.673,-1.008,1.491,-0.000,-0.000,0.000,2.0
1175,1.673,-1.008,1.491,-0.000,-0.000,0.000,2.0
1176,1.673,-1.008,1.491,-0.000,-0.000,0.000,2.0
1177,1.673,-1.008,1.491,-0.000,-0.000,0.000,2.0
1178,1.673,-1.008,1.491,-0.000,-0.000,0.000,2.0
1179,1.673,-1.008,1.491,-0.000,-0.000,0.000,2.0
1180,1.673,-1.008,1.491,-0.000,-0.000,0.000,2.0
1181,1.673,-1.008,1.491,-0.000,-0.000,0.000,2.0
1182,1.673,-1.008,1.491,-0.000,-0.000,0.000,2.0
1183,1.673,-1.008,1.491,-0.000,-0.000,0.000,2.0
1184,1.673,-1.008,1.491,-0.000,-0.000,0.000,2.0
1185,1.673,-1.008,1.491,-0.000,-0.000,0.000,2.0
1186,1.673,-1.008,1.491,-0.000,-0.000,0.000,2.0
1187,1.673,-1.008,1.491,-0.000,-0.000,0.000,2.0
1188,1.673,-1.008,1.491,-0.000,-0.000,0.000,2.0
1189,1.673,-1.008,1.491,-0.000,-0.000,0.000,2.0
1190,1.673,-1.008,1.491,-0.000,-0.000,0.000,2.0
1191,1.673,-1.008,1.491,-0.000,-0.000,0.000,2.0
1192,1.673,-1.008,1.491,-0.000,-0.000,0.000,2.0
1193,1.673,-1.008,1.491,-0.000,-0.000,0.000,2.0
1194,1.673,-1.008,1.491,-0.000,-0.000,0.000,2.0
1195,1.673,-1.008,1.491,-0.000,-0.000,0.000,2.0
1196,1.673,-1.008,1.491,-0.000,-0.000,0.000,2.0
1197,1.673,-1.008,1.491,-0.000,-0.000,0.000,2.0
1198,1.673,-1.008,1.491,-0.000,-0.000,0.000,2.0
1199,1.673,-1.008,1.491,-0.000,-0.000,0.000,2.0
1200,1.673,-1.008,1.491,-0.000,-0.000,0.000,2.0
