1,-5.513,-0.708,0.000,0.000,0.000,-0.008,-1
2,-5.513,-0.708,0.000,0.000,0.000,-0.009,-1
3,-5.513,-0.708,0.000,0.000,0.000,-0.005,-1
4,-5.513,-0.708,0.000,0.000,0.000,-0.006,-1
5,-5.513,-0.708,0.000,0.000,0.000,-0.007,-1
6,-5.513,-0.708,0.000,0.000,0.000,-0.006,-1
7,-5.513,-0.708,0.000,0.000,0.000,-0.006,-1
8,-5.513,-0.708,0.000,0.000,0.000,-0.007,-1
9,-5.513,-0.708,0.000,0.000,0.000,-0.006,-1
10,-5.513,-0.708,0.000,0.000,0.000,-0.006,3
11,-5.510,-0.708,0.000,-0.054,-0.013,0.009,3
12,-5.506,-0.708,0.000,-0.290,-0.027,0.008,3
13,-5.503,-0.708,0.000,-0.708,-0.040,0.004,3
14,-5.500,-0.708,0.000,-1.304,-0.054,0.003,3
15,-5.497,-0.708,0.000,-2.070,-0.068,0.003,3
16,-5.494,-0.708,0.000,-3.006,-0.082,0.002,3
17,-5.491,-0.708,0.000,-4.116,-0.097,-0.002,3
18,-5.487,-0.708,0.000,-5.413,-0.112,-0.005,3
19,-5.484,-0.708,0.000,-6.914,-0.127,-0.010,3
20,-5.480,-0.708,0.000,-8.602,-0.141,-0.023,3
21,-5.476,-0.709,0.000,-10.391,-0.158,-0.026,3
22,-5.472,-0.709,0.000,-12.428,-0.175,-0.031,3
23,-5.468,-0.710,0.000,-14.673,-0.187,-0.061,3
24,-5.464,-0.712,0.000,-16.908,-0.205,-0.066,3
25,-5.459,-0.713,0.000,-19.171,-0.222,-0.075,3
26,-5.455,-0.715,0.000,-21.647,-0.241,-0.086,3
27,-5.450,-0.717,0.000,-24.364,-0.247,-0.124,3
28,-5.446,-0.719,0.000,-27.094,-0.272,-0.121,3
29,-5.441,-0.721,0.000,-29.865,-0.282,-0.152,3
30,-5.436,-0.724,0.000,-32.664,-0.290,-0.185,3
31,-5.431,-0.728,0.000,-35.462,-0.292,-0.224,3
32,-5.427,-0.731,0.000,-38.181,-0.311,-0.238,3
33,-5.422,-0.735,0.000,-40.806,-0.317,-0.270,3
34,-5.417,-0.739,0.000,-43.039,-0.327,-0.298,3
35,-5.413,-0.744,0.000,-44.952,-0.336,-0.327,3
36,-5.408,-0.748,0.000,-46.653,-0.344,-0.356,3
37,-5.404,-0.753,0.000,-48.197,-0.351,-0.385,3
38,-5.400,-0.757,0.000,-49.629,-0.345,-0.425,3
39,-5.396,-0.762,0.000,-50.979,-0.359,-0.447,3
40,-5.392,-0.767,0.000,-52.234,-0.365,-0.475,3
41,-5.389,-0.772,0.000,-53.376,-0.367,-0.505,3
42,-5.385,-0.777,0.000,-54.436,-0.388,-0.521,3
43,-5.382,-0.782,0.000,-55.446,-0.389,-0.553,3
44,-5.378,-0.787,0.000,-56.388,-0.391,-0.584,3
45,-5.375,-0.792,0.000,-57.233,-0.398,-0.610,3
46,-5.371,-0.797,0.000,-58.019,-0.408,-0.635,3
47,-5.368,-0.803,0.000,-58.752,-0.408,-0.666,3
48,-5.365,-0.808,0.000,-59.422,-0.414,-0.693,3
49,-5.362,-0.813,0.000,-60.041,-0.421,-0.719,3
50,-5.359,-0.819,0.000,-60.617,-0.427,-0.746,3
51,-5.356,-0.824,0.000,-61.163,-0.414,-0.782,3
52,-5.352,-0.830,0.000,-61.644,-0.445,-0.797,3
53,-5.350,-0.835,0.000,-62.019,-0.430,-0.831,3
54,-5.347,-0.840,0.000,-62.369,-0.440,-0.854,3
55,-5.344,-0.845,0.000,-62.698,-0.449,-0.877,3
56,-5.342,-0.850,0.000,-62.988,-0.454,-0.901,3
57,-5.339,-0.855,0.000,-63.232,-0.466,-0.922,3
58,-5.337,-0.860,0.000,-63.459,-0.461,-0.951,3
59,-5.334,-0.865,0.000,-63.688,-0.484,-0.966,3
60,-5.332,-0.870,0.000,-63.925,-0.473,-0.997,3
61,-5.329,-0.875,0.000,-64.106,-0.483,-1.017,3
62,-5.327,-0.880,0.000,-64.199,-0.498,-1.035,3
63,-5.325,-0.885,0.000,-64.182,-0.507,-1.055,3
64,-5.322,-0.889,0.000,-64.080,-0.516,-1.075,3
65,-5.320,-0.894,0.000,-63.909,-0.528,-1.093,3
66,-5.318,-0.899,0.000,-63.686,-0.556,-1.104,3
67,-5.315,-0.903,0.000,-63.469,-0.561,-1.125,3
68,-5.313,-0.908,0.000,-63.260,-0.578,-1.140,3
69,-5.311,-0.912,0.000,-62.972,-0.588,-1.158,3
70,-5.309,-0.917,0.000,-62.674,-0.607,-1.172,3
71,-5.306,-0.921,0.000,-62.332,-0.617,-1.189,3
72,-5.304,-0.925,0.000,-61.928,-0.632,-1.203,3
73,-5.302,-0.929,0.000,-61.467,-0.654,-1.214,3
74,-5.300,-0.933,0.000,-60.965,-0.675,-1.224,3
75,-5.297,-0.937,0.000,-60.432,-0.695,-1.235,3
76,-5.295,-0.941,0.000,-59.874,-0.716,-1.245,3
77,-5.293,-0.945,0.000,-59.298,-0.755,-1.244,3
78,-5.290,-0.949,0.000,-58.718,-0.746,-1.270,3
79,-5.288,-0.953,0.000,-58.109,-0.792,-1.265,3
80,-5.286,-0.957,0.000,-57.460,-0.811,-1.275,3
81,-5.283,-0.961,0.000,-56.765,-0.830,-1.284,3
82,-5.281,-0.964,0.000,-56.085,-0.857,-1.287,3
83,-5.278,-0.968,0.000,-55.414,-0.896,-1.281,3
84,-5.276,-0.971,0.000,-54.765,-0.901,-1.301,3
85,-5.273,-0.975,0.000,-54.091,-0.931,-1.301,3
86,-5.271,-0.978,0.000,-53.409,-0.966,-1.297,3
87,-5.268,-0.982,0.000,-52.714,-0.986,-1.302,3
88,-5.266,-0.985,0.000,-52.037,-1.018,-1.299,3
89,-5.263,-0.988,0.000,-51.378,-1.038,-1.303,3
90,-5.261,-0.991,0.000,-50.682,-1.055,-1.311,3
91,-5.258,-0.994,0.000,-50.019,-1.111,-1.285,3
92,-5.256,-0.997,0.000,-49.394,-1.107,-1.307,3
93,-5.253,-1.000,0.000,-48.766,-1.149,-1.291,3
94,-5.250,-1.003,0.000,-48.098,-1.173,-1.290,3
95,-5.248,-1.006,0.000,-47.470,-1.176,-1.307,3
96,-5.245,-1.009,0.000,-46.827,-1.210,-1.296,3
97,-5.243,-1.011,0.000,-46.175,-1.250,-1.278,3
98,-5.240,-1.014,0.000,-45.521,-1.258,-1.290,3
99,-5.237,-1.017,0.000,-44.864,-1.294,-1.277,3
100,-5.235,-1.019,0.000,-44.159,-1.322,-1.267,3
101,-5.232,-1.022,0.000,-43.316,-1.346,-1.262,3
102,-5.229,-1.024,0.000,-42.483,-1.373,-1.254,3
103,-5.226,-1.027,0.000,-41.672,-1.401,-1.243,3
104,-5.224,-1.029,0.000,-40.883,-1.425,-1.237,3
105,-5.221,-1.032,0.000,-40.114,-1.449,-1.232,3
106,-5.218,-1.034,0.000,-39.368,-1.489,-1.205,3
107,-5.215,-1.036,0.000,-38.640,-1.497,-1.218,3
108,-5.212,-1.039,0.000,-37.926,-1.548,-1.174,3
109,-5.209,-1.041,0.000,-37.213,-1.553,-1.191,3
110,-5.206,-1.043,0.000,-36.507,-1.578,-1.181,3
111,-5.203,-1.045,0.000,-35.812,-1.607,-1.165,3
112,-5.200,-1.047,0.000,-35.118,-1.633,-1.152,3
113,-5.197,-1.049,0.000,-34.427,-1.657,-1.142,3
114,-5.194,-1.051,0.000,-33.740,-1.682,-1.131,3
115,-5.191,-1.053,0.000,-33.059,-1.707,-1.117,3
116,-5.188,-1.055,0.000,-32.400,-1.737,-1.097,3
117,-5.185,-1.057,0.000,-31.829,-1.763,-1.082,3
118,-5.182,-1.059,0.000,-31.223,-1.784,-1.073,3
119,-5.179,-1.061,0.000,-30.589,-1.804,-1.065,3
120,-5.176,-1.063,0.000,-29.949,-1.827,-1.053,3
121,-5.173,-1.065,0.000,-29.342,-1.850,-1.040,3
122,-5.170,-1.066,0.000,-28.799,-1.875,-1.022,3
123,-5.167,-1.068,0.000,-28.220,-1.898,-1.008,3
124,-5.164,-1.070,0.000,-27.620,-1.918,-0.998,3
125,-5.161,-1.071,0.000,-27.014,-1.940,-0.984,3
126,-5.158,-1.073,0.000,-26.407,-1.963,-0.968,3
127,-5.154,-1.074,0.000,-25.807,-1.985,-0.953,3
128,-5.151,-1.076,0.000,-25.215,-2.007,-0.939,3
129,-5.148,-1.077,0.000,-24.632,-2.028,-0.924,3
130,-5.145,-1.078,0.000,-24.058,-2.032,-0.901,3
131,-5.142,-1.080,0.000,-23.495,-2.027,-0.876,3
132,-5.139,-1.081,0.000,-22.942,-2.023,-0.850,3
133,-5.136,-1.082,0.000,-22.400,-2.019,-0.826,3
134,-5.132,-1.084,0.000,-21.867,-2.014,-0.802,3
135,-5.129,-1.085,0.000,-21.344,-2.009,-0.779,3
136,-5.126,-1.086,0.000,-20.830,-2.004,-0.757,3
137,-5.123,-1.087,0.000,-20.326,-1.999,-0.734,3
138,-5.120,-1.089,0.000,-19.832,-1.994,-0.713,3
139,-5.117,-1.090,0.000,-19.347,-1.988,-0.692,3
140,-5.114,-1.091,0.000,-18.872,-1.982,-0.672,3
141,-5.110,-1.092,0.000,-18.407,-1.977,-0.652,3
142,-5.107,-1.093,0.000,-17.952,-1.971,-0.633,3
143,-5.104,-1.094,0.000,-17.506,-1.965,-0.614,3
144,-5.101,-1.095,0.000,-17.071,-1.959,-0.596,3
145,-5.098,-1.096,0.000,-16.646,-1.953,-0.578,3
146,-5.095,-1.097,0.000,-16.232,-1.947,-0.561,3
147,-5.092,-1.097,0.000,-15.831,-1.941,-0.544,3
148,-5.089,-1.098,0.000,-15.446,-1.934,-0.529,3
149,-5.086,-1.099,0.000,-15.077,-1.927,-0.513,3
150,-5.083,-1.100,0.000,-14.728,-1.919,-0.500,3
151,-5.080,-1.101,0.000,-14.392,-1.909,-0.491,3
152,-5.077,-1.101,0.000,-14.034,-1.904,-0.466,3
153,-5.074,-1.102,0.000,-13.694,-1.894,-0.460,3
154,-5.072,-1.103,0.000,-13.376,-1.882,-0.461,3
155,-5.070,-1.103,0.000,-13.071,-1.878,-0.415,3
156,-5.066,-1.104,0.000,-12.834,-1.864,-0.434,3
157,-5.063,-1.105,0.000,-12.617,-1.857,-0.419,3
158,-5.060,-1.105,0.000,-12.406,-1.848,-0.410,3
159,-5.058,-1.106,0.000,-12.200,-1.839,-0.404,3
160,-5.055,-1.106,0.000,-11.999,-1.832,-0.390,3
161,-5.052,-1.107,0.000,-11.800,-1.823,-0.380,3
162,-5.049,-1.108,0.000,-11.598,-1.813,-0.379,3
163,-5.046,-1.108,0.000,-11.401,-1.808,-0.354,3
164,-5.043,-1.109,0.000,-11.205,-1.795,-0.371,3
165,-5.040,-1.109,0.000,-11.008,-1.794,-0.328,3
166,-5.037,-1.110,0.000,-10.813,-1.776,-0.369,3
167,-5.034,-1.110,0.000,-10.621,-1.779,-0.306,3
168,-5.032,-1.111,0.000,-10.432,-1.764,-0.337,3
169,-5.029,-1.112,0.000,-10.246,-1.762,-0.299,3
170,-5.026,-1.112,0.000,-10.061,-1.746,-0.336,3
171,-5.023,-1.113,0.000,-9.877,-1.745,-0.294,3
172,-5.020,-1.113,0.000,-9.695,-1.734,-0.309,3
173,-5.017,-1.114,0.000,-9.517,-1.727,-0.300,3
174,-5.014,-1.114,0.000,-9.346,-1.721,-0.282,3
175,-5.011,-1.115,0.000,-9.171,-1.713,-0.280,3
176,-5.008,-1.115,0.000,-8.997,-1.708,-0.262,3
177,-5.005,-1.116,0.000,-8.825,-1.698,-0.274,3
178,-5.002,-1.116,0.000,-8.653,-1.692,-0.266,3
179,-4.999,-1.116,0.000,-8.483,-1.686,-0.255,3
180,-4.996,-1.117,0.000,-8.315,-1.679,-0.248,3
181,-4.993,-1.117,0.000,-8.154,-1.673,-0.245,3
182,-4.990,-1.118,0.000,-8.019,-1.668,-0.227,3
183,-4.987,-1.118,0.000,-7.886,-1.661,-0.226,3
184,-4.984,-1.119,0.000,-7.754,-1.655,-0.214,3
185,-4.982,-1.119,0.000,-7.622,-1.644,-0.232,3
186,-4.979,-1.119,0.000,-7.490,-1.638,-0.216,3
187,-4.976,-1.120,0.000,-7.360,-1.629,-0.224,3
188,-4.974,-1.120,0.000,-7.236,-1.624,-0.200,3
189,-4.971,-1.120,0.000,-7.127,-1.613,-0.215,3
190,-4.969,-1.121,0.000,-7.005,-1.606,-0.207,3
191,-4.966,-1.121,0.000,-6.883,-1.600,-0.195,3
192,-4.963,-1.121,0.000,-6.765,-1.595,-0.175,3
193,-4.961,-1.121,0.000,-6.648,-1.583,-0.206,3
194,-4.958,-1.122,0.000,-6.523,-1.580,-0.172,3
195,-4.955,-1.122,0.000,-6.396,-1.572,-0.169,3
196,-4.953,-1.122,0.000,-6.274,-1.563,-0.187,3
197,-4.950,-1.123,0.000,-6.140,-1.557,-0.174,3
198,-4.948,-1.123,0.000,-6.003,-1.551,-0.149,3
199,-4.945,-1.123,0.000,-5.867,-1.539,-0.176,3
200,-4.943,-1.123,0.000,-5.725,-1.533,-0.156,3
201,-4.941,-1.124,0.000,-5.581,-1.525,-0.145,3
202,-4.938,-1.124,0.000,-5.439,-1.515,-0.161,3
203,-4.936,-1.124,0.000,-5.300,-1.510,-0.115,3
204,-4.934,-1.124,0.000,-5.163,-1.496,-0.168,3
205,-4.932,-1.124,0.000,-5.026,-1.492,-0.116,3
206,-4.930,-1.125,0.000,-4.887,-1.481,-0.132,3
207,-4.928,-1.125,0.000,-4.745,-1.471,-0.116,3
208,-4.926,-1.125,0.000,-4.586,-1.462,-0.107,3
209,-4.924,-1.125,0.000,-4.434,-1.451,-0.126,3
210,-4.922,-1.125,0.000,-4.298,-1.441,-0.117,3
211,-4.920,-1.125,0.000,-4.180,-1.432,-0.103,3
212,-4.918,-1.126,0.000,-4.079,-1.421,-0.105,3
213,-4.916,-1.126,0.000,-3.992,-1.411,-0.107,3
214,-4.914,-1.126,0.000,-3.918,-1.402,-0.102,3
215,-4.912,-1.126,0.000,-3.856,-1.393,-0.098,3
216,-4.910,-1.126,0.000,-3.802,-1.385,-0.083,3
217,-4.908,-1.126,0.000,-3.767,-1.373,-0.099,3
218,-4.906,-1.126,0.000,-3.733,-1.366,-0.080,3
219,-4.904,-1.127,0.000,-3.698,-1.356,-0.108,3
220,-4.902,-1.127,0.000,-3.666,-1.348,-0.079,3
221,-4.900,-1.127,0.000,-3.635,-1.338,-0.097,3
222,-4.898,-1.127,0.000,-3.601,-1.328,-0.091,3
223,-4.896,-1.127,0.000,-3.565,-1.320,-0.078,3
224,-4.894,-1.127,0.000,-3.529,-1.308,-0.093,4
225,-4.891,-1.127,0.000,-3.460,-1.306,-0.089,4
226,-4.888,-1.127,0.000,-3.249,-1.301,-0.077,4
227,-4.885,-1.127,0.000,-2.838,-1.297,-0.068,4
228,-4.882,-1.127,0.000,-2.216,-1.294,-0.056,4
229,-4.878,-1.127,0.000,-1.411,-1.291,-0.038,4
230,-4.874,-1.127,0.000,-0.494,-1.291,-0.003,4
231,-4.872,-1.127,0.000,0.438,-1.286,0.001,4
232,-4.874,-1.127,0.000,1.316,-1.259,0.015,4
233,-4.873,-1.127,0.000,2.120,-1.246,0.066,9
234,-4.870,-1.127,0.000,2.896,-1.242,0.054,9
235,-4.870,-1.127,0.000,3.706,-1.226,0.071,9
236,-4.866,-1.127,0.000,4.544,-1.224,0.099,14
237,-4.864,-1.127,0.000,5.440,-1.216,0.126,14
238,-4.861,-1.126,0.000,6.541,-1.210,0.146,16
239,-4.854,-1.125,0.000,7.821,-1.222,0.171,16
240,-4.847,-1.124,0.000,9.188,-1.233,0.189,16
241,-4.841,-1.123,0.000,10.577,-1.239,0.243,16
242,-4.834,-1.121,0.000,11.940,-1.246,0.276,14
243,-4.832,-1.121,0.000,13.326,-1.236,0.291,16
244,-4.826,-1.119,0.000,14.795,-1.241,0.326,16
245,-4.820,-1.117,0.000,16.341,-1.243,0.373,16
246,-4.813,-1.115,0.000,17.860,-1.250,0.399,16
247,-4.807,-1.113,0.000,19.410,-1.248,0.445,16
248,-4.802,-1.111,0.000,21.113,-1.250,0.476,16
249,-4.796,-1.109,0.000,22.837,-1.243,0.528,16
250,-4.790,-1.106,0.000,24.543,-1.235,0.576,16
251,-4.784,-1.103,0.000,26.425,-1.235,0.607,16
252,-4.779,-1.100,0.000,28.347,-1.220,0.665,16
253,-4.773,-1.097,0.000,30.208,-1.216,0.699,16
254,-4.768,-1.094,0.000,32.127,-1.191,0.765,16
255,-4.763,-1.091,0.000,34.019,-1.192,0.786,16
256,-4.758,-1.087,0.000,35.857,-1.169,0.843,16
257,-4.753,-1.083,0.000,37.661,-1.153,0.886,16
258,-4.748,-1.079,0.000,39.435,-1.138,0.927,16
259,-4.743,-1.075,0.000,41.151,-1.119,0.970,16
260,-4.738,-1.071,0.000,42.796,-1.100,1.012,16
261,-4.734,-1.067,0.000,44.367,-1.081,1.051,16
262,-4.730,-1.062,0.000,45.886,-1.050,1.100,16
263,-4.725,-1.058,0.000,47.313,-1.036,1.132,16
264,-4.721,-1.053,0.000,48.719,-1.025,1.160,16
265,-4.717,-1.048,0.000,50.176,-1.008,1.194,16
266,-4.713,-1.044,0.000,51.613,-0.971,1.241,16
267,-4.710,-1.039,0.000,53.005,-0.947,1.277,16
268,-4.706,-1.034,0.000,54.347,-0.947,1.293,16
269,-4.703,-1.029,0.000,55.666,-0.895,1.346,16
270,-4.699,-1.024,0.000,56.930,-0.889,1.367,16
271,-4.696,-1.020,0.000,58.159,-0.869,1.393,16
272,-4.693,-1.015,0.000,59.390,-0.836,1.428,16
273,-4.690,-1.010,0.000,60.536,-0.813,1.454,16
274,-4.688,-1.005,0.000,61.652,-0.806,1.471,16
275,-4.685,-1.000,0.000,62.744,-0.764,1.507,16
276,-4.683,-0.995,0.000,63.796,-0.741,1.533,16
277,-4.680,-0.990,0.000,64.774,-0.746,1.545,16
278,-4.678,-0.985,0.000,65.723,-0.689,1.583,16
279,-4.675,-0.980,0.000,66.639,-0.699,1.592,16
280,-4.673,-0.975,0.000,67.550,-0.675,1.615,16
281,-4.671,-0.970,0.000,68.423,-0.651,1.636,16
282,-4.669,-0.965,0.000,69.251,-0.633,1.655,16
283,-4.667,-0.960,0.000,70.053,-0.609,1.678,16
284,-4.665,-0.955,0.000,70.820,-0.591,1.698,16
285,-4.664,-0.950,0.000,71.570,-0.571,1.715,16
286,-4.662,-0.945,0.000,72.300,-0.554,1.731,16
287,-4.661,-0.940,0.000,72.981,-0.526,1.750,16
288,-4.659,-0.936,0.000,73.656,-0.525,1.760,16
289,-4.658,-0.931,0.000,74.322,-0.507,1.774,16
290,-4.657,-0.927,0.000,74.982,-0.485,1.790,16
291,-4.655,-0.922,0.000,75.636,-0.448,1.809,16
292,-4.654,-0.918,0.000,76.268,-0.437,1.820,16
293,-4.653,-0.914,0.000,76.894,-0.425,1.831,16
294,-4.652,-0.909,0.000,77.522,-0.404,1.844,16
295,-4.651,-0.905,0.000,78.151,-0.393,1.854,16
296,-4.651,-0.901,0.000,78.803,-0.379,1.864,16
297,-4.650,-0.897,0.000,79.454,-0.357,1.877,16
298,-4.649,-0.892,0.000,80.104,-0.337,1.888,16
299,-4.648,-0.888,0.000,80.751,-0.295,1.902,16
300,-4.648,-0.884,0.000,81.394,-0.307,1.907,16
301,-4.647,-0.880,0.000,82.029,-0.243,1.923,16
302,-4.647,-0.877,0.000,82.661,-0.271,1.925,16
303,-4.646,-0.873,0.000,83.284,-0.225,1.937,16
304,-4.646,-0.869,0.000,83.904,-0.197,1.946,16
305,-4.645,-0.865,0.000,84.530,-0.180,1.953,16
306,-4.645,-0.862,0.000,85.164,-0.163,1.960,16
307,-4.645,-0.858,0.000,85.803,-0.154,1.966,16
308,-4.644,-0.855,0.000,86.445,-0.125,1.974,16
309,-4.644,-0.851,0.000,87.094,-0.097,1.980,16
310,-4.644,-0.848,0.000,87.742,-0.088,1.985,16
311,-4.644,-0.844,0.000,88.398,-0.046,1.991,16
312,-4.644,-0.841,0.000,89.067,-0.021,1.996,16
313,-4.644,-0.838,0.000,89.737,-0.006,2.000,16
314,-4.644,-0.835,0.000,90.410,0.017,2.004,16
315,-4.644,-0.831,0.000,91.085,0.029,2.008,16
316,-4.644,-0.828,0.000,91.762,0.053,2.012,16
317,-4.644,-0.825,0.000,92.438,0.103,2.014,16
318,-4.644,-0.822,0.000,93.111,0.085,2.019,16
319,-4.645,-0.819,0.000,93.775,0.165,2.018,16
320,-4.645,-0.816,0.000,94.441,0.141,2.023,16
321,-4.645,-0.813,0.000,95.105,0.205,2.022,16
322,-4.645,-0.810,0.000,95.766,0.177,2.028,16
323,-4.646,-0.807,0.000,96.421,0.241,2.025,16
324,-4.646,-0.804,0.000,97.074,0.243,2.028,16
325,-4.646,-0.801,0.000,97.730,0.271,2.028,16
326,-4.647,-0.798,0.000,98.396,0.295,2.028,16
327,-4.647,-0.795,0.000,99.068,0.338,2.025,16
328,-4.648,-0.793,0.000,99.758,0.351,2.024,16
329,-4.648,-0.790,0.000,100.454,0.372,2.023,16
330,-4.649,-0.787,0.000,101.152,0.390,2.023,16
331,-4.649,-0.784,0.000,101.853,0.424,2.018,16
332,-4.650,-0.782,0.000,102.565,0.449,2.015,16
333,-4.651,-0.779,0.000,103.321,0.470,2.013,16
334,-4.651,-0.776,0.000,104.071,0.507,2.007,16
335,-4.652,-0.774,0.000,104.822,0.526,2.004,16
336,-4.651,-0.776,0.000,105.572,0.548,1.977,16
337,-4.652,-0.773,0.000,106.272,0.576,1.972,16
338,-4.653,-0.771,0.000,106.954,0.598,1.968,16
339,-4.654,-0.768,0.000,107.614,0.616,1.965,16
340,-4.655,-0.766,0.000,108.257,0.640,1.960,16
341,-4.656,-0.763,0.000,108.889,0.664,1.955,16
342,-4.656,-0.761,0.000,109.517,0.686,1.949,16
343,-4.657,-0.758,0.000,110.143,0.707,1.944,16
344,-4.658,-0.756,0.000,110.764,0.743,1.932,16
345,-4.659,-0.754,0.000,111.439,0.768,1.924,16
346,-4.660,-0.752,0.000,112.066,0.782,1.919,16
347,-4.661,-0.750,0.000,112.662,0.785,1.918,16
348,-4.661,-0.749,0.000,113.279,0.812,1.905,16
349,-4.662,-0.747,0.000,113.844,0.836,1.892,16
350,-4.663,-0.746,0.000,114.290,0.845,1.885,16
351,-4.663,-0.744,0.000,114.527,0.850,1.880,16
352,-4.664,-0.743,0.000,114.575,0.852,1.875,16
353,-4.665,-0.742,0.000,114.465,0.847,1.873,16
354,-4.665,-0.741,0.000,114.242,0.838,1.873,16
355,-4.666,-0.740,0.000,113.975,0.825,1.876,16
356,-4.666,-0.739,0.000,113.708,0.820,1.874,16
357,-4.666,-0.738,0.000,113.450,0.809,1.874,16
358,-4.667,-0.737,0.000,113.197,0.797,1.875,16
359,-4.667,-0.736,0.000,112.909,0.786,1.875,16
360,-4.668,-0.735,0.000,112.500,0.772,1.875,16
361,-4.668,-0.735,0.000,111.827,0.748,1.879,16
362,-4.668,-0.734,0.000,110.995,0.731,1.879,16
363,-4.669,-0.734,0.000,110.146,0.674,1.896,16
364,-4.668,-0.734,0.000,109.313,0.670,1.886,16
365,-4.669,-0.732,0.000,108.449,0.617,1.905,16
366,-4.669,-0.733,0.000,107.508,0.628,1.890,16
367,-4.669,-0.732,0.000,106.559,0.551,1.910,16
368,-4.669,-0.732,0.000,105.604,0.560,1.901,16
369,-4.669,-0.731,0.000,104.633,0.487,1.917,16
370,-4.669,-0.730,0.000,103.599,0.493,1.909,16
371,-4.669,-0.731,0.000,102.520,0.392,1.920,16
372,-4.669,-0.729,0.000,101.433,0.406,1.919,16
373,-4.670,-0.726,0.000,100.338,0.386,1.930,16
374,-4.670,-0.727,0.000,99.249,0.283,1.935,16
375,-4.670,-0.728,0.000,98.184,0.316,1.918,16
376,-4.670,-0.727,0.000,97.170,0.244,1.928,16
377,-4.670,-0.729,0.000,96.205,0.160,1.919,16
378,-4.669,-0.730,0.000,95.268,0.216,1.902,16
379,-4.670,-0.729,0.000,94.366,0.156,1.908,16
380,-4.669,-0.732,0.000,93.465,0.068,1.893,16
381,-4.669,-0.733,0.000,92.567,0.116,1.880,16
382,-4.669,-0.732,0.000,91.685,0.039,1.882,16
383,-4.669,-0.734,0.000,90.831,-0.002,1.865,16
384,-4.669,-0.734,0.000,89.998,0.033,1.859,16
385,-4.669,-0.735,0.000,89.189,-0.063,1.849,14
386,-4.669,-0.741,0.000,88.405,-0.043,1.814,16
387,-4.669,-0.741,0.000,87.656,-0.029,1.812,16
388,-4.669,-0.742,0.000,86.927,-0.131,1.796,16
389,-4.669,-0.743,0.000,86.217,-0.103,1.785,16
390,-4.669,-0.743,0.000,85.537,-0.149,1.779,16
391,-4.670,-0.745,0.000,84.881,-0.169,1.760,16
392,-4.669,-0.745,0.000,84.270,-0.155,1.757,16
393,-4.670,-0.746,0.000,83.721,-0.211,1.738,16
394,-4.670,-0.747,0.000,83.188,-0.203,1.732,16
395,-4.670,-0.749,0.000,82.702,-0.228,1.714,16
396,-4.670,-0.748,0.000,82.269,-0.241,1.709,16
397,-4.670,-0.750,0.000,81.887,-0.237,1.693,16
398,-4.670,-0.751,0.000,81.522,-0.263,1.679,16
399,-4.670,-0.751,0.000,81.189,-0.267,1.668,16
400,-4.671,-0.753,0.000,80.953,-0.245,1.657,16
401,-4.671,-0.755,0.000,80.781,-0.273,1.639,16
402,-4.671,-0.756,0.000,80.688,-0.251,1.630,16
403,-4.672,-0.757,0.000,80.704,-0.271,1.615,16
404,-4.672,-0.759,0.000,81.108,-0.256,1.607,16
405,-4.673,-0.760,0.000,81.752,-0.218,1.603,16
406,-4.673,-0.762,0.000,82.465,-0.232,1.586,16
407,-4.673,-0.762,0.000,83.199,-0.180,1.584,16
408,-4.673,-0.764,0.000,83.947,-0.180,1.571,16
409,-4.673,-0.764,0.000,84.706,-0.147,1.567,16
410,-4.674,-0.766,0.000,85.487,-0.121,1.555,16
411,-4.674,-0.767,0.000,86.305,-0.109,1.545,16
412,-4.674,-0.768,0.000,87.261,-0.081,1.533,16
413,-4.674,-0.770,0.000,88.320,-0.026,1.523,16
414,-4.674,-0.771,0.000,89.401,-0.019,1.511,16
415,-4.674,-0.772,0.000,90.508,0.020,1.502,16
416,-4.674,-0.774,0.000,91.662,0.034,1.490,16
417,-4.674,-0.775,0.000,92.876,0.095,1.477,16
418,-4.674,-0.776,0.000,94.106,0.082,1.470,16
419,-4.674,-0.778,0.000,95.362,0.148,1.453,16
420,-4.674,-0.780,0.000,96.607,0.151,1.442,16
421,-4.673,-0.781,0.000,97.849,0.194,1.426,16
422,-4.673,-0.783,0.000,99.162,0.227,1.410,16
423,-4.672,-0.785,0.000,100.622,0.255,1.393,16
424,-4.672,-0.787,0.000,102.270,0.291,1.374,16
425,-4.671,-0.789,0.000,104.099,0.334,1.352,16
426,-4.671,-0.791,0.000,106.085,0.386,1.325,16
427,-4.670,-0.794,0.000,108.086,0.415,1.304,16
428,-4.669,-0.796,0.000,110.063,0.475,1.271,16
429,-4.669,-0.797,0.000,112.018,0.518,1.243,16
430,-4.667,-0.800,0.000,113.953,0.534,1.220,16
431,-4.666,-0.802,0.000,115.874,0.596,1.179,16
432,-4.665,-0.805,0.000,117.775,0.602,1.159,16
433,-4.664,-0.808,0.000,119.652,0.651,1.117,16
434,-4.662,-0.810,0.000,121.571,0.676,1.086,16
435,-4.660,-0.813,0.000,123.500,0.695,1.057,16
436,-4.659,-0.816,0.000,125.462,0.741,1.010,16
437,-4.657,-0.818,0.000,127.451,0.757,0.982,16
438,-4.655,-0.820,0.000,129.442,0.779,0.950,16
439,-4.653,-0.822,0.000,131.401,0.810,0.909,16
440,-4.651,-0.824,0.000,133.035,0.829,0.875,16
441,-4.649,-0.827,0.000,134.213,0.836,0.852,16
442,-4.647,-0.829,0.000,135.020,0.838,0.832,16
443,-4.645,-0.831,0.000,135.602,0.838,0.813,16
444,-4.643,-0.833,0.000,136.023,0.835,0.798,16
445,-4.640,-0.836,0.000,136.324,0.830,0.785,16
446,-4.638,-0.838,0.000,136.552,0.823,0.772,16
447,-4.636,-0.840,0.000,136.751,0.816,0.760,16
448,-4.633,-0.842,0.000,136.952,0.809,0.748,16
449,-4.631,-0.844,0.000,137.176,0.803,0.737,16
450,-4.629,-0.846,0.000,137.436,0.797,0.725,16
451,-4.627,-0.848,0.000,137.736,0.792,0.713,16
452,-4.624,-0.850,0.000,138.077,0.788,0.700,16
453,-4.622,-0.852,0.000,138.446,0.784,0.687,16
454,-4.620,-0.854,0.000,138.821,0.779,0.675,16
455,-4.618,-0.856,0.000,139.177,0.775,0.662,16
456,-4.616,-0.858,0.000,139.496,0.769,0.650,16
457,-4.613,-0.860,0.000,139.767,0.763,0.638,16
458,-4.611,-0.862,0.000,139.989,0.756,0.627,16
459,-4.609,-0.864,0.000,140.165,0.748,0.617,16
460,-4.606,-0.866,0.000,140.301,0.740,0.607,16
461,-4.604,-0.868,0.000,140.402,0.731,0.598,16
462,-4.602,-0.870,0.000,140.473,0.722,0.589,16
463,-4.599,-0.872,0.000,140.525,0.715,0.579,16
464,-4.597,-0.874,0.000,140.576,0.689,0.591,16
465,-4.594,-0.876,0.000,140.626,0.709,0.548,16
466,-4.592,-0.877,0.000,140.675,0.665,0.583,16
467,-4.590,-0.879,0.000,140.722,0.690,0.534,16
468,-4.587,-0.881,0.000,140.770,0.670,0.539,16
469,-4.585,-0.884,0.000,140.803,0.653,0.539,16
470,-4.582,-0.886,0.000,140.838,0.658,0.514,16
471,-4.580,-0.887,0.000,140.874,0.617,0.547,16
472,-4.578,-0.889,0.000,140.903,0.644,0.496,16
473,-4.575,-0.891,0.000,140.925,0.605,0.527,16
474,-4.573,-0.893,0.000,140.946,0.623,0.488,16
475,-4.571,-0.895,0.000,140.980,0.609,0.486,16
476,-4.568,-0.897,0.000,140.902,0.597,0.483,16
477,-4.566,-0.899,0.000,140.559,0.588,0.477,16
478,-4.564,-0.901,0.000,140.069,0.577,0.474,16
479,-4.561,-0.903,0.000,139.522,0.557,0.482,16
480,-4.559,-0.905,0.000,138.968,0.552,0.471,16
481,-4.557,-0.907,0.000,138.420,0.545,0.465,16
482,-4.555,-0.908,0.000,137.833,0.524,0.473,16
483,-4.553,-0.910,0.000,137.210,0.513,0.472,16
484,-4.551,-0.912,0.000,136.583,0.504,0.468,16
485,-4.548,-0.915,0.000,135.960,0.482,0.475,16
486,-4.546,-0.917,0.000,135.376,0.477,0.466,16
487,-4.544,-0.919,0.000,134.833,0.469,0.461,16
488,-4.542,-0.921,0.000,134.234,0.456,0.460,16
489,-4.540,-0.923,0.000,133.618,0.437,0.465,16
490,-4.538,-0.925,0.000,133.010,0.433,0.456,16
491,-4.536,-0.927,0.000,132.407,0.405,0.469,16
492,-4.533,-0.930,0.000,131.776,0.408,0.451,16
493,-4.532,-0.932,0.000,131.160,0.389,0.456,16
494,-4.529,-0.935,0.000,130.551,0.373,0.456,16
495,-4.527,-0.937,0.000,129.930,0.375,0.442,16
496,-4.526,-0.939,0.000,129.276,0.359,0.445,16
497,-4.524,-0.941,0.000,128.627,0.356,0.437,16
498,-4.522,-0.943,0.000,127.997,0.341,0.439,16
499,-4.520,-0.946,0.000,127.491,0.330,0.438,16
500,-4.519,-0.948,0.000,127.095,0.331,0.428,16
501,-4.517,-0.950,0.000,126.778,0.328,0.422,16
502,-4.516,-0.952,0.000,126.496,0.319,0.422,16
503,-4.514,-0.954,0.000,126.212,0.312,0.419,16
504,-4.513,-0.955,0.000,125.478,0.307,0.420,16
505,-4.512,-0.957,0.000,124.322,0.295,0.421,16
506,-4.511,-0.959,0.000,123.486,0.269,0.432,16
507,-4.509,-0.961,0.000,122.690,0.268,0.424,16
508,-4.508,-0.963,0.000,121.905,0.278,0.413,16
509,-4.507,-0.965,0.000,121.185,0.247,0.423,16
510,-4.505,-0.968,0.000,120.499,0.259,0.407,16
511,-4.504,-0.970,0.000,119.898,0.242,0.410,16
512,-4.503,-0.972,0.000,119.324,0.218,0.417,16
513,-4.501,-0.974,0.000,118.747,0.214,0.412,16
514,-4.500,-0.976,0.000,118.172,0.215,0.406,16
515,-4.499,-0.978,0.000,117.648,0.208,0.404,16
516,-4.498,-0.981,0.000,117.143,0.213,0.395,16
517,-4.497,-0.983,0.000,116.636,0.197,0.398,16
518,-4.496,-0.985,0.000,116.148,0.190,0.396,16
519,-4.495,-0.987,0.000,115.626,0.182,0.395,16
520,-4.494,-0.989,0.000,115.075,0.178,0.391,16
521,-4.493,-0.991,0.000,114.528,0.179,0.385,16
522,-4.492,-0.993,0.000,114.070,0.182,0.379,16
523,-4.491,-0.995,0.000,113.563,0.173,0.379,16
524,-4.490,-0.998,0.000,113.006,0.163,0.378,16
525,-4.489,-1.000,0.000,112.405,0.159,0.375,16
526,-4.488,-1.002,0.000,111.779,0.140,0.378,16
527,-4.487,-1.004,0.000,111.138,0.134,0.375,16
528,-4.486,-1.006,0.000,110.437,0.134,0.371,16
529,-4.486,-1.009,0.000,109.458,0.127,0.369,16
530,-4.485,-1.011,0.000,108.214,0.115,0.368,16
531,-4.484,-1.013,0.000,107.131,0.110,0.365,16
532,-4.484,-1.015,0.000,106.085,0.107,0.365,16
533,-4.483,-1.017,0.000,105.039,0.092,0.365,16
534,-4.482,-1.019,0.000,104.094,0.085,0.363,16
535,-4.482,-1.021,0.000,103.229,0.079,0.360,16
536,-4.481,-1.024,0.000,102.425,0.074,0.358,16
537,-4.481,-1.026,0.000,101.670,0.068,0.355,16
538,-4.480,-1.028,0.000,100.954,0.063,0.352,16
539,-4.480,-1.030,0.000,100.265,0.067,0.347,16
540,-4.479,-1.033,0.000,99.618,0.054,0.347,16
541,-4.479,-1.035,0.000,99.002,0.039,0.346,16
542,-4.478,-1.037,0.000,98.391,0.072,0.337,16
543,-4.478,-1.039,0.000,97.786,0.017,0.341,16
544,-4.478,-1.042,0.000,97.188,0.057,0.332,16
545,-4.478,-1.044,0.000,96.604,0.037,0.330,16
546,-4.477,-1.047,0.000,96.044,0.036,0.327,16
547,-4.477,-1.049,0.000,95.507,0.024,0.324,16
548,-4.477,-1.052,0.000,94.994,0.020,0.320,16
549,-4.477,-1.055,0.000,94.506,0.020,0.315,16
550,-4.476,-1.057,0.000,94.034,0.022,0.311,16
551,-4.476,-1.060,0.000,93.571,0.016,0.307,16
552,-4.476,-1.062,0.000,93.118,0.001,0.304,16
553,-4.476,-1.065,0.000,92.673,0.017,0.299,16
554,-4.476,-1.068,0.000,92.244,0.009,0.295,16
555,-4.476,-1.070,0.000,91.837,0.001,0.291,16
556,-4.476,-1.073,0.000,91.454,0.000,0.287,16
557,-4.475,-1.076,0.000,91.095,0.001,0.282,16
558,-4.475,-1.078,0.000,90.761,-0.001,0.278,16
559,-4.475,-1.081,0.000,90.451,-0.004,0.274,16
560,-4.475,-1.084,0.000,90.164,-0.005,0.269,16
561,-4.475,-1.086,0.000,89.901,-0.005,0.265,16
562,-4.475,-1.089,0.000,89.663,-0.007,0.260,16
563,-4.475,-1.092,0.000,89.448,-0.004,0.255,16
564,-4.475,-1.094,0.000,89.249,-0.003,0.251,16
565,-4.475,-1.097,0.000,89.067,0.005,0.247,16
566,-4.475,-1.100,0.000,88.901,-0.013,0.242,16
567,-4.476,-1.102,0.000,88.743,0.009,0.240,16
568,-4.476,-1.105,0.000,88.591,-0.034,0.234,16
569,-4.476,-1.107,0.000,88.443,0.033,0.232,16
570,-4.476,-1.110,0.000,88.297,-0.026,0.227,16
571,-4.476,-1.113,0.000,88.149,0.002,0.224,16
572,-4.476,-1.115,0.000,88.004,-0.027,0.219,16
573,-4.476,-1.117,0.000,87.871,-0.009,0.217,16
574,-4.476,-1.120,0.000,87.753,-0.008,0.213,16
575,-4.476,-1.123,0.000,87.652,-0.015,0.209,16
576,-4.476,-1.125,0.000,87.569,-0.003,0.207,16
577,-4.476,-1.128,0.000,87.504,-0.002,0.204,16
578,-4.477,-1.130,0.000,87.454,-0.015,0.202,16
579,-4.477,-1.133,0.000,87.427,-0.021,0.199,16
580,-4.477,-1.135,0.000,87.426,-0.014,0.197,16
581,-4.477,-1.138,0.000,87.454,-0.011,0.195,16
582,-4.477,-1.140,0.000,87.509,-0.014,0.192,16
583,-4.477,-1.143,0.000,87.591,-0.015,0.189,16
584,-4.477,-1.145,0.000,87.696,-0.013,0.187,16
585,-4.477,-1.147,0.000,87.824,-0.012,0.184,16
586,-4.478,-1.150,0.000,87.973,-0.012,0.181,16
587,-4.478,-1.152,0.000,88.141,-0.011,0.179,16
588,-4.478,-1.155,0.000,88.326,-0.011,0.176,16
589,-4.478,-1.157,0.000,88.526,-0.010,0.173,16
590,-4.478,-1.160,0.000,88.741,-0.009,0.170,16
591,-4.478,-1.162,0.000,88.967,0.001,0.167,16
592,-4.478,-1.165,0.000,89.198,-0.004,0.164,16
593,-4.478,-1.167,0.000,89.433,-0.014,0.161,16
594,-4.478,-1.170,0.000,89.687,0.000,0.159,16
595,-4.478,-1.172,0.000,89.942,0.015,0.157,16
596,-4.478,-1.174,0.000,90.190,-0.003,0.155,16
597,-4.478,-1.177,0.000,90.434,0.003,0.153,16
598,-4.478,-1.179,0.000,90.681,0.002,0.151,16
599,-4.478,-1.182,0.000,90.932,0.004,0.148,16
600,-4.478,-1.184,0.000,91.182,-0.009,0.147,16
601,-4.478,-1.187,0.000,91.432,0.009,0.144,16
602,-4.478,-1.189,0.000,91.684,0.005,0.142,16
603,-4.478,-1.192,0.000,91.934,-0.011,0.141,16
604,-4.478,-1.194,0.000,92.181,0.001,0.139,16
605,-4.478,-1.197,0.000,92.428,0.018,0.136,16
606,-4.477,-1.199,0.000,92.679,0.001,0.135,16
607,-4.477,-1.202,0.000,92.935,0.014,0.132,16
608,-4.477,-1.205,0.000,93.201,0.018,0.131,16
609,-4.477,-1.207,0.000,93.467,-0.007,0.131,16
610,-4.477,-1.210,0.000,93.726,-0.002,0.129,16
611,-4.477,-1.213,0.000,93.979,0.008,0.126,16
612,-4.476,-1.215,0.000,94.230,0.020,0.124,16
613,-4.476,-1.218,0.000,94.486,0.013,0.122,16
614,-4.476,-1.220,0.000,94.751,0.011,0.121,16
615,-4.476,-1.223,0.000,95.021,0.020,0.118,16
616,-4.476,-1.226,0.000,95.287,0.007,0.117,16
617,-4.475,-1.228,0.000,95.557,0.026,0.114,16
618,-4.475,-1.231,0.000,95.827,-0.010,0.115,16
619,-4.475,-1.234,0.000,96.094,0.016,0.110,16
620,-4.475,-1.237,0.000,96.360,0.012,0.109,16
621,-4.474,-1.239,0.000,96.625,0.022,0.106,16
622,-4.474,-1.242,0.000,96.893,-0.006,0.107,16
623,-4.474,-1.244,0.000,97.159,0.019,0.103,16
624,-4.473,-1.247,0.000,97.384,0.011,0.101,16
625,-4.473,-1.250,0.000,97.606,0.014,0.099,16
626,-4.472,-1.253,0.000,97.862,0.007,0.098,16
627,-4.472,-1.255,0.000,98.134,0.017,0.095,16
628,-4.472,-1.258,0.000,98.393,0.029,0.091,16
629,-4.471,-1.261,0.000,98.653,-0.009,0.094,16
630,-4.471,-1.264,0.000,98.919,0.023,0.087,16
631,-4.470,-1.267,0.000,99.188,0.000,0.088,16
632,-4.470,-1.269,0.000,99.480,0.004,0.087,16
633,-4.469,-1.272,0.000,99.767,0.015,0.083,16
634,-4.469,-1.275,0.000,100.076,0.012,0.081,16
635,-4.468,-1.278,0.000,100.446,0.007,0.079,16
636,-4.468,-1.281,0.000,100.873,0.008,0.076,16
637,-4.467,-1.284,0.000,101.344,0.009,0.073,16
638,-4.466,-1.287,0.000,101.862,0.012,0.070,16
639,-4.466,-1.290,0.000,102.426,0.009,0.067,16
640,-4.465,-1.292,0.000,103.023,0.028,0.061,16
641,-4.464,-1.295,0.000,103.636,0.000,0.065,16
642,-4.464,-1.298,0.000,104.246,0.007,0.060,16
643,-4.463,-1.301,0.000,104.841,0.015,0.055,16
644,-4.462,-1.304,0.000,105.421,0.010,0.054,16
645,-4.461,-1.307,0.000,106.045,0.007,0.051,16
646,-4.460,-1.310,0.000,106.704,0.008,0.047,16
647,-4.459,-1.313,0.000,107.391,0.009,0.044,16
648,-4.458,-1.316,0.000,108.082,0.025,0.035,16
649,-4.457,-1.319,0.000,108.798,-0.002,0.041,16
650,-4.456,-1.322,0.000,109.504,0.003,0.037,16
651,-4.455,-1.325,0.000,110.204,0.012,0.030,16
652,-4.454,-1.327,0.000,110.900,0.008,0.030,16
653,-4.453,-1.330,0.000,111.620,0.003,0.031,16
654,-4.452,-1.332,0.000,112.362,0.005,0.030,16
655,-4.451,-1.334,0.000,113.119,0.007,0.028,16
656,-4.450,-1.337,0.000,113.880,0.007,0.028,16
657,-4.449,-1.339,0.000,114.633,0.017,0.023,16
658,-4.448,-1.341,0.000,115.390,0.010,0.025,16
659,-4.447,-1.344,0.000,116.156,0.008,0.025,16
660,-4.445,-1.346,0.000,116.846,0.005,0.025,16
661,-4.444,-1.349,0.000,117.479,0.022,0.014,16
662,-4.443,-1.351,0.000,118.157,0.014,0.016,16
663,-4.441,-1.354,0.000,118.837,0.010,0.016,16
664,-4.440,-1.356,0.000,119.438,0.013,0.012,16
665,-4.439,-1.358,0.000,120.002,0.014,0.011,16
666,-4.438,-1.360,0.000,120.562,0.013,0.011,16
667,-4.436,-1.363,0.000,121.130,0.012,0.011,16
668,-4.435,-1.365,0.000,121.698,-0.003,0.021,16
669,-4.434,-1.367,0.000,122.219,0.001,0.018,16
670,-4.432,-1.369,0.000,122.696,0.007,0.014,16
671,-4.431,-1.371,0.000,123.155,0.005,0.014,16
672,-4.430,-1.373,0.000,123.582,0.003,0.014,16
673,-4.428,-1.375,0.000,123.981,0.020,0.001,16
674,-4.427,-1.377,0.000,124.404,0.007,0.007,16
675,-4.425,-1.379,0.000,124.837,0.003,0.011,16
676,-4.424,-1.382,0.000,125.234,0.011,0.004,16
677,-4.422,-1.383,0.000,125.710,0.014,0.002,16
678,-4.421,-1.385,0.000,126.178,-0.003,0.015,16
679,-4.420,-1.387,0.000,126.651,0.004,0.011,16
680,-4.418,-1.389,0.000,127.150,0.005,0.011,16
681,-4.417,-1.391,0.000,127.673,0.003,0.014,16
682,-4.416,-1.392,0.000,128.183,0.005,0.014,16
683,-4.414,-1.394,0.000,128.675,0.016,0.005,16
684,-4.413,-1.396,0.000,129.230,0.017,0.003,16
685,-4.411,-1.398,0.000,129.756,0.011,0.006,16
686,-4.409,-1.400,0.000,130.084,0.009,0.006,16
687,-4.408,-1.402,0.000,130.291,0.011,0.004,16
688,-4.406,-1.404,0.000,130.465,-0.002,0.014,16
689,-4.404,-1.406,0.000,130.631,0.007,0.005,16
690,-4.403,-1.408,0.000,130.815,-0.003,0.013,16
691,-4.401,-1.410,0.000,131.016,0.017,-0.004,16
692,-4.400,-1.411,0.000,131.223,0.004,0.007,16
693,-4.398,-1.413,0.000,131.527,0.001,0.010,16
694,-4.397,-1.415,0.000,131.922,0.016,-0.002,16
695,-4.395,-1.416,0.000,132.350,0.010,0.004,16
696,-4.393,-1.418,0.000,132.734,0.008,0.005,16
697,-4.392,-1.420,0.000,133.024,-0.002,0.014,16
698,-4.390,-1.422,0.000,133.208,-0.001,0.011,16
699,-4.388,-1.424,0.000,133.347,0.002,0.008,16
700,-4.387,-1.425,0.000,133.470,0.002,0.008,16
701,-4.385,-1.427,0.000,133.605,0.001,0.009,16
702,-4.384,-1.428,0.000,133.781,0.002,0.009,16
703,-4.382,-1.430,0.000,134.009,0.008,0.004,16
704,-4.380,-1.432,0.000,134.267,-0.001,0.009,16
705,-4.379,-1.434,0.000,134.600,0.006,0.003,16
706,-4.377,-1.435,0.000,134.950,0.006,0.003,16
707,-4.376,-1.437,0.000,135.350,0.010,0.001,16
708,-4.374,-1.438,0.000,135.744,-0.001,0.012,16
709,-4.372,-1.440,0.000,136.080,-0.003,0.014,16
710,-4.371,-1.441,0.000,136.356,0.005,0.010,16
711,-4.367,-1.445,0.000,136.814,-0.005,-0.000,16
712,-4.364,-1.448,0.000,138.133,-0.015,-0.005,16
713,-4.358,-1.453,0.000,140.245,-0.033,-0.019,16
714,-4.357,-1.454,0.000,142.872,-0.015,-0.031,16
715,-4.357,-1.454,0.000,145.525,-0.017,-0.013,16
716,-4.358,-1.453,0.000,148.249,-0.005,-0.004,14
717,-4.358,-1.453,0.000,151.237,0.010,-0.002,14
718,-4.359,-1.453,0.000,154.725,0.012,0.021,14
719,-4.360,-1.452,0.000,158.259,0.031,0.015,15
720,-4.357,-1.453,0.000,162.074,0.029,0.013,15
721,-4.354,-1.454,0.000,166.244,0.025,0.013,15
722,-4.345,-1.456,0.000,170.181,-0.003,0.006,15
723,-4.341,-1.456,0.000,173.806,-0.011,0.004,15
724,-4.337,-1.457,0.000,177.441,-0.021,0.005,15
725,-4.332,-1.457,0.000,-178.947,-0.034,-0.011,15
726,-4.326,-1.457,0.000,-175.372,-0.049,0.005,15
727,-4.320,-1.456,0.000,-171.845,-0.064,0.014,15
728,-4.314,-1.455,0.000,-168.388,-0.084,0.008,15
729,-4.307,-1.453,0.000,-164.978,-0.098,0.035,15
730,-4.301,-1.452,0.000,-161.710,-0.115,0.050,15
731,-4.294,-1.449,0.000,-158.745,-0.134,0.058,15
732,-4.287,-1.446,0.000,-156.031,-0.161,0.055,15
733,-4.280,-1.443,0.000,-153.344,-0.176,0.085,15
734,-4.273,-1.439,0.000,-150.769,-0.187,0.120,15
735,-4.266,-1.435,0.000,-148.273,-0.221,0.112,15
736,-4.259,-1.431,0.000,-145.845,-0.211,0.174,15
737,-4.253,-1.426,0.000,-143.458,-0.247,0.170,15
738,-4.246,-1.421,0.000,-141.103,-0.248,0.213,15
739,-4.240,-1.416,0.000,-138.815,-0.275,0.224,15
740,-4.234,-1.410,0.000,-136.563,-0.278,0.259,15
741,-4.228,-1.405,0.000,-134.370,-0.294,0.281,15
742,-4.222,-1.398,0.000,-132.290,-0.278,0.336,15
743,-4.217,-1.392,0.000,-130.262,-0.305,0.350,15
744,-4.212,-1.386,0.000,-128.326,-0.299,0.388,15
745,-4.207,-1.380,0.000,-126.571,-0.299,0.422,15
746,-4.202,-1.373,0.000,-125.094,-0.322,0.440,15
747,-4.197,-1.366,0.000,-123.821,-0.304,0.485,15
748,-4.193,-1.359,0.000,-122.633,-0.319,0.511,15
749,-4.188,-1.352,0.000,-121.648,-0.330,0.537,15
750,-4.184,-1.346,0.000,-120.972,-0.332,0.564,15
751,-4.181,-1.339,0.000,-120.999,-0.346,0.586,15
752,-4.177,-1.332,0.000,-121.494,-0.380,0.596,15
753,-4.172,-1.325,0.000,-122.057,-0.376,0.631,15
754,-4.168,-1.318,0.000,-122.662,-0.405,0.646,15
755,-4.164,-1.312,0.000,-123.326,-0.448,0.649,15
756,-4.159,-1.305,0.000,-124.021,-0.453,0.680,15
757,-4.155,-1.298,0.000,-124.701,-0.476,0.698,15
758,-4.150,-1.292,0.000,-125.399,-0.508,0.710,15
759,-4.145,-1.285,0.000,-126.150,-0.525,0.733,15
760,-4.140,-1.278,0.000,-126.924,-0.567,0.738,15
761,-4.135,-1.272,0.000,-127.678,-0.590,0.756,15
762,-4.130,-1.266,0.000,-128.392,-0.616,0.771,15
763,-4.125,-1.259,0.000,-129.074,-0.644,0.785,15
764,-4.120,-1.253,0.000,-129.733,-0.671,0.798,15
765,-4.115,-1.248,0.000,-130.380,-0.697,0.811,15
766,-4.111,-1.242,0.000,-131.024,-0.723,0.823,15
767,-4.106,-1.236,0.000,-131.670,-0.748,0.835,15
768,-4.101,-1.231,0.000,-132.320,-0.776,0.844,15
769,-4.096,-1.226,0.000,-132.978,-0.803,0.853,15
770,-4.091,-1.221,0.000,-133.643,-0.815,0.874,15
771,-4.086,-1.216,0.000,-134.350,-0.849,0.876,15
772,-4.081,-1.211,0.000,-135.045,-0.877,0.880,15
773,-4.077,-1.206,0.000,-135.751,-0.916,0.873,15
774,-4.072,-1.202,0.000,-136.412,-0.937,0.883,15
775,-4.067,-1.197,0.000,-137.095,-0.960,0.890,15
776,-4.063,-1.193,0.000,-137.871,-0.990,0.888,15
777,-4.058,-1.189,0.000,-138.706,-1.019,0.886,15
778,-4.054,-1.185,0.000,-139.577,-1.047,0.884,15
779,-4.050,-1.182,0.000,-140.478,-1.075,0.880,15
780,-4.045,-1.178,0.000,-141.405,-1.104,0.874,15
781,-4.041,-1.175,0.000,-142.360,-1.133,0.867,15
782,-4.036,-1.171,0.000,-143.339,-1.153,0.871,15
783,-4.032,-1.168,0.000,-144.345,-1.189,0.853,15
784,-4.028,-1.165,0.000,-145.394,-1.217,0.843,15
785,-4.023,-1.162,0.000,-146.471,-1.245,0.834,15
786,-4.019,-1.159,0.000,-147.570,-1.277,0.817,15
787,-4.015,-1.156,0.000,-148.679,-1.313,0.789,15
788,-4.010,-1.154,0.000,-149.767,-1.336,0.783,15
789,-4.006,-1.151,0.000,-150.871,-1.365,0.764,15
790,-4.002,-1.149,0.000,-152.042,-1.401,0.730,15
791,-3.997,-1.147,0.000,-153.212,-1.415,0.738,15
792,-3.993,-1.145,0.000,-154.396,-1.454,0.693,15
793,-3.989,-1.143,0.000,-155.582,-1.479,0.673,15
794,-3.985,-1.141,0.000,-156.819,-1.504,0.654,15
795,-3.980,-1.139,0.000,-158.118,-1.533,0.624,15
796,-3.976,-1.137,0.000,-159.466,-1.567,0.577,15
797,-3.973,-1.136,0.000,-160.841,-1.583,0.568,15
798,-3.968,-1.135,0.000,-162.266,-1.616,0.514,15
799,-3.964,-1.133,0.000,-163.701,-1.640,0.481,15
800,-3.960,-1.132,0.000,-165.153,-1.664,0.449,15
801,-3.955,-1.131,0.000,-166.618,-1.688,0.410,15
802,-3.951,-1.130,0.000,-168.105,-1.716,0.348,15
803,-3.947,-1.129,0.000,-169.589,-1.732,0.335,15
804,-3.943,-1.129,0.000,-171.033,-1.753,0.283,15
805,-3.939,-1.128,0.000,-172.493,-1.774,0.234,15
806,-3.934,-1.128,0.000,-173.975,-1.791,0.201,15
807,-3.930,-1.127,0.000,-175.481,-1.810,0.151,15
808,-3.925,-1.127,0.000,-177.001,-1.828,0.099,15
809,-3.921,-1.127,0.000,-178.526,-1.844,0.052,15
810,-3.917,-1.127,0.000,179.949,-1.859,-0.012,15
811,-3.912,-1.127,0.000,178.434,-1.872,-0.036,15
812,-3.910,-1.127,0.000,176.900,-1.876,-0.105,15
813,-3.910,-1.127,0.000,175.330,-1.865,-0.146,15
814,-3.913,-1.127,0.000,173.860,-1.842,-0.202,15
815,-3.912,-1.127,0.000,172.573,-1.839,-0.228,15
816,-3.911,-1.127,0.000,171.295,-1.833,-0.273,15
817,-3.911,-1.126,0.000,169.733,-1.817,-0.331,15
818,-3.913,-1.126,0.000,168.130,-1.796,-0.371,15
819,-3.909,-1.127,0.000,166.621,-1.796,-0.432,15
820,-3.907,-1.128,0.000,165.062,-1.784,-0.499,15
821,-3.907,-1.128,0.000,163.529,-1.777,-0.506,15
822,-3.909,-1.126,0.000,162.081,-1.731,-0.594,15
823,-3.912,-1.126,0.000,160.728,-1.727,-0.564,15
824,-3.910,-1.126,0.000,159.431,-1.703,-0.644,15
825,-3.907,-1.127,0.000,158.126,-1.693,-0.689,15
826,-3.906,-1.128,0.000,156.918,-1.697,-0.689,15
827,-3.907,-1.127,0.000,155.783,-1.642,-0.789,15
828,-3.911,-1.126,0.000,154.720,-1.635,-0.758,15
829,-3.909,-1.127,0.000,153.692,-1.624,-0.786,15
830,-3.911,-1.125,0.000,152.701,-1.575,-0.856,15
831,-3.911,-1.125,0.000,151.799,-1.587,-0.826,15
832,-3.911,-1.125,0.000,150.993,-1.549,-0.890,15
833,-3.912,-1.124,0.000,150.364,-1.550,-0.871,15
834,-3.912,-1.124,0.000,149.817,-1.523,-0.909,15
835,-3.912,-1.124,0.000,149.340,-1.527,-0.897,15
836,-3.911,-1.124,0.000,148.839,-1.512,-0.922,15
837,-3.912,-1.124,0.000,148.254,-1.499,-0.935,15
838,-3.912,-1.124,0.000,147.541,-1.489,-0.947,15
839,-3.910,-1.125,0.000,146.686,-1.477,-0.976,15
840,-3.910,-1.126,0.000,145.404,-1.454,-1.013,15
841,-3.909,-1.126,0.000,143.867,-1.439,-1.034,15
842,-3.908,-1.127,0.000,142.228,-1.411,-1.079,15
843,-3.907,-1.128,0.000,140.481,-1.375,-1.131,15
844,-3.906,-1.129,0.000,138.254,-1.334,-1.186,15
845,-3.905,-1.130,0.000,135.428,-1.280,-1.252,15
846,-3.903,-1.132,0.000,132.478,-1.220,-1.323,15
847,-3.901,-1.134,0.000,130.080,-1.171,-1.383,15
848,-3.899,-1.137,0.000,128.412,-1.138,-1.427,15
849,-3.897,-1.140,0.000,127.321,-1.113,-1.463,15
850,-3.895,-1.142,0.000,126.374,-1.104,-1.484,15
851,-3.893,-1.144,0.000,125.428,-1.076,-1.519,15
852,-3.891,-1.147,0.000,124.512,-1.072,-1.539,15
853,-3.889,-1.150,0.000,123.620,-1.036,-1.581,15
854,-3.886,-1.154,0.000,122.772,-1.023,-1.610,15
855,-3.884,-1.157,0.000,121.985,-1.035,-1.617,15
856,-3.882,-1.160,0.000,121.240,-0.996,-1.658,15
857,-3.880,-1.164,0.000,120.490,-1.000,-1.677,15
858,-3.879,-1.167,0.000,119.724,-0.959,-1.713,15
859,-3.877,-1.170,0.000,118.972,-0.982,-1.718,15
860,-3.875,-1.173,0.000,118.250,-0.931,-1.761,15
861,-3.873,-1.177,0.000,117.542,-0.946,-1.772,15
862,-3.871,-1.180,0.000,116.864,-0.917,-1.803,15
863,-3.869,-1.184,0.000,116.240,-0.900,-1.831,15
864,-3.867,-1.188,0.000,115.667,-0.899,-1.848,15
865,-3.865,-1.191,0.000,115.197,-0.874,-1.875,15
866,-3.864,-1.194,0.000,115.036,-0.880,-1.887,15
867,-3.862,-1.198,0.000,115.157,-0.898,-1.896,15
868,-3.860,-1.202,0.000,115.474,-0.918,-1.905,15
869,-3.858,-1.206,0.000,116.166,-0.926,-1.920,15
870,-3.856,-1.210,0.000,116.898,-0.965,-1.919,15
871,-3.854,-1.213,0.000,117.804,-1.008,-1.912,15
872,-3.853,-1.217,0.000,118.906,-1.048,-1.907,15
873,-3.851,-1.220,0.000,120.215,-1.097,-1.897,15
874,-3.848,-1.224,0.000,121.645,-1.154,-1.883,15
875,-3.846,-1.228,0.000,123.112,-1.209,-1.856,15
876,-3.844,-1.231,0.000,124.557,-1.220,-1.786,15
877,-3.841,-1.234,0.000,125.882,-1.230,-1.713,15
878,-3.839,-1.238,0.000,127.014,-1.234,-1.643,15
879,-3.837,-1.240,0.000,127.949,-1.226,-1.579,15
880,-3.834,-1.243,0.000,128.727,-1.212,-1.521,15
881,-3.832,-1.246,0.000,129.418,-1.197,-1.464,15
882,-3.830,-1.249,0.000,130.092,-1.180,-1.410,15
883,-3.827,-1.252,0.000,130.783,-1.163,-1.356,15
884,-3.825,-1.255,0.000,131.489,-1.146,-1.304,15
885,-3.822,-1.257,0.000,132.179,-1.128,-1.253,15
886,-3.820,-1.260,0.000,132.824,-1.108,-1.203,15
887,-3.817,-1.263,0.000,133.431,-1.086,-1.156,15
888,-3.815,-1.266,0.000,133.993,-1.064,-1.109,15
889,-3.812,-1.268,0.000,134.531,-1.051,-1.054,15
890,-3.809,-1.271,0.000,135.040,-1.028,-1.010,15
891,-3.807,-1.274,0.000,135.536,-0.991,-0.980,15
892,-3.804,-1.276,0.000,136.004,-0.968,-0.937,15
893,-3.801,-1.279,0.000,136.410,-0.938,-0.900,15
894,-3.799,-1.281,0.000,136.758,-0.909,-0.864,15
895,-3.796,-1.284,0.000,137.068,-0.881,-0.827,15
896,-3.793,-1.286,0.000,137.360,-0.864,-0.779,15
897,-3.790,-1.289,0.000,137.613,-0.819,-0.764,15
898,-3.788,-1.291,0.000,137.925,-0.791,-0.730,15
899,-3.785,-1.294,0.000,138.241,-0.784,-0.672,15
900,-3.782,-1.296,0.000,138.555,-0.724,-0.675,15
901,-3.779,-1.299,0.000,138.857,-0.724,-0.609,15
902,-3.777,-1.301,0.000,139.142,-0.670,-0.608,15
903,-3.774,-1.304,0.000,139.415,-0.661,-0.556,15
904,-3.771,-1.306,0.000,139.640,-0.629,-0.528,15
905,-3.768,-1.308,0.000,139.826,-0.598,-0.499,15
906,-3.766,-1.310,0.000,139.996,-0.569,-0.470,15
907,-3.763,-1.313,0.000,140.180,-0.540,-0.443,15
908,-3.760,-1.315,0.000,140.401,-0.512,-0.416,15
909,-3.757,-1.318,0.000,140.641,-0.482,-0.392,15
910,-3.754,-1.320,0.000,140.878,-0.457,-0.361,15
911,-3.752,-1.322,0.000,141.113,-0.419,-0.345,15
912,-3.749,-1.324,0.000,141.359,-0.395,-0.314,15
913,-3.746,-1.327,0.000,141.598,-0.369,-0.288,15
914,-3.743,-1.329,0.000,141.783,-0.343,-0.262,15
915,-3.740,-1.331,0.000,141.984,-0.315,-0.238,15
916,-3.737,-1.333,0.000,142.196,-0.286,-0.215,15
917,-3.734,-1.336,0.000,142.420,-0.259,-0.193,15
918,-3.731,-1.338,0.000,142.650,-0.221,-0.186,15
919,-3.728,-1.340,0.000,142.901,-0.200,-0.156,15
920,-3.725,-1.342,0.000,143.079,-0.174,-0.132,15
921,-3.723,-1.344,0.000,143.242,-0.143,-0.114,15
922,-3.720,-1.346,0.000,143.425,-0.115,-0.094,15
923,-3.717,-1.349,0.000,143.624,-0.089,-0.072,15
924,-3.714,-1.351,0.000,143.843,-0.063,-0.052,15
925,-3.711,-1.353,0.000,144.078,-0.037,-0.033,15
926,-3.714,-1.351,0.000,143.782,0.015,0.004,15
927,-3.718,-1.348,0.000,142.940,0.072,0.047,11
928,-3.721,-1.346,0.000,142.130,0.121,0.088,9
929,-3.722,-1.345,0.000,141.399,0.155,0.125,9
930,-3.721,-1.346,0.000,141.082,0.194,0.141,9
931,-3.721,-1.346,0.000,140.795,0.222,0.186,9
932,-3.722,-1.345,0.000,140.599,0.265,0.215,9
933,-3.721,-1.345,0.000,140.541,0.305,0.231,9
934,-3.721,-1.345,0.000,140.564,0.333,0.267,9
935,-3.722,-1.345,0.000,140.690,0.369,0.303,9
936,-3.722,-1.345,0.000,140.948,0.400,0.336,9
937,-3.722,-1.344,0.000,141.480,0.443,0.356,9
938,-3.724,-1.343,0.000,142.257,0.494,0.377,9
939,-3.724,-1.343,0.000,143.126,0.539,0.389,9
940,-3.723,-1.343,0.000,144.224,0.578,0.409,9
941,-3.725,-1.343,0.000,145.889,0.627,0.424,9
942,-3.725,-1.342,0.000,147.812,0.681,0.420,9
943,-3.726,-1.342,0.000,149.819,0.729,0.432,9
944,-3.727,-1.341,0.000,151.809,0.791,0.421,9
945,-3.727,-1.341,0.000,153.834,0.845,0.408,9
946,-3.727,-1.341,0.000,155.843,0.891,0.406,9
947,-3.728,-1.340,0.000,157.879,0.952,0.382,9
948,-3.729,-1.340,0.000,160.507,1.010,0.354,9
949,-3.730,-1.339,0.000,163.766,1.072,0.306,9
950,-3.730,-1.339,0.000,167.410,1.131,0.247,9
951,-3.731,-1.338,0.000,171.207,1.186,0.186,9
952,-3.732,-1.338,0.000,174.995,1.242,0.098,9
953,-3.733,-1.338,0.000,178.769,1.288,0.020,9
954,-3.734,-1.338,0.000,-177.487,1.332,-0.037,9
955,-3.736,-1.338,0.000,-173.788,1.367,-0.174,9
956,-3.737,-1.339,0.000,-170.133,1.407,-0.213,9
957,-3.739,-1.339,0.000,-166.524,1.428,-0.347,9
958,-3.740,-1.340,0.000,-162.946,1.449,-0.435,9
959,-3.743,-1.340,0.000,-159.415,1.466,-0.535,9
960,-3.744,-1.341,0.000,-155.954,1.462,-0.657,9
961,-3.746,-1.342,0.000,-152.550,1.475,-0.742,9
962,-3.747,-1.343,0.000,-149.192,1.438,-0.896,9
963,-3.749,-1.344,0.000,-145.897,1.455,-0.957,9
964,-3.751,-1.346,0.000,-142.664,1.403,-1.106,9
965,-3.752,-1.347,0.000,-139.471,1.408,-1.170,9
966,-3.754,-1.348,0.000,-136.325,1.356,-1.296,9
967,-3.755,-1.349,0.000,-133.252,1.313,-1.395,9
968,-3.757,-1.352,0.000,-130.241,1.285,-1.485,9
969,-3.759,-1.353,0.000,-127.278,1.206,-1.603,9
970,-3.760,-1.355,0.000,-124.357,1.177,-1.678,9
971,-3.761,-1.357,0.000,-121.483,1.084,-1.788,9
972,-3.762,-1.359,0.000,-118.651,1.040,-1.865,9
973,-3.763,-1.361,0.000,-115.871,0.949,-1.957,9
974,-3.764,-1.363,0.000,-113.182,0.882,-2.033,9
975,-3.764,-1.364,0.000,-110.524,0.785,-2.098,9
976,-3.766,-1.367,0.000,-107.934,0.683,-2.103,9
977,-3.767,-1.369,0.000,-105.670,0.595,-2.094,9
978,-3.768,-1.371,0.000,-104.003,0.525,-2.076,9
979,-3.769,-1.373,0.000,-102.915,0.476,-2.053,9
980,-3.769,-1.376,0.000,-102.313,0.447,-2.024,9
981,-3.770,-1.378,0.000,-102.108,0.433,-1.992,9
982,-3.771,-1.380,0.000,-102.239,0.431,-1.958,9
983,-3.772,-1.382,0.000,-102.662,0.437,-1.921,9
984,-3.772,-1.384,0.000,-103.346,0.452,-1.883,9
985,-3.773,-1.386,0.000,-104.262,0.474,-1.843,9
986,-3.774,-1.387,0.000,-105.383,0.501,-1.801,9
987,-3.774,-1.389,0.000,-106.682,0.532,-1.757,9
988,-3.775,-1.391,0.000,-108.124,0.566,-1.711,9
989,-3.776,-1.392,0.000,-109.675,0.601,-1.664,9
990,-3.776,-1.394,0.000,-111.295,0.636,-1.616,9
991,-3.777,-1.396,0.000,-112.946,0.670,-1.568,9
992,-3.778,-1.397,0.000,-114.592,0.701,-1.519,9
993,-3.778,-1.399,0.000,-116.206,0.730,-1.470,9
994,-3.779,-1.400,0.000,-117.765,0.755,-1.422,9
995,-3.780,-1.402,0.000,-119.256,0.776,-1.375,9
996,-3.781,-1.403,0.000,-120.673,0.795,-1.329,9
997,-3.782,-1.405,0.000,-122.015,0.810,-1.284,9
998,-3.783,-1.406,0.000,-123.285,0.821,-1.241,9
999,-3.784,-1.408,0.000,-124.489,0.831,-1.199,9
1000,-3.785,-1.409,0.000,-125.632,0.838,-1.159,9
1001,-3.786,-1.410,0.000,-126.719,0.842,-1.120,9
1002,-3.787,-1.412,0.000,-127.757,0.845,-1.082,9
1003,-3.788,-1.413,0.000,-128.749,0.846,-1.045,9
1004,-3.789,-1.415,0.000,-129.699,0.846,-1.010,9
1005,-3.790,-1.416,0.000,-130.608,0.844,-0.976,9
1006,-3.791,-1.417,0.000,-131.480,0.841,-0.942,9
1007,-3.792,-1.418,0.000,-132.316,0.836,-0.910,9
1008,-3.793,-1.420,0.000,-133.110,0.831,-0.879,9
1009,-3.794,-1.421,0.000,-133.840,0.823,-0.849,9
1010,-3.796,-1.422,0.000,-134.479,0.814,-0.821,9
1011,-3.797,-1.423,0.000,-135.019,0.803,-0.795,9
1012,-3.798,-1.424,0.000,-135.498,0.779,-0.784,9
1013,-3.799,-1.426,0.000,-136.005,0.770,-0.757,9
1014,-3.800,-1.427,0.000,-136.519,0.764,-0.726,9
1015,-3.802,-1.428,0.000,-136.904,0.748,-0.705,9
1016,-3.803,-1.429,0.000,-136.983,0.728,-0.689,9
1017,-3.804,-1.430,0.000,-136.854,0.707,-0.672,9
1018,-3.805,-1.431,0.000,-136.575,0.686,-0.656,9
1019,-3.805,-1.431,0.000,-136.168,0.662,-0.643,9
1020,-3.806,-1.432,0.000,-135.642,0.637,-0.631,9
1021,-3.807,-1.433,0.000,-134.997,0.611,-0.619,9
1022,-3.808,-1.434,0.000,-134.230,0.585,-0.608,9
1023,-3.808,-1.434,0.000,-133.341,0.557,-0.598,9
1024,-3.809,-1.435,0.000,-132.326,0.529,-0.589,9
1025,-3.809,-1.436,0.000,-131.185,0.500,-0.580,9
1026,-3.810,-1.436,0.000,-129.915,0.470,-0.570,9
1027,-3.810,-1.437,0.000,-128.512,0.440,-0.562,9
1028,-3.811,-1.437,0.000,-126.973,0.409,-0.552,9
1029,-3.811,-1.438,0.000,-125.295,0.378,-0.543,9
1030,-3.812,-1.438,0.000,-123.476,0.346,-0.533,9
1031,-3.812,-1.439,0.000,-121.518,0.314,-0.523,9
1032,-3.812,-1.439,0.000,-119.424,0.283,-0.512,9
1033,-3.813,-1.440,0.000,-117.201,0.251,-0.500,9
1034,-3.813,-1.440,0.000,-114.860,0.220,-0.487,9
1035,-3.813,-1.441,0.000,-112.411,0.189,-0.473,9
1036,-3.813,-1.441,0.000,-109.867,0.160,-0.458,9
1037,-3.813,-1.441,0.000,-107.243,0.131,-0.441,9
1038,-3.814,-1.442,0.000,-104.551,0.104,-0.423,9
1039,-3.814,-1.442,0.000,-101.809,0.079,-0.404,9
1040,-3.814,-1.442,0.000,-99.033,0.056,-0.384,9
1041,-3.814,-1.443,0.000,-96.238,0.034,-0.363,9
1042,-3.814,-1.443,0.000,-93.437,0.015,-0.341,9
1043,-3.814,-1.443,0.000,-90.642,-0.002,-0.318,9
1044,-3.814,-1.444,0.000,-87.855,-0.017,-0.295,9
1045,-3.814,-1.444,0.000,-85.077,-0.029,-0.271,9
1046,-3.814,-1.444,0.000,-82.302,-0.039,-0.247,9
1047,-3.814,-1.445,0.000,-79.522,-0.047,-0.224,9
1048,-3.814,-1.445,0.000,-76.730,-0.053,-0.200,9
1049,-3.813,-1.446,0.000,-73.925,-0.057,-0.177,9
1050,-3.813,-1.446,0.000,-71.115,-0.049,-0.158,9
1051,-3.813,-1.447,0.000,-68.359,-0.056,-0.136,9
1052,-3.812,-1.448,0.000,-65.637,-0.044,-0.121,9
1053,-3.812,-1.449,0.000,-62.941,-0.042,-0.101,9
1054,-3.811,-1.450,0.000,-60.286,-0.042,-0.081,9
1055,-3.811,-1.451,0.000,-57.687,-0.036,-0.064,9
1056,-3.810,-1.452,0.000,-55.159,-0.027,-0.049,9
1057,-3.810,-1.453,0.000,-52.708,-0.018,-0.034,9
1058,-3.809,-1.454,0.000,-50.346,-0.010,-0.020,9
1059,-3.808,-1.454,0.000,-48.078,0.001,-0.007,9
1060,-3.807,-1.455,0.000,-45.901,0.012,0.005,9
1061,-3.806,-1.456,0.000,-43.812,0.024,0.015,9
1062,-3.805,-1.457,0.000,-41.806,0.036,0.025,9
1063,-3.805,-1.458,0.000,-39.876,0.049,0.034,9
1064,-3.804,-1.459,0.000,-38.019,0.062,0.042,9
1065,-3.803,-1.459,0.000,-36.231,0.075,0.049,9
1066,-3.802,-1.460,0.000,-34.510,0.089,0.055,9
1067,-3.800,-1.461,0.000,-32.856,0.103,0.060,9
1068,-3.799,-1.462,0.000,-31.271,0.116,0.064,9
1069,-3.798,-1.462,0.000,-29.755,0.130,0.068,9
1070,-3.797,-1.463,0.000,-28.308,0.144,0.071,9
1071,-3.796,-1.464,0.000,-26.930,0.157,0.074,9
1072,-3.794,-1.464,0.000,-25.619,0.171,0.076,9
1073,-3.793,-1.465,0.000,-24.373,0.184,0.078,9
1074,-3.792,-1.466,0.000,-23.188,0.197,0.079,9
1075,-3.791,-1.466,0.000,-22.059,0.210,0.079,9
1076,-3.789,-1.467,0.000,-20.984,0.223,0.080,9
1077,-3.788,-1.467,0.000,-19.957,0.236,0.080,9
1078,-3.786,-1.468,0.000,-18.976,0.248,0.080,9
1079,-3.785,-1.468,0.000,-18.039,0.260,0.079,9
1080,-3.783,-1.469,0.000,-17.143,0.272,0.078,9
1081,-3.782,-1.469,0.000,-16.287,0.284,0.077,9
1082,-3.780,-1.470,0.000,-15.470,0.295,0.076,9
1083,-3.779,-1.470,0.000,-14.692,0.306,0.075,9
1084,-3.777,-1.471,0.000,-13.951,0.317,0.073,9
1085,-3.776,-1.471,0.000,-13.246,0.328,0.072,9
1086,-3.774,-1.471,0.000,-12.576,0.338,0.070,9
1087,-3.772,-1.472,0.000,-11.938,0.349,0.068,9
1088,-3.771,-1.472,0.000,-11.332,0.359,0.066,9
1089,-3.769,-1.473,0.000,-10.754,0.368,0.064,9
1090,-3.767,-1.473,0.000,-10.203,0.378,0.062,9
1091,-3.766,-1.473,0.000,-9.677,0.387,0.060,9
1092,-3.764,-1.473,0.000,-9.175,0.396,0.058,9
1093,-3.762,-1.474,0.000,-8.694,0.405,0.056,9
1094,-3.760,-1.474,0.000,-8.233,0.413,0.054,9
1095,-3.759,-1.474,0.000,-7.792,0.421,0.052,9
1096,-3.757,-1.475,0.000,-7.368,0.429,0.050,9
1097,-3.755,-1.475,0.000,-6.962,0.437,0.048,9
1098,-3.753,-1.475,0.000,-6.572,0.445,0.046,9
1099,-3.751,-1.475,0.000,-6.198,0.452,0.044,9
1100,-3.749,-1.476,0.000,-5.840,0.460,0.042,9
1101,-3.747,-1.476,0.000,-5.496,0.466,0.039,9
1102,-3.746,-1.476,0.000,-5.167,0.473,0.037,9
1103,-3.744,-1.476,0.000,-4.851,0.480,0.035,9
1104,-3.742,-1.476,0.000,-4.548,0.486,0.033,9
1105,-3.740,-1.476,0.000,-4.259,0.492,0.031,9
1106,-3.738,-1.477,0.000,-3.981,0.498,0.029,9
1107,-3.736,-1.477,0.000,-3.716,0.504,0.027,9
1108,-3.734,-1.477,0.000,-3.463,0.510,0.025,9
1109,-3.732,-1.477,0.000,-3.222,0.515,0.024,9
1110,-3.730,-1.477,0.000,-2.992,0.520,0.022,9
1111,-3.727,-1.477,0.000,-2.773,0.525,0.020,9
1112,-3.725,-1.477,0.000,-2.566,0.530,0.018,9
1113,-3.723,-1.477,0.000,-2.371,0.535,0.017,9
1114,-3.721,-1.478,0.000,-2.186,0.539,0.015,9
1115,-3.719,-1.478,0.000,-2.012,0.543,0.014,9
1116,-3.717,-1.478,0.000,-1.847,0.547,0.026,9
1117,-3.715,-1.478,0.000,-1.692,0.551,0.028,9
1118,-3.713,-1.478,0.000,-1.547,0.556,0.020,9
1119,-3.710,-1.478,0.000,-1.412,0.560,0.017,9
1120,-3.708,-1.478,0.000,-1.288,0.564,0.015,9
1121,-3.706,-1.478,0.000,-1.170,0.568,0.018,9
1122,-3.704,-1.478,0.000,-1.067,0.573,0.010,9
1123,-3.702,-1.478,0.000,-0.958,0.576,0.028,9
1124,-3.700,-1.478,0.000,-0.847,0.581,0.003,9
1125,-3.697,-1.478,0.000,-0.737,0.584,0.012,9
1126,-3.695,-1.478,0.000,-0.642,0.588,0.018,9
1127,-3.693,-1.478,0.000,-0.558,0.592,0.012,9
1128,-3.691,-1.478,0.000,-0.486,0.595,0.008,9
1129,-3.688,-1.478,0.000,-0.425,0.599,0.009,9
1130,-3.686,-1.478,0.000,-0.374,0.602,0.010,9
1131,-3.684,-1.478,0.000,-0.335,0.605,0.009,9
1132,-3.681,-1.478,0.000,-0.307,0.608,0.008,9
1133,-3.679,-1.478,0.000,-0.290,0.611,0.008,9
1134,-3.677,-1.478,0.000,-0.286,0.614,-0.007,9
1135,-3.674,-1.478,0.000,-0.302,0.618,-0.008,9
1136,-3.672,-1.478,0.000,-0.321,0.621,0.023,9
1137,-3.670,-1.478,0.000,-0.345,0.623,0.005,9
1138,-3.667,-1.478,0.000,-0.368,0.627,0.000,9
1139,-3.665,-1.478,0.000,-0.391,0.630,0.007,9
1140,-3.663,-1.478,0.000,-0.426,0.633,-0.003,9
1141,-3.660,-1.478,0.000,-0.469,0.636,-0.004,9
1142,-3.658,-1.478,0.000,-0.520,0.639,0.001,9
1143,-3.655,-1.478,0.000,-0.579,0.641,0.003,9
1144,-3.653,-1.478,0.000,-0.646,0.644,0.002,9
1145,-3.650,-1.478,0.000,-0.720,0.646,0.002,9
1146,-3.648,-1.478,0.000,-0.801,0.648,0.004,9
1147,-3.645,-1.479,0.000,-0.889,0.650,0.005,9
1148,-3.643,-1.479,0.000,-0.982,0.652,0.006,9
1149,-3.640,-1.479,0.000,-1.081,0.654,0.007,9
1150,-3.638,-1.479,0.000,-1.184,0.656,0.008,9
1151,-3.635,-1.479,0.000,-1.293,0.657,0.009,9
1152,-3.633,-1.479,0.000,-1.405,0.658,0.011,9
1153,-3.630,-1.479,0.000,-1.521,0.660,0.012,9
1154,-3.627,-1.479,0.000,-1.641,0.661,0.014,9
1155,-3.625,-1.479,0.000,-1.763,0.662,0.015,9
1156,-3.622,-1.479,0.000,-1.888,0.662,0.016,9
1157,-3.620,-1.479,0.000,-2.014,0.663,0.018,9
1158,-3.617,-1.479,0.000,-2.142,0.664,0.019,9
1159,-3.614,-1.479,0.000,-2.271,0.664,0.021,9
1160,-3.612,-1.479,0.000,-2.401,0.664,0.022,9
1161,-3.609,-1.480,0.000,-2.531,0.664,0.024,9
1162,-3.607,-1.480,0.000,-2.661,0.664,0.025,9
1163,-3.604,-1.480,0.000,-2.789,0.664,0.027,9
1164,-3.601,-1.480,0.000,-2.917,0.664,0.028,9
1165,-3.599,-1.480,0.000,-3.043,0.664,0.030,9
1166,-3.596,-1.480,0.000,-3.168,0.663,0.031,9
1167,-3.593,-1.480,0.000,-3.289,0.663,0.033,9
1168,-3.591,-1.481,0.000,-3.409,0.662,0.034,9
1169,-3.588,-1.481,0.000,-3.525,0.661,0.035,9
1170,-3.585,-1.481,0.000,-3.637,0.660,0.037,9
1171,-3.582,-1.481,0.000,-3.746,0.659,0.038,9
1172,-3.580,-1.481,0.000,-3.850,0.658,0.039,9
1173,-3.577,-1.481,0.000,-3.949,0.657,0.040,9
1174,-3.574,-1.482,0.000,-4.044,0.655,0.041,9
1175,-3.572,-1.482,0.000,-4.134,0.654,0.042,9
1176,-3.569,-1.482,0.000,-4.218,0.652,0.043,9
1177,-3.566,-1.482,0.000,-4.296,0.650,0.043,9
1178,-3.563,-1.482,0.000,-4.369,0.649,0.044,9
1179,-3.560,-1.483,0.000,-4.436,0.647,0.045,9
1180,-3.558,-1.483,0.000,-4.496,0.645,0.045,9
1181,-3.555,-1.483,0.000,-4.550,0.643,0.046,9
1182,-3.552,-1.483,0.000,-4.598,0.640,0.046,9
1183,-3.549,-1.483,0.000,-4.640,0.638,0.046,9
1184,-3.547,-1.484,0.000,-4.675,0.636,0.047,9
1185,-3.544,-1.484,0.000,-4.704,0.633,0.047,9
1186,-3.541,-1.484,0.000,-4.727,0.630,0.047,9
1187,-3.538,-1.484,0.000,-4.743,0.628,0.047,9
1188,-3.535,-1.485,0.000,-4.753,0.625,0.047,9
1189,-3.532,-1.485,0.000,-4.758,0.622,0.046,9
1190,-3.530,-1.485,0.000,-4.756,0.619,0.046,9
1191,-3.527,-1.485,0.000,-4.749,0.616,0.046,9
1192,-3.524,-1.485,0.000,-4.737,0.612,0.053,9
1193,-3.521,-1.486,0.000,-4.723,0.611,0.033,9
1194,-3.518,-1.486,0.000,-4.700,0.606,0.049,9
1195,-3.515,-1.486,0.000,-4.666,0.603,0.049,9
1196,-3.512,-1.486,0.000,-4.620,0.600,0.042,9
1197,-3.509,-1.487,0.000,-4.571,0.597,0.040,9
1198,-3.507,-1.487,0.000,-4.518,0.594,0.042,9
1199,-3.504,-1.487,0.000,-4.463,0.591,0.042,9
1200,-3.501,-1.487,0.000,-4.404,0.587,0.040,9
1201,-3.498,-1.488,0.000,-4.344,0.584,0.039,9
1202,-3.495,-1.488,0.000,-4.280,0.580,0.038,9
1203,-3.492,-1.488,0.000,-4.215,0.577,0.037,9
1204,-3.489,-1.488,0.000,-4.148,0.573,0.036,9
1205,-3.486,-1.488,0.000,-4.079,0.569,0.035,9
1206,-3.483,-1.489,0.000,-4.009,0.566,0.034,9
1207,-3.480,-1.489,0.000,-3.937,0.562,0.033,9
1208,-3.477,-1.489,0.000,-3.864,0.558,0.032,9
1209,-3.474,-1.489,0.000,-3.790,0.554,0.031,9
1210,-3.472,-1.489,0.000,-3.715,0.549,0.030,9
1211,-3.469,-1.490,0.000,-3.639,0.545,0.029,9
1212,-3.466,-1.490,0.000,-3.563,0.541,0.028,9
1213,-3.463,-1.490,0.000,-3.485,0.536,0.027,9
1214,-3.460,-1.490,0.000,-3.407,0.532,0.026,9
1215,-3.457,-1.490,0.000,-3.329,0.527,0.025,9
1216,-3.454,-1.490,0.000,-3.250,0.522,0.024,9
1217,-3.451,-1.491,0.000,-3.171,0.517,0.023,9
1218,-3.448,-1.491,0.000,-3.092,0.513,0.022,9
1219,-3.445,-1.491,0.000,-3.012,0.508,0.021,9
1220,-3.442,-1.491,0.000,-2.932,0.502,0.020,9
1221,-3.439,-1.491,0.000,-2.853,0.497,0.019,9
1222,-3.436,-1.491,0.000,-2.774,0.492,0.028,9
1223,-3.433,-1.492,0.000,-2.688,0.487,0.022,9
1224,-3.430,-1.492,0.000,-2.601,0.482,0.027,9
1225,-3.427,-1.492,0.000,-2.514,0.477,0.029,9
1226,-3.424,-1.492,0.000,-2.428,0.471,0.026,9
1227,-3.421,-1.492,0.000,-2.343,0.466,0.023,9
1228,-3.418,-1.492,0.000,-2.259,0.461,0.023,9
1229,-3.415,-1.492,0.000,-2.177,0.455,0.023,9
1230,-3.412,-1.492,0.000,-2.096,0.450,0.022,9
1231,-3.409,-1.493,0.000,-2.016,0.444,0.021,9
1232,-3.406,-1.493,0.000,-1.939,0.438,0.020,9
1233,-3.402,-1.493,0.000,-1.862,0.433,0.020,9
1234,-3.399,-1.493,0.000,-1.788,0.427,0.019,9
1235,-3.396,-1.493,0.000,-1.716,0.421,0.018,9
1236,-3.393,-1.493,0.000,-1.645,0.415,0.017,9
1237,-3.390,-1.493,0.000,-1.577,0.409,0.017,9
1238,-3.387,-1.493,0.000,-1.510,0.402,0.016,9
1239,-3.384,-1.493,0.000,-1.446,0.396,0.015,9
1240,-3.381,-1.493,0.000,-1.384,0.390,0.015,9
1241,-3.378,-1.493,0.000,-1.324,0.383,0.014,9
1242,-3.375,-1.494,0.000,-1.266,0.377,0.014,9
1243,-3.372,-1.494,0.000,-1.210,0.370,0.013,9
1244,-3.369,-1.494,0.000,-1.157,0.364,0.013,9
1245,-3.365,-1.494,0.000,-1.106,0.357,0.012,9
1246,-3.362,-1.494,0.000,-1.057,0.350,0.012,9
1247,-3.359,-1.494,0.000,-1.011,0.343,0.011,9
1248,-3.356,-1.494,0.000,-0.967,0.336,0.011,9
1249,-3.353,-1.494,0.000,-0.925,0.329,0.011,9
1250,-3.350,-1.494,0.000,-0.886,0.322,0.010,9
1251,-3.347,-1.494,0.000,-0.848,0.315,0.010,9
1252,-3.344,-1.494,0.000,-0.814,0.308,0.010,9
1253,-3.340,-1.494,0.000,-0.781,0.301,0.010,9
1254,-3.337,-1.494,0.000,-0.751,0.293,0.009,9
1255,-3.334,-1.494,0.000,-0.723,0.286,-0.010,9
1256,-3.331,-1.494,0.000,-0.692,0.278,-0.004,9
1257,-3.328,-1.494,0.000,-0.663,0.271,0.002,9
1258,-3.325,-1.494,0.000,-0.636,0.264,-0.001,9
1259,-3.321,-1.494,0.000,-0.612,0.256,-0.004,9
1260,-3.318,-1.494,0.000,-0.591,0.249,-0.003,9
1261,-3.315,-1.494,0.000,-0.572,0.241,-0.002,9
1262,-3.312,-1.494,0.000,-0.555,0.234,-0.003,9
1263,-3.309,-1.494,0.000,-0.541,0.225,0.014,9
1264,-3.305,-1.494,0.000,-0.534,0.218,0.012,9
1265,-3.302,-1.495,0.000,-0.530,0.210,-0.014,9
1266,-3.299,-1.495,0.000,-0.533,0.203,0.000,9
1267,-3.296,-1.495,0.000,-0.541,0.196,0.001,9
1268,-3.293,-1.495,0.000,-0.549,0.189,-0.005,9
1269,-3.290,-1.495,0.000,-0.559,0.181,-0.006,9
1270,-3.286,-1.495,0.000,-0.569,0.173,-0.003,9
1271,-3.283,-1.495,0.000,-0.581,0.166,-0.003,9
1272,-3.280,-1.495,0.000,-0.593,0.158,-0.004,9
1273,-3.277,-1.495,0.000,-0.606,0.150,-0.004,9
1274,-3.274,-1.495,0.000,-0.620,0.142,-0.004,9
1275,-3.271,-1.495,0.000,-0.634,0.134,-0.004,9
1276,-3.267,-1.495,0.000,-0.649,0.126,-0.004,9
1277,-3.264,-1.495,0.000,-0.664,0.118,-0.004,9
1278,-3.261,-1.495,0.000,-0.680,0.110,-0.004,9
1279,-3.258,-1.495,0.000,-0.695,0.102,-0.004,9
1280,-3.255,-1.495,0.000,-0.711,0.094,-0.004,9
1281,-3.251,-1.495,0.000,-0.727,0.086,-0.004,9
1282,-3.248,-1.495,0.000,-0.743,0.077,-0.004,9
1283,-3.245,-1.495,0.000,-0.758,0.069,-0.004,9
1284,-3.242,-1.495,0.000,-0.774,0.060,-0.005,9
1285,-3.239,-1.495,0.000,-0.789,0.052,-0.005,9
1286,-3.235,-1.495,0.000,-0.804,0.043,-0.005,9
1287,-3.232,-1.495,0.000,-0.819,0.035,-0.005,9
1288,-3.229,-1.495,0.000,-0.833,0.026,-0.005,9
1289,-3.226,-1.495,0.000,-0.847,0.017,-0.005,9
1290,-3.222,-1.495,0.000,-0.861,0.009,-0.005,9
1291,-3.219,-1.496,0.000,-0.873,-0.000,-0.005,9
1292,-3.216,-1.496,0.000,-0.885,-0.009,-0.006,9
1293,-3.213,-1.496,0.000,-0.897,-0.018,-0.006,9
1294,-3.210,-1.496,0.000,-0.908,-0.027,-0.006,9
1295,-3.206,-1.496,0.000,-0.918,-0.036,-0.006,9
1296,-3.203,-1.496,0.000,-0.927,-0.045,-0.006,9
1297,-3.200,-1.496,0.000,-0.936,-0.055,-0.006,9
1298,-3.197,-1.496,0.000,-0.944,-0.064,-0.006,9
1299,-3.193,-1.496,0.000,-0.950,-0.073,-0.007,9
1300,-3.190,-1.496,0.000,-0.957,-0.082,-0.007,9
1301,-3.187,-1.496,0.000,-0.962,-0.092,-0.007,9
1302,-3.184,-1.496,0.000,-0.966,-0.101,-0.007,9
1303,-3.181,-1.496,0.000,-0.969,-0.111,-0.007,9
1304,-3.177,-1.496,0.000,-0.972,-0.120,-0.007,9
1305,-3.174,-1.496,0.000,-0.974,-0.130,-0.008,9
1306,-3.171,-1.496,0.000,-0.974,-0.140,-0.008,9
1307,-3.168,-1.496,0.000,-0.974,-0.149,-0.008,9
1308,-3.164,-1.496,0.000,-0.973,-0.159,-0.008,9
1309,-3.161,-1.496,0.000,-0.971,-0.169,-0.008,9
1310,-3.158,-1.497,0.000,-0.968,-0.179,-0.008,9
1311,-3.155,-1.497,0.000,-0.964,-0.189,-0.009,9
1312,-3.151,-1.497,0.000,-0.960,-0.199,-0.009,9
1313,-3.148,-1.497,0.000,-0.954,-0.209,-0.009,9
1314,-3.145,-1.497,0.000,-0.948,-0.219,-0.009,9
1315,-3.142,-1.497,0.000,-0.941,-0.229,-0.009,9
1316,-3.138,-1.497,0.000,-0.933,-0.239,-0.009,9
1317,-3.135,-1.497,0.000,-0.924,-0.249,-0.009,9
1318,-3.132,-1.497,0.000,-0.915,-0.259,-0.010,9
1319,-3.129,-1.497,0.000,-0.904,-0.270,-0.010,9
1320,-3.125,-1.497,0.000,-0.893,-0.280,-0.010,9
1321,-3.122,-1.497,0.000,-0.882,-0.291,-0.010,9
1322,-3.119,-1.497,0.000,-0.870,-0.301,-0.010,9
1323,-3.116,-1.497,0.000,-0.857,-0.312,-0.010,9
1324,-3.112,-1.497,0.000,-0.843,-0.322,-0.010,9
1325,-3.109,-1.497,0.000,-0.829,-0.333,-0.010,9
1326,-3.106,-1.497,0.000,-0.815,-0.343,-0.010,9
1327,-3.102,-1.497,0.000,-0.800,-0.354,-0.010,9
1328,-3.099,-1.497,0.000,-0.784,-0.365,-0.010,9
1329,-3.096,-1.497,0.000,-0.769,-0.376,-0.010,9
1330,-3.093,-1.498,0.000,-0.752,-0.386,-0.010,9
1331,-3.089,-1.498,0.000,-0.736,-0.397,-0.011,9
1332,-3.086,-1.498,0.000,-0.719,-0.408,-0.011,9
1333,-3.083,-1.498,0.000,-0.702,-0.419,-0.011,9
1334,-3.080,-1.498,0.000,-0.684,-0.430,-0.011,9
1335,-3.076,-1.498,0.000,-0.667,-0.441,-0.011,9
1336,-3.073,-1.498,0.000,-0.649,-0.452,-0.011,9
1337,-3.070,-1.498,0.000,-0.631,-0.463,-0.011,9
1338,-3.067,-1.498,0.000,-0.613,-0.475,-0.010,9
1339,-3.063,-1.498,0.000,-0.595,-0.486,-0.010,9
1340,-3.060,-1.498,0.000,-0.577,-0.497,-0.010,9
1341,-3.057,-1.498,0.000,-0.559,-0.508,-0.010,9
1342,-3.053,-1.498,0.000,-0.541,-0.520,-0.010,9
1343,-3.050,-1.498,0.000,-0.523,-0.531,-0.010,9
1344,-3.047,-1.498,0.000,-0.506,-0.543,-0.010,9
1345,-3.044,-1.498,0.000,-0.488,-0.554,-0.010,9
1346,-3.040,-1.498,0.000,-0.470,-0.566,-0.010,9
1347,-3.037,-1.498,0.000,-0.453,-0.577,-0.010,9
1348,-3.034,-1.498,0.000,-0.436,-0.589,-0.010,9
1349,-3.031,-1.498,0.000,-0.419,-0.601,-0.010,9
1350,-3.027,-1.498,0.000,-0.403,-0.612,-0.010,9
1351,-3.024,-1.498,0.000,-0.387,-0.624,-0.010,9
1352,-3.021,-1.498,0.000,-0.371,-0.636,-0.010,9
1353,-3.017,-1.498,0.000,-0.355,-0.648,-0.009,9
1354,-3.014,-1.498,0.000,-0.340,-0.660,-0.009,9
1355,-3.011,-1.498,0.000,-0.325,-0.671,-0.009,9
1356,-3.008,-1.498,0.000,-0.311,-0.683,-0.009,9
1357,-3.004,-1.498,0.000,-0.297,-0.695,-0.009,9
1358,-3.001,-1.498,0.000,-0.283,-0.707,-0.009,9
1359,-2.998,-1.498,0.000,-0.270,-0.720,-0.009,9
1360,-2.994,-1.498,0.000,-0.257,-0.732,-0.009,9
1361,-2.991,-1.498,0.000,-0.245,-0.744,-0.009,9
1362,-2.988,-1.498,0.000,-0.233,-0.756,-0.008,9
1363,-2.985,-1.498,0.000,-0.222,-0.768,-0.008,9
1364,-2.981,-1.498,0.000,-0.212,-0.781,-0.008,9
1365,-2.978,-1.498,0.000,-0.201,-0.793,-0.008,9
1366,-2.975,-1.498,0.000,-0.192,-0.805,-0.008,9
1367,-2.971,-1.498,0.000,-0.183,-0.818,-0.008,9
1368,-2.968,-1.498,0.000,-0.174,-0.830,-0.008,9
1369,-2.965,-1.498,0.000,-0.166,-0.843,-0.008,9
1370,-2.962,-1.498,0.000,-0.158,-0.855,-0.008,9
1371,-2.958,-1.498,0.000,-0.151,-0.868,-0.008,9
1372,-2.955,-1.498,0.000,-0.145,-0.880,-0.008,9
1373,-2.952,-1.499,0.000,-0.139,-0.893,-0.008,9
1374,-2.948,-1.499,0.000,-0.133,-0.906,-0.008,9
1375,-2.945,-1.499,0.000,-0.128,-0.918,-0.007,9
1376,-2.942,-1.499,0.000,-0.124,-0.931,-0.007,9
1377,-2.939,-1.499,0.000,-0.120,-0.944,-0.007,9
1378,-2.935,-1.499,0.000,-0.116,-0.957,-0.007,9
1379,-2.932,-1.499,0.000,-0.113,-0.970,-0.007,9
1380,-2.929,-1.499,0.000,-0.110,-0.983,-0.007,9
1381,-2.925,-1.499,0.000,-0.108,-0.996,-0.007,9
1382,-2.922,-1.499,0.000,-0.107,-1.009,-0.007,9
1383,-2.919,-1.499,0.000,-0.105,-1.022,-0.007,9
1384,-2.915,-1.499,0.000,-0.105,-1.035,-0.007,9
1385,-2.912,-1.499,0.000,-0.104,-1.048,-0.007,9
1386,-2.909,-1.499,0.000,-0.104,-1.061,-0.007,9
1387,-2.906,-1.499,0.000,-0.105,-1.074,-0.007,9
1388,-2.902,-1.499,0.000,-0.105,-1.087,-0.007,9
1389,-2.899,-1.499,0.000,-0.106,-1.101,-0.007,9
1390,-2.896,-1.499,0.000,-0.108,-1.114,-0.008,9
1391,-2.892,-1.499,0.000,-0.110,-1.127,-0.008,9
1392,-2.889,-1.499,0.000,-0.112,-1.141,-0.008,9
1393,-2.886,-1.499,0.000,-0.114,-1.154,-0.008,9
1394,-2.883,-1.499,0.000,-0.116,-1.168,-0.008,9
1395,-2.879,-1.499,0.000,-0.119,-1.181,-0.008,9
1396,-2.876,-1.499,0.000,-0.122,-1.195,-0.008,9
1397,-2.873,-1.499,0.000,-0.125,-1.208,-0.008,9
1398,-2.869,-1.499,0.000,-0.129,-1.222,-0.008,9
1399,-2.866,-1.499,0.000,-0.132,-1.235,-0.008,9
1400,-2.863,-1.499,0.000,-0.136,-1.249,-0.008,9
1401,-2.859,-1.499,0.000,-0.140,-1.263,-0.008,9
1402,-2.856,-1.499,0.000,-0.144,-1.277,-0.009,9
1403,-2.853,-1.499,0.000,-0.148,-1.290,-0.009,9
1404,-2.850,-1.499,0.000,-0.152,-1.304,-0.009,9
1405,-2.846,-1.499,0.000,-0.156,-1.318,-0.009,9
1406,-2.843,-1.499,0.000,-0.161,-1.332,-0.009,9
1407,-2.840,-1.499,0.000,-0.165,-1.346,-0.009,9
1408,-2.836,-1.499,0.000,-0.169,-1.360,-0.009,9
1409,-2.833,-1.499,0.000,-0.173,-1.374,-0.010,9
1410,-2.830,-1.499,0.000,-0.177,-1.388,-0.010,9
1411,-2.826,-1.499,0.000,-0.182,-1.402,-0.010,9
1412,-2.823,-1.499,0.000,-0.186,-1.416,-0.010,9
1413,-2.820,-1.499,0.000,-0.190,-1.431,-0.010,9
1414,-2.817,-1.499,0.000,-0.194,-1.445,-0.010,9
1415,-2.813,-1.499,0.000,-0.197,-1.459,-0.010,9
1416,-2.810,-1.499,0.000,-0.201,-1.473,-0.011,9
1417,-2.807,-1.499,0.000,-0.205,-1.488,-0.011,9
1418,-2.803,-1.499,0.000,-0.208,-1.502,-0.011,9
1419,-2.800,-1.499,0.000,-0.211,-1.516,-0.011,9
1420,-2.797,-1.499,0.000,-0.214,-1.531,-0.011,9
1421,-2.793,-1.499,0.000,-0.217,-1.545,-0.011,9
1422,-2.790,-1.499,0.000,-0.220,-1.560,-0.011,9
1423,-2.787,-1.499,0.000,-0.222,-1.574,-0.012,9
1424,-2.784,-1.499,0.000,-0.224,-1.589,-0.012,9
1425,-2.780,-1.499,0.000,-0.226,-1.604,-0.012,9
1426,-2.777,-1.499,0.000,-0.228,-1.618,-0.012,9
1427,-2.774,-1.499,0.000,-0.230,-1.633,-0.012,9
1428,-2.770,-1.499,0.000,-0.231,-1.648,-0.012,9
1429,-2.767,-1.499,0.000,-0.232,-1.663,-0.012,9
1430,-2.764,-1.499,0.000,-0.233,-1.677,-0.012,9
1431,-2.760,-1.499,0.000,-0.233,-1.692,-0.012,9
1432,-2.757,-1.499,0.000,-0.234,-1.707,-0.012,9
1433,-2.754,-1.499,0.000,-0.234,-1.722,-0.012,9
1434,-2.751,-1.499,0.000,-0.233,-1.737,-0.012,9
1435,-2.747,-1.499,0.000,-0.233,-1.752,-0.013,9
1436,-2.744,-1.499,0.000,-0.232,-1.767,-0.013,9
1437,-2.741,-1.499,0.000,-0.231,-1.782,-0.013,9
1438,-2.737,-1.499,0.000,-0.230,-1.797,-0.013,9
1439,-2.734,-1.499,0.000,-0.228,-1.812,-0.013,9
1440,-2.731,-1.499,0.000,-0.226,-1.828,-0.013,9
1441,-2.727,-1.499,0.000,-0.224,-1.843,-0.013,9
1442,-2.724,-1.499,0.000,-0.222,-1.858,-0.013,9
1443,-2.721,-1.499,0.000,-0.219,-1.873,-0.013,9
1444,-2.717,-1.499,0.000,-0.217,-1.889,-0.013,9
1445,-2.714,-1.499,0.000,-0.214,-1.904,-0.013,9
1446,-2.711,-1.499,0.000,-0.210,-1.919,-0.012,9
1447,-2.708,-1.499,0.000,-0.207,-1.935,-0.012,9
1448,-2.704,-1.499,0.000,-0.203,-1.950,-0.012,9
1449,-2.701,-1.499,0.000,-0.199,-1.966,-0.012,9
1450,-2.698,-1.499,0.000,-0.195,-1.981,-0.012,9
1451,-2.694,-1.499,0.000,-0.191,-1.997,-0.012,9
1452,-2.691,-1.499,0.000,-0.187,-2.013,-0.012,9
1453,-2.688,-1.499,0.000,-0.182,-2.028,-0.012,9
1454,-2.684,-1.499,0.000,-0.177,-2.044,-0.012,9
1455,-2.681,-1.499,0.000,-0.173,-2.060,-0.012,9
1456,-2.678,-1.499,0.000,-0.168,-2.076,-0.011,9
1457,-2.675,-1.499,0.000,-0.163,-2.091,-0.011,9
1458,-2.671,-1.499,0.000,-0.157,-2.107,-0.011,9
1459,-2.668,-1.499,0.000,-0.152,-2.123,-0.011,9
1460,-2.665,-1.499,0.000,-0.147,-2.139,-0.011,9
1461,-2.661,-1.499,0.000,-0.141,-2.155,-0.011,9
1462,-2.658,-1.499,0.000,-0.136,-2.171,-0.011,9
1463,-2.655,-1.499,0.000,-0.130,-2.187,-0.010,9
1464,-2.651,-1.499,0.000,-0.125,-2.203,-0.010,9
1465,-2.648,-1.499,0.000,-0.119,-2.219,-0.010,9
1466,-2.645,-1.499,0.000,-0.114,-2.231,-0.008,9
1467,-2.641,-1.499,0.000,-0.108,-2.215,-0.011,9
1468,-2.638,-1.499,0.000,-0.103,-2.197,-0.010,9
1469,-2.635,-1.499,0.000,-0.097,-2.179,-0.008,9
1470,-2.632,-1.499,0.000,-0.092,-2.161,-0.009,9
1471,-2.628,-1.499,0.000,-0.087,-2.144,-0.009,9
1472,-2.625,-1.499,0.000,-0.081,-2.127,-0.009,9
1473,-2.622,-1.499,0.000,-0.076,-2.111,-0.008,9
1474,-2.619,-1.499,0.000,-0.071,-2.094,-0.008,9
1475,-2.615,-1.499,0.000,-0.066,-2.078,-0.008,9
1476,-2.612,-1.499,0.000,-0.061,-2.062,-0.008,9
1477,-2.609,-1.499,0.000,-0.056,-2.046,-0.007,9
1478,-2.606,-1.499,0.000,-0.052,-2.031,-0.007,9
1479,-2.603,-1.499,0.000,-0.047,-2.016,-0.007,9
1480,-2.599,-1.499,0.000,-0.043,-2.001,-0.007,9
1481,-2.596,-1.499,0.000,-0.039,-1.986,-0.007,9
1482,-2.593,-1.499,0.000,-0.034,-1.971,-0.007,9
1483,-2.590,-1.499,0.000,-0.031,-1.957,-0.006,9
1484,-2.587,-1.499,0.000,-0.027,-1.943,-0.006,9
1485,-2.583,-1.499,0.000,-0.023,-1.930,-0.006,9
1486,-2.580,-1.499,0.000,-0.020,-1.916,-0.006,9
1487,-2.577,-1.499,0.000,-0.017,-1.903,-0.006,9
1488,-2.574,-1.499,0.000,-0.014,-1.890,-0.006,9
1489,-2.571,-1.499,0.000,-0.011,-1.877,-0.006,9
1490,-2.568,-1.499,0.000,-0.009,-1.865,-0.006,9
1491,-2.565,-1.499,0.000,-0.007,-1.853,-0.006,9
1492,-2.561,-1.499,0.000,-0.005,-1.841,-0.006,9
1493,-2.558,-1.499,0.000,-0.003,-1.829,-0.006,9
1494,-2.555,-1.499,0.000,-0.001,-1.818,-0.005,9
1495,-2.552,-1.499,0.000,-0.000,-1.806,-0.005,9
1496,-2.549,-1.499,0.000,0.001,-1.795,-0.005,9
1497,-2.546,-1.499,0.000,0.002,-1.785,-0.005,9
1498,-2.542,-1.499,0.000,0.003,-1.774,-0.005,9
1499,-2.539,-1.499,0.000,0.003,-1.764,-0.005,9
1500,-2.536,-1.499,0.000,0.003,-1.754,-0.005,9
1501,-2.533,-1.499,0.000,0.003,-1.744,-0.005,9
1502,-2.530,-1.499,0.000,0.003,-1.735,-0.005,9
1503,-2.527,-1.499,0.000,0.003,-1.725,-0.005,9
1504,-2.523,-1.499,0.000,0.002,-1.716,-0.005,9
1505,-2.520,-1.499,0.000,0.001,-1.707,-0.005,9
1506,-2.517,-1.499,0.000,0.000,-1.699,-0.005,9
1507,-2.514,-1.499,0.000,-0.001,-1.690,-0.005,9
1508,-2.511,-1.499,0.000,-0.002,-1.682,-0.005,9
1509,-2.508,-1.499,0.000,-0.004,-1.674,-0.006,9
1510,-2.504,-1.499,0.000,-0.006,-1.666,-0.006,9
1511,-2.501,-1.499,0.000,-0.008,-1.659,-0.006,9
1512,-2.498,-1.499,0.000,-0.010,-1.651,-0.006,9
1513,-2.495,-1.499,0.000,-0.012,-1.644,-0.006,9
1514,-2.492,-1.499,0.000,-0.014,-1.637,-0.006,9
1515,-2.489,-1.499,0.000,-0.016,-1.631,-0.006,9
1516,-2.485,-1.499,0.000,-0.019,-1.624,-0.006,9
1517,-2.482,-1.499,0.000,-0.021,-1.618,-0.006,9
1518,-2.479,-1.499,0.000,-0.024,-1.612,-0.006,9
1519,-2.476,-1.499,0.000,-0.027,-1.606,-0.006,9
1520,-2.473,-1.499,0.000,-0.030,-1.601,-0.006,9
1521,-2.469,-1.500,0.000,-0.032,-1.595,-0.006,9
1522,-2.466,-1.500,0.000,-0.035,-1.590,-0.006,9
1523,-2.463,-1.500,0.000,-0.038,-1.585,-0.006,9
1524,-2.460,-1.500,0.000,-0.041,-1.580,-0.007,9
1525,-2.457,-1.500,0.000,-0.044,-1.575,-0.007,9
1526,-2.453,-1.500,0.000,-0.047,-1.571,-0.007,9
1527,-2.450,-1.500,0.000,-0.050,-1.567,-0.007,9
1528,-2.447,-1.500,0.000,-0.053,-1.563,-0.007,9
1529,-2.444,-1.500,0.000,-0.056,-1.559,-0.007,9
1530,-2.441,-1.500,0.000,-0.059,-1.555,-0.007,9
1531,-2.437,-1.500,0.000,-0.061,-1.552,-0.007,9
1532,-2.434,-1.500,0.000,-0.064,-1.548,-0.007,9
1533,-2.431,-1.500,0.000,-0.067,-1.545,-0.007,9
1534,-2.428,-1.500,0.000,-0.069,-1.542,-0.007,9
1535,-2.425,-1.500,0.000,-0.072,-1.540,-0.007,9
1536,-2.421,-1.500,0.000,-0.074,-1.537,-0.007,9
1537,-2.418,-1.500,0.000,-0.076,-1.535,-0.007,9
1538,-2.415,-1.500,0.000,-0.078,-1.532,-0.008,9
1539,-2.412,-1.500,0.000,-0.080,-1.530,-0.008,9
1540,-2.408,-1.500,0.000,-0.082,-1.528,-0.008,9
1541,-2.405,-1.500,0.000,-0.084,-1.527,-0.008,9
1542,-2.402,-1.500,0.000,-0.086,-1.525,-0.008,9
1543,-2.399,-1.500,0.000,-0.087,-1.524,-0.008,9
1544,-2.396,-1.500,0.000,-0.089,-1.523,-0.008,9
1545,-2.392,-1.500,0.000,-0.090,-1.521,-0.008,9
1546,-2.389,-1.500,0.000,-0.091,-1.521,-0.008,9
1547,-2.386,-1.500,0.000,-0.092,-1.520,-0.008,9
1548,-2.383,-1.500,0.000,-0.093,-1.519,-0.008,9
1549,-2.379,-1.500,0.000,-0.093,-1.519,-0.008,9
1550,-2.376,-1.500,0.000,-0.094,-1.519,-0.008,9
1551,-2.373,-1.500,0.000,-0.094,-1.519,-0.008,9
1552,-2.370,-1.500,0.000,-0.094,-1.519,-0.008,9
1553,-2.366,-1.500,0.000,-0.094,-1.519,-0.008,9
1554,-2.363,-1.500,0.000,-0.094,-1.519,-0.008,9
1555,-2.360,-1.500,0.000,-0.093,-1.520,-0.008,9
1556,-2.357,-1.500,0.000,-0.093,-1.521,-0.008,9
1557,-2.353,-1.500,0.000,-0.092,-1.521,-0.008,9
1558,-2.350,-1.500,0.000,-0.091,-1.522,-0.008,9
1559,-2.347,-1.500,0.000,-0.090,-1.524,-0.008,9
1560,-2.344,-1.500,0.000,-0.089,-1.525,-0.008,9
1561,-2.340,-1.500,0.000,-0.088,-1.526,-0.008,9
1562,-2.337,-1.500,0.000,-0.086,-1.528,-0.008,9
1563,-2.334,-1.500,0.000,-0.085,-1.530,-0.008,9
1564,-2.330,-1.500,0.000,-0.083,-1.531,-0.008,9
1565,-2.327,-1.500,0.000,-0.081,-1.533,-0.008,9
1566,-2.324,-1.500,0.000,-0.079,-1.536,-0.008,9
1567,-2.321,-1.500,0.000,-0.077,-1.538,-0.007,9
1568,-2.317,-1.500,0.000,-0.075,-1.540,-0.007,9
1569,-2.314,-1.500,0.000,-0.073,-1.543,-0.007,9
1570,-2.311,-1.500,0.000,-0.070,-1.546,-0.007,9
1571,-2.308,-1.500,0.000,-0.068,-1.548,-0.007,9
1572,-2.304,-1.500,0.000,-0.065,-1.551,-0.007,9
1573,-2.301,-1.500,0.000,-0.062,-1.554,-0.007,9
1574,-2.298,-1.500,0.000,-0.060,-1.558,-0.007,9
1575,-2.295,-1.500,0.000,-0.057,-1.561,-0.007,9
1576,-2.291,-1.500,0.000,-0.054,-1.564,-0.007,9
1577,-2.288,-1.500,0.000,-0.051,-1.568,-0.007,9
1578,-2.285,-1.500,0.000,-0.048,-1.572,-0.007,9
1579,-2.281,-1.500,0.000,-0.045,-1.576,-0.007,9
1580,-2.278,-1.500,0.000,-0.043,-1.580,-0.007,9
1581,-2.275,-1.500,0.000,-0.040,-1.584,-0.007,9
1582,-2.272,-1.500,0.000,-0.037,-1.588,-0.006,9
1583,-2.268,-1.500,0.000,-0.034,-1.592,-0.006,9
1584,-2.265,-1.500,0.000,-0.031,-1.597,-0.006,9
1585,-2.262,-1.500,0.000,-0.028,-1.601,-0.006,9
1586,-2.258,-1.500,0.000,-0.025,-1.606,-0.006,9
1587,-2.255,-1.500,0.000,-0.022,-1.611,-0.006,9
1588,-2.252,-1.500,0.000,-0.019,-1.616,-0.006,9
1589,-2.249,-1.500,0.000,-0.016,-1.621,-0.006,9
1590,-2.245,-1.500,0.000,-0.013,-1.626,-0.006,9
1591,-2.242,-1.500,0.000,-0.011,-1.631,-0.006,9
1592,-2.239,-1.500,0.000,-0.008,-1.637,-0.006,9
1593,-2.235,-1.500,0.000,-0.005,-1.642,-0.006,9
1594,-2.232,-1.500,0.000,-0.003,-1.648,-0.005,9
1595,-2.229,-1.500,0.000,-0.001,-1.654,-0.005,9
1596,-2.226,-1.500,0.000,0.002,-1.660,-0.005,9
1597,-2.222,-1.500,0.000,0.004,-1.666,-0.005,9
1598,-2.219,-1.500,0.000,0.006,-1.672,-0.005,9
1599,-2.216,-1.500,0.000,0.008,-1.678,-0.005,9
1600,-2.212,-1.500,0.000,0.010,-1.684,-0.005,9
1601,-2.209,-1.500,0.000,0.012,-1.690,-0.005,9
1602,-2.206,-1.500,0.000,0.014,-1.697,-0.005,9
1603,-2.203,-1.500,0.000,0.015,-1.704,-0.005,9
1604,-2.199,-1.500,0.000,0.017,-1.710,-0.005,9
1605,-2.196,-1.500,0.000,0.018,-1.717,-0.005,9
1606,-2.193,-1.500,0.000,0.019,-1.724,-0.005,9
1607,-2.189,-1.500,0.000,0.020,-1.731,-0.005,9
1608,-2.186,-1.500,0.000,0.021,-1.738,-0.005,9
1609,-2.183,-1.500,0.000,0.022,-1.745,-0.005,9
1610,-2.179,-1.500,0.000,0.022,-1.753,-0.005,9
1611,-2.176,-1.500,0.000,0.023,-1.760,-0.005,9
1612,-2.173,-1.500,0.000,0.023,-1.768,-0.005,9
1613,-2.170,-1.500,0.000,0.024,-1.775,-0.005,9
1614,-2.166,-1.500,0.000,0.024,-1.783,-0.005,9
1615,-2.163,-1.500,0.000,0.024,-1.791,-0.005,9
1616,-2.160,-1.500,0.000,0.024,-1.799,-0.005,9
1617,-2.156,-1.500,0.000,0.023,-1.807,-0.005,9
1618,-2.153,-1.500,0.000,0.023,-1.815,-0.005,9
1619,-2.150,-1.500,0.000,0.022,-1.823,-0.005,9
1620,-2.146,-1.500,0.000,0.022,-1.831,-0.005,9
1621,-2.143,-1.500,0.000,0.021,-1.840,-0.005,9
1622,-2.140,-1.500,0.000,0.020,-1.848,-0.005,9
1623,-2.137,-1.500,0.000,0.019,-1.857,-0.005,9
1624,-2.133,-1.500,0.000,0.018,-1.865,-0.005,9
1625,-2.130,-1.500,0.000,0.017,-1.874,-0.005,9
1626,-2.127,-1.500,0.000,0.016,-1.883,-0.005,9
1627,-2.123,-1.500,0.000,0.014,-1.892,-0.005,9
1628,-2.120,-1.500,0.000,0.013,-1.901,-0.005,9
1629,-2.117,-1.500,0.000,0.011,-1.910,-0.005,9
1630,-2.113,-1.500,0.000,0.009,-1.919,-0.005,9
1631,-2.110,-1.500,0.000,0.008,-1.928,-0.005,9
1632,-2.107,-1.500,0.000,0.006,-1.938,-0.005,9
1633,-2.103,-1.500,0.000,0.004,-1.947,-0.005,9
1634,-2.100,-1.500,0.000,0.002,-1.957,-0.005,9
1635,-2.097,-1.500,0.000,0.000,-1.966,-0.005,9
1636,-2.094,-1.500,0.000,-0.002,-1.976,-0.005,9
1637,-2.090,-1.500,0.000,-0.004,-1.986,-0.006,9
1638,-2.087,-1.500,0.000,-0.006,-1.996,-0.006,9
1639,-2.084,-1.500,0.000,-0.008,-2.006,-0.006,9
1640,-2.080,-1.500,0.000,-0.010,-2.016,-0.006,9
1641,-2.077,-1.500,0.000,-0.012,-2.026,-0.006,9
1642,-2.074,-1.500,0.000,-0.015,-2.036,-0.006,9
1643,-2.070,-1.500,0.000,-0.017,-2.046,-0.006,9
1644,-2.067,-1.500,0.000,-0.019,-2.057,-0.006,9
1645,-2.064,-1.500,0.000,-0.021,-2.067,-0.006,9
1646,-2.060,-1.500,0.000,-0.023,-2.078,-0.006,9
1647,-2.057,-1.500,0.000,-0.025,-2.088,-0.006,9
1648,-2.054,-1.500,0.000,-0.027,-2.099,-0.006,9
1649,-2.051,-1.500,0.000,-0.029,-2.110,-0.006,9
1650,-2.047,-1.500,0.000,-0.031,-2.121,-0.007,9
1651,-2.044,-1.500,0.000,-0.033,-2.132,-0.007,9
1652,-2.041,-1.500,0.000,-0.035,-2.142,-0.007,9
1653,-2.037,-1.500,0.000,-0.037,-2.154,-0.007,9
1654,-2.034,-1.500,0.000,-0.038,-2.165,-0.007,9
1655,-2.031,-1.500,0.000,-0.040,-2.176,-0.007,9
1656,-2.027,-1.500,0.000,-0.042,-2.187,-0.007,9
1657,-2.024,-1.500,0.000,-0.043,-2.199,-0.007,9
1658,-2.021,-1.500,0.000,-0.045,-2.210,-0.007,9
1659,-2.017,-1.500,0.000,-0.046,-2.222,-0.007,9
1660,-2.014,-1.500,0.000,-0.047,-2.229,-0.006,9
1661,-2.011,-1.500,0.000,-0.048,-2.217,-0.008,9
1662,-2.007,-1.500,0.000,-0.049,-2.204,-0.008,9
1663,-2.004,-1.500,0.000,-0.050,-2.192,-0.007,9
1664,-2.001,-1.500,0.000,-0.051,-2.179,-0.007,9
1665,-1.998,-1.500,0.000,-0.052,-2.167,-0.008,9
1666,-1.994,-1.500,0.000,-0.052,-2.155,-0.007,9
1667,-1.991,-1.500,0.000,-0.053,-2.144,-0.007,9
1668,-1.988,-1.500,0.000,-0.053,-2.132,-0.007,9
1669,-1.985,-1.500,0.000,-0.054,-2.121,-0.007,9
1670,-1.981,-1.500,0.000,-0.054,-2.110,-0.007,9
1671,-1.978,-1.500,0.000,-0.054,-2.099,-0.007,9
1672,-1.975,-1.500,0.000,-0.054,-2.088,-0.007,9
1673,-1.972,-1.500,0.000,-0.053,-2.078,-0.007,9
1674,-1.968,-1.500,0.000,-0.053,-2.068,-0.007,9
1675,-1.965,-1.500,0.000,-0.053,-2.058,-0.007,9
1676,-1.962,-1.500,0.000,-0.052,-2.048,-0.007,9
1677,-1.959,-1.500,0.000,-0.052,-2.039,-0.007,9
1678,-1.956,-1.500,0.000,-0.051,-2.030,-0.007,9
1679,-1.952,-1.500,0.000,-0.050,-2.021,-0.007,9
1680,-1.949,-1.500,0.000,-0.049,-2.012,-0.007,9
1681,-1.946,-1.500,0.000,-0.048,-2.003,-0.007,9
1682,-1.943,-1.500,0.000,-0.047,-1.995,-0.007,9
1683,-1.939,-1.500,0.000,-0.046,-1.987,-0.007,9
1684,-1.936,-1.500,0.000,-0.044,-1.979,-0.007,9
1685,-1.933,-1.500,0.000,-0.043,-1.971,-0.007,9
1686,-1.930,-1.500,0.000,-0.041,-1.963,-0.007,9
1687,-1.927,-1.500,0.000,-0.040,-1.956,-0.007,9
1688,-1.923,-1.500,0.000,-0.038,-1.949,-0.007,9
1689,-1.920,-1.500,0.000,-0.036,-1.942,-0.007,9
1690,-1.917,-1.500,0.000,-0.034,-1.935,-0.007,9
1691,-1.914,-1.500,0.000,-0.033,-1.929,-0.007,9
1692,-1.911,-1.500,0.000,-0.031,-1.923,-0.006,9
1693,-1.907,-1.500,0.000,-0.029,-1.917,-0.006,9
1694,-1.904,-1.500,0.000,-0.027,-1.911,-0.006,9
1695,-1.901,-1.500,0.000,-0.025,-1.905,-0.006,9
1696,-1.898,-1.500,0.000,-0.023,-1.900,-0.006,9
1697,-1.895,-1.500,0.000,-0.020,-1.894,-0.006,9
1698,-1.891,-1.500,0.000,-0.018,-1.889,-0.006,9
1699,-1.888,-1.500,0.000,-0.016,-1.885,-0.006,9
1700,-1.885,-1.500,0.000,-0.014,-1.880,-0.006,9
1701,-1.882,-1.500,0.000,-0.012,-1.876,-0.006,9
1702,-1.879,-1.500,0.000,-0.010,-1.871,-0.006,9
1703,-1.875,-1.500,0.000,-0.008,-1.867,-0.006,9
1704,-1.872,-1.500,0.000,-0.006,-1.863,-0.006,9
1705,-1.869,-1.500,0.000,-0.003,-1.860,-0.006,9
1706,-1.866,-1.500,0.000,-0.001,-1.856,-0.005,9
1707,-1.863,-1.500,0.000,0.001,-1.853,-0.005,9
1708,-1.859,-1.500,0.000,0.003,-1.850,-0.005,9
1709,-1.856,-1.500,0.000,0.004,-1.847,-0.005,9
1710,-1.853,-1.500,0.000,0.006,-1.844,-0.005,9
1711,-1.850,-1.500,0.000,0.008,-1.842,-0.005,9
1712,-1.847,-1.500,0.000,0.010,-1.839,-0.005,9
1713,-1.843,-1.500,0.000,0.012,-1.837,-0.005,9
1714,-1.840,-1.500,0.000,0.013,-1.835,-0.005,9
1715,-1.837,-1.500,0.000,0.015,-1.833,-0.005,9
1716,-1.834,-1.500,0.000,0.016,-1.832,-0.005,9
1717,-1.830,-1.500,0.000,0.018,-1.830,-0.005,9
1718,-1.827,-1.500,0.000,0.019,-1.829,-0.005,9
1719,-1.824,-1.500,0.000,0.020,-1.828,-0.005,9
1720,-1.821,-1.500,0.000,0.021,-1.827,-0.005,9
1721,-1.817,-1.500,0.000,0.022,-1.826,-0.005,9
1722,-1.814,-1.500,0.000,0.023,-1.825,-0.005,9
1723,-1.811,-1.500,0.000,0.024,-1.825,-0.005,9
1724,-1.808,-1.500,0.000,0.024,-1.824,-0.005,9
1725,-1.805,-1.500,0.000,0.025,-1.824,-0.005,9
1726,-1.801,-1.500,0.000,0.025,-1.824,-0.005,9
1727,-1.798,-1.500,0.000,0.026,-1.825,-0.005,9
1728,-1.795,-1.500,0.000,0.026,-1.825,-0.005,9
1729,-1.792,-1.500,0.000,0.026,-1.825,-0.005,9
1730,-1.788,-1.500,0.000,0.026,-1.826,-0.005,9
1731,-1.785,-1.500,0.000,0.026,-1.827,-0.005,9
1732,-1.782,-1.500,0.000,0.026,-1.828,-0.005,9
1733,-1.779,-1.500,0.000,0.025,-1.829,-0.005,9
1734,-1.775,-1.500,0.000,0.025,-1.830,-0.005,9
1735,-1.772,-1.500,0.000,0.024,-1.832,-0.005,9
1736,-1.769,-1.500,0.000,0.024,-1.833,-0.005,9
1737,-1.766,-1.500,0.000,0.023,-1.835,-0.005,9
1738,-1.762,-1.500,0.000,0.022,-1.837,-0.005,9
1739,-1.759,-1.500,0.000,0.021,-1.839,-0.005,9
1740,-1.756,-1.500,0.000,0.020,-1.841,-0.005,9
1741,-1.752,-1.500,0.000,0.019,-1.843,-0.005,9
1742,-1.749,-1.500,0.000,0.018,-1.846,-0.005,9
1743,-1.746,-1.500,0.000,0.017,-1.848,-0.005,9
1744,-1.743,-1.500,0.000,0.015,-1.851,-0.005,9
1745,-1.739,-1.500,0.000,0.014,-1.854,-0.005,9
1746,-1.736,-1.500,0.000,0.012,-1.857,-0.005,9
1747,-1.733,-1.500,0.000,0.011,-1.860,-0.005,9
1748,-1.730,-1.500,0.000,0.009,-1.863,-0.005,9
1749,-1.726,-1.500,0.000,0.007,-1.867,-0.005,9
1750,-1.723,-1.500,0.000,0.006,-1.870,-0.005,9
1751,-1.720,-1.500,0.000,0.004,-1.874,-0.005,9
1752,-1.717,-1.500,0.000,0.002,-1.878,-0.005,9
1753,-1.713,-1.500,0.000,0.000,-1.882,-0.005,9
1754,-1.710,-1.500,0.000,-0.002,-1.886,-0.005,9
1755,-1.707,-1.500,0.000,-0.004,-1.890,-0.006,9
1756,-1.703,-1.500,0.000,-0.006,-1.895,-0.006,9
1757,-1.700,-1.500,0.000,-0.008,-1.899,-0.006,9
1758,-1.697,-1.500,0.000,-0.009,-1.904,-0.006,9
1759,-1.694,-1.500,0.000,-0.011,-1.908,-0.006,9
1760,-1.690,-1.500,0.000,-0.013,-1.913,-0.006,9
1761,-1.687,-1.500,0.000,-0.015,-1.918,-0.006,9
1762,-1.684,-1.500,0.000,-0.017,-1.923,-0.006,9
1763,-1.680,-1.500,0.000,-0.019,-1.928,-0.006,9
1764,-1.677,-1.500,0.000,-0.021,-1.934,-0.006,9
1765,-1.674,-1.500,0.000,-0.023,-1.939,-0.006,9
1766,-1.671,-1.500,0.000,-0.024,-1.945,-0.006,9
1767,-1.667,-1.500,0.000,-0.026,-1.951,-0.006,9
1768,-1.664,-1.500,0.000,-0.028,-1.956,-0.006,9
1769,-1.661,-1.500,0.000,-0.029,-1.962,-0.006,9
1770,-1.657,-1.500,0.000,-0.031,-1.968,-0.006,9
1771,-1.654,-1.500,0.000,-0.032,-1.974,-0.007,9
1772,-1.651,-1.500,0.000,-0.034,-1.981,-0.007,9
1773,-1.648,-1.500,0.000,-0.035,-1.987,-0.007,9
1774,-1.644,-1.500,0.000,-0.036,-1.994,-0.007,9
1775,-1.641,-1.500,0.000,-0.037,-2.000,-0.007,9
1776,-1.638,-1.500,0.000,-0.038,-2.007,-0.007,9
1777,-1.634,-1.500,0.000,-0.039,-2.014,-0.007,9
1778,-1.631,-1.500,0.000,-0.040,-2.021,-0.007,9
1779,-1.628,-1.500,0.000,-0.041,-2.028,-0.007,9
1780,-1.625,-1.500,0.000,-0.042,-2.035,-0.007,9
1781,-1.621,-1.500,0.000,-0.043,-2.042,-0.007,9
1782,-1.618,-1.500,0.000,-0.043,-2.049,-0.007,9
1783,-1.615,-1.500,0.000,-0.043,-2.057,-0.007,9
1784,-1.611,-1.500,0.000,-0.044,-2.065,-0.007,9
1785,-1.608,-1.500,0.000,-0.044,-2.072,-0.007,9
1786,-1.605,-1.500,0.000,-0.044,-2.080,-0.007,9
1787,-1.601,-1.500,0.000,-0.044,-2.088,-0.007,9
1788,-1.598,-1.500,0.000,-0.044,-2.096,-0.007,9
1789,-1.595,-1.500,0.000,-0.044,-2.104,-0.007,9
1790,-1.592,-1.500,0.000,-0.044,-2.112,-0.007,9
1791,-1.588,-1.500,0.000,-0.043,-2.120,-0.007,9
1792,-1.585,-1.500,0.000,-0.043,-2.129,-0.007,9
1793,-1.582,-1.500,0.000,-0.042,-2.137,-0.007,9
1794,-1.578,-1.500,0.000,-0.042,-2.146,-0.007,9
1795,-1.575,-1.500,0.000,-0.041,-2.155,-0.007,9
1796,-1.572,-1.500,0.000,-0.040,-2.163,-0.007,9
1797,-1.568,-1.500,0.000,-0.039,-2.172,-0.007,9
1798,-1.565,-1.500,0.000,-0.038,-2.181,-0.007,9
1799,-1.562,-1.500,0.000,-0.037,-2.190,-0.007,9
1800,-1.559,-1.500,0.000,-0.036,-2.199,-0.007,9
1801,-1.555,-1.500,0.000,-0.035,-2.209,-0.007,9
1802,-1.552,-1.500,0.000,-0.033,-2.218,-0.007,9
1803,-1.549,-1.500,0.000,-0.032,-2.227,-0.007,9
1804,-1.545,-1.500,0.000,-0.031,-2.224,-0.006,9
1805,-1.542,-1.500,0.000,-0.029,-2.213,-0.006,9
1806,-1.539,-1.500,0.000,-0.028,-2.203,-0.007,9
1807,-1.535,-1.500,0.000,-0.026,-2.193,-0.007,9
1808,-1.532,-1.500,0.000,-0.024,-2.183,-0.006,9
1809,-1.529,-1.500,0.000,-0.023,-2.173,-0.006,9
1810,-1.526,-1.500,0.000,-0.021,-2.164,-0.006,9
1811,-1.522,-1.500,0.000,-0.019,-2.155,-0.006,9
1812,-1.519,-1.500,0.000,-0.017,-2.146,-0.006,9
1813,-1.516,-1.500,0.000,-0.015,-2.137,-0.006,9
1814,-1.513,-1.500,0.000,-0.013,-2.128,-0.006,9
1815,-1.509,-1.500,0.000,-0.012,-2.120,-0.006,9
1816,-1.506,-1.500,0.000,-0.010,-2.111,-0.006,9
1817,-1.503,-1.500,0.000,-0.008,-2.103,-0.006,9
1818,-1.500,-1.500,0.000,-0.006,-2.096,-0.006,9
1819,-1.496,-1.500,0.000,-0.004,-2.088,-0.006,9
1820,-1.493,-1.500,0.000,-0.002,-2.081,-0.005,9
1821,-1.490,-1.500,0.000,-0.000,-2.074,-0.005,9
1822,-1.487,-1.500,0.000,0.001,-2.067,-0.005,9
1823,-1.483,-1.500,0.000,0.003,-2.060,-0.005,9
1824,-1.480,-1.500,0.000,0.005,-2.053,-0.005,9
1825,-1.477,-1.500,0.000,0.007,-2.047,-0.005,9
1826,-1.474,-1.500,0.000,0.008,-2.041,-0.005,9
1827,-1.470,-1.500,0.000,0.010,-2.035,-0.005,9
1828,-1.467,-1.500,0.000,0.012,-2.029,-0.005,9
1829,-1.464,-1.500,0.000,0.013,-2.024,-0.005,9
1830,-1.461,-1.500,0.000,0.015,-2.018,-0.005,9
1831,-1.458,-1.500,0.000,0.016,-2.013,-0.005,9
1832,-1.454,-1.500,0.000,0.017,-2.008,-0.005,9
1833,-1.451,-1.500,0.000,0.019,-2.004,-0.005,9
1834,-1.448,-1.500,0.000,0.020,-1.999,-0.005,9
1835,-1.445,-1.500,0.000,0.021,-1.995,-0.005,9
1836,-1.441,-1.500,0.000,0.022,-1.991,-0.005,9
1837,-1.438,-1.500,0.000,0.023,-1.987,-0.005,9
1838,-1.435,-1.500,0.000,0.024,-1.983,-0.005,9
1839,-1.432,-1.500,0.000,0.024,-1.979,-0.005,9
1840,-1.429,-1.500,0.000,0.025,-1.976,-0.005,9
1841,-1.425,-1.500,0.000,0.026,-1.973,-0.005,9
1842,-1.422,-1.500,0.000,0.026,-1.970,-0.005,9
1843,-1.419,-1.500,0.000,0.026,-1.967,-0.005,9
1844,-1.416,-1.500,0.000,0.027,-1.964,-0.004,9
1845,-1.412,-1.500,0.000,0.027,-1.962,-0.004,9
1846,-1.409,-1.500,0.000,0.027,-1.960,-0.004,9
1847,-1.406,-1.500,0.000,0.027,-1.958,-0.004,9
1848,-1.403,-1.500,0.000,0.027,-1.956,-0.005,9
1849,-1.399,-1.500,0.000,0.026,-1.954,-0.005,9
1850,-1.396,-1.500,0.000,0.026,-1.953,-0.005,9
1851,-1.393,-1.500,0.000,0.026,-1.951,-0.005,9
1852,-1.390,-1.500,0.000,0.025,-1.950,-0.005,9
1853,-1.387,-1.500,0.000,0.024,-1.949,-0.005,9
1854,-1.383,-1.500,0.000,0.024,-1.948,-0.005,9
1855,-1.380,-1.500,0.000,0.023,-1.947,-0.005,9
1856,-1.377,-1.500,0.000,0.022,-1.947,-0.005,9
1857,-1.374,-1.500,0.000,0.021,-1.947,-0.005,9
1858,-1.370,-1.500,0.000,0.020,-1.946,-0.005,9
1859,-1.367,-1.500,0.000,0.019,-1.946,-0.005,9
1860,-1.364,-1.500,0.000,0.018,-1.946,-0.005,9
1861,-1.361,-1.500,0.000,0.017,-1.947,-0.005,9
1862,-1.357,-1.500,0.000,0.015,-1.947,-0.005,9
1863,-1.354,-1.500,0.000,0.014,-1.948,-0.005,9
1864,-1.351,-1.500,0.000,0.012,-1.949,-0.005,9
1865,-1.348,-1.500,0.000,0.011,-1.950,-0.005,9
1866,-1.344,-1.500,0.000,0.010,-1.951,-0.005,9
1867,-1.341,-1.500,0.000,0.008,-1.952,-0.005,9
1868,-1.338,-1.500,0.000,0.006,-1.953,-0.005,9
1869,-1.335,-1.500,0.000,0.005,-1.955,-0.005,9
1870,-1.331,-1.500,0.000,0.003,-1.957,-0.005,9
1871,-1.328,-1.500,0.000,0.002,-1.958,-0.005,9
1872,-1.325,-1.500,0.000,-0.000,-1.960,-0.005,9
1873,-1.321,-1.500,0.000,-0.002,-1.963,-0.005,9
1874,-1.318,-1.500,0.000,-0.003,-1.965,-0.006,9
1875,-1.315,-1.500,0.000,-0.005,-1.967,-0.006,9
1876,-1.312,-1.500,0.000,-0.007,-1.970,-0.006,9
1877,-1.308,-1.500,0.000,-0.008,-1.973,-0.006,9
1878,-1.305,-1.500,0.000,-0.010,-1.975,-0.006,9
1879,-1.302,-1.500,0.000,-0.012,-1.978,-0.006,9
1880,-1.299,-1.500,0.000,-0.013,-1.982,-0.006,9
1881,-1.295,-1.500,0.000,-0.015,-1.985,-0.006,9
1882,-1.292,-1.500,0.000,-0.016,-1.988,-0.006,9
1883,-1.289,-1.500,0.000,-0.018,-1.992,-0.006,9
1884,-1.286,-1.500,0.000,-0.019,-1.996,-0.006,9
1885,-1.282,-1.500,0.000,-0.021,-1.999,-0.006,9
1886,-1.279,-1.500,0.000,-0.022,-2.003,-0.006,9
1887,-1.276,-1.500,0.000,-0.023,-2.007,-0.006,9
1888,-1.272,-1.500,0.000,-0.024,-2.012,-0.006,9
1889,-1.269,-1.500,0.000,-0.026,-2.016,-0.006,9
1890,-1.266,-1.500,0.000,-0.027,-2.020,-0.006,9
1891,-1.263,-1.500,0.000,-0.028,-2.025,-0.006,9
1892,-1.259,-1.500,0.000,-0.029,-2.030,-0.006,9
1893,-1.256,-1.500,0.000,-0.030,-2.035,-0.006,9
1894,-1.253,-1.500,0.000,-0.030,-2.040,-0.006,9
1895,-1.249,-1.500,0.000,-0.031,-2.045,-0.007,9
1896,-1.246,-1.500,0.000,-0.032,-2.050,-0.007,9
1897,-1.243,-1.500,0.000,-0.032,-2.055,-0.007,9
1898,-1.240,-1.500,0.000,-0.033,-2.061,-0.007,9
1899,-1.236,-1.500,0.000,-0.033,-2.066,-0.007,9
1900,-1.233,-1.500,0.000,-0.034,-2.072,-0.007,9
1901,-1.230,-1.500,0.000,-0.034,-2.078,-0.007,9
1902,-1.226,-1.500,0.000,-0.034,-2.084,-0.007,9
1903,-1.223,-1.500,0.000,-0.034,-2.090,-0.007,9
1904,-1.220,-1.500,0.000,-0.034,-2.096,-0.007,9
1905,-1.217,-1.500,0.000,-0.034,-2.102,-0.007,9
1906,-1.213,-1.500,0.000,-0.034,-2.109,-0.007,9
1907,-1.210,-1.500,0.000,-0.033,-2.115,-0.007,9
1908,-1.207,-1.500,0.000,-0.033,-2.122,-0.007,9
1909,-1.203,-1.500,0.000,-0.033,-2.129,-0.007,9
1910,-1.200,-1.500,0.000,-0.032,-2.135,-0.007,9
1911,-1.197,-1.500,0.000,-0.032,-2.142,-0.007,9
1912,-1.194,-1.500,0.000,-0.031,-2.149,-0.007,9
1913,-1.190,-1.500,0.000,-0.031,-2.157,0.009,9
1914,-1.187,-1.500,0.000,-0.025,-2.163,0.008,9
1915,-1.184,-1.500,0.000,-0.020,-2.171,-0.017,9
1916,-1.180,-1.500,0.000,-0.015,-2.178,0.023,9
1917,-1.177,-1.500,0.000,-0.009,-2.185,-0.032,9
1918,-1.174,-1.500,0.000,-0.004,-2.192,0.033,9
1919,-1.171,-1.500,0.000,0.001,-2.199,-0.015,9
1920,-1.167,-1.500,0.000,0.006,-2.207,-0.025,9
1921,-1.164,-1.500,0.000,0.012,-2.214,0.024,9
1922,-1.161,-1.500,0.000,0.017,-2.219,-0.033,9
1923,-1.157,-1.500,0.000,0.022,-2.220,0.017,9
1924,-1.154,-1.500,0.000,0.027,-2.209,-0.020,9
1925,-1.151,-1.500,0.000,0.032,-2.187,0.006,9
1926,-1.148,-1.500,0.000,0.036,-2.165,-0.001,9
1927,-1.144,-1.500,0.000,0.038,-2.143,-0.009,9
1928,-1.141,-1.500,0.000,0.041,-2.122,-0.006,9
1929,-1.138,-1.500,0.000,0.043,-2.100,0.018,9
1930,-1.135,-1.500,0.000,0.045,-2.079,-0.022,9
1931,-1.131,-1.500,0.000,0.047,-2.058,0.007,9
1932,-1.128,-1.500,0.000,0.047,-2.038,-0.002,9
1933,-1.125,-1.500,0.000,0.048,-2.017,-0.013,9
1934,-1.122,-1.500,0.000,0.053,-1.997,-0.004,9
1935,-1.118,-1.500,0.000,0.059,-1.977,0.001,9
1936,-1.115,-1.500,0.000,0.065,-1.957,-0.003,9
1937,-1.115,-1.500,0.000,0.071,-1.925,-0.005,9
1938,-1.115,-1.500,0.000,0.077,-1.892,-0.003,9
1939,-1.115,-1.500,0.000,0.082,-1.858,-0.002,9
1940,-1.115,-1.500,0.000,0.087,-1.825,-0.003,9
1941,-1.115,-1.500,0.000,0.091,-1.793,-0.003,9
1942,-1.115,-1.500,0.000,0.095,-1.760,-0.003,9
1943,-1.115,-1.500,0.000,0.099,-1.728,-0.002,9
1944,-1.115,-1.500,0.000,0.102,-1.696,-0.002,9
1945,-1.115,-1.500,0.000,0.106,-1.665,-0.002,9
1946,-1.115,-1.500,0.000,0.108,-1.634,-0.002,9
1947,-1.115,-1.500,0.000,0.111,-1.603,-0.002,9
1948,-1.115,-1.500,0.000,0.113,-1.572,-0.002,9
1949,-1.115,-1.500,0.000,0.115,-1.542,-0.002,9
1950,-1.115,-1.500,0.000,0.117,-1.511,-0.002,9
1951,-1.115,-1.500,0.000,0.119,-1.482,-0.002,9
1952,-1.115,-1.500,0.000,0.120,-1.452,-0.002,9
1953,-1.115,-1.500,0.000,0.122,-1.423,-0.002,9
1954,-1.115,-1.500,0.000,0.123,-1.394,-0.002,9
1955,-1.115,-1.500,0.000,0.124,-1.365,-0.002,9
1956,-1.115,-1.500,0.000,0.125,-1.336,-0.002,9
1957,-1.115,-1.500,0.000,0.126,-1.308,-0.003,9
1958,-1.115,-1.500,0.000,0.127,-1.280,-0.003,9
1959,-1.115,-1.500,0.000,0.127,-1.252,-0.003,9
1960,-1.115,-1.500,0.000,0.128,-1.225,-0.003,9
1961,-1.115,-1.500,0.000,0.128,-1.197,-0.003,9
1962,-1.115,-1.500,0.000,0.129,-1.170,-0.003,9
1963,-1.115,-1.500,0.000,0.129,-1.143,-0.003,9
1964,-1.115,-1.500,0.000,0.129,-1.117,-0.003,9
1965,-1.115,-1.500,0.000,0.129,-1.090,-0.003,9
1966,-1.115,-1.500,0.000,0.130,-1.064,-0.003,9
1967,-1.115,-1.500,0.000,0.130,-1.038,-0.003,9
1968,-1.115,-1.500,0.000,0.130,-1.013,-0.003,9
1969,-1.115,-1.500,0.000,0.130,-0.987,-0.003,9
1970,-1.115,-1.500,0.000,0.130,-0.962,-0.003,9
1971,-1.115,-1.500,0.000,0.130,-0.937,-0.003,9
1972,-1.115,-1.500,0.000,0.130,-0.912,-0.003,9
1973,-1.115,-1.500,0.000,0.129,-0.888,-0.003,9
1974,-1.115,-1.500,0.000,0.129,-0.863,-0.003,9
1975,-1.115,-1.500,0.000,0.129,-0.839,-0.004,9
1976,-1.115,-1.500,0.000,0.129,-0.815,-0.004,9
1977,-1.115,-1.500,0.000,0.129,-0.791,-0.004,9
1978,-1.115,-1.500,0.000,0.129,-0.768,-0.004,9
1979,-1.115,-1.500,0.000,0.128,-0.745,-0.004,9
1980,-1.115,-1.500,0.000,0.128,-0.721,-0.004,9
1981,-1.115,-1.500,0.000,0.128,-0.699,-0.004,9
1982,-1.115,-1.500,0.000,0.128,-0.676,-0.004,9
1983,-1.115,-1.500,0.000,0.127,-0.653,-0.004,9
1984,-1.115,-1.500,0.000,0.127,-0.631,-0.004,9
1985,-1.115,-1.500,0.000,0.127,-0.609,-0.004,9
1986,-1.115,-1.500,0.000,0.127,-0.587,-0.004,9
1987,-1.115,-1.500,0.000,0.126,-0.565,-0.004,9
1988,-1.115,-1.500,0.000,0.126,-0.543,-0.004,9
1989,-1.115,-1.500,0.000,0.126,-0.522,-0.004,9
1990,-1.115,-1.500,0.000,0.126,-0.501,-0.004,9
1991,-1.115,-1.500,0.000,0.125,-0.480,-0.004,9
1992,-1.115,-1.500,0.000,0.125,-0.459,-0.004,9
1993,-1.115,-1.500,0.000,0.125,-0.438,-0.004,9
1994,-1.115,-1.500,0.000,0.125,-0.418,-0.005,9
1995,-1.115,-1.500,0.000,0.124,-0.397,-0.005,9
1996,-1.115,-1.500,0.000,0.124,-0.377,-0.005,9
1997,-1.115,-1.500,0.000,0.124,-0.357,-0.005,9
1998,-1.115,-1.500,0.000,0.124,-0.337,-0.005,9
1999,-1.114,-1.500,0.000,0.256,-0.320,-0.004,9
2000,-1.113,-1.500,0.000,0.635,-0.304,-0.002,9
2001,-1.113,-1.500,0.000,1.249,-0.288,0.001,9
2002,-1.112,-1.500,0.000,2.091,-0.272,0.005,9
2003,-1.111,-1.500,0.000,3.162,-0.257,0.009,9
2004,-1.110,-1.500,0.000,4.475,-0.241,0.013,9
2005,-1.109,-1.501,0.000,6.054,-0.227,0.019,9
2006,-1.108,-1.501,0.000,7.938,-0.212,0.024,9
2007,-1.107,-1.501,0.000,10.179,-0.198,0.030,9
2008,-1.105,-1.501,0.000,12.834,-0.185,0.037,9
2009,-1.104,-1.501,0.000,15.950,-0.172,0.044,9
2010,-1.102,-1.501,0.000,19.540,-0.159,0.051,9
2011,-1.100,-1.501,0.000,23.564,-0.147,0.058,9
2012,-1.098,-1.500,0.000,27.914,-0.135,0.065,9
2013,-1.096,-1.499,0.000,32.422,-0.124,0.072,9
2014,-1.094,-1.497,0.000,36.904,-0.114,0.079,9
2015,-1.092,-1.495,0.000,41.215,-0.105,0.085,9
2016,-1.089,-1.493,0.000,45.269,-0.097,0.091,9
2017,-1.087,-1.490,0.000,49.039,-0.090,0.096,9
2018,-1.085,-1.488,0.000,52.518,-0.085,0.101,9
2019,-1.082,-1.484,0.000,55.714,-0.079,0.107,9
2020,-1.080,-1.481,0.000,58.642,-0.075,0.112,9
2021,-1.078,-1.478,0.000,61.316,-0.071,0.118,9
2022,-1.076,-1.474,0.000,63.753,-0.067,0.124,9
2023,-1.074,-1.470,0.000,65.973,-0.064,0.130,9
2024,-1.072,-1.466,0.000,68.016,-0.061,0.136,9
2025,-1.071,-1.462,0.000,69.887,-0.056,0.143,9
2026,-1.069,-1.458,0.000,71.586,-0.055,0.148,9
2027,-1.068,-1.453,0.000,73.142,-0.052,0.155,9
2028,-1.066,-1.449,0.000,74.578,-0.050,0.161,9
2029,-1.065,-1.445,0.000,75.913,-0.030,0.172,9
2030,-1.064,-1.441,0.000,77.194,-0.030,0.177,9
2031,-1.063,-1.436,0.000,78.412,-0.054,0.178,9
2032,-1.063,-1.432,0.000,79.614,-0.012,0.191,9
2033,-1.062,-1.428,0.000,80.792,-0.044,0.191,9
2034,-1.061,-1.423,0.000,81.945,-0.039,0.197,9
2035,-1.060,-1.419,0.000,83.063,-0.027,0.205,9
2036,-1.060,-1.414,0.000,84.151,-0.006,0.213,9
2037,-1.059,-1.410,0.000,85.209,-0.038,0.216,9
2038,-1.059,-1.405,0.000,86.245,-0.007,0.224,9
2039,-1.059,-1.401,0.000,87.243,-0.020,0.230,9
2040,-1.059,-1.397,0.000,88.212,-0.002,0.236,9
2041,-1.059,-1.392,0.000,89.149,-0.021,0.241,9
2042,-1.059,-1.388,0.000,90.066,0.024,0.247,9
2043,-1.059,-1.383,0.000,90.967,-0.002,0.254,9
2044,-1.059,-1.379,0.000,91.835,0.015,0.259,9
2045,-1.059,-1.375,0.000,92.666,0.004,0.265,9
2046,-1.059,-1.370,0.000,93.441,0.014,0.271,9
2047,-1.060,-1.366,0.000,94.149,0.016,0.278,9
2048,-1.060,-1.361,0.000,94.782,0.018,0.284,9
2049,-1.060,-1.357,0.000,95.341,0.018,0.291,9
2050,-1.061,-1.352,0.000,95.823,0.043,0.295,9
2051,-1.061,-1.348,0.000,96.271,0.014,0.304,9
2052,-1.062,-1.344,0.000,96.713,0.034,0.308,9
2053,-1.062,-1.339,0.000,97.125,0.040,0.315,9
2054,-1.063,-1.335,0.000,97.475,0.036,0.321,9
2055,-1.064,-1.331,0.000,97.686,0.036,0.328,9
2056,-1.065,-1.326,0.000,97.764,0.040,0.334,9
2057,-1.065,-1.322,0.000,97.720,0.042,0.340,9
2058,-1.066,-1.318,0.000,97.597,0.053,0.345,9
2059,-1.066,-1.314,0.000,97.412,0.054,0.351,9
2060,-1.067,-1.309,0.000,97.194,0.037,0.360,9
2061,-1.067,-1.305,0.000,96.982,0.032,0.367,9
2062,-1.068,-1.301,0.000,96.759,0.059,0.370,9
2063,-1.068,-1.297,0.000,96.543,0.024,0.381,9
2064,-1.069,-1.292,0.000,96.325,0.041,0.385,9
2065,-1.069,-1.288,0.000,96.092,0.043,0.392,9
2066,-1.070,-1.284,0.000,95.831,0.032,0.400,9
2067,-1.070,-1.280,0.000,95.515,0.030,0.406,9
2068,-1.071,-1.275,0.000,95.156,0.053,0.411,9
2069,-1.071,-1.271,0.000,94.778,0.031,0.420,9
2070,-1.072,-1.267,0.000,94.367,0.029,0.428,9
2071,-1.072,-1.262,0.000,93.922,0.024,0.435,9
2072,-1.072,-1.258,0.000,93.451,0.023,0.443,9
2073,-1.072,-1.254,0.000,92.970,0.019,0.449,9
2074,-1.073,-1.249,0.000,92.504,0.027,0.457,9
2075,-1.073,-1.245,0.000,92.036,0.013,0.464,9
2076,-1.073,-1.241,0.000,91.570,-0.001,0.473,9
2077,-1.073,-1.237,0.000,91.103,0.042,0.479,9
2078,-1.073,-1.232,0.000,90.645,-0.036,0.488,9
2079,-1.073,-1.228,0.000,90.193,0.024,0.496,9
2080,-1.073,-1.224,0.000,89.743,0.022,0.504,9
2081,-1.073,-1.219,0.000,89.295,-0.056,0.512,9
2082,-1.073,-1.215,0.000,88.848,0.013,0.522,9
2083,-1.073,-1.210,0.000,88.405,-0.020,0.529,9
2084,-1.073,-1.206,0.000,87.965,-0.043,0.537,9
2085,-1.073,-1.202,0.000,87.527,0.009,0.547,9
2086,-1.072,-1.197,0.000,87.094,-0.049,0.553,9
2087,-1.072,-1.193,0.000,86.662,-0.007,0.564,9
2088,-1.072,-1.189,0.000,86.236,-0.048,0.570,9
2089,-1.072,-1.184,0.000,85.813,-0.045,0.579,9
2090,-1.071,-1.180,0.000,85.394,-0.046,0.588,9
2091,-1.071,-1.175,0.000,84.983,-0.050,0.597,9
2092,-1.070,-1.171,0.000,84.564,-0.059,0.605,9
2093,-1.070,-1.167,0.000,84.139,-0.065,0.614,9
2094,-1.070,-1.162,0.000,83.714,-0.082,0.621,9
2095,-1.069,-1.158,0.000,83.285,-0.079,0.630,9
2096,-1.069,-1.154,0.000,82.850,-0.082,0.639,9
2097,-1.068,-1.149,0.000,82.413,-0.098,0.645,9
2098,-1.067,-1.145,0.000,81.969,-0.098,0.655,9
2099,-1.067,-1.140,0.000,81.519,-0.084,0.666,9
2100,-1.066,-1.136,0.000,81.071,-0.119,0.669,9
2101,-1.065,-1.132,0.000,80.634,-0.122,0.678,9
2102,-1.065,-1.128,0.000,80.202,-0.116,0.689,9
2103,-1.064,-1.123,0.000,79.772,-0.122,0.697,9
2104,-1.063,-1.119,0.000,79.346,-0.144,0.703,9
2105,-1.062,-1.114,0.000,78.924,-0.119,0.717,9
2106,-1.061,-1.110,0.000,78.509,-0.168,0.718,9
2107,-1.060,-1.106,0.000,78.106,-0.149,0.732,9
2108,-1.059,-1.102,0.000,77.714,-0.162,0.737,9
2109,-1.058,-1.097,0.000,77.297,-0.182,0.742,9
2110,-1.057,-1.093,0.000,76.895,-0.181,0.751,9
2111,-1.056,-1.089,0.000,76.515,-0.174,0.762,9
2112,-1.055,-1.085,0.000,76.142,-0.199,0.766,9
2113,-1.055,-1.081,0.000,75.783,-0.183,0.777,9
2114,-1.053,-1.077,0.000,75.417,-0.227,0.776,9
2115,-1.052,-1.072,0.000,75.051,-0.177,0.799,9
2116,-1.051,-1.068,0.000,74.690,-0.237,0.794,9
2117,-1.050,-1.063,0.000,74.340,-0.224,0.808,9
2118,-1.049,-1.060,0.000,74.007,-0.231,0.814,9
2119,-1.048,-1.056,0.000,73.666,-0.250,0.816,9
2120,-1.046,-1.051,0.000,73.348,-0.257,0.824,9
2121,-1.045,-1.047,0.000,73.088,-0.240,0.839,9
2122,-1.044,-1.043,0.000,72.844,-0.263,0.842,9
2123,-1.042,-1.039,0.000,72.613,-0.279,0.847,9
2124,-1.041,-1.034,0.000,72.403,-0.276,0.857,9
2125,-1.040,-1.030,0.000,72.218,-0.270,0.869,9
2126,-1.038,-1.026,0.000,72.032,-0.285,0.874,9
2127,-1.037,-1.022,0.000,71.889,-0.286,0.883,9
2128,-1.036,-1.018,0.000,71.799,-0.296,0.888,9
2129,-1.034,-1.014,0.000,71.741,-0.296,0.898,9
2130,-1.033,-1.010,0.000,71.690,-0.300,0.906,9
2131,-1.031,-1.006,0.000,71.680,-0.316,0.909,9
2132,-1.030,-1.002,0.000,71.694,-0.286,0.925,9
2133,-1.029,-0.998,0.000,71.681,-0.313,0.924,9
2134,-1.028,-0.995,0.000,71.190,-0.323,0.925,9
2135,-1.026,-0.993,0.000,69.970,-0.341,0.920,9
2136,-1.025,-0.990,0.000,68.038,-0.357,0.917,9
2137,-1.024,-0.989,0.000,65.869,-0.403,0.893,9
2138,-1.023,-0.987,0.000,63.617,-0.431,0.879,9
2139,-1.022,-0.984,0.000,61.122,-0.466,0.862,9
2140,-1.021,-0.983,0.000,58.412,-0.527,0.826,9
2141,-1.020,-0.980,0.000,55.671,-0.553,0.810,9
2142,-1.018,-0.978,0.000,52.900,-0.596,0.784,9
2143,-1.016,-0.976,0.000,49.958,-0.641,0.751,9
2144,-1.014,-0.973,0.000,46.818,-0.683,0.718,9
2145,-1.012,-0.971,0.000,43.765,-0.722,0.685,9
2146,-1.009,-0.969,0.000,40.971,-0.751,0.661,9
2147,-1.006,-0.966,0.000,38.256,-0.793,0.623,9
2148,-1.003,-0.964,0.000,35.613,-0.823,0.598,9
2149,-0.999,-0.961,0.000,33.342,-0.864,0.555,9
2150,-0.996,-0.959,0.000,31.286,-0.886,0.535,9
2151,-0.992,-0.957,0.000,29.570,-0.909,0.512,9
2152,-0.988,-0.955,0.000,28.084,-0.928,0.499,9
2153,-0.985,-0.953,0.000,26.655,-0.943,0.488,9
2154,-0.980,-0.951,0.000,25.250,-0.971,0.455,9
2155,-0.977,-0.949,0.000,24.108,-0.989,0.437,9
2156,-0.973,-0.948,0.000,23.396,-1.004,0.427,9
2157,-0.969,-0.946,0.000,23.046,-1.015,0.426,9
2158,-0.965,-0.945,0.000,22.977,-1.018,0.441,9
2159,-0.961,-0.943,0.000,22.953,-1.032,0.435,9
2160,-0.957,-0.941,0.000,22.958,-1.042,0.440,9
2161,-0.953,-0.939,0.000,23.012,-1.046,0.454,9
2162,-0.949,-0.937,0.000,23.149,-1.063,0.443,9
2163,-0.945,-0.936,0.000,23.453,-1.069,0.455,9
2164,-0.940,-0.934,0.000,23.832,-1.074,0.470,9
2165,-0.936,-0.932,0.000,24.226,-1.081,0.481,9
2166,-0.934,-0.932,0.000,25.039,-1.072,0.501,9
2167,-0.931,-0.930,0.000,26.177,-1.070,0.516,9
2168,-0.929,-0.929,0.000,27.309,-1.052,0.554,9
2169,-0.927,-0.928,0.000,28.448,-1.060,0.550,9
2170,-0.924,-0.927,0.000,29.608,-1.037,0.595,9
2171,-0.922,-0.926,0.000,30.785,-1.030,0.608,9
2172,-0.919,-0.923,0.000,31.930,-1.019,0.646,9
2173,-0.915,-0.921,0.000,33.058,-1.030,0.651,9
2174,-0.911,-0.918,0.000,34.218,-1.018,0.687,9
2175,-0.907,-0.916,0.000,35.378,-1.010,0.720,9
2176,-0.904,-0.913,0.000,36.531,-1.011,0.735,9
2177,-0.900,-0.910,0.000,37.693,-0.991,0.779,9
2178,-0.897,-0.908,0.000,38.910,-0.984,0.802,9
2179,-0.894,-0.905,0.000,40.548,-0.966,0.833,9
2180,-0.892,-0.903,0.000,43.168,-0.931,0.880,9
2181,-0.890,-0.901,0.000,46.356,-0.884,0.935,9
2182,-0.887,-0.898,0.000,49.616,-0.847,0.978,9
2183,-0.885,-0.896,0.000,52.748,-0.795,1.028,9
2184,-0.883,-0.892,0.000,55.660,-0.741,1.079,9
2185,-0.880,-0.889,0.000,58.197,-0.698,1.119,9
2186,-0.878,-0.885,0.000,60.366,-0.663,1.152,9
2187,-0.876,-0.881,0.000,62.404,-0.615,1.189,9
2188,-0.874,-0.878,0.000,64.381,-0.573,1.220,9
2189,-0.873,-0.874,0.000,66.264,-0.560,1.236,9
2190,-0.871,-0.870,0.000,68.078,-0.519,1.264,9
2191,-0.869,-0.866,0.000,69.773,-0.478,1.292,9
2192,-0.868,-0.862,0.000,71.329,-0.433,1.319,9
2193,-0.866,-0.858,0.000,72.829,-0.430,1.331,9
2194,-0.865,-0.853,0.000,74.277,-0.375,1.360,9
2195,-0.864,-0.849,0.000,75.697,-0.361,1.375,9
2196,-0.863,-0.844,0.000,77.103,-0.331,1.393,9
2197,-0.862,-0.840,0.000,78.389,-0.294,1.412,9
2198,-0.861,-0.835,0.000,79.541,-0.267,1.429,9
2199,-0.860,-0.831,0.000,80.580,-0.238,1.446,9
2200,-0.859,-0.827,0.000,81.576,-0.218,1.460,9
2201,-0.859,-0.822,0.000,82.548,-0.188,1.475,9
2202,-0.858,-0.817,0.000,83.483,-0.172,1.489,9
2203,-0.858,-0.813,0.000,84.412,-0.141,1.502,9
2204,-0.857,-0.809,0.000,85.323,-0.143,1.514,9
2205,-0.857,-0.806,0.000,86.167,-0.100,1.520,9
2206,-0.857,-0.801,0.000,86.971,-0.083,1.533,9
2207,-0.857,-0.799,0.000,87.744,-0.076,1.538,9
2208,-0.857,-0.795,0.000,88.461,-0.044,1.546,9
2209,-0.856,-0.791,0.000,89.067,-0.026,1.554,9
2210,-0.856,-0.788,0.000,89.558,-0.003,1.562,9
2211,-0.856,-0.784,0.000,90.015,-0.009,1.569,9
2212,-0.856,-0.780,0.000,90.449,0.000,1.579,9
2213,-0.856,-0.775,0.000,90.847,0.039,1.589,9
2214,-0.856,-0.771,0.000,91.230,0.040,1.600,9
2215,-0.857,-0.767,0.000,91.585,0.046,1.610,9
2216,-0.857,-0.762,0.000,91.910,0.042,1.621,9
2217,-0.857,-0.758,0.000,92.202,0.055,1.631,9
2218,-0.857,-0.755,0.000,92.390,0.065,1.637,9
2219,-0.857,-0.751,0.000,92.411,0.065,1.643,9
2220,-0.858,-0.748,0.000,92.272,0.059,1.649,9
2221,-0.858,-0.745,0.000,91.984,0.059,1.656,9
2222,-0.858,-0.742,0.000,91.613,0.046,1.660,9
2223,-0.858,-0.738,0.000,91.185,0.046,1.668,9
2224,-0.858,-0.735,0.000,90.664,0.025,1.676,9
2225,-0.858,-0.731,0.000,90.079,0.005,1.684,9
2226,-0.858,-0.727,0.000,89.442,-0.016,1.692,9
2227,-0.858,-0.723,0.000,88.783,-0.030,1.703,9
2228,-0.858,-0.718,0.000,88.157,-0.062,1.713,9
2229,-0.858,-0.714,0.000,87.556,-0.065,1.726,9
2230,-0.857,-0.710,0.000,86.976,-0.078,1.736,9
2231,-0.857,-0.705,0.000,86.414,-0.108,1.747,9
2232,-0.857,-0.700,0.000,85.873,-0.136,1.757,9
2233,-0.857,-0.696,0.000,85.386,-0.151,1.768,9
2234,-0.856,-0.692,0.000,84.958,-0.161,1.778,9
2235,-0.856,-0.687,0.000,84.593,-0.173,1.789,9
2236,-0.856,-0.683,0.000,84.294,-0.186,1.800,9
2237,-0.855,-0.679,0.000,84.046,-0.178,1.813,9
2238,-0.855,-0.674,0.000,83.824,-0.210,1.821,9
2239,-0.854,-0.670,0.000,83.606,-0.217,1.833,9
2240,-0.854,-0.666,0.000,83.418,-0.213,1.845,9
2241,-0.853,-0.661,0.000,83.281,-0.221,1.856,9
2242,-0.853,-0.657,0.000,83.220,-0.230,1.867,9
2243,-0.852,-0.653,0.000,83.229,-0.224,1.880,9
2244,-0.852,-0.648,0.000,83.273,-0.223,1.893,9
2245,-0.851,-0.644,0.000,83.346,-0.215,1.906,9
2246,-0.851,-0.639,0.000,83.461,-0.220,1.918,9
2247,-0.850,-0.635,0.000,83.607,-0.218,1.931,9
2248,-0.850,-0.631,0.000,83.789,-0.219,1.943,9
2249,-0.849,-0.626,0.000,84.003,-0.212,1.957,9
2250,-0.849,-0.622,0.000,84.231,-0.195,1.972,9
2251,-0.849,-0.617,0.000,84.461,-0.196,1.985,9
2252,-0.848,-0.613,0.000,84.709,-0.184,1.999,9
2253,-0.848,-0.609,0.000,84.959,-0.178,2.012,9
2254,-0.847,-0.604,0.000,85.209,-0.165,2.026,9
2255,-0.847,-0.600,0.000,85.467,-0.165,2.040,9
2256,-0.847,-0.595,0.000,85.736,-0.165,2.053,9
2257,-0.846,-0.591,0.000,86.003,-0.140,2.067,9
2258,-0.846,-0.587,0.000,86.268,-0.133,2.080,9
2259,-0.846,-0.582,0.000,86.525,-0.129,2.093,9
2260,-0.846,-0.578,0.000,86.784,-0.131,2.107,9
2261,-0.845,-0.573,0.000,87.041,-0.111,2.121,9
2262,-0.845,-0.569,0.000,87.295,-0.087,2.136,9
2263,-0.845,-0.565,0.000,87.541,-0.115,2.146,9
2264,-0.845,-0.560,0.000,87.772,-0.075,2.161,9
2265,-0.845,-0.556,0.000,87.987,-0.071,2.174,9
2266,-0.845,-0.552,0.000,88.148,-0.067,2.186,9
2267,-0.844,-0.548,0.000,88.238,-0.074,2.198,9
2268,-0.844,-0.544,0.000,88.271,-0.077,2.207,9
2269,-0.844,-0.540,0.000,88.260,-0.073,2.221,9
2270,-0.844,-0.536,0.000,88.199,-0.072,2.228,9
2271,-0.844,-0.532,0.000,88.042,-0.082,2.209,9
2272,-0.844,-0.528,0.000,87.785,-0.092,2.190,9
2273,-0.843,-0.525,0.000,87.454,-0.101,2.170,9
2274,-0.843,-0.521,0.000,87.072,-0.110,2.151,9
2275,-0.843,-0.518,0.000,86.593,-0.132,2.127,9
2276,-0.842,-0.516,0.000,85.937,-0.157,2.102,9
2277,-0.842,-0.511,0.000,85.210,-0.180,2.085,9
2278,-0.842,-0.507,0.000,84.545,-0.202,2.068,9
2279,-0.842,-0.503,0.000,83.965,-0.222,2.051,9
2280,-0.841,-0.499,0.000,83.482,-0.238,2.035,9
2281,-0.841,-0.494,0.000,83.077,-0.240,2.021,9
2282,-0.840,-0.490,0.000,82.700,-0.260,2.004,9
2283,-0.840,-0.487,0.000,82.335,-0.280,1.983,9
2284,-0.839,-0.484,0.000,81.942,-0.265,1.964,9
2285,-0.839,-0.481,0.000,81.533,-0.308,1.941,9
2286,-0.838,-0.478,0.000,81.114,-0.276,1.926,9
2287,-0.838,-0.474,0.000,80.702,-0.321,1.904,9
2288,-0.837,-0.471,0.000,80.280,-0.316,1.887,9
2289,-0.837,-0.467,0.000,79.826,-0.322,1.873,9
2290,-0.836,-0.463,0.000,79.302,-0.363,1.851,9
2291,-0.835,-0.459,0.000,78.713,-0.372,1.833,9
2292,-0.834,-0.455,0.000,77.983,-0.389,1.816,73
2293,-0.835,-0.457,0.000,77.431,-0.401,1.771,73
2294,-0.836,-0.459,0.000,77.461,-0.392,1.732,73
2295,-0.836,-0.461,0.000,77.821,-0.365,1.699,73
2296,-0.837,-0.463,0.000,78.223,-0.346,1.662,73
2297,-0.835,-0.456,0.000,78.691,-0.344,1.664,73
2298,-0.836,-0.458,0.000,79.096,-0.302,1.634,73
2299,-0.836,-0.460,0.000,79.422,-0.310,1.595,73
2300,-0.836,-0.461,0.000,79.752,-0.261,1.569,73
2301,-0.837,-0.463,0.000,80.107,-0.300,1.526,73
2302,-0.837,-0.464,0.000,80.467,-0.221,1.507,73
2303,-0.837,-0.467,0.000,80.819,-0.245,1.464,73
2304,-0.837,-0.467,0.000,81.157,-0.227,1.438,73
2305,-0.837,-0.469,0.000,81.511,-0.222,1.408,73
2306,-0.838,-0.471,0.000,81.864,-0.191,1.377,73
2307,-0.838,-0.473,0.000,82.219,-0.197,1.344,73
2308,-0.838,-0.474,0.000,82.582,-0.178,1.316,73
2309,-0.838,-0.476,0.000,82.926,-0.162,1.288,73
2310,-0.838,-0.478,0.000,83.061,-0.158,1.258,73
2311,-0.838,-0.480,0.000,82.850,-0.161,1.226,78
2312,-0.838,-0.482,0.000,82.366,-0.150,1.195,78
2313,-0.838,-0.484,0.000,81.833,-0.182,1.161,78
2314,-0.839,-0.487,0.000,81.278,-0.183,1.127,78
2315,-0.839,-0.489,0.000,80.664,-0.181,1.096,78
2316,-0.838,-0.483,0.000,80.079,-0.178,1.105,78
2317,-0.838,-0.485,0.000,79.522,-0.201,1.072,78
2318,-0.839,-0.487,0.000,78.884,-0.201,1.040,78
2319,-0.840,-0.489,0.000,78.084,-0.204,1.010,78
2320,-0.841,-0.492,0.000,76.926,-0.236,0.971,78
2321,-0.841,-0.495,0.000,75.661,-0.242,0.938,78
2322,-0.841,-0.497,0.000,74.102,-0.260,0.902,78
2323,-0.842,-0.500,0.000,72.147,-0.279,0.864,78
2324,-0.843,-0.503,0.000,69.929,-0.305,0.823,78
2325,-0.844,-0.506,0.000,67.545,-0.320,0.782,78
2326,-0.845,-0.509,0.000,65.158,-0.328,0.745,78
2327,-0.847,-0.512,0.000,62.812,-0.375,0.686,78
2328,-0.849,-0.515,0.000,60.425,-0.368,0.651,78
2329,-0.851,-0.519,0.000,58.036,-0.366,0.614,78
2330,-0.853,-0.522,0.000,55.654,-0.402,0.550,78
2331,-0.855,-0.526,0.000,53.289,-0.379,0.524,78
2332,-0.858,-0.529,0.000,50.930,-0.401,0.465,73
2333,-0.860,-0.532,0.000,48.597,-0.364,0.452,73
2334,-0.863,-0.535,0.000,46.288,-0.399,0.373,73
2335,-0.867,-0.539,0.000,43.991,-0.357,0.365,73
2336,-0.870,-0.542,0.000,41.705,-0.368,0.300,73
2337,-0.874,-0.545,0.000,39.442,-0.325,0.295,73
2338,-0.878,-0.548,0.000,37.226,-0.322,0.241,73
2339,-0.882,-0.551,0.000,35.047,-0.300,0.212,73
2340,-0.886,-0.554,0.000,32.928,-0.273,0.187,73
2341,-0.890,-0.557,0.000,30.847,-0.257,0.143,73
2342,-0.895,-0.559,0.000,28.738,-0.234,0.113,73
2343,-0.899,-0.562,0.000,26.664,-0.198,0.107,73
2344,-0.903,-0.564,0.000,24.684,-0.172,0.082,73
2345,-0.908,-0.566,0.000,22.779,-0.140,0.068,73
2346,-0.913,-0.568,0.000,20.882,-0.118,0.029,73
2347,-0.918,-0.570,0.000,18.972,-0.080,0.030,73
2348,-0.923,-0.571,0.000,17.069,-0.049,0.013,73
2349,-0.928,-0.573,0.000,15.188,-0.017,-0.004,73
2350,-0.933,-0.574,0.000,13.416,0.018,-0.012,73
2351,-0.935,-0.575,0.000,11.964,0.037,-0.012,73
2352,-0.939,-0.576,0.000,10.772,0.072,-0.005,73
2353,-0.943,-0.577,0.000,9.589,0.099,-0.019,73
2354,-0.949,-0.578,0.000,8.428,0.134,-0.015,73
2355,-0.954,-0.578,0.000,7.249,0.171,-0.013,73
2356,-0.956,-0.578,0.000,6.242,0.185,-0.035,73
2357,-0.957,-0.578,0.000,5.355,0.201,-0.021,73
2358,-0.958,-0.579,0.000,4.618,0.220,-0.007,73
2359,-0.959,-0.579,0.000,3.941,0.231,-0.017,73
2360,-0.959,-0.579,0.000,3.350,0.242,-0.010,73
2361,-0.960,-0.579,0.000,2.883,0.256,-0.004,73
2362,-0.966,-0.579,0.000,2.487,0.289,-0.007,73
2363,-0.972,-0.579,0.000,2.043,0.327,-0.008,73
2364,-0.979,-0.580,0.000,1.561,0.367,-0.005,73
2365,-0.986,-0.580,0.000,1.047,0.408,-0.001,73
2366,-0.996,-0.580,0.000,0.523,0.459,-0.010,73
2367,-1.006,-0.580,0.000,0.015,0.511,-0.010,73
2368,-1.014,-0.580,0.000,-0.488,0.555,-0.001,73
2369,-1.019,-0.580,0.000,-1.028,0.588,0.007,73
2370,-1.029,-0.580,0.000,-1.584,0.638,0.013,73
2371,-1.038,-0.579,0.000,-2.121,0.689,0.019,73
2372,-1.045,-0.579,0.000,-2.672,0.727,0.028,73
2373,-1.052,-0.579,0.000,-3.272,0.764,0.039,73
2374,-1.058,-0.578,0.000,-3.925,0.801,0.050,73
2375,-1.065,-0.578,0.000,-4.634,0.837,0.062,73
2376,-1.066,-0.578,0.000,-5.338,0.849,0.089,73
2377,-1.073,-0.577,0.000,-6.033,0.887,0.100,73
2378,-1.079,-0.576,0.000,-6.703,0.922,0.104,73
2379,-1.085,-0.576,0.000,-7.338,0.952,0.130,73
2380,-1.091,-0.575,0.000,-7.864,0.987,0.119,73
2381,-1.096,-0.574,0.000,-8.357,1.017,0.145,73
2382,-1.102,-0.573,0.000,-8.720,1.048,0.160,73
2383,-1.108,-0.572,0.000,-8.970,1.078,0.184,73
2384,-1.114,-0.571,0.000,-9.171,1.112,0.175,73
2385,-1.119,-0.570,0.000,-9.267,1.142,0.200,73
2386,-1.125,-0.569,0.000,-9.332,1.178,0.172,73
2387,-1.131,-0.568,0.000,-9.416,1.204,0.225,73
2388,-1.136,-0.567,0.000,-9.513,1.241,0.197,73
2389,-1.142,-0.566,0.000,-9.581,1.268,0.233,73
2390,-1.148,-0.565,0.000,-9.606,1.304,0.216,73
2391,-1.154,-0.564,0.000,-9.517,1.337,0.219,73
2392,-1.159,-0.563,0.000,-9.327,1.367,0.238,73
2393,-1.165,-0.562,0.000,-9.118,1.400,0.230,73
2394,-1.171,-0.561,0.000,-8.843,1.434,0.221,73
2395,-1.177,-0.560,0.000,-8.497,1.467,0.219,73
2396,-1.182,-0.560,0.000,-8.101,1.500,0.223,73
2397,-1.188,-0.559,0.000,-7.707,1.535,0.194,73
2398,-1.193,-0.558,0.000,-7.336,1.563,0.222,73
2399,-1.199,-0.557,0.000,-6.960,1.599,0.191,73
2400,-1.205,-0.557,0.000,-6.568,1.630,0.184,73
2401,-1.210,-0.556,0.000,-6.181,1.663,0.181,73
2402,-1.216,-0.555,0.000,-5.782,1.695,0.171,73
2403,-1.222,-0.555,0.000,-5.364,1.727,0.169,73
2404,-1.227,-0.554,0.000,-4.939,1.760,0.147,73
2405,-1.233,-0.554,0.000,-4.519,1.792,0.129,73
2406,-1.238,-0.554,0.000,-4.094,1.823,0.124,73
2407,-1.244,-0.553,0.000,-3.668,1.854,0.116,73
2408,-1.249,-0.553,0.000,-3.241,1.885,0.102,73
2409,-1.255,-0.553,0.000,-2.817,1.915,0.092,73
2410,-1.260,-0.552,0.000,-2.397,1.945,0.096,73
2411,-1.265,-0.552,0.000,-1.981,1.975,0.070,73
2412,-1.271,-0.552,0.000,-1.571,2.005,0.056,73
2413,-1.276,-0.552,0.000,-1.172,2.035,0.048,73
2414,-1.281,-0.552,0.000,-0.784,2.064,0.035,73
2415,-1.286,-0.552,0.000,-0.409,2.093,0.020,73
2416,-1.292,-0.552,0.000,-0.048,2.122,0.002,73
2417,-1.297,-0.552,0.000,0.300,2.151,-0.008,73
2418,-1.302,-0.552,0.000,0.635,2.179,-0.013,73
2419,-1.307,-0.552,0.000,0.964,2.206,-0.042,73
2420,-1.312,-0.552,0.000,1.285,2.202,-0.040,73
2421,-1.317,-0.552,0.000,1.584,2.189,-0.071,73
2422,-1.322,-0.552,0.000,1.861,2.177,-0.075,73
2423,-1.327,-0.552,0.000,2.116,2.165,-0.074,73
2424,-1.331,-0.553,0.000,2.349,2.151,-0.090,73
2425,-1.336,-0.553,0.000,2.570,2.140,-0.095,73
2426,-1.341,-0.553,0.000,2.786,2.128,-0.093,73
2427,-1.345,-0.553,0.000,2.990,2.114,-0.121,73
2428,-1.350,-0.553,0.000,3.181,2.102,-0.129,73
2429,-1.355,-0.554,0.000,3.352,2.089,-0.126,73
2430,-1.359,-0.554,0.000,3.482,2.077,-0.128,73
2431,-1.363,-0.554,0.000,3.560,2.064,-0.135,73
2432,-1.368,-0.554,0.000,3.584,2.052,-0.135,73
2433,-1.372,-0.555,0.000,3.554,2.040,-0.132,73
2434,-1.376,-0.555,0.000,3.494,2.028,-0.127,73
2435,-1.380,-0.555,0.000,3.419,2.017,-0.118,73
2436,-1.384,-0.555,0.000,3.319,2.005,-0.107,73
2437,-1.388,-0.556,0.000,3.170,1.992,-0.103,73
2438,-1.392,-0.556,0.000,2.992,1.979,-0.115,73
2439,-1.396,-0.556,0.000,2.791,1.966,-0.108,73
2440,-1.400,-0.556,0.000,2.556,1.954,-0.090,73
2441,-1.403,-0.556,0.000,2.281,1.941,-0.080,73
2442,-1.407,-0.556,0.000,1.974,1.928,-0.063,73
2443,-1.410,-0.557,0.000,1.637,1.915,-0.046,73
2444,-1.414,-0.557,0.000,1.275,1.902,-0.059,73
2445,-1.417,-0.557,0.000,0.901,1.889,-0.035,73
2446,-1.420,-0.557,0.000,0.512,1.876,0.001,73
2447,-1.424,-0.557,0.000,0.117,1.862,-0.012,73
2448,-1.427,-0.557,0.000,-0.286,1.848,0.022,73
2449,-1.430,-0.557,0.000,-0.690,1.834,0.033,73
2450,-1.433,-0.557,0.000,-1.111,1.819,0.037,73
2451,-1.436,-0.557,0.000,-1.552,1.805,0.048,73
2452,-1.439,-0.556,0.000,-2.003,1.789,0.070,73
2453,-1.441,-0.556,0.000,-2.457,1.774,0.068,73
2454,-1.444,-0.556,0.000,-2.911,1.759,0.107,73
2455,-1.447,-0.556,0.000,-3.373,1.744,0.100,73
2456,-1.450,-0.556,0.000,-3.837,1.729,0.120,73
2457,-1.452,-0.556,0.000,-4.294,1.714,0.111,73
2458,-1.455,-0.555,0.000,-4.752,1.698,0.145,73
2459,-1.458,-0.555,0.000,-5.209,1.683,0.148,73
2460,-1.461,-0.555,0.000,-5.658,1.665,0.184,73
2461,-1.463,-0.555,0.000,-6.106,1.655,0.141,73
2462,-1.466,-0.554,0.000,-6.553,1.634,0.209,73
2463,-1.468,-0.554,0.000,-7.001,1.624,0.171,73
2464,-1.471,-0.554,0.000,-7.442,1.604,0.223,73
2465,-1.474,-0.553,0.000,-7.874,1.595,0.197,73
2466,-1.477,-0.553,0.000,-8.324,1.575,0.238,73
2467,-1.479,-0.553,0.000,-8.788,1.561,0.234,73
2468,-1.481,-0.552,0.000,-9.242,1.546,0.238,73
2469,-1.484,-0.552,0.000,-9.727,1.527,0.262,73
2470,-1.486,-0.551,0.000,-10.253,1.509,0.276,73
2471,-1.488,-0.551,0.000,-10.838,1.491,0.293,73
2472,-1.490,-0.550,0.000,-11.466,1.477,0.289,73
2473,-1.493,-0.550,0.000,-12.127,1.458,0.312,73
2474,-1.495,-0.549,0.000,-12.826,1.440,0.325,73
2475,-1.497,-0.549,0.000,-13.549,1.423,0.336,73
2476,-1.499,-0.548,0.000,-14.285,1.404,0.351,73
2477,-1.501,-0.548,0.000,-15.023,1.385,0.367,73
2478,-1.503,-0.547,0.000,-15.749,1.367,0.380,73
2479,-1.505,-0.547,0.000,-16.453,1.348,0.392,73
2480,-1.507,-0.546,0.000,-17.135,1.324,0.422,73
2481,-1.509,-0.545,0.000,-17.847,1.309,0.421,73
2482,-1.511,-0.545,0.000,-18.588,1.289,0.436,73
2483,-1.513,-0.544,0.000,-19.325,1.276,0.434,73
2484,-1.515,-0.543,0.000,-20.073,1.255,0.454,73
2485,-1.517,-0.543,0.000,-20.851,1.235,0.472,73
2486,-1.519,-0.542,0.000,-21.637,1.218,0.482,73
2487,-1.521,-0.541,0.000,-22.416,1.197,0.502,73
2488,-1.523,-0.540,0.000,-23.234,1.180,0.509,73
2489,-1.525,-0.539,0.000,-24.054,1.162,0.517,73
2490,-1.527,-0.538,0.000,-24.841,1.144,0.520,73
2491,-1.528,-0.537,0.000,-25.534,1.125,0.531,73
2492,-1.530,-0.536,0.000,-26.162,1.106,0.539,73
2493,-1.532,-0.536,0.000,-26.734,1.090,0.543,73
2494,-1.534,-0.535,0.000,-27.284,1.071,0.552,73
2495,-1.536,-0.534,0.000,-27.832,1.059,0.552,73
2496,-1.537,-0.532,0.000,-28.353,1.039,0.565,73
2497,-1.539,-0.531,0.000,-28.957,1.025,0.567,73
2498,-1.541,-0.530,0.000,-29.611,1.014,0.564,73
2499,-1.543,-0.529,0.000,-30.335,0.991,0.585,73
2500,-1.545,-0.528,0.000,-31.120,0.984,0.576,73
2501,-1.547,-0.527,0.000,-31.932,0.952,0.606,73
2502,-1.549,-0.526,0.000,-32.680,0.935,0.609,73
2503,-1.550,-0.525,0.000,-33.287,0.920,0.608,73
2504,-1.551,-0.524,0.000,-33.773,0.904,0.610,73
2505,-1.553,-0.523,0.000,-34.175,0.889,0.611,73
2506,-1.554,-0.522,0.000,-34.522,0.875,0.609,73
2507,-1.555,-0.521,0.000,-34.835,0.862,0.606,73
2508,-1.557,-0.521,0.000,-35.126,0.849,0.604,73
2509,-1.558,-0.520,0.000,-35.395,0.836,0.601,73
2510,-1.559,-0.519,0.000,-35.641,0.824,0.597,73
2511,-1.561,-0.518,0.000,-35.858,0.812,0.593,73
2512,-1.562,-0.517,0.000,-36.045,0.800,0.589,73
2513,-1.563,-0.516,0.000,-36.201,0.789,0.584,73
2514,-1.564,-0.515,0.000,-36.331,0.778,0.579,73
2515,-1.565,-0.514,0.000,-36.441,0.768,0.574,73
2516,-1.567,-0.513,0.000,-36.538,0.758,0.568,73
2517,-1.568,-0.513,0.000,-36.629,0.748,0.563,73
2518,-1.569,-0.512,0.000,-36.717,0.739,0.558,73
2519,-1.570,-0.511,0.000,-36.804,0.730,0.553,73
2520,-1.575,-0.507,0.000,-37.090,0.735,0.562,73
2521,-1.576,-0.506,0.000,-37.618,0.722,0.563,73
2522,-1.578,-0.505,0.000,-37.916,0.710,0.560,73
2523,-1.579,-0.504,0.000,-38.057,0.701,0.556,73
2524,-1.580,-0.503,0.000,-38.135,0.693,0.551,73
2525,-1.582,-0.502,0.000,-38.193,0.686,0.546,73
2526,-1.583,-0.501,0.000,-38.247,0.679,0.542,73
2527,-1.584,-0.500,0.000,-38.304,0.672,0.537,73
2528,-1.586,-0.499,0.000,-38.366,0.665,0.533,73
2529,-1.587,-0.498,0.000,-38.435,0.658,0.529,73
2530,-1.589,-0.497,0.000,-38.509,0.651,0.525,73
2531,-1.590,-0.495,0.000,-38.587,0.645,0.521,73
2532,-1.591,-0.494,0.000,-38.667,0.638,0.518,73
2533,-1.593,-0.493,0.000,-38.750,0.632,0.514,73
2534,-1.594,-0.492,0.000,-38.834,0.626,0.511,73
2535,-1.596,-0.491,0.000,-38.919,0.620,0.507,73
2536,-1.597,-0.490,0.000,-39.005,0.614,0.504,73
2537,-1.599,-0.488,0.000,-39.092,0.608,0.501,73
2538,-1.600,-0.487,0.000,-39.178,0.602,0.498,73
2539,-1.601,-0.486,0.000,-39.263,0.596,0.494,73
2540,-1.603,-0.485,0.000,-39.346,0.591,0.491,73
2541,-1.604,-0.484,0.000,-39.428,0.585,0.488,73
2542,-1.606,-0.483,0.000,-39.507,0.580,0.485,73
2543,-1.607,-0.482,0.000,-39.582,0.574,0.482,73
2544,-1.608,-0.481,0.000,-39.655,0.569,0.478,73
2545,-1.609,-0.480,0.000,-39.720,0.563,0.475,73
2546,-1.611,-0.479,0.000,-39.773,0.558,0.471,73
2547,-1.612,-0.478,0.000,-39.815,0.566,0.451,73
2548,-1.613,-0.476,0.000,-39.852,0.552,0.459,73
2549,-1.614,-0.475,0.000,-39.893,0.545,0.456,73
2550,-1.616,-0.474,0.000,-39.977,0.537,0.453,73
2551,-1.617,-0.474,0.000,-39.998,0.527,0.452,73
2552,-1.618,-0.473,0.000,-39.962,0.521,0.446,73
2553,-1.618,-0.472,0.000,-39.898,0.517,0.438,73
2554,-1.619,-0.471,0.000,-39.827,0.511,0.433,73
2555,-1.624,-0.467,0.000,-39.928,0.521,0.443,73
2556,-1.626,-0.466,0.000,-40.216,0.527,0.430,73
2557,-1.627,-0.465,0.000,-40.505,0.517,0.430,73
2558,-1.628,-0.464,0.000,-40.851,0.502,0.433,73
2559,-1.629,-0.463,0.000,-41.087,0.496,0.428,73
2560,-1.629,-0.463,0.000,-41.040,0.492,0.419,73
2561,-1.630,-0.462,0.000,-40.855,0.484,0.413,73
2562,-1.631,-0.461,0.000,-40.643,0.473,0.415,73
2563,-1.632,-0.461,0.000,-40.483,0.480,0.388,73
2564,-1.633,-0.460,0.000,-40.355,0.460,0.399,73
2565,-1.632,-0.460,0.000,-40.228,0.462,0.369,73
2566,-1.633,-0.460,0.000,-40.132,0.442,0.374,73
2567,-1.634,-0.459,0.000,-40.067,0.430,0.378,73
2568,-1.635,-0.458,0.000,-40.006,0.429,0.356,73
2569,-1.635,-0.458,0.000,-39.898,0.435,0.327,73
2570,-1.635,-0.458,0.000,-39.769,0.390,0.360,73
2571,-1.636,-0.457,0.000,-39.638,0.419,0.304,73
2572,-1.637,-0.457,0.000,-39.499,0.382,0.330,73
2573,-1.637,-0.456,0.000,-39.336,0.379,0.309,73
2574,-1.638,-0.456,0.000,-39.180,0.381,0.288,73
2575,-1.638,-0.455,0.000,-39.031,0.350,0.302,73
2576,-1.639,-0.455,0.000,-38.880,0.362,0.263,73
2577,-1.640,-0.454,0.000,-38.708,0.326,0.289,73
2578,-1.640,-0.454,0.000,-38.528,0.344,0.236,73
2579,-1.640,-0.454,0.000,-38.343,0.299,0.265,73
2580,-1.640,-0.454,0.000,-38.141,0.303,0.234,73
2581,-1.641,-0.453,0.000,-37.926,0.313,0.198,73
2582,-1.642,-0.453,0.000,-37.729,0.258,0.247,73
2583,-1.642,-0.452,0.000,-37.544,0.286,0.184,73
2584,-1.643,-0.452,0.000,-37.358,0.274,0.177,73
2585,-1.643,-0.452,0.000,-37.165,0.222,0.216,73
2586,-1.643,-0.452,0.000,-36.972,0.244,0.162,73
2587,-1.643,-0.451,0.000,-36.769,0.217,0.171,73
2588,-1.644,-0.451,0.000,-36.532,0.218,0.146,73
2589,-1.644,-0.451,0.000,-36.288,0.203,0.139,73
2590,-1.644,-0.451,0.000,-35.644,0.190,0.133,73
2591,-1.644,-0.450,0.000,-34.497,0.182,0.120,73
2592,-1.644,-0.450,0.000,-33.017,0.173,0.105,73
2593,-1.644,-0.450,0.000,-31.333,0.163,0.092,73
2594,-1.645,-0.450,0.000,-29.504,0.152,0.080,73
2595,-1.645,-0.450,0.000,-27.573,0.141,0.068,73
2596,-1.645,-0.450,0.000,-26.124,0.131,0.058,73
2597,-1.645,-0.450,0.000,-25.714,0.118,0.051,73
2598,-1.645,-0.451,0.000,-26.321,0.103,0.045,73
2599,-1.645,-0.451,0.000,-27.842,0.087,0.040,73
2600,-1.645,-0.451,0.000,-29.917,0.072,0.035,73
2601,-1.645,-0.451,0.000,-32.223,0.059,0.031,73
2602,-1.646,-0.451,0.000,-34.578,0.046,0.025,73
2603,-1.646,-0.451,0.000,-36.894,0.034,0.019,73
2604,-1.646,-0.451,0.000,-39.133,0.022,0.011,73
2605,-1.646,-0.451,0.000,-41.282,0.012,0.003,73
2606,-1.646,-0.450,0.000,-43.337,-0.000,-0.003,73
2607,-1.647,-0.450,0.000,-45.308,-0.012,-0.007,73
2608,-1.647,-0.449,0.000,-47.215,-0.001,-0.032,73
2609,-1.647,-0.450,0.000,-49.096,-0.039,-0.021,73
2610,-1.647,-0.450,0.000,-50.950,-0.011,-0.060,73
2611,-1.646,-0.450,0.000,-52.769,-0.074,-0.032,73
2612,-1.646,-0.451,0.000,-54.554,-0.041,-0.076,73
2613,-1.647,-0.450,0.000,-56.302,-0.046,-0.083,73
2614,-1.646,-0.451,0.000,-58.027,-0.094,-0.074,73
2615,-1.645,-0.452,0.000,-59.697,-0.035,-0.126,73
2616,-1.646,-0.451,0.000,-61.300,-0.074,-0.115,73
2617,-1.645,-0.453,0.000,-62.860,-0.070,-0.139,73
2618,-1.645,-0.452,0.000,-64.404,-0.082,-0.142,73
2619,-1.644,-0.454,0.000,-65.910,-0.070,-0.169,73
2620,-1.644,-0.454,0.000,-67.401,-0.066,-0.181,73
2621,-1.644,-0.455,0.000,-68.818,-0.075,-0.194,73
2622,-1.644,-0.454,0.000,-70.202,-0.055,-0.207,73
2623,-1.644,-0.456,0.000,-71.538,-0.078,-0.217,73
2624,-1.644,-0.456,0.000,-72.797,-0.083,-0.224,73
2625,-1.644,-0.456,0.000,-73.883,-0.072,-0.238,73
2626,-1.643,-0.457,0.000,-74.782,-0.071,-0.254,73
2627,-1.643,-0.458,0.000,-75.351,-0.076,-0.265,73
2628,-1.642,-0.459,0.000,-75.457,-0.064,-0.280,73
2629,-1.642,-0.459,0.000,-75.511,-0.087,-0.284,73
2630,-1.642,-0.459,0.000,-75.519,-0.084,-0.293,73
2631,-1.642,-0.459,0.000,-75.475,-0.079,-0.306,73
2632,-1.642,-0.459,0.000,-75.386,-0.088,-0.313,73
2633,-1.642,-0.459,0.000,-75.152,-0.094,-0.321,73
2634,-1.642,-0.460,0.000,-74.809,-0.076,-0.337,73
2635,-1.641,-0.461,0.000,-74.430,-0.116,-0.340,73
2636,-1.641,-0.462,0.000,-74.015,-0.090,-0.358,73
2637,-1.641,-0.463,0.000,-73.477,-0.102,-0.367,73
2638,-1.641,-0.463,0.000,-72.580,-0.123,-0.370,73
2639,-1.641,-0.463,0.000,-71.583,-0.124,-0.380,73
2640,-1.641,-0.464,0.000,-70.600,-0.133,-0.389,73
2641,-1.641,-0.465,0.000,-69.631,-0.162,-0.390,73
2642,-1.640,-0.465,0.000,-68.714,-0.150,-0.408,73
2643,-1.640,-0.466,0.000,-67.829,-0.183,-0.408,73
2644,-1.639,-0.467,0.000,-66.942,-0.184,-0.419,73
2645,-1.639,-0.467,0.000,-66.048,-0.193,-0.428,73
2646,-1.639,-0.468,0.000,-64.938,-0.206,-0.435,73
2647,-1.638,-0.469,0.000,-63.570,-0.208,-0.450,73
2648,-1.638,-0.469,0.000,-62.150,-0.231,-0.450,73
2649,-1.638,-0.469,0.000,-60.714,-0.269,-0.439,73
2650,-1.637,-0.470,0.000,-59.302,-0.260,-0.459,73
2651,-1.637,-0.471,0.000,-57.927,-0.306,-0.444,73
2652,-1.636,-0.472,0.000,-56.558,-0.279,-0.478,73
2653,-1.636,-0.472,0.000,-55.199,-0.329,-0.456,73
2654,-1.635,-0.473,0.000,-53.831,-0.329,-0.473,73
2655,-1.636,-0.473,0.000,-52.481,-0.353,-0.462,73
2656,-1.636,-0.472,0.000,-51.191,-0.395,-0.432,73
2657,-1.636,-0.473,0.000,-49.943,-0.360,-0.475,73
2658,-1.636,-0.473,0.000,-48.716,-0.424,-0.434,73
2659,-1.637,-0.472,0.000,-47.504,-0.414,-0.443,73
2660,-1.636,-0.473,0.000,-46.267,-0.391,-0.486,73
2661,-1.636,-0.473,0.000,-45.063,-0.468,-0.420,73
2662,-1.637,-0.472,0.000,-43.902,-0.460,-0.431,73
2663,-1.637,-0.472,0.000,-42.744,-0.433,-0.471,73
2664,-1.637,-0.472,0.000,-41.600,-0.512,-0.396,73
2665,-1.638,-0.471,0.000,-40.479,-0.521,-0.390,73
2666,-1.637,-0.471,0.000,-39.395,-0.476,-0.459,73
2667,-1.637,-0.471,0.000,-38.336,-0.531,-0.406,73
2668,-1.639,-0.470,0.000,-37.297,-0.547,-0.385,73
2669,-1.639,-0.470,0.000,-36.279,-0.513,-0.441,73
2670,-1.638,-0.470,0.000,-35.291,-0.568,-0.385,73
2671,-1.640,-0.469,0.000,-34.329,-0.574,-0.377,73
2672,-1.640,-0.469,0.000,-33.420,-0.557,-0.421,73
2673,-1.639,-0.470,0.000,-32.558,-0.614,-0.354,73
2674,-1.640,-0.469,0.000,-31.742,-0.597,-0.385,73
2675,-1.640,-0.470,0.000,-30.939,-0.608,-0.391,73
2676,-1.641,-0.469,0.000,-30.152,-0.652,-0.325,73
2677,-1.641,-0.468,0.000,-29.365,-0.627,-0.379,73
2678,-1.641,-0.469,0.000,-28.574,-0.650,-0.364,73
2679,-1.641,-0.469,0.000,-27.794,-0.680,-0.321,73
2680,-1.641,-0.469,0.000,-27.067,-0.661,-0.374,73
2681,-1.641,-0.469,0.000,-26.397,-0.695,-0.322,73
2682,-1.642,-0.468,0.000,-25.773,-0.682,-0.354,73
2683,-1.642,-0.468,0.000,-25.167,-0.700,-0.346,73
2684,-1.642,-0.468,0.000,-24.586,-0.738,-0.280,73
2685,-1.643,-0.468,0.000,-24.018,-0.714,-0.345,73
2686,-1.642,-0.468,0.000,-23.459,-0.731,-0.337,73
2687,-1.643,-0.468,0.000,-22.890,-0.747,-0.298,73
2688,-1.643,-0.468,0.000,-22.363,-0.748,-0.315,73
2689,-1.644,-0.468,0.000,-22.021,-0.754,-0.314,73
2690,-1.644,-0.468,0.000,-22.219,-0.771,-0.292,73
2691,-1.644,-0.467,0.000,-22.416,-0.763,-0.326,73
2692,-1.644,-0.467,0.000,-22.608,-0.779,-0.304,73
2693,-1.645,-0.467,0.000,-22.871,-0.772,-0.333,73
2694,-1.645,-0.467,0.000,-23.337,-0.775,-0.340,73
2695,-1.646,-0.467,0.000,-24.083,-0.777,-0.336,73
2696,-1.646,-0.467,0.000,-24.821,-0.778,-0.350,73
2697,-1.646,-0.467,0.000,-25.584,-0.776,-0.374,73
2698,-1.646,-0.466,0.000,-26.507,-0.776,-0.380,73
2699,-1.647,-0.466,0.000,-27.625,-0.771,-0.395,73
2700,-1.648,-0.465,0.000,-29.237,-0.761,-0.420,73
2701,-1.648,-0.465,0.000,-31.110,-0.748,-0.446,73
2702,-1.649,-0.465,0.000,-33.021,-0.735,-0.471,73
2703,-1.649,-0.464,0.000,-34.852,-0.715,-0.505,73
2704,-1.650,-0.463,0.000,-36.639,-0.705,-0.519,73
2705,-1.651,-0.463,0.000,-38.461,-0.686,-0.543,73
2706,-1.653,-0.462,0.000,-40.218,-0.666,-0.565,73
2707,-1.653,-0.461,0.000,-41.746,-0.649,-0.586,73
2708,-1.654,-0.461,0.000,-43.073,-0.648,-0.594,73
2709,-1.654,-0.460,0.000,-44.411,-0.636,-0.609,73
2710,-1.655,-0.459,0.000,-45.703,-0.600,-0.647,73
2711,-1.656,-0.458,0.000,-46.974,-0.607,-0.641,73
2712,-1.657,-0.458,0.000,-48.286,-0.581,-0.669,73
2713,-1.657,-0.457,0.000,-49.668,-0.567,-0.686,73
2714,-1.658,-0.456,0.000,-51.000,-0.565,-0.690,73
2715,-1.659,-0.455,0.000,-52.313,-0.549,-0.702,73
2716,-1.660,-0.454,0.000,-53.608,-0.526,-0.720,73
2717,-1.661,-0.452,0.000,-54.827,-0.507,-0.733,73
2718,-1.662,-0.451,0.000,-56.024,-0.494,-0.740,73
2719,-1.663,-0.449,0.000,-57.193,-0.481,-0.748,73
2720,-1.664,-0.447,0.000,-58.281,-0.460,-0.761,73
2721,-1.666,-0.445,0.000,-59.338,-0.454,-0.762,73
2722,-1.666,-0.444,0.000,-60.377,-0.425,-0.783,73
2723,-1.668,-0.442,0.000,-61.360,-0.444,-0.769,73
2724,-1.669,-0.441,0.000,-62.285,-0.404,-0.792,73
2725,-1.670,-0.438,0.000,-63.158,-0.416,-0.780,73
2726,-1.671,-0.436,0.000,-63.993,-0.372,-0.802,73
2727,-1.672,-0.434,0.000,-64.797,-0.379,-0.795,73
2728,-1.673,-0.433,0.000,-65.555,-0.350,-0.810,73
2729,-1.674,-0.430,0.000,-66.265,-0.360,-0.800,73
2730,-1.675,-0.428,0.000,-66.955,-0.326,-0.816,73
2731,-1.676,-0.426,0.000,-67.636,-0.338,-0.811,73
2732,-1.677,-0.423,0.000,-68.311,-0.321,-0.814,73
2733,-1.678,-0.421,0.000,-68.954,-0.303,-0.819,73
2734,-1.679,-0.418,0.000,-69.318,-0.301,-0.817,73
2735,-1.681,-0.416,0.000,-69.315,-0.303,-0.812,73
2736,-1.682,-0.413,0.000,-68.975,-0.305,-0.808,73
2737,-1.683,-0.410,0.000,-68.413,-0.311,-0.802,73
2738,-1.684,-0.408,0.000,-67.714,-0.320,-0.795,73
2739,-1.685,-0.405,0.000,-66.940,-0.330,-0.787,73
2740,-1.686,-0.403,0.000,-66.138,-0.339,-0.780,73
2741,-1.687,-0.400,0.000,-65.342,-0.348,-0.772,73
2742,-1.689,-0.397,0.000,-64.577,-0.357,-0.764,73
2743,-1.690,-0.395,0.000,-63.858,-0.365,-0.756,73
2744,-1.691,-0.392,0.000,-63.191,-0.372,-0.748,73
2745,-1.692,-0.389,0.000,-62.580,-0.378,-0.740,73
2746,-1.694,-0.387,0.000,-62.024,-0.383,-0.732,73
2747,-1.695,-0.384,0.000,-61.522,-0.387,-0.725,73
2748,-1.697,-0.381,0.000,-61.071,-0.391,-0.718,73
2749,-1.698,-0.379,0.000,-60.665,-0.393,-0.711,73
2750,-1.700,-0.376,0.000,-60.302,-0.395,-0.704,73
2751,-1.701,-0.373,0.000,-59.978,-0.397,-0.698,73
2752,-1.703,-0.371,0.000,-59.692,-0.398,-0.691,73
2753,-1.704,-0.368,0.000,-59.441,-0.398,-0.685,73
2754,-1.706,-0.366,0.000,-59.223,-0.398,-0.679,73
2755,-1.707,-0.363,0.000,-59.036,-0.398,-0.673,73
2756,-1.709,-0.360,0.000,-58.879,-0.397,-0.668,73
2757,-1.711,-0.358,0.000,-58.748,-0.396,-0.663,73
2758,-1.712,-0.355,0.000,-58.641,-0.394,-0.657,73
2759,-1.714,-0.353,0.000,-58.558,-0.393,-0.652,73
2760,-1.715,-0.350,0.000,-58.495,-0.391,-0.648,73
2761,-1.717,-0.347,0.000,-58.452,-0.388,-0.643,73
2762,-1.718,-0.345,0.000,-58.428,-0.386,-0.638,73
2763,-1.720,-0.342,0.000,-58.422,-0.383,-0.634,73
2764,-1.721,-0.340,0.000,-58.433,-0.381,-0.630,73
2765,-1.723,-0.337,0.000,-58.461,-0.378,-0.626,73
2766,-1.724,-0.335,0.000,-58.502,-0.375,-0.622,73
2767,-1.726,-0.333,0.000,-58.557,-0.372,-0.618,73
2768,-1.727,-0.330,0.000,-58.621,-0.375,-0.610,73
2769,-1.729,-0.328,0.000,-58.687,-0.369,-0.608,73
2770,-1.730,-0.325,0.000,-58.740,-0.372,-0.600,73
2771,-1.732,-0.323,0.000,-58.855,-0.370,-0.596,73
2772,-1.733,-0.320,0.000,-58.967,-0.364,-0.595,73
2773,-1.735,-0.318,0.000,-59.079,-0.359,-0.592,73
2774,-1.736,-0.316,0.000,-59.191,-0.349,-0.593,73
2775,-1.737,-0.314,0.000,-59.296,-0.362,-0.582,73
2776,-1.739,-0.311,0.000,-59.365,-0.330,-0.594,73
2777,-1.741,-0.308,0.000,-59.429,-0.352,-0.575,73
2778,-1.742,-0.306,0.000,-59.504,-0.351,-0.569,73
2779,-1.743,-0.304,0.000,-59.581,-0.332,-0.577,73
2780,-1.745,-0.301,0.000,-59.668,-0.344,-0.564,73
2781,-1.746,-0.299,0.000,-59.756,-0.336,-0.563,73
2782,-1.748,-0.296,0.000,-59.830,-0.324,-0.564,73
2783,-1.749,-0.294,0.000,-59.884,-0.335,-0.552,73
2784,-1.751,-0.291,0.000,-59.905,-0.329,-0.548,73
2785,-1.752,-0.288,0.000,-59.926,-0.320,-0.548,73
2786,-1.754,-0.286,0.000,-59.965,-0.318,-0.543,73
2787,-1.755,-0.283,0.000,-60.006,-0.302,-0.547,73
2788,-1.757,-0.281,0.000,-60.052,-0.312,-0.535,73
2789,-1.758,-0.278,0.000,-60.039,-0.310,-0.530,73
2790,-1.760,-0.275,0.000,-60.020,-0.310,-0.524,73
2791,-1.762,-0.273,0.000,-60.010,-0.307,-0.519,73
2792,-1.763,-0.270,0.000,-60.001,-0.303,-0.514,73
2793,-1.765,-0.267,0.000,-59.989,-0.288,-0.515,73
2794,-1.766,-0.264,0.000,-59.982,-0.283,-0.512,73
2795,-1.768,-0.262,0.000,-59.963,-0.302,-0.494,73
2796,-1.770,-0.259,0.000,-59.883,-0.293,-0.491,73
2797,-1.771,-0.256,0.000,-59.799,-0.286,-0.488,73
2798,-1.773,-0.253,0.000,-59.728,-0.271,-0.490,68
2799,-1.775,-0.250,0.000,-59.647,-0.293,-0.466,68
2800,-1.777,-0.247,0.000,-59.578,-0.279,-0.468,73
2801,-1.778,-0.244,0.000,-59.514,-0.271,-0.465,73
2802,-1.780,-0.242,0.000,-59.405,-0.279,-0.457,73
2803,-1.781,-0.239,0.000,-59.300,-0.279,-0.451,73
2804,-1.784,-0.234,0.000,-59.099,-0.251,-0.447,68
2805,-1.787,-0.230,0.000,-58.913,-0.255,-0.433,73
2806,-1.788,-0.228,0.000,-58.999,-0.256,-0.429,73
2807,-1.789,-0.226,0.000,-59.048,-0.267,-0.417,73
2808,-1.791,-0.223,0.000,-59.088,-0.255,-0.420,73
2809,-1.792,-0.221,0.000,-59.092,-0.252,-0.418,73
2810,-1.794,-0.219,0.000,-59.023,-0.255,-0.412,68
2811,-1.796,-0.216,0.000,-59.313,-0.251,-0.407,68
2812,-1.798,-0.212,0.000,-60.503,-0.235,-0.405,73
2813,-1.799,-0.210,0.000,-61.934,-0.224,-0.410,73
2814,-1.800,-0.208,0.000,-62.614,-0.209,-0.417,73
2815,-1.801,-0.206,0.000,-63.120,-0.211,-0.413,73
2816,-1.802,-0.203,0.000,-63.556,-0.199,-0.413,68
2817,-1.804,-0.199,0.000,-64.168,-0.187,-0.407,68
2818,-1.806,-0.196,0.000,-65.146,-0.177,-0.402,73
2819,-1.807,-0.194,0.000,-66.074,-0.175,-0.401,73
2820,-1.808,-0.191,0.000,-66.478,-0.178,-0.395,73
2821,-1.809,-0.189,0.000,-66.775,-0.162,-0.403,73
2822,-1.810,-0.187,0.000,-67.103,-0.167,-0.400,73
2823,-1.811,-0.185,0.000,-67.382,-0.166,-0.399,73
2824,-1.811,-0.183,0.000,-67.438,-0.172,-0.397,73
2825,-1.812,-0.181,0.000,-67.109,-0.175,-0.396,68
2826,-1.814,-0.178,0.000,-66.687,-0.162,-0.393,68
2827,-1.816,-0.172,0.000,-66.328,-0.169,-0.372,73
2828,-1.817,-0.170,0.000,-65.994,-0.180,-0.368,73
2829,-1.817,-0.169,0.000,-65.667,-0.154,-0.382,73
2830,-1.818,-0.167,0.000,-65.358,-0.173,-0.374,73
2831,-1.819,-0.165,0.000,-65.022,-0.173,-0.375,73
2832,-1.820,-0.164,0.000,-64.596,-0.169,-0.379,73
2833,-1.821,-0.162,0.000,-63.974,-0.176,-0.377,73
2834,-1.822,-0.161,0.000,-63.191,-0.196,-0.369,68
2835,-1.824,-0.157,0.000,-62.429,-0.177,-0.370,68
2836,-1.826,-0.152,0.000,-61.768,-0.179,-0.354,73
2837,-1.827,-0.151,0.000,-61.115,-0.193,-0.350,73
2838,-1.827,-0.150,0.000,-60.444,-0.196,-0.353,73
2839,-1.829,-0.148,0.000,-59.708,-0.209,-0.346,73
2840,-1.829,-0.147,0.000,-58.907,-0.214,-0.348,73
2841,-1.830,-0.145,0.000,-58.120,-0.221,-0.349,68
2842,-1.834,-0.140,0.000,-57.395,-0.220,-0.331,68
2843,-1.835,-0.138,0.000,-56.704,-0.226,-0.328,73
2844,-1.836,-0.137,0.000,-56.087,-0.222,-0.336,73
2845,-1.836,-0.136,0.000,-55.462,-0.248,-0.326,73
2846,-1.837,-0.135,0.000,-54.901,-0.234,-0.343,73
2847,-1.838,-0.134,0.000,-54.377,-0.252,-0.340,73
2848,-1.838,-0.133,0.000,-53.839,-0.248,-0.350,73
2849,-1.839,-0.132,0.000,-53.311,-0.276,-0.338,73
2850,-1.839,-0.132,0.000,-52.795,-0.262,-0.360,68
2851,-1.841,-0.130,0.000,-52.317,-0.288,-0.342,68
2852,-1.843,-0.127,0.000,-51.897,-0.273,-0.354,73
2853,-1.844,-0.126,0.000,-51.499,-0.285,-0.351,73
2854,-1.845,-0.125,0.000,-51.074,-0.300,-0.352,73
2855,-1.845,-0.124,0.000,-50.685,-0.302,-0.363,73
2856,-1.846,-0.124,0.000,-50.325,-0.294,-0.381,68
2857,-1.848,-0.121,0.000,-50.081,-0.304,-0.371,68
2858,-1.850,-0.119,0.000,-49.915,-0.310,-0.368,73
2859,-1.851,-0.118,0.000,-49.772,-0.313,-0.379,73
2860,-1.852,-0.117,0.000,-49.542,-0.329,-0.377,73
2861,-1.852,-0.116,0.000,-49.316,-0.325,-0.391,68
2862,-1.856,-0.113,0.000,-49.193,-0.333,-0.376,68
2863,-1.856,-0.112,0.000,-49.128,-0.344,-0.381,73
2864,-1.857,-0.111,0.000,-49.139,-0.325,-0.410,73
2865,-1.858,-0.110,0.000,-49.209,-0.357,-0.397,73
2866,-1.858,-0.109,0.000,-49.288,-0.355,-0.414,73
2867,-1.859,-0.109,0.000,-49.363,-0.363,-0.422,73
2868,-1.859,-0.109,0.000,-49.296,-0.381,-0.429,68
2869,-1.861,-0.106,0.000,-49.237,-0.370,-0.438,68
2870,-1.863,-0.104,0.000,-49.268,-0.389,-0.430,68
2871,-1.865,-0.102,0.000,-49.421,-0.360,-0.456,73
2872,-1.865,-0.102,0.000,-49.623,-0.396,-0.448,73
2873,-1.865,-0.102,0.000,-49.806,-0.382,-0.481,73
2874,-1.865,-0.101,0.000,-49.988,-0.406,-0.480,73
2875,-1.866,-0.101,0.000,-50.165,-0.411,-0.496,68
2876,-1.868,-0.098,0.000,-50.378,-0.412,-0.493,68
2877,-1.870,-0.096,0.000,-50.686,-0.408,-0.504,73
2878,-1.870,-0.095,0.000,-51.136,-0.412,-0.520,73
2879,-1.871,-0.095,0.000,-50.924,-0.422,-0.530,73
2880,-1.871,-0.095,0.000,-50.430,-0.437,-0.537,73
2881,-1.872,-0.094,0.000,-49.978,-0.451,-0.545,68
2882,-1.874,-0.091,0.000,-50.196,-0.449,-0.548,68
2883,-1.876,-0.089,0.000,-51.485,-0.452,-0.548,68
2884,-1.878,-0.086,0.000,-52.967,-0.430,-0.568,73
2885,-1.878,-0.086,0.000,-54.414,-0.425,-0.589,73
2886,-1.879,-0.085,0.000,-55.520,-0.406,-0.621,73
2887,-1.879,-0.085,0.000,-56.514,-0.416,-0.631,73
2888,-1.880,-0.084,0.000,-57.292,-0.413,-0.648,68
2889,-1.881,-0.082,0.000,-58.245,-0.404,-0.661,68
2890,-1.882,-0.079,0.000,-59.767,-0.388,-0.675,68
2891,-1.884,-0.076,0.000,-61.947,-0.361,-0.691,73
2892,-1.884,-0.076,0.000,-64.173,-0.342,-0.719,73
2893,-1.884,-0.076,0.000,-65.379,-0.333,-0.739,73
2894,-1.885,-0.075,0.000,-65.599,-0.336,-0.753,73
2895,-1.886,-0.075,0.000,-64.896,-0.350,-0.760,68
2896,-1.888,-0.070,0.000,-63.897,-0.369,-0.743,68
2897,-1.890,-0.066,0.000,-63.042,-0.384,-0.734,73
2898,-1.890,-0.067,0.000,-62.247,-0.374,-0.760,73
2899,-1.890,-0.067,0.000,-61.448,-0.420,-0.753,73
2900,-1.890,-0.066,0.000,-60.627,-0.412,-0.774,73
2901,-1.890,-0.067,0.000,-59.776,-0.457,-0.772,73
2902,-1.890,-0.067,0.000,-58.932,-0.461,-0.787,68
2903,-1.892,-0.063,0.000,-58.097,-0.470,-0.776,68
2904,-1.894,-0.061,0.000,-57.335,-0.491,-0.763,73
2905,-1.894,-0.060,0.000,-56.620,-0.503,-0.770,73
2906,-1.894,-0.060,0.000,-55.938,-0.520,-0.777,73
2907,-1.894,-0.060,0.000,-55.384,-0.533,-0.787,68
2908,-1.896,-0.057,0.000,-55.398,-0.534,-0.785,68
2909,-1.898,-0.054,0.000,-56.112,-0.525,-0.793,73
2910,-1.898,-0.054,0.000,-57.275,-0.518,-0.814,73
2911,-1.898,-0.054,0.000,-57.840,-0.516,-0.831,73
2912,-1.898,-0.054,0.000,-58.139,-0.516,-0.848,73
2913,-1.898,-0.054,0.000,-58.300,-0.526,-0.859,68
2914,-1.900,-0.051,0.000,-58.700,-0.519,-0.862,68
2915,-1.901,-0.048,0.000,-59.880,-0.502,-0.873,73
2916,-1.901,-0.049,0.000,-61.875,-0.478,-0.904,73
2917,-1.900,-0.049,0.000,-64.733,-0.438,-0.941,73
2918,-1.900,-0.049,0.000,-68.016,-0.389,-0.978,73
2919,-1.900,-0.049,0.000,-71.494,-0.340,-1.011,68
2920,-1.902,-0.044,0.000,-74.942,-0.275,-1.023,68
2921,-1.903,-0.040,0.000,-78.279,-0.220,-1.029,73
2922,-1.903,-0.041,0.000,-81.520,-0.166,-1.056,73
2923,-1.903,-0.041,0.000,-84.650,-0.106,-1.081,73
2924,-1.902,-0.042,0.000,-87.679,-0.049,-1.101,68
2925,-1.903,-0.037,0.000,-90.632,0.007,-1.093,68
2926,-1.902,-0.032,0.000,-93.512,0.060,-1.082,73
2927,-1.902,-0.032,0.000,-96.318,0.130,-1.090,73
2928,-1.903,-0.033,0.000,-99.079,0.164,-1.104,73
2929,-1.903,-0.033,0.000,-101.789,0.222,-1.108,73
2930,-1.903,-0.034,0.000,-104.386,0.289,-1.109,68
2931,-1.901,-0.028,0.000,-106.887,0.330,-1.083,68
2932,-1.899,-0.022,0.000,-109.089,0.371,-1.055,73
2933,-1.899,-0.022,0.000,-110.742,0.408,-1.057,73
2934,-1.899,-0.022,0.000,-111.913,0.417,-1.070,73
2935,-1.899,-0.023,0.000,-113.015,0.458,-1.072,73
2936,-1.899,-0.024,0.000,-114.107,0.475,-1.083,73
2937,-1.900,-0.025,0.000,-115.136,0.501,-1.089,73
2938,-1.901,-0.026,0.000,-115.572,0.521,-1.098,68
2939,-1.898,-0.020,0.000,-115.575,0.515,-1.084,68
2940,-1.896,-0.015,0.000,-115.463,0.505,-1.073,68
2941,-1.893,-0.009,0.000,-115.298,0.495,-1.061,68
2942,-1.890,-0.004,0.000,-115.106,0.486,-1.049,73
2943,-1.891,-0.005,0.000,-114.786,0.487,-1.066,73
2944,-1.892,-0.006,0.000,-114.236,0.483,-1.086,73
2945,-1.892,-0.007,0.000,-113.569,0.477,-1.106,73
2946,-1.892,-0.008,0.000,-112.838,0.469,-1.127,73
2947,-1.893,-0.008,0.000,-112.077,0.460,-1.147,73
2948,-1.893,-0.009,0.000,-111.301,0.449,-1.168,73
2949,-1.893,-0.010,0.000,-110.513,0.439,-1.188,73
2950,-1.894,-0.011,0.000,-109.700,0.427,-1.208,68
2951,-1.891,-0.005,0.000,-109.006,0.407,-1.197,68
2952,-1.889,0.001,0.000,-108.592,0.393,-1.185,68
2953,-1.887,0.006,0.000,-108.381,0.383,-1.171,68
2954,-1.885,0.012,0.000,-108.318,0.377,-1.156,73
2955,-1.886,0.011,0.000,-108.242,0.381,-1.172,73
2956,-1.886,0.010,0.000,-108.015,0.381,-1.190,73
2957,-1.887,0.008,0.000,-107.690,0.380,-1.208,73
2958,-1.887,0.007,0.000,-107.299,0.376,-1.226,68
2959,-1.885,0.013,0.000,-106.977,0.364,-1.212,68
2960,-1.883,0.019,0.000,-106.779,0.368,-1.194,73
2961,-1.884,0.017,0.000,-106.555,0.370,-1.210,73
2962,-1.884,0.016,0.000,-106.294,0.364,-1.230,73
2963,-1.885,0.014,0.000,-106.020,0.354,-1.252,68
2964,-1.883,0.020,0.000,-105.778,0.339,-1.238,68
2965,-1.881,0.026,0.000,-105.716,0.337,-1.221,68
2966,-1.880,0.031,0.000,-105.789,0.337,-1.203,73
2967,-1.880,0.030,0.000,-105.882,0.342,-1.220,73
2968,-1.881,0.028,0.000,-105.891,0.346,-1.236,73
2969,-1.881,0.027,0.000,-105.836,0.350,-1.253,73
2970,-1.882,0.025,0.000,-105.731,0.352,-1.270,73
2971,-1.882,0.024,0.000,-105.587,0.353,-1.286,68
2972,-1.880,0.029,0.000,-105.473,0.365,-1.265,68
2973,-1.879,0.035,0.000,-105.385,0.350,-1.251,68
2974,-1.877,0.041,0.000,-105.403,0.343,-1.236,73
2975,-1.878,0.039,0.000,-105.462,0.352,-1.252,73
2976,-1.878,0.037,0.000,-105.456,0.358,-1.268,73
2977,-1.879,0.036,0.000,-105.399,0.360,-1.286,73
2978,-1.879,0.034,0.000,-105.300,0.362,-1.303,68
2979,-1.878,0.040,0.000,-105.252,0.356,-1.286,68
2980,-1.876,0.045,0.000,-105.342,0.354,-1.269,68
2981,-1.875,0.051,0.000,-105.541,0.354,-1.251,73
2982,-1.875,0.049,0.000,-105.747,0.363,-1.267,73
2983,-1.876,0.047,0.000,-105.863,0.370,-1.284,73
2984,-1.876,0.045,0.000,-105.900,0.376,-1.300,73
2985,-1.877,0.044,0.000,-105.870,0.380,-1.318,68
2986,-1.875,0.049,0.000,-105.871,0.375,-1.300,68
2987,-1.873,0.055,0.000,-105.997,0.374,-1.283,73
2988,-1.874,0.053,0.000,-106.137,0.382,-1.299,73
2989,-1.874,0.051,0.000,-106.185,0.388,-1.316,73
2990,-1.875,0.049,0.000,-106.159,0.392,-1.333,73
2991,-1.875,0.047,0.000,-106.076,0.395,-1.351,68
2992,-1.874,0.053,0.000,-106.034,0.389,-1.334,68
2993,-1.872,0.059,0.000,-106.127,0.386,-1.316,68
2994,-1.871,0.064,0.000,-106.323,0.386,-1.297,73
2995,-1.871,0.062,0.000,-106.511,0.395,-1.314,73
2996,-1.872,0.060,0.000,-106.582,0.402,-1.331,73
2997,-1.872,0.058,0.000,-106.561,0.407,-1.348,73
2998,-1.873,0.056,0.000,-106.467,0.410,-1.366,73
2999,-1.874,0.054,0.000,-106.312,0.411,-1.384,73
3000,-1.874,0.052,0.000,-106.111,0.411,-1.403,68
3001,-1.873,0.057,0.000,-105.944,0.384,-1.392,68
3002,-1.871,0.063,0.000,-105.837,0.408,-1.365,68
3003,-1.869,0.069,0.000,-105.734,0.355,-1.361,73
3004,-1.870,0.066,0.000,-105.642,0.398,-1.370,73
3005,-1.871,0.064,0.000,-105.548,0.367,-1.398,73
3006,-1.871,0.063,0.000,-105.418,0.417,-1.400,73
3007,-1.872,0.061,0.000,-105.297,0.375,-1.429,68
3008,-1.870,0.067,0.000,-105.200,0.395,-1.400,68
3009,-1.868,0.073,0.000,-105.196,0.381,-1.384,73
3010,-1.869,0.070,0.000,-105.275,0.370,-1.408,73
3011,-1.870,0.067,0.000,-105.371,0.382,-1.426,73
3012,-1.870,0.065,0.000,-105.467,0.419,-1.435,68
3013,-1.868,0.071,0.000,-105.567,0.391,-1.420,68
3014,-1.867,0.077,0.000,-105.703,0.397,-1.398,68
3015,-1.865,0.082,0.000,-105.938,0.387,-1.380,73
3016,-1.866,0.080,0.000,-106.135,0.396,-1.397,73
3017,-1.867,0.077,0.000,-106.181,0.406,-1.415,73
3018,-1.868,0.075,0.000,-106.159,0.422,-1.428,68
3019,-1.866,0.081,0.000,-106.157,0.419,-1.407,68
3020,-1.864,0.086,0.000,-106.279,0.412,-1.389,68
3021,-1.863,0.092,0.000,-106.497,0.409,-1.369,73
3022,-1.863,0.089,0.000,-106.682,0.420,-1.384,73
3023,-1.864,0.087,0.000,-106.711,0.427,-1.402,73
3024,-1.865,0.084,0.000,-106.666,0.417,-1.425,73
3025,-1.866,0.082,0.000,-106.672,0.420,-1.443,68
3026,-1.864,0.087,0.000,-106.684,0.422,-1.422,68
3027,-1.862,0.092,0.000,-106.796,0.421,-1.400,68
3028,-1.860,0.098,0.000,-107.002,0.416,-1.379,73
3029,-1.861,0.095,0.000,-107.172,0.424,-1.396,73
3030,-1.862,0.093,0.000,-107.196,0.446,-1.409,73
3031,-1.863,0.090,0.000,-107.160,0.441,-1.429,68
3032,-1.861,0.096,0.000,-107.133,0.438,-1.407,68
3033,-1.860,0.101,0.000,-107.226,0.437,-1.384,73
3034,-1.861,0.099,0.000,-107.311,0.443,-1.400,73
3035,-1.861,0.096,0.000,-107.259,0.445,-1.418,73
3036,-1.862,0.093,0.000,-107.107,0.447,-1.436,68
3037,-1.860,0.099,0.000,-106.984,0.438,-1.415,68
3038,-1.859,0.104,0.000,-107.011,0.433,-1.394,68
3039,-1.857,0.110,0.000,-107.152,0.429,-1.372,73
3040,-1.858,0.107,0.000,-107.276,0.438,-1.389,73
3041,-1.859,0.104,0.000,-107.260,0.443,-1.406,73
3042,-1.860,0.101,0.000,-107.140,0.445,-1.424,73
3043,-1.861,0.098,0.000,-106.951,0.428,-1.448,68
3044,-1.859,0.104,0.000,-106.754,0.439,-1.422,68
3045,-1.857,0.110,0.000,-106.633,0.421,-1.404,68
3046,-1.855,0.115,0.000,-106.653,0.417,-1.382,73
3047,-1.856,0.112,0.000,-106.699,0.427,-1.398,73
3048,-1.857,0.109,0.000,-106.655,0.430,-1.416,73
3049,-1.858,0.106,0.000,-106.547,0.431,-1.434,68
3050,-1.856,0.112,0.000,-106.481,0.423,-1.413,68
3051,-1.855,0.118,0.000,-106.556,0.420,-1.391,68
3052,-1.853,0.123,0.000,-106.738,0.417,-1.368,68
3053,-1.851,0.129,0.000,-107.000,0.417,-1.345,73
3054,-1.852,0.126,0.000,-107.237,0.428,-1.361,73
3055,-1.853,0.123,0.000,-107.354,0.436,-1.378,73
3056,-1.854,0.120,0.000,-107.380,0.443,-1.396,73
3057,-1.855,0.117,0.000,-107.341,0.447,-1.414,68
3058,-1.853,0.122,0.000,-107.332,0.440,-1.392,68
3059,-1.852,0.128,0.000,-107.442,0.436,-1.370,73
3060,-1.853,0.125,0.000,-107.566,0.445,-1.387,73
3061,-1.854,0.122,0.000,-107.604,0.451,-1.405,68
3062,-1.852,0.127,0.000,-107.653,0.446,-1.382,68
3063,-1.850,0.133,0.000,-107.776,0.426,-1.365,68
3064,-1.848,0.139,0.000,-107.907,0.423,-1.342,68
3065,-1.846,0.144,0.000,-108.087,0.427,-1.317,73
3066,-1.847,0.141,0.000,-108.267,0.437,-1.335,73
3067,-1.848,0.138,0.000,-108.369,0.443,-1.355,73
3068,-1.850,0.134,0.000,-108.417,0.451,-1.373,73
3069,-1.851,0.131,0.000,-108.430,0.458,-1.392,68
3070,-1.849,0.137,0.000,-108.479,0.452,-1.369,68
3071,-1.847,0.142,0.000,-108.626,0.448,-1.347,68
3072,-1.845,0.148,0.000,-108.842,0.446,-1.324,68
3073,-1.843,0.154,0.000,-109.106,0.445,-1.300,73
3074,-1.844,0.150,0.000,-109.364,0.472,-1.313,73
3075,-1.845,0.147,0.000,-109.596,0.474,-1.331,73
3076,-1.847,0.144,0.000,-109.792,0.488,-1.348,73
3077,-1.848,0.141,0.000,-109.940,0.503,-1.363,73
3078,-1.849,0.137,0.000,-110.048,0.511,-1.381,73
3079,-1.850,0.134,0.000,-110.126,0.518,-1.399,73
3080,-1.851,0.131,0.000,-110.179,0.526,-1.416,73
3081,-1.852,0.128,0.000,-110.208,0.534,-1.434,73
3082,-1.853,0.125,0.000,-110.215,0.540,-1.451,73
3083,-1.855,0.122,0.000,-110.202,0.546,-1.469,73
3084,-1.856,0.119,0.000,-110.169,0.552,-1.486,68
3085,-1.854,0.125,0.000,-110.161,0.544,-1.465,68
3086,-1.852,0.130,0.000,-110.225,0.538,-1.443,68
3087,-1.849,0.136,0.000,-110.336,0.532,-1.421,73
3088,-1.851,0.133,0.000,-110.427,0.541,-1.438,73
3089,-1.852,0.129,0.000,-110.434,0.548,-1.455,73
3090,-1.853,0.126,0.000,-110.381,0.553,-1.474,73
3091,-1.854,0.123,0.000,-110.288,0.543,-1.497,68
3092,-1.852,0.129,0.000,-110.200,0.544,-1.471,68
3093,-1.850,0.135,0.000,-110.149,0.528,-1.452,73
3094,-1.851,0.131,0.000,-110.121,0.530,-1.472,73
3095,-1.852,0.128,0.000,-110.045,0.537,-1.490,73
3096,-1.853,0.125,0.000,-109.945,0.560,-1.501,68
3097,-1.851,0.131,0.000,-109.908,0.547,-1.481,68
3098,-1.849,0.136,0.000,-109.939,0.534,-1.462,68
3099,-1.847,0.142,0.000,-110.029,0.529,-1.439,73
3100,-1.848,0.139,0.000,-110.102,0.540,-1.456,73
3101,-1.849,0.135,0.000,-110.092,0.546,-1.474,73
3102,-1.850,0.132,0.000,-110.020,0.550,-1.493,73
3103,-1.852,0.129,0.000,-109.905,0.553,-1.513,73
3104,-1.853,0.126,0.000,-109.755,0.556,-1.532,73
3105,-1.854,0.123,0.000,-109.576,0.558,-1.551,73
3106,-1.855,0.119,0.000,-109.371,0.558,-1.571,73
3107,-1.856,0.116,0.000,-109.139,0.558,-1.590,73
3108,-1.857,0.113,0.000,-108.882,0.557,-1.610,73
3109,-1.858,0.110,0.000,-108.598,0.554,-1.630,73
3110,-1.859,0.107,0.000,-108.287,0.551,-1.650,73
3111,-1.860,0.104,0.000,-107.947,0.547,-1.670,73
3112,-1.861,0.101,0.000,-107.574,0.541,-1.691,73
3113,-1.862,0.098,0.000,-107.165,0.534,-1.712,73
3114,-1.863,0.095,0.000,-106.717,0.526,-1.732,73
3115,-1.863,0.092,0.000,-106.226,0.516,-1.754,68
3116,-1.862,0.098,0.000,-105.825,0.498,-1.736,68
3117,-1.860,0.104,0.000,-105.648,0.486,-1.716,68
3118,-1.859,0.109,0.000,-105.644,0.480,-1.694,73
3119,-1.860,0.106,0.000,-105.627,0.485,-1.712,73
3120,-1.861,0.103,0.000,-105.417,0.483,-1.732,73
3121,-1.861,0.100,0.000,-105.050,0.477,-1.753,68
3122,-1.860,0.106,0.000,-104.714,0.461,-1.733,68
3123,-1.859,0.111,0.000,-104.586,0.452,-1.713,68
3124,-1.857,0.117,0.000,-104.622,0.447,-1.691,73
3125,-1.858,0.113,0.000,-104.628,0.452,-1.710,73
3126,-1.859,0.110,0.000,-104.419,0.451,-1.730,73
3127,-1.859,0.107,0.000,-104.040,0.444,-1.752,68
3128,-1.858,0.112,0.000,-103.687,0.428,-1.733,68
3129,-1.857,0.118,0.000,-103.513,0.398,-1.717,68
3130,-1.855,0.123,0.000,-103.399,0.398,-1.696,68
3131,-1.854,0.129,0.000,-103.453,0.399,-1.672,68
3132,-1.852,0.135,0.000,-103.641,0.395,-1.650,68
3133,-1.851,0.141,0.000,-103.934,0.396,-1.627,68
3134,-1.849,0.147,0.000,-104.312,0.403,-1.602,68
3135,-1.848,0.152,0.000,-104.754,0.411,-1.577,68
3136,-1.846,0.158,0.000,-105.244,0.418,-1.552,68
3137,-1.845,0.164,0.000,-105.765,0.425,-1.527,68
3138,-1.843,0.169,0.000,-106.304,0.434,-1.502,73
3139,-1.844,0.165,0.000,-106.704,0.451,-1.522,73
3140,-1.846,0.161,0.000,-106.818,0.461,-1.544,73
3141,-1.847,0.157,0.000,-106.795,0.480,-1.561,73
3142,-1.848,0.153,0.000,-106.744,0.487,-1.582,73
3143,-1.850,0.149,0.000,-106.665,0.469,-1.611,73
3144,-1.851,0.146,0.000,-106.621,0.503,-1.622,68
3145,-1.849,0.151,0.000,-106.632,0.475,-1.606,68
3146,-1.847,0.157,0.000,-106.743,0.469,-1.583,68
3147,-1.845,0.163,0.000,-106.955,0.477,-1.556,68
3148,-1.844,0.168,0.000,-107.222,0.475,-1.533,68
3149,-1.842,0.174,0.000,-107.545,0.482,-1.507,68
3150,-1.840,0.180,0.000,-107.905,0.487,-1.481,68
3151,-1.838,0.186,0.000,-108.289,0.486,-1.457,73
3152,-1.840,0.181,0.000,-108.680,0.498,-1.481,73
3153,-1.841,0.177,0.000,-109.015,0.508,-1.502,73
3154,-1.843,0.172,0.000,-109.091,0.519,-1.523,73
3155,-1.845,0.168,0.000,-108.932,0.526,-1.545,73
3156,-1.846,0.164,0.000,-108.607,0.524,-1.570,73
3157,-1.847,0.160,0.000,-108.175,0.528,-1.592,73
3158,-1.849,0.157,0.000,-107.710,0.515,-1.616,73
3159,-1.850,0.153,0.000,-107.209,0.513,-1.639,73
3160,-1.851,0.149,0.000,-106.662,0.507,-1.664,73
3161,-1.852,0.145,0.000,-106.079,0.493,-1.690,68
3162,-1.851,0.151,0.000,-105.607,0.471,-1.672,68
3163,-1.849,0.156,0.000,-105.373,0.451,-1.654,68
3164,-1.847,0.162,0.000,-105.223,0.446,-1.630,68
3165,-1.846,0.168,0.000,-105.158,0.430,-1.610,68
3166,-1.844,0.174,0.000,-105.253,0.424,-1.588,68
3167,-1.842,0.179,0.000,-105.471,0.427,-1.563,68
3168,-1.841,0.185,0.000,-105.786,0.431,-1.538,73
3169,-1.842,0.181,0.000,-106.049,0.443,-1.560,73
3170,-1.844,0.176,0.000,-106.122,0.451,-1.582,73
3171,-1.845,0.172,0.000,-106.052,0.456,-1.605,73
3172,-1.846,0.168,0.000,-105.877,0.458,-1.629,73
3173,-1.847,0.164,0.000,-105.625,0.457,-1.653,73
3174,-1.848,0.160,0.000,-105.324,0.472,-1.672,73
3175,-1.850,0.155,0.000,-105.038,0.458,-1.698,73
3176,-1.851,0.151,0.000,-104.746,0.454,-1.722,73
3177,-1.852,0.147,0.000,-104.409,0.455,-1.744,73
3178,-1.853,0.144,0.000,-104.035,0.450,-1.767,68
3179,-1.851,0.149,0.000,-103.746,0.433,-1.748,68
3180,-1.850,0.155,0.000,-103.656,0.424,-1.726,68
3181,-1.849,0.161,0.000,-103.728,0.422,-1.703,68
3182,-1.847,0.166,0.000,-103.932,0.423,-1.680,73
3183,-1.848,0.162,0.000,-104.130,0.434,-1.700,73
3184,-1.849,0.158,0.000,-104.192,0.441,-1.721,68
3185,-1.848,0.164,0.000,-104.258,0.437,-1.698,68
3186,-1.847,0.170,0.000,-104.457,0.437,-1.674,68
3187,-1.845,0.175,0.000,-104.761,0.440,-1.649,68
3188,-1.844,0.181,0.000,-105.149,0.445,-1.624,73
3189,-1.845,0.177,0.000,-105.482,0.461,-1.643,73
3190,-1.846,0.173,0.000,-105.631,0.471,-1.664,68
3191,-1.844,0.179,0.000,-105.751,0.468,-1.641,68
3192,-1.843,0.184,0.000,-105.986,0.469,-1.616,68
3193,-1.841,0.190,0.000,-106.307,0.471,-1.591,73
3194,-1.842,0.186,0.000,-106.579,0.486,-1.612,73
3195,-1.843,0.181,0.000,-106.674,0.495,-1.633,73
3196,-1.845,0.177,0.000,-106.665,0.483,-1.661,73
3197,-1.846,0.173,0.000,-106.682,0.495,-1.680,73
3198,-1.847,0.169,0.000,-106.653,0.526,-1.694,73
3199,-1.849,0.165,0.000,-106.610,0.514,-1.720,73
3200,-1.850,0.161,0.000,-106.542,0.517,-1.740,73
3201,-1.851,0.157,0.000,-106.410,0.525,-1.760,68
3202,-1.849,0.163,0.000,-106.281,0.517,-1.737,68
3203,-1.848,0.168,0.000,-106.292,0.507,-1.714,68
3204,-1.846,0.174,0.000,-106.438,0.503,-1.690,68
3205,-1.844,0.180,0.000,-106.687,0.504,-1.664,73
3206,-1.846,0.176,0.000,-106.876,0.517,-1.683,73
3207,-1.847,0.171,0.000,-106.852,0.522,-1.704,73
3208,-1.848,0.167,0.000,-106.663,0.522,-1.726,73
3209,-1.849,0.163,0.000,-106.405,0.510,-1.752,73
3210,-1.850,0.159,0.000,-106.160,0.504,-1.775,68
3211,-1.849,0.165,0.000,-105.883,0.492,-1.751,68
3212,-1.847,0.171,0.000,-105.791,0.485,-1.726,73
3213,-1.848,0.167,0.000,-105.721,0.487,-1.748,73
3214,-1.849,0.162,0.000,-105.504,0.485,-1.771,68
3215,-1.848,0.168,0.000,-105.315,0.473,-1.747,73
3216,-1.849,0.164,0.000,-105.171,0.475,-1.769,73
3217,-1.850,0.160,0.000,-104.900,0.471,-1.792,73
3218,-1.851,0.156,0.000,-104.532,0.465,-1.815,73
3219,-1.852,0.151,0.000,-104.089,0.456,-1.839,73
3220,-1.853,0.147,0.000,-103.585,0.445,-1.863,73
3221,-1.854,0.143,0.000,-103.037,0.432,-1.887,73
3222,-1.855,0.139,0.000,-102.453,0.417,-1.911,73
3223,-1.856,0.135,0.000,-101.843,0.400,-1.935,73
3224,-1.857,0.132,0.000,-101.211,0.383,-1.958,68
3225,-1.856,0.138,0.000,-100.685,0.360,-1.937,68
3226,-1.854,0.143,0.000,-100.366,0.345,-1.914,68
3227,-1.853,0.149,0.000,-100.222,0.336,-1.891,73
3228,-1.854,0.145,0.000,-100.117,0.336,-1.912,73
3229,-1.855,0.141,0.000,-99.934,0.333,-1.934,73
3230,-1.856,0.137,0.000,-99.685,0.329,-1.956,68
3231,-1.854,0.143,0.000,-99.486,0.318,-1.933,68
3232,-1.853,0.148,0.000,-99.436,0.312,-1.909,68
3233,-1.852,0.154,0.000,-99.518,0.311,-1.885,73
3234,-1.853,0.150,0.000,-99.607,0.317,-1.906,73
3235,-1.854,0.145,0.000,-99.596,0.320,-1.927,73
3236,-1.855,0.141,0.000,-99.498,0.321,-1.949,68
3237,-1.854,0.147,0.000,-99.430,0.315,-1.925,68
3238,-1.852,0.153,0.000,-99.495,0.313,-1.901,73
3239,-1.853,0.148,0.000,-99.567,0.319,-1.923,73
3240,-1.854,0.144,0.000,-99.537,0.321,-1.944,73
3241,-1.855,0.140,0.000,-99.413,0.321,-1.967,68
3242,-1.854,0.145,0.000,-99.320,0.314,-1.943,68
3243,-1.853,0.151,0.000,-99.363,0.311,-1.919,68
3244,-1.852,0.157,0.000,-99.525,0.312,-1.894,68
3245,-1.851,0.163,0.000,-99.794,0.317,-1.869,68
3246,-1.849,0.169,0.000,-100.158,0.325,-1.844,68
3247,-1.848,0.174,0.000,-100.606,0.335,-1.817,73
3248,-1.849,0.169,0.000,-100.998,0.352,-1.839,73
3249,-1.851,0.165,0.000,-101.205,0.363,-1.861,68
3250,-1.849,0.171,0.000,-101.383,0.364,-1.836,68
3251,-1.848,0.176,0.000,-101.673,0.369,-1.811,68
3252,-1.847,0.182,0.000,-102.057,0.376,-1.785,68
3253,-1.845,0.188,0.000,-102.521,0.385,-1.758,73
3254,-1.847,0.183,0.000,-102.902,0.402,-1.780,73
3255,-1.848,0.178,0.000,-103.050,0.413,-1.803,73
3256,-1.849,0.173,0.000,-103.001,0.417,-1.828,68
3257,-1.848,0.179,0.000,-102.939,0.409,-1.804,68
3258,-1.846,0.185,0.000,-103.033,0.407,-1.780,68
3259,-1.845,0.191,0.000,-103.253,0.408,-1.754,68
3260,-1.843,0.196,0.000,-103.578,0.412,-1.729,68
3261,-1.842,0.202,0.000,-103.988,0.419,-1.702,73
3262,-1.844,0.197,0.000,-104.309,0.434,-1.725,73
3263,-1.845,0.192,0.000,-104.380,0.443,-1.750,68
3264,-1.843,0.198,0.000,-104.407,0.438,-1.725,68
3265,-1.842,0.204,0.000,-104.572,0.437,-1.701,68
3266,-1.840,0.209,0.000,-104.848,0.439,-1.675,73
3267,-1.842,0.204,0.000,-105.058,0.451,-1.699,73
3268,-1.843,0.199,0.000,-105.041,0.458,-1.724,73
3269,-1.845,0.194,0.000,-104.845,0.458,-1.750,73
3270,-1.846,0.189,0.000,-104.509,0.454,-1.777,73
3271,-1.847,0.185,0.000,-104.067,0.447,-1.804,73
3272,-1.849,0.180,0.000,-103.542,0.436,-1.832,73
3273,-1.850,0.175,0.000,-102.955,0.425,-1.859,73
3274,-1.851,0.171,0.000,-102.332,0.413,-1.884,73
3275,-1.852,0.166,0.000,-101.719,0.405,-1.910,68
3276,-1.851,0.172,0.000,-101.183,0.383,-1.890,68
3277,-1.850,0.178,0.000,-100.846,0.363,-1.870,68
3278,-1.849,0.184,0.000,-100.694,0.353,-1.847,68
3279,-1.848,0.189,0.000,-100.700,0.351,-1.824,68
3280,-1.847,0.195,0.000,-100.844,0.351,-1.799,68
3281,-1.846,0.201,0.000,-101.107,0.354,-1.774,68
3282,-1.845,0.206,0.000,-101.472,0.360,-1.748,68
3283,-1.844,0.212,0.000,-101.924,0.369,-1.722,73
3284,-1.845,0.207,0.000,-102.331,0.387,-1.744,73
3285,-1.846,0.202,0.000,-102.565,0.399,-1.766,73
3286,-1.847,0.197,0.000,-102.649,0.407,-1.790,73
3287,-1.848,0.192,0.000,-102.605,0.411,-1.814,73
3288,-1.849,0.187,0.000,-102.452,0.412,-1.839,73
3289,-1.850,0.183,0.000,-102.210,0.409,-1.864,68
3290,-1.849,0.188,0.000,-102.018,0.398,-1.842,68
3291,-1.848,0.194,0.000,-101.998,0.392,-1.818,73
3292,-1.849,0.189,0.000,-102.006,0.398,-1.842,73
3293,-1.849,0.185,0.000,-101.909,0.399,-1.866,68
3294,-1.848,0.190,0.000,-101.842,0.392,-1.843,68
3295,-1.847,0.196,0.000,-101.928,0.390,-1.819,68
3296,-1.846,0.202,0.000,-102.141,0.392,-1.795,73
3297,-1.847,0.197,0.000,-102.345,0.403,-1.817,73
3298,-1.848,0.192,0.000,-102.409,0.411,-1.841,73
3299,-1.849,0.187,0.000,-102.355,0.414,-1.865,73
3300,-1.850,0.183,0.000,-102.198,0.414,-1.889,73
3301,-1.851,0.178,0.000,-101.956,0.411,-1.914,73
3302,-1.852,0.173,0.000,-101.639,0.405,-1.940,73
3303,-1.853,0.168,0.000,-101.262,0.397,-1.965,73
3304,-1.854,0.164,0.000,-100.836,0.387,-1.991,68
3305,-1.853,0.170,0.000,-100.482,0.370,-1.970,68
3306,-1.852,0.175,0.000,-100.311,0.360,-1.949,68
3307,-1.851,0.181,0.000,-100.297,0.356,-1.926,68
3308,-1.850,0.187,0.000,-100.418,0.355,-1.902,68
3309,-1.849,0.193,0.000,-100.657,0.359,-1.877,68
3310,-1.848,0.198,0.000,-101.000,0.366,-1.852,68
3311,-1.847,0.204,0.000,-101.431,0.375,-1.826,73
3312,-1.848,0.199,0.000,-101.825,0.393,-1.848,73
3313,-1.849,0.194,0.000,-102.056,0.405,-1.871,73
3314,-1.850,0.189,0.000,-102.142,0.413,-1.894,73
3315,-1.851,0.184,0.000,-102.100,0.417,-1.919,68
3316,-1.849,0.190,0.000,-102.074,0.411,-1.896,68
3317,-1.848,0.196,0.000,-102.195,0.410,-1.872,68
3318,-1.847,0.202,0.000,-102.441,0.413,-1.847,68
3319,-1.846,0.207,0.000,-102.790,0.419,-1.822,73
3320,-1.847,0.203,0.000,-103.100,0.435,-1.844,73
3321,-1.848,0.198,0.000,-103.229,0.445,-1.867,73
3322,-1.849,0.193,0.000,-103.206,0.450,-1.892,73
3323,-1.850,0.188,0.000,-103.053,0.450,-1.917,68
3324,-1.849,0.194,0.000,-102.926,0.440,-1.895,68
3325,-1.848,0.199,0.000,-102.967,0.437,-1.872,68
3326,-1.846,0.205,0.000,-103.147,0.437,-1.848,68
3327,-1.845,0.211,0.000,-103.442,0.441,-1.823,73
3328,-1.846,0.206,0.000,-103.698,0.456,-1.845,73
3329,-1.847,0.201,0.000,-103.769,0.464,-1.869,73
3330,-1.848,0.196,0.000,-103.688,0.467,-1.894,68
3331,-1.847,0.202,0.000,-103.617,0.459,-1.872,68
3332,-1.846,0.208,0.000,-103.707,0.457,-1.848,68
3333,-1.845,0.213,0.000,-103.927,0.458,-1.824,73
3334,-1.846,0.208,0.000,-104.212,0.464,-1.851,73
3335,-1.848,0.203,0.000,-104.515,0.475,-1.875,73
3336,-1.849,0.198,0.000,-104.637,0.489,-1.898,68
3337,-1.847,0.204,0.000,-104.720,0.489,-1.872,68
3338,-1.846,0.210,0.000,-104.933,0.488,-1.848,68
3339,-1.844,0.215,0.000,-105.247,0.490,-1.822,73
3340,-1.846,0.210,0.000,-105.490,0.506,-1.846,73
3341,-1.847,0.205,0.000,-105.503,0.514,-1.871,68
3342,-1.845,0.211,0.000,-105.484,0.506,-1.847,68
3343,-1.844,0.217,0.000,-105.615,0.504,-1.823,73
3344,-1.845,0.212,0.000,-105.711,0.514,-1.847,73
3345,-1.847,0.207,0.000,-105.602,0.518,-1.874,68
3346,-1.845,0.213,0.000,-105.488,0.508,-1.851,68
3347,-1.843,0.218,0.000,-105.547,0.503,-1.827,68
3348,-1.842,0.224,0.000,-105.743,0.503,-1.802,68
3349,-1.840,0.230,0.000,-106.044,0.505,-1.777,68
3350,-1.838,0.236,0.000,-106.424,0.511,-1.750,68
3351,-1.837,0.241,0.000,-106.862,0.517,-1.724,73
3352,-1.839,0.236,0.000,-107.180,0.535,-1.748,73
3353,-1.840,0.230,0.000,-107.211,0.544,-1.775,73
3354,-1.842,0.225,0.000,-107.025,0.547,-1.803,68
3355,-1.840,0.231,0.000,-106.835,0.533,-1.781,68
3356,-1.838,0.237,0.000,-106.834,0.526,-1.758,68
3357,-1.836,0.243,0.000,-106.976,0.524,-1.733,68
3358,-1.835,0.248,0.000,-107.225,0.524,-1.708,73
3359,-1.837,0.243,0.000,-107.398,0.538,-1.734,73
3360,-1.838,0.237,0.000,-107.321,0.544,-1.762,68
3361,-1.836,0.243,0.000,-107.216,0.534,-1.739,68
3362,-1.835,0.249,0.000,-107.280,0.528,-1.716,68
3363,-1.833,0.255,0.000,-107.472,0.527,-1.691,68
3364,-1.831,0.260,0.000,-107.759,0.528,-1.666,73
3365,-1.833,0.255,0.000,-107.960,0.543,-1.692,73
3366,-1.835,0.249,0.000,-107.906,0.550,-1.721,73
3367,-1.837,0.244,0.000,-107.665,0.552,-1.750,73
3368,-1.838,0.238,0.000,-107.294,0.552,-1.780,68
3369,-1.836,0.244,0.000,-106.957,0.538,-1.760,68
3370,-1.835,0.250,0.000,-106.754,0.532,-1.737,73
3371,-1.836,0.244,0.000,-106.599,0.535,-1.766,73
3372,-1.838,0.239,0.000,-106.325,0.531,-1.797,73
3373,-1.839,0.233,0.000,-105.966,0.528,-1.827,68
3374,-1.838,0.239,0.000,-105.682,0.513,-1.807,68
3375,-1.836,0.245,0.000,-105.616,0.506,-1.786,68
3376,-1.835,0.250,0.000,-105.720,0.502,-1.764,73
3377,-1.836,0.245,0.000,-105.825,0.513,-1.790,73
3378,-1.838,0.240,0.000,-105.775,0.519,-1.818,68
3379,-1.836,0.245,0.000,-105.736,0.512,-1.796,68
3380,-1.835,0.251,0.000,-105.861,0.510,-1.773,68
3381,-1.833,0.257,0.000,-106.110,0.511,-1.749,73
3382,-1.835,0.251,0.000,-106.329,0.526,-1.775,73
3383,-1.836,0.246,0.000,-106.368,0.535,-1.802,73
3384,-1.838,0.241,0.000,-106.270,0.540,-1.830,68
3385,-1.836,0.246,0.000,-106.196,0.531,-1.808,68
3386,-1.835,0.252,0.000,-106.289,0.528,-1.786,73
3387,-1.836,0.247,0.000,-106.389,0.539,-1.812,73
3388,-1.838,0.241,0.000,-106.346,0.545,-1.840,73
3389,-1.839,0.236,0.000,-106.195,0.548,-1.868,73
3390,-1.840,0.231,0.000,-105.965,0.549,-1.897,68
3391,-1.839,0.237,0.000,-105.795,0.537,-1.876,68
3392,-1.837,0.242,0.000,-105.814,0.531,-1.855,73
3393,-1.839,0.237,0.000,-105.863,0.540,-1.881,73
3394,-1.840,0.232,0.000,-105.794,0.545,-1.908,73
3395,-1.842,0.227,0.000,-105.632,0.548,-1.936,73
3396,-1.843,0.221,0.000,-105.398,0.547,-1.965,73
3397,-1.844,0.216,0.000,-105.108,0.544,-1.994,73
3398,-1.846,0.211,0.000,-104.773,0.539,-2.023,73
3399,-1.847,0.206,0.000,-104.403,0.533,-2.052,73
3400,-1.848,0.202,0.000,-104.006,0.525,-2.081,68
3401,-1.847,0.207,0.000,-103.703,0.508,-2.062,68
3402,-1.846,0.213,0.000,-103.608,0.500,-2.041,68
3403,-1.844,0.219,0.000,-103.680,0.497,-2.019,68
3404,-1.843,0.224,0.000,-103.886,0.499,-1.995,68
3405,-1.842,0.230,0.000,-104.198,0.504,-1.971,68
3406,-1.840,0.236,0.000,-104.591,0.512,-1.945,68
3407,-1.839,0.242,0.000,-105.047,0.522,-1.919,68
3408,-1.837,0.247,0.000,-105.546,0.532,-1.893,68
3409,-1.836,0.253,0.000,-106.074,0.543,-1.866,68
3410,-1.834,0.259,0.000,-106.615,0.554,-1.838,68
3411,-1.832,0.265,0.000,-107.157,0.565,-1.811,68
3412,-1.831,0.270,0.000,-107.690,0.575,-1.784,68
3413,-1.829,0.276,0.000,-108.206,0.584,-1.757,68
3414,-1.827,0.282,0.000,-108.699,0.591,-1.730,68
3415,-1.825,0.287,0.000,-109.165,0.598,-1.703,68
3416,-1.823,0.293,0.000,-109.603,0.603,-1.676,68
3417,-1.821,0.299,0.000,-110.012,0.607,-1.650,68
3418,-1.819,0.304,0.000,-110.394,0.610,-1.625,68
3419,-1.816,0.310,0.000,-110.750,0.612,-1.599,68
3420,-1.814,0.316,0.000,-111.082,0.613,-1.574,68
3421,-1.812,0.321,0.000,-111.391,0.613,-1.549,68
3422,-1.810,0.327,0.000,-111.678,0.612,-1.524,68
3423,-1.808,0.332,0.000,-111.944,0.610,-1.500,68
3424,-1.805,0.338,0.000,-112.189,0.608,-1.476,68
3425,-1.803,0.344,0.000,-112.414,0.605,-1.452,68
3426,-1.801,0.349,0.000,-112.620,0.601,-1.428,68
3427,-1.798,0.355,0.000,-112.807,0.597,-1.405,68
3428,-1.796,0.360,0.000,-112.978,0.592,-1.382,68
3429,-1.794,0.366,0.000,-113.137,0.570,-1.366,68
3430,-1.791,0.372,0.000,-113.293,0.573,-1.338,73
3431,-1.794,0.366,0.000,-113.379,0.588,-1.364,73
3432,-1.796,0.361,0.000,-113.168,0.591,-1.397,73
3433,-1.798,0.355,0.000,-112.694,0.591,-1.430,73
3434,-1.797,0.359,0.000,-111.691,0.563,-1.429,73
3435,-1.799,0.353,0.000,-110.294,0.539,-1.471,73
3436,-1.801,0.348,0.000,-109.079,0.517,-1.510,73
3437,-1.803,0.342,0.000,-108.014,0.497,-1.548,73
3438,-1.805,0.337,0.000,-107.063,0.481,-1.585,73
3439,-1.806,0.331,0.000,-106.204,0.466,-1.621,73
3440,-1.808,0.326,0.000,-105.417,0.451,-1.656,73
3441,-1.809,0.320,0.000,-104.689,0.438,-1.691,73
3442,-1.811,0.314,0.000,-104.010,0.425,-1.726,73
3443,-1.812,0.309,0.000,-103.371,0.413,-1.760,73
3444,-1.813,0.303,0.000,-102.766,0.401,-1.794,73
3445,-1.815,0.297,0.000,-102.188,0.389,-1.828,73
3446,-1.816,0.291,0.000,-101.633,0.378,-1.861,73
3447,-1.817,0.285,0.000,-101.099,0.366,-1.895,73
3448,-1.818,0.280,0.000,-100.581,0.355,-1.928,73
3449,-1.819,0.274,0.000,-100.079,0.343,-1.961,73
3450,-1.820,0.268,0.000,-99.588,0.347,-1.992,73
3451,-1.821,0.262,0.000,-99.100,0.335,-2.024,73
3452,-1.822,0.256,0.000,-98.628,0.317,-2.059,73
3453,-1.823,0.250,0.000,-98.168,0.304,-2.092,73
3454,-1.824,0.244,0.000,-97.722,0.294,-2.124,73
3455,-1.825,0.238,0.000,-97.289,0.282,-2.157,73
3456,-1.825,0.232,0.000,-96.868,0.269,-2.190,73
3457,-1.826,0.226,0.000,-96.460,0.255,-2.220,73
3458,-1.827,0.220,0.000,-96.066,0.242,-2.199,73
3459,-1.827,0.214,0.000,-95.684,0.220,-2.167,73
3460,-1.828,0.209,0.000,-95.316,0.203,-2.134,73
3461,-1.829,0.203,0.000,-94.961,0.188,-2.101,73
3462,-1.829,0.197,0.000,-94.620,0.173,-2.068,73
3463,-1.829,0.192,0.000,-94.292,0.158,-2.036,73
3464,-1.830,0.186,0.000,-93.978,0.144,-2.002,73
3465,-1.830,0.181,0.000,-93.676,0.122,-1.970,73
3466,-1.830,0.176,0.000,-93.389,0.105,-1.937,73
3467,-1.831,0.171,0.000,-93.115,0.097,-1.902,73
3468,-1.831,0.166,0.000,-92.856,0.090,-1.868,73
3469,-1.831,0.161,0.000,-92.612,0.079,-1.835,73
3470,-1.831,0.157,0.000,-92.383,0.069,-1.801,73
3471,-1.832,0.152,0.000,-92.169,0.061,-1.767,73
3472,-1.832,0.148,0.000,-91.971,0.054,-1.733,73
3473,-1.832,0.143,0.000,-91.789,0.048,-1.699,73
3474,-1.832,0.139,0.000,-91.624,0.042,-1.665,73
3475,-1.832,0.135,0.000,-91.477,0.037,-1.631,73
3476,-1.832,0.131,0.000,-91.348,0.032,-1.596,73
3477,-1.832,0.127,0.000,-91.237,0.028,-1.562,73
3478,-1.832,0.123,0.000,-91.147,0.025,-1.528,73
3479,-1.832,0.119,0.000,-91.077,0.023,-1.494,73
3480,-1.832,0.115,0.000,-91.028,0.021,-1.460,73
3481,-1.833,0.112,0.000,-91.001,0.020,-1.427,73
3482,-1.833,0.108,0.000,-90.996,0.019,-1.393,73
3483,-1.833,0.105,0.000,-91.015,0.019,-1.359,73
3484,-1.833,0.101,0.000,-91.057,0.019,-1.325,73
3485,-1.833,0.098,0.000,-91.123,0.020,-1.291,73
3486,-1.833,0.095,0.000,-91.215,0.021,-1.258,73
3487,-1.833,0.092,0.000,-91.332,0.023,-1.224,73
3488,-1.833,0.089,0.000,-91.475,0.025,-1.190,73
3489,-1.833,0.086,0.000,-91.645,0.028,-1.157,73
3490,-1.833,0.083,0.000,-91.843,0.031,-1.124,73
3491,-1.833,0.080,0.000,-92.070,0.034,-1.090,73
3492,-1.833,0.077,0.000,-92.326,0.038,-1.057,73
3493,-1.833,0.074,0.000,-92.613,0.041,-1.024,73
3494,-1.833,0.072,0.000,-92.931,0.045,-0.991,73
3495,-1.834,0.069,0.000,-93.280,0.049,-0.958,73
3496,-1.834,0.067,0.000,-93.661,0.054,-0.925,73
3497,-1.834,0.064,0.000,-94.073,0.058,-0.892,73
3498,-1.834,0.062,0.000,-94.517,0.062,-0.860,73
3499,-1.834,0.059,0.000,-94.993,0.067,-0.827,73
3500,-1.834,0.057,0.000,-95.500,0.071,-0.795,73
3501,-1.834,0.054,0.000,-96.038,0.075,-0.763,73
3502,-1.835,0.052,0.000,-96.605,0.079,-0.731,73
3503,-1.835,0.050,0.000,-97.199,0.083,-0.699,73
3504,-1.835,0.048,0.000,-97.817,0.086,-0.667,73
3505,-1.835,0.045,0.000,-98.455,0.089,-0.636,73
3506,-1.836,0.043,0.000,-99.108,0.091,-0.605,73
3507,-1.836,0.041,0.000,-99.769,0.093,-0.574,73
3508,-1.837,0.039,0.000,-100.432,0.095,-0.543,73
3509,-1.837,0.037,0.000,-101.090,0.095,-0.513,73
3510,-1.837,0.035,0.000,-101.735,0.095,-0.482,73
3511,-1.838,0.033,0.000,-102.359,0.094,-0.453,73
3512,-1.838,0.031,0.000,-102.955,0.092,-0.423,73
3513,-1.839,0.029,0.000,-103.517,0.089,-0.394,73
3514,-1.839,0.027,0.000,-104.040,0.086,-0.365,73
3515,-1.840,0.025,0.000,-104.520,0.082,-0.337,73
3516,-1.840,0.023,0.000,-104.954,0.077,-0.308,73
3517,-1.841,0.022,0.000,-105.341,0.071,-0.280,73
3518,-1.841,0.020,0.000,-105.681,0.065,-0.253,73
3519,-1.842,0.018,0.000,-105.976,0.059,-0.225,73
3520,-1.842,0.016,0.000,-106.236,0.072,-0.192,73
3521,-1.843,0.015,0.000,-106.473,0.052,-0.169,73
3522,-1.843,0.013,0.000,-106.711,0.042,-0.141,73
3523,-1.844,0.012,0.000,-106.959,0.041,-0.112,73
3524,-1.844,0.010,0.000,-107.151,0.034,-0.084,73
3525,-1.845,0.009,0.000,-107.306,0.002,-0.064,73
3526,-1.845,0.007,0.000,-107.448,0.008,-0.033,73
3527,-1.846,0.006,0.000,-107.579,0.001,-0.005,73
3528,-1.846,0.004,0.000,-107.674,-0.014,0.021,73
3529,-1.847,0.003,0.000,-107.731,-0.023,0.048,73
3530,-1.847,0.002,0.000,-107.754,-0.029,0.076,73
3531,-1.847,0.000,0.000,-107.747,-0.038,0.103,73
3532,-1.848,-0.001,0.000,-107.714,-0.047,0.130,73
3533,-1.848,-0.002,0.000,-107.659,-0.056,0.157,73
3534,-1.849,-0.003,0.000,-107.583,-0.064,0.184,73
3535,-1.849,-0.005,0.000,-107.485,-0.072,0.211,73
3536,-1.850,-0.006,0.000,-107.368,-0.080,0.237,73
3537,-1.850,-0.007,0.000,-107.231,-0.088,0.264,73
3538,-1.850,-0.008,0.000,-107.074,-0.095,0.290,73
3539,-1.851,-0.009,0.000,-106.895,-0.102,0.316,73
3540,-1.851,-0.011,0.000,-106.693,-0.108,0.343,73
3541,-1.851,-0.012,0.000,-106.467,-0.115,0.369,73
3542,-1.852,-0.013,0.000,-106.217,-0.121,0.395,73
3543,-1.852,-0.014,0.000,-105.943,-0.126,0.421,73
3544,-1.852,-0.015,0.000,-105.647,-0.131,0.447,73
3545,-1.853,-0.016,0.000,-105.331,-0.135,0.473,73
3546,-1.853,-0.017,0.000,-104.998,-0.139,0.499,73
3547,-1.853,-0.018,0.000,-104.648,-0.139,0.526,73
3548,-1.854,-0.019,0.000,-104.303,-0.139,0.554,73
3549,-1.854,-0.020,0.000,-104.011,-0.130,0.583,73
3550,-1.854,-0.021,0.000,-103.758,-0.147,0.607,73
3551,-1.854,-0.022,0.000,-103.526,-0.151,0.634,73
3552,-1.855,-0.023,0.000,-103.256,-0.148,0.662,73
3553,-1.855,-0.024,0.000,-102.936,-0.151,0.689,73
3554,-1.855,-0.025,0.000,-102.574,-0.155,0.715,73
3555,-1.855,-0.026,0.000,-102.179,-0.155,0.742,73
3556,-1.855,-0.027,0.000,-101.756,-0.154,0.769,73
3557,-1.856,-0.028,0.000,-101.309,-0.153,0.796,73
3558,-1.856,-0.029,0.000,-100.841,-0.152,0.822,73
3559,-1.856,-0.030,0.000,-100.351,-0.150,0.849,73
3560,-1.856,-0.031,0.000,-99.840,-0.146,0.875,73
3561,-1.856,-0.032,0.000,-99.307,-0.142,0.901,73
3562,-1.856,-0.033,0.000,-98.755,-0.137,0.927,73
3563,-1.856,-0.033,0.000,-98.184,-0.132,0.953,73
3564,-1.857,-0.034,0.000,-97.598,-0.125,0.979,73
3565,-1.857,-0.035,0.000,-97.000,-0.118,1.004,73
3566,-1.857,-0.036,0.000,-96.392,-0.110,1.029,73
3567,-1.857,-0.037,0.000,-95.780,-0.101,1.054,73
3568,-1.857,-0.038,0.000,-95.166,-0.092,1.079,73
3569,-1.857,-0.039,0.000,-94.552,-0.082,1.103,73
3570,-1.857,-0.040,0.000,-93.940,-0.072,1.128,73
3571,-1.857,-0.041,0.000,-93.331,-0.062,1.152,73
3572,-1.857,-0.042,0.000,-92.729,-0.051,1.176,73
3573,-1.857,-0.043,0.000,-92.135,-0.039,1.199,73
3574,-1.857,-0.044,0.000,-91.552,-0.028,1.222,73
3575,-1.857,-0.044,0.000,-90.982,-0.016,1.245,73
3576,-1.857,-0.045,0.000,-90.428,-0.004,1.268,73
3577,-1.857,-0.046,0.000,-89.891,0.008,1.291,73
3578,-1.857,-0.047,0.000,-89.373,0.020,1.313,73
3579,-1.857,-0.048,0.000,-88.876,0.032,1.335,73
3580,-1.857,-0.048,0.000,-88.403,0.043,1.357,73
3581,-1.857,-0.049,0.000,-87.961,0.055,1.379,73
3582,-1.857,-0.050,0.000,-87.555,0.065,1.401,73
3583,-1.857,-0.050,0.000,-87.193,0.075,1.422,73
3584,-1.857,-0.051,0.000,-86.886,0.084,1.444,73
3585,-1.857,-0.051,0.000,-86.650,0.091,1.466,73
3586,-1.857,-0.052,0.000,-86.502,0.096,1.488,73
3587,-1.857,-0.052,0.000,-86.458,0.099,1.510,73
3588,-1.857,-0.053,0.000,-86.533,0.098,1.532,73
3589,-1.856,-0.053,0.000,-86.740,0.094,1.554,73
3590,-1.856,-0.054,0.000,-87.087,0.086,1.577,73
3591,-1.856,-0.054,0.000,-87.585,0.073,1.600,73
3592,-1.856,-0.054,0.000,-88.244,0.055,1.623,73
3593,-1.856,-0.054,0.000,-89.076,0.032,1.646,73
3594,-1.856,-0.054,0.000,-90.085,0.003,1.669,73
3595,-1.856,-0.054,0.000,-91.281,-0.032,1.691,73
3596,-1.856,-0.055,0.000,-92.684,-0.075,1.712,73
3597,-1.856,-0.054,0.000,-93.969,-0.115,1.734,73
3598,-1.855,-0.054,0.000,-94.790,-0.142,1.756,73
3599,-1.854,-0.054,0.000,-95.130,-0.154,1.778,73
3600,-1.854,-0.053,0.000,-95.001,-0.152,1.802,73
3601,-1.854,-0.053,0.000,-94.451,-0.137,1.826,73
3602,-1.853,-0.053,0.000,-93.543,-0.109,1.851,73
3603,-1.853,-0.053,0.000,-92.346,-0.071,1.875,73
3604,-1.853,-0.053,0.000,-90.920,-0.025,1.898,73
3605,-1.853,-0.053,0.000,-89.305,0.029,1.920,73
3606,-1.853,-0.053,0.000,-87.518,0.090,1.941,73
3607,-1.853,-0.052,0.000,-85.553,0.158,1.958,73
3608,-1.854,-0.052,0.000,-83.379,0.235,1.973,73
3609,-1.854,-0.052,0.000,-80.944,0.322,1.983,73
3610,-1.854,-0.052,0.000,-78.190,0.421,1.987,73
3611,-1.855,-0.051,0.000,-75.060,0.535,1.983,73
3612,-1.855,-0.051,0.000,-71.527,0.663,1.967,73
3613,-1.856,-0.051,0.000,-67.620,0.804,1.938,73
3614,-1.856,-0.050,0.000,-63.430,0.953,1.894,73
3615,-1.856,-0.050,0.000,-59.099,1.105,1.835,73
3616,-1.857,-0.050,0.000,-54.772,1.252,1.763,73
3617,-1.857,-0.050,0.000,-50.563,1.392,1.683,73
3618,-1.857,-0.049,0.000,-46.531,1.522,1.597,73
3619,-1.858,-0.049,0.000,-42.694,1.641,1.506,73
3620,-1.858,-0.049,0.000,-39.045,1.730,1.398,73
3621,-1.859,-0.048,0.000,-35.568,1.792,1.276,73
3622,-1.859,-0.048,0.000,-32.243,1.845,1.156,73
3623,-1.860,-0.048,0.000,-29.043,1.887,1.040,73
3624,-1.860,-0.047,0.000,-25.944,1.920,0.928,73
3625,-1.861,-0.047,0.000,-22.931,1.946,0.817,73
3626,-1.862,-0.047,0.000,-19.997,1.965,0.709,73
3627,-1.863,-0.047,0.000,-17.138,1.977,0.604,73
3628,-1.863,-0.047,0.000,-14.348,1.984,0.502,73
3629,-1.864,-0.047,0.000,-11.622,1.985,0.403,73
3630,-1.865,-0.047,0.000,-8.955,1.982,0.307,73
3631,-1.865,-0.046,0.000,-6.341,1.974,0.214,73
3632,-1.866,-0.046,0.000,-3.774,1.961,0.124,73
3633,-1.867,-0.046,0.000,-1.251,1.945,0.037,73
3634,-1.868,-0.047,0.000,1.230,1.925,-0.047,73
3635,-1.868,-0.047,0.000,3.662,1.903,-0.127,73
3636,-1.869,-0.047,0.000,6.035,1.877,-0.204,73
3637,-1.870,-0.047,0.000,8.329,1.848,-0.276,73
3638,-1.870,-0.047,0.000,10.518,1.818,-0.343,73
3639,-1.871,-0.047,0.000,12.563,1.787,-0.404,73
3640,-1.872,-0.047,0.000,14.421,1.755,-0.457,73
3641,-1.872,-0.047,0.000,16.052,1.724,-0.501,73
3642,-1.873,-0.047,0.000,17.444,1.694,-0.538,73
3643,-1.873,-0.047,0.000,18.605,1.666,-0.566,73
3644,-1.874,-0.047,0.000,19.548,1.639,-0.588,73
3645,-1.875,-0.047,0.000,20.290,1.615,-0.603,73
3646,-1.875,-0.047,0.000,20.848,1.593,-0.612,73
3647,-1.876,-0.047,0.000,21.247,1.573,-0.617,73
3648,-1.876,-0.047,0.000,21.516,1.554,-0.619,73
3649,-1.877,-0.048,0.000,21.698,1.537,-0.617,73
3650,-1.878,-0.048,0.000,21.834,1.520,-0.615,73
3651,-1.878,-0.048,0.000,21.962,1.504,-0.612,73
3652,-1.879,-0.048,0.000,22.113,1.487,-0.610,73
3653,-1.879,-0.049,0.000,22.311,1.470,-0.609,73
3654,-1.880,-0.049,0.000,22.576,1.452,-0.610,73
3655,-1.880,-0.049,0.000,22.925,1.434,-0.612,73
3656,-1.880,-0.049,0.000,23.372,1.415,-0.617,73
3657,-1.881,-0.050,0.000,23.929,1.396,-0.622,73
3658,-1.881,-0.050,0.000,24.519,1.371,-0.639,73
3659,-1.882,-0.050,0.000,25.062,1.356,-0.628,73
3660,-1.882,-0.050,0.000,25.599,1.330,-0.646,73
3661,-1.882,-0.050,0.000,26.247,1.307,-0.655,73
3662,-1.882,-0.050,0.000,27.045,1.286,-0.661,73
3663,-1.883,-0.051,0.000,27.971,1.261,-0.674,73
3664,-1.883,-0.051,0.000,29.033,1.234,-0.692,73
3665,-1.883,-0.051,0.000,30.326,1.205,-0.712,73
3666,-1.884,-0.051,0.000,32.009,1.171,-0.738,73
3667,-1.884,-0.052,0.000,34.215,1.130,-0.774,73
3668,-1.884,-0.052,0.000,36.951,1.080,-0.818,73
3669,-1.885,-0.053,0.000,39.852,1.033,-0.856,73
3670,-1.885,-0.053,0.000,42.781,0.984,-0.894,73
3671,-1.886,-0.054,0.000,45.766,0.922,-0.938,73
3672,-1.886,-0.054,0.000,49.071,0.854,-0.981,73
3673,-1.886,-0.054,0.000,52.768,0.782,-1.021,73
3674,-1.886,-0.055,0.000,56.684,0.704,-1.060,73
3675,-1.887,-0.055,0.000,60.699,0.621,-1.095,73
3676,-1.887,-0.056,0.000,64.752,0.536,-1.125,73
3677,-1.887,-0.057,0.000,68.797,0.451,-1.148,73
3678,-1.887,-0.057,0.000,72.806,0.366,-1.165,73
3679,-1.888,-0.058,0.000,76.759,0.282,-1.176,73
3680,-1.888,-0.059,0.000,80.651,0.200,-1.181,73
3681,-1.888,-0.059,0.000,84.483,0.119,-1.180,73
3682,-1.888,-0.060,0.000,88.262,0.041,-1.174,73
3683,-1.888,-0.061,0.000,91.991,-0.039,-1.163,73
3684,-1.888,-0.061,0.000,95.674,-0.114,-1.145,73
3685,-1.888,-0.061,0.000,99.316,-0.194,-1.123,73
3686,-1.888,-0.061,0.000,102.872,-0.258,-1.097,73
3687,-1.888,-0.061,0.000,106.309,-0.317,-1.069,73
3688,-1.888,-0.061,0.000,109.592,-0.374,-1.037,73
3689,-1.888,-0.061,0.000,112.685,-0.426,-1.004,73
3690,-1.888,-0.061,0.000,115.568,-0.471,-0.971,73
3691,-1.888,-0.062,0.000,118.238,-0.510,-0.939,73
3692,-1.888,-0.062,0.000,120.704,-0.545,-0.907,73
3693,-1.888,-0.062,0.000,122.975,-0.574,-0.875,73
3694,-1.888,-0.062,0.000,125.061,-0.600,-0.845,73
3695,-1.887,-0.062,0.000,126.974,-0.622,-0.817,73
3696,-1.887,-0.063,0.000,128.725,-0.640,-0.790,73
3697,-1.887,-0.063,0.000,130.325,-0.656,-0.764,73
3698,-1.887,-0.063,0.000,131.785,-0.669,-0.740,73
3699,-1.887,-0.063,0.000,133.112,-0.679,-0.717,73
3700,-1.886,-0.064,0.000,134.313,-0.687,-0.696,73
3701,-1.886,-0.064,0.000,135.395,-0.694,-0.677,73
3702,-1.886,-0.064,0.000,136.363,-0.699,-0.659,73
3703,-1.886,-0.064,0.000,137.220,-0.702,-0.642,73
3704,-1.885,-0.064,0.000,137.969,-0.703,-0.627,73
3705,-1.885,-0.065,0.000,138.611,-0.704,-0.613,73
3706,-1.885,-0.065,0.000,139.149,-0.703,-0.600,73
3707,-1.885,-0.065,0.000,139.581,-0.701,-0.589,73
3708,-1.884,-0.065,0.000,139.909,-0.697,-0.580,73
3709,-1.884,-0.065,0.000,140.133,-0.693,-0.572,73
3710,-1.884,-0.066,0.000,140.252,-0.687,-0.565,73
3711,-1.884,-0.066,0.000,140.265,-0.681,-0.559,73
3712,-1.884,-0.066,0.000,140.170,-0.673,-0.555,73
3713,-1.883,-0.066,0.000,139.961,-0.665,-0.552,73
3714,-1.883,-0.066,0.000,139.631,-0.655,-0.550,73
3715,-1.883,-0.066,0.000,139.165,-0.644,-0.550,73
3716,-1.883,-0.066,0.000,138.532,-0.632,-0.551,73
3717,-1.883,-0.067,0.000,137.936,-0.620,-0.552,73
3718,-1.883,-0.067,0.000,137.714,-0.611,-0.549,73
3719,-1.883,-0.067,0.000,137.672,-0.604,-0.543,73
3720,-1.883,-0.067,0.000,137.672,-0.598,-0.537,73
3721,-1.883,-0.067,0.000,137.676,-0.591,-0.531,73
3722,-1.883,-0.067,0.000,137.677,-0.585,-0.525,73
3723,-1.883,-0.067,0.000,137.677,-0.578,-0.519,73
3724,-1.883,-0.067,0.000,137.677,-0.572,-0.514,73
3725,-1.883,-0.067,0.000,137.999,-0.569,-0.505,73
3726,-1.883,-0.067,0.000,138.958,-0.571,-0.490,73
3727,-1.883,-0.067,0.000,139.992,-0.572,-0.473,73
3728,-1.883,-0.066,0.000,140.837,-0.571,-0.458,73
3729,-1.884,-0.066,0.000,141.469,-0.568,-0.445,73
3730,-1.884,-0.066,0.000,141.928,-0.563,-0.434,73
3731,-1.884,-0.065,0.000,142.254,-0.558,-0.425,73
3732,-1.885,-0.065,0.000,142.477,-0.551,-0.416,73
3733,-1.885,-0.065,0.000,142.619,-0.544,-0.409,73
3734,-1.886,-0.064,0.000,142.698,-0.537,-0.402,73
3735,-1.886,-0.064,0.000,142.729,-0.529,-0.396,73
3736,-1.887,-0.064,0.000,142.726,-0.521,-0.389,73
3737,-1.887,-0.063,0.000,142.701,-0.512,-0.384,73
3738,-1.888,-0.063,0.000,142.663,-0.504,-0.378,73
3739,-1.888,-0.063,0.000,142.619,-0.496,-0.372,73
3740,-1.888,-0.062,0.000,142.578,-0.488,-0.367,73
3741,-1.889,-0.062,0.000,142.544,-0.480,-0.361,73
3742,-1.889,-0.062,0.000,142.521,-0.472,-0.355,73
3743,-1.890,-0.061,0.000,142.513,-0.465,-0.350,73
3744,-1.890,-0.061,0.000,142.521,-0.457,-0.344,73
3745,-1.891,-0.061,0.000,142.547,-0.450,-0.338,73
3746,-1.891,-0.060,0.000,142.592,-0.443,-0.332,73
3747,-1.891,-0.060,0.000,142.655,-0.436,-0.326,73
3748,-1.892,-0.060,0.000,142.737,-0.430,-0.320,73
3749,-1.892,-0.059,0.000,142.837,-0.423,-0.314,73
3750,-1.892,-0.059,0.000,142.958,-0.417,-0.308,73
3751,-1.893,-0.059,0.000,143.100,-0.411,-0.302,73
3752,-1.893,-0.059,0.000,143.270,-0.405,-0.296,73
3753,-1.893,-0.059,0.000,143.472,-0.400,-0.290,73
3754,-1.894,-0.058,0.000,143.716,-0.395,-0.283,73
3755,-1.894,-0.058,0.000,144.010,-0.390,-0.277,73
3756,-1.894,-0.058,0.000,144.367,-0.386,-0.270,73
3757,-1.894,-0.058,0.000,144.796,-0.382,-0.263,73
3758,-1.894,-0.058,0.000,145.311,-0.378,-0.255,73
3759,-1.895,-0.058,0.000,145.922,-0.375,-0.247,73
3760,-1.895,-0.058,0.000,146.641,-0.373,-0.239,73
3761,-1.895,-0.057,0.000,147.268,-0.370,-0.231,73
3762,-1.895,-0.057,0.000,147.540,-0.365,-0.226,73
3763,-1.895,-0.057,0.000,147.632,-0.360,-0.222,73
3764,-1.895,-0.057,0.000,147.661,-0.355,-0.219,73
3765,-1.895,-0.057,0.000,147.669,-0.351,-0.216,73
3766,-1.895,-0.057,0.000,147.672,-0.346,-0.212,73
3767,-1.895,-0.057,0.000,147.673,-0.341,-0.209,73
3768,-1.895,-0.057,0.000,147.673,-0.336,-0.206,73
3769,-1.895,-0.057,0.000,147.674,-0.332,-0.203,73
3770,-1.895,-0.057,0.000,147.674,-0.327,-0.201,73
3771,-1.895,-0.057,0.000,147.674,-0.322,-0.198,73
3772,-1.895,-0.057,0.000,147.674,-0.318,-0.195,73
3773,-1.895,-0.057,0.000,147.674,-0.313,-0.192,73
3774,-1.895,-0.057,0.000,147.674,-0.309,-0.189,73
3775,-1.895,-0.057,0.000,147.674,-0.304,-0.186,73
3776,-1.895,-0.057,0.000,147.675,-0.300,-0.183,73
3777,-1.895,-0.057,0.000,147.675,-0.296,-0.181,73
3778,-1.895,-0.057,0.000,147.675,-0.291,-0.178,73
3779,-1.895,-0.057,0.000,147.675,-0.287,-0.175,73
3780,-1.895,-0.057,0.000,147.675,-0.283,-0.173,73
3781,-1.895,-0.057,0.000,147.675,-0.279,-0.170,73
3782,-1.895,-0.057,0.000,147.675,-0.274,-0.167,73
3783,-1.895,-0.057,0.000,147.676,-0.270,-0.165,73
3784,-1.895,-0.057,0.000,147.676,-0.266,-0.162,73
3785,-1.895,-0.057,0.000,147.172,-0.260,-0.162,73
3786,-1.895,-0.057,0.000,145.568,-0.251,-0.166,73
3787,-1.895,-0.057,0.000,143.215,-0.240,-0.173,73
3788,-1.895,-0.057,0.000,140.602,-0.230,-0.182,73
3789,-1.894,-0.057,0.000,138.022,-0.219,-0.190,73
3790,-1.894,-0.058,0.000,135.594,-0.209,-0.197,73
3791,-1.894,-0.058,0.000,133.353,-0.200,-0.204,73
3792,-1.893,-0.058,0.000,131.294,-0.191,-0.209,73
3793,-1.893,-0.059,0.000,129.407,-0.182,-0.213,73
3794,-1.893,-0.059,0.000,127.681,-0.174,-0.217,73
3795,-1.892,-0.059,0.000,126.104,-0.167,-0.219,73
3796,-1.892,-0.060,0.000,124.667,-0.160,-0.222,73
3797,-1.892,-0.060,0.000,123.359,-0.153,-0.223,73
3798,-1.892,-0.060,0.000,122.168,-0.147,-0.224,73
3799,-1.892,-0.061,0.000,121.083,-0.142,-0.225,73
3800,-1.891,-0.061,0.000,120.092,-0.137,-0.225,73
3801,-1.891,-0.061,0.000,119.183,-0.132,-0.225,73
3802,-1.891,-0.062,0.000,118.345,-0.127,-0.224,73
3803,-1.891,-0.062,0.000,117.566,-0.123,-0.224,73
3804,-1.891,-0.062,0.000,116.837,-0.119,-0.223,73
3805,-1.891,-0.062,0.000,116.147,-0.115,-0.222,73
3806,-1.890,-0.063,0.000,115.487,-0.111,-0.221,73
3807,-1.890,-0.063,0.000,114.850,-0.108,-0.220,73
3808,-1.890,-0.063,0.000,114.229,-0.104,-0.218,73
3809,-1.890,-0.063,0.000,113.620,-0.101,-0.217,73
3810,-1.890,-0.063,0.000,113.120,-0.098,-0.215,73
3811,-1.890,-0.063,0.000,112.826,-0.095,-0.213,73
3812,-1.890,-0.063,0.000,112.657,-0.093,-0.210,73
3813,-1.890,-0.063,0.000,112.560,-0.092,-0.207,73
3814,-1.890,-0.063,0.000,112.503,-0.090,-0.204,73
3815,-1.890,-0.063,0.000,112.470,-0.089,-0.201,73
3816,-1.890,-0.063,0.000,112.450,-0.087,-0.198,73
3817,-1.890,-0.063,0.000,112.439,-0.086,-0.194,73
3818,-1.890,-0.063,0.000,112.432,-0.085,-0.191,73
3819,-1.890,-0.063,0.000,112.428,-0.084,-0.188,73
3820,-1.890,-0.063,0.000,112.425,-0.082,-0.185,73
3821,-1.890,-0.063,0.000,112.424,-0.081,-0.182,73
3822,-1.890,-0.063,0.000,112.423,-0.080,-0.179,73
3823,-1.890,-0.063,0.000,112.422,-0.079,-0.176,73
3824,-1.890,-0.063,0.000,112.422,-0.077,-0.173,73
3825,-1.890,-0.063,0.000,112.421,-0.076,-0.170,73
3826,-1.890,-0.063,0.000,112.421,-0.075,-0.167,73
3827,-1.890,-0.063,0.000,112.420,-0.074,-0.164,73
3828,-1.890,-0.063,0.000,112.420,-0.072,-0.162,73
3829,-1.890,-0.063,0.000,112.420,-0.071,-0.159,73
3830,-1.890,-0.063,0.000,112.420,-0.070,-0.156,73
3831,-1.890,-0.063,0.000,112.419,-0.069,-0.153,73
3832,-1.890,-0.063,0.000,112.419,-0.068,-0.150,73
3833,-1.890,-0.063,0.000,112.419,-0.067,-0.148,73
3834,-1.890,-0.064,0.000,112.419,-0.066,-0.145,73
3835,-1.890,-0.064,0.000,112.418,-0.065,-0.142,73
3836,-1.889,-0.063,0.000,112.855,-0.064,-0.139,73
3837,-1.889,-0.063,0.000,114.160,-0.067,-0.136,73
3838,-1.889,-0.063,0.000,116.066,-0.070,-0.130,73
3839,-1.889,-0.063,0.000,118.261,-0.073,-0.124,73
3840,-1.889,-0.062,0.000,120.527,-0.075,-0.117,73
3841,-1.890,-0.062,0.000,122.721,-0.077,-0.109,73
3842,-1.890,-0.061,0.000,124.757,-0.077,-0.102,73
3843,-1.890,-0.061,0.000,126.598,-0.077,-0.095,73
3844,-1.891,-0.060,0.000,128.235,-0.077,-0.089,73
3845,-1.891,-0.060,0.000,129.673,-0.075,-0.082,73
3846,-1.892,-0.059,0.000,130.926,-0.074,-0.077,73
3847,-1.892,-0.059,0.000,132.011,-0.071,-0.071,73
3848,-1.893,-0.058,0.000,132.948,-0.069,-0.066,73
3849,-1.893,-0.058,0.000,133.756,-0.066,-0.061,73
3850,-1.894,-0.057,0.000,134.453,-0.062,-0.056,73
3851,-1.894,-0.057,0.000,135.058,-0.059,-0.051,73
3852,-1.895,-0.056,0.000,135.586,-0.055,-0.046,73
3853,-1.895,-0.056,0.000,136.050,-0.051,-0.042,73
3854,-1.896,-0.055,0.000,136.460,-0.048,-0.038,73
3855,-1.896,-0.055,0.000,136.825,-0.044,-0.034,73
3856,-1.897,-0.054,0.000,137.153,-0.040,-0.030,73
3857,-1.897,-0.054,0.000,137.448,-0.036,-0.026,73
3858,-1.898,-0.053,0.000,137.717,-0.032,-0.022,73
3859,-1.898,-0.053,0.000,137.962,-0.028,-0.018,73
3860,-1.899,-0.052,0.000,138.186,-0.024,-0.015,73
3861,-1.899,-0.052,0.000,138.394,-0.020,-0.011,73
3862,-1.900,-0.051,0.000,138.587,-0.017,-0.007,73
3863,-1.900,-0.051,0.000,138.766,-0.013,-0.004,73
3864,-1.901,-0.051,0.000,138.936,-0.009,-0.001,73
3865,-1.901,-0.050,0.000,139.099,-0.005,0.003,73
3866,-1.902,-0.050,0.000,139.258,-0.002,0.006,73
3867,-1.902,-0.049,0.000,139.418,0.002,0.009,73
3868,-1.903,-0.049,0.000,139.583,0.005,0.012,73
3869,-1.903,-0.049,0.000,139.758,0.009,0.015,73
3870,-1.903,-0.048,0.000,139.942,0.012,0.017,73
3871,-1.904,-0.048,0.000,140.127,0.016,0.020,73
3872,-1.904,-0.048,0.000,140.296,0.019,0.023,73
3873,-1.905,-0.047,0.000,140.432,0.023,0.026,73
3874,-1.905,-0.047,0.000,140.526,0.026,0.029,73
3875,-1.905,-0.047,0.000,140.583,0.030,0.032,73
3876,-1.906,-0.046,0.000,140.614,0.033,0.034,73
3877,-1.906,-0.046,0.000,140.629,0.037,0.037,73
3878,-1.907,-0.046,0.000,140.629,0.040,0.040,73
3879,-1.907,-0.045,0.000,140.614,0.044,0.043,73
3880,-1.908,-0.045,0.000,140.585,0.047,0.046,73
3881,-1.908,-0.045,0.000,140.543,0.050,0.049,73
3882,-1.908,-0.044,0.000,140.492,0.054,0.051,73
3883,-1.909,-0.044,0.000,140.434,0.057,0.054,73
3884,-1.909,-0.044,0.000,140.372,0.060,0.057,73
3885,-1.910,-0.043,0.000,140.308,0.064,0.060,73
3886,-1.910,-0.043,0.000,140.244,0.067,0.063,73
3887,-1.910,-0.043,0.000,140.185,0.070,0.065,73
3888,-1.911,-0.042,0.000,140.137,0.073,0.068,73
3889,-1.911,-0.042,0.000,140.113,0.076,0.070,73
3890,-1.911,-0.042,0.000,140.126,0.078,0.073,73
3891,-1.912,-0.042,0.000,140.197,0.081,0.075,73
3892,-1.912,-0.041,0.000,140.353,0.083,0.076,73
3893,-1.912,-0.041,0.000,140.642,0.086,0.077,73
3894,-1.912,-0.041,0.000,141.154,0.088,0.078,73
3895,-1.912,-0.041,0.000,141.715,0.091,0.079,73
3896,-1.912,-0.041,0.000,141.942,0.093,0.080,73
3897,-1.912,-0.041,0.000,141.996,0.095,0.081,73
3898,-1.912,-0.041,0.000,142.003,0.096,0.082,73
3899,-1.913,-0.041,0.000,141.545,0.098,0.085,73
3900,-1.912,-0.041,0.000,140.156,0.097,0.088,73
3901,-1.912,-0.041,0.000,138.530,0.095,0.091,73
3902,-1.912,-0.041,0.000,137.049,0.092,0.093,73
3903,-1.911,-0.042,0.000,135.807,0.089,0.094,73
3904,-1.911,-0.042,0.000,134.798,0.087,0.095,73
3905,-1.910,-0.043,0.000,133.997,0.085,0.095,73
3906,-1.910,-0.043,0.000,133.375,0.083,0.095,73
3907,-1.909,-0.044,0.000,132.903,0.081,0.095,73
3908,-1.909,-0.044,0.000,132.552,0.079,0.094,73
3909,-1.908,-0.045,0.000,132.300,0.077,0.093,73
3910,-1.908,-0.045,0.000,132.126,0.075,0.091,73
3911,-1.907,-0.046,0.000,132.014,0.074,0.090,73
3912,-1.907,-0.047,0.000,131.954,0.072,0.088,73
3913,-1.906,-0.048,0.000,131.934,0.070,0.086,73
3914,-1.905,-0.048,0.000,131.945,0.068,0.084,73
3915,-1.905,-0.049,0.000,131.982,0.066,0.082,73
3916,-1.904,-0.050,0.000,132.038,0.064,0.079,73
3917,-1.903,-0.051,0.000,132.109,0.062,0.077,73
3918,-1.903,-0.051,0.000,132.192,0.060,0.075,73
3919,-1.902,-0.052,0.000,132.282,0.058,0.072,73
3920,-1.901,-0.053,0.000,132.378,0.056,0.070,73
3921,-1.900,-0.054,0.000,132.478,0.054,0.067,73
3922,-1.900,-0.054,0.000,132.579,0.052,0.065,73
3923,-1.899,-0.055,0.000,132.680,0.050,0.062,73
3924,-1.898,-0.056,0.000,132.779,0.048,0.060,73
3925,-1.898,-0.057,0.000,132.874,0.046,0.058,73
3926,-1.897,-0.057,0.000,132.965,0.044,0.055,73
3927,-1.896,-0.058,0.000,133.050,0.042,0.053,73
3928,-1.896,-0.059,0.000,133.128,0.040,0.051,73
3929,-1.895,-0.059,0.000,133.198,0.038,0.049,73
3930,-1.894,-0.060,0.000,133.261,0.037,0.047,73
3931,-1.894,-0.061,0.000,133.316,0.035,0.045,73
3932,-1.893,-0.061,0.000,133.361,0.033,0.043,73
3933,-1.893,-0.062,0.000,133.398,0.032,0.041,73
3934,-1.892,-0.063,0.000,133.425,0.030,0.040,73
3935,-1.892,-0.063,0.000,133.444,0.029,0.038,73
3936,-1.891,-0.064,0.000,133.452,0.027,0.037,73
3937,-1.891,-0.064,0.000,133.452,0.026,0.035,73
3938,-1.890,-0.065,0.000,133.442,0.025,0.034,73
3939,-1.890,-0.065,0.000,133.423,0.024,0.033,73
3940,-1.889,-0.066,0.000,133.395,0.022,0.032,73
3941,-1.889,-0.066,0.000,133.358,0.021,0.031,73
3942,-1.888,-0.067,0.000,133.313,0.020,0.030,73
3943,-1.888,-0.067,0.000,133.258,0.020,0.029,73
3944,-1.888,-0.067,0.000,133.194,0.019,0.028,73
3945,-1.887,-0.068,0.000,133.120,0.018,0.027,73
3946,-1.887,-0.068,0.000,133.035,0.017,0.026,73
3947,-1.887,-0.068,0.000,132.936,0.017,0.026,73
3948,-1.886,-0.069,0.000,132.821,0.016,0.025,73
3949,-1.886,-0.069,0.000,132.688,0.016,0.025,73
3950,-1.886,-0.069,0.000,132.532,0.015,0.025,73
3951,-1.886,-0.070,0.000,132.349,0.015,0.025,73
3952,-1.885,-0.070,0.000,132.133,0.015,0.024,73
3953,-1.885,-0.070,0.000,131.877,0.015,0.025,73
3954,-1.885,-0.070,0.000,131.570,0.015,0.025,73
3955,-1.885,-0.070,0.000,131.199,0.015,0.025,73
3956,-1.885,-0.070,0.000,130.743,0.015,0.025,73
3957,-1.885,-0.071,0.000,130.335,0.015,0.026,73
3958,-1.885,-0.071,0.000,130.182,0.015,0.027,73
3959,-1.885,-0.071,0.000,130.151,0.016,0.027,73
3960,-1.885,-0.071,0.000,130.150,0.017,0.028,73
3961,-1.885,-0.071,0.000,130.152,0.017,0.029,73
3962,-1.885,-0.071,0.000,130.152,0.018,0.030,73
3963,-1.885,-0.071,0.000,130.152,0.019,0.031,73
3964,-1.885,-0.071,0.000,130.152,0.019,0.031,73
3965,-1.884,-0.071,0.000,130.442,0.020,0.032,73
3966,-1.884,-0.071,0.000,131.306,0.021,0.033,73
3967,-1.885,-0.070,0.000,132.234,0.024,0.034,73
3968,-1.885,-0.070,0.000,132.938,0.027,0.037,73
3969,-1.886,-0.069,0.000,133.364,0.030,0.040,73
3970,-1.886,-0.069,0.000,133.563,0.033,0.043,73
3971,-1.887,-0.068,0.000,133.612,0.036,0.046,73
3972,-1.887,-0.068,0.000,133.583,0.039,0.049,73
3973,-1.888,-0.067,0.000,133.526,0.042,0.052,73
3974,-1.888,-0.067,0.000,133.477,0.044,0.054,73
3975,-1.889,-0.066,0.000,133.451,0.047,0.057,73
3976,-1.889,-0.066,0.000,133.450,0.049,0.059,73
3977,-1.889,-0.066,0.000,133.466,0.051,0.062,73
3978,-1.890,-0.065,0.000,133.483,0.053,0.064,73
3979,-1.890,-0.065,0.000,133.486,0.055,0.066,73
3980,-1.890,-0.065,0.000,133.462,0.057,0.068,73
3981,-1.890,-0.064,0.000,133.408,0.059,0.070,73
3982,-1.891,-0.064,0.000,133.325,0.060,0.072,73
3983,-1.891,-0.064,0.000,133.220,0.062,0.074,73
3984,-1.891,-0.064,0.000,133.106,0.063,0.076,73
3985,-1.891,-0.064,0.000,132.992,0.065,0.077,73
3986,-1.891,-0.063,0.000,132.887,0.066,0.079,73
3987,-1.892,-0.063,0.000,132.792,0.067,0.081,73
3988,-1.892,-0.063,0.000,132.707,0.069,0.082,73
3989,-1.892,-0.063,0.000,132.630,0.070,0.084,73
3990,-1.892,-0.063,0.000,132.559,0.071,0.086,73
3991,-1.892,-0.062,0.000,132.491,0.073,0.087,73
3992,-1.892,-0.062,0.000,132.425,0.074,0.089,73
3993,-1.893,-0.062,0.000,132.358,0.075,0.090,73
3994,-1.893,-0.062,0.000,132.290,0.076,0.092,73
3995,-1.893,-0.062,0.000,132.223,0.077,0.093,73
3996,-1.893,-0.062,0.000,132.162,0.079,0.095,73
3997,-1.893,-0.061,0.000,132.112,0.080,0.096,73
3998,-1.893,-0.061,0.000,132.077,0.081,0.098,73
3999,-1.894,-0.061,0.000,132.059,0.082,0.099,73
4000,-1.894,-0.061,0.000,132.057,0.084,0.101,73
4001,-1.894,-0.061,0.000,132.070,0.085,0.103,73
4002,-1.894,-0.060,0.000,132.097,0.087,0.104,73
4003,-1.894,-0.060,0.000,132.137,0.088,0.106,73
4004,-1.895,-0.060,0.000,132.188,0.090,0.108,73
4005,-1.895,-0.060,0.000,132.248,0.092,0.109,73
4006,-1.895,-0.059,0.000,132.316,0.094,0.111,73
4007,-1.895,-0.059,0.000,132.390,0.096,0.113,73
4008,-1.896,-0.059,0.000,132.469,0.098,0.115,73
4009,-1.896,-0.058,0.000,132.550,0.100,0.117,73
4010,-1.897,-0.058,0.000,132.630,0.103,0.119,73
4011,-1.897,-0.057,0.000,132.708,0.105,0.122,73
4012,-1.897,-0.057,0.000,132.780,0.108,0.124,73
4013,-1.898,-0.056,0.000,132.847,0.110,0.127,73
4014,-1.898,-0.056,0.000,132.906,0.113,0.130,73
4015,-1.899,-0.055,0.000,132.957,0.116,0.133,73
4016,-1.899,-0.055,0.000,133.002,0.119,0.136,73
4017,-1.900,-0.054,0.000,133.039,0.122,0.139,73
4018,-1.900,-0.054,0.000,133.071,0.125,0.142,73
4019,-1.901,-0.053,0.000,133.096,0.128,0.145,73
4020,-1.901,-0.053,0.000,133.116,0.131,0.148,73
4021,-1.902,-0.052,0.000,133.132,0.134,0.151,73
4022,-1.903,-0.051,0.000,133.144,0.137,0.154,73
4023,-1.903,-0.051,0.000,133.151,0.140,0.157,73
4024,-1.904,-0.050,0.000,133.156,0.143,0.160,73
4025,-1.904,-0.050,0.000,133.158,0.146,0.163,73
4026,-1.905,-0.049,0.000,133.157,0.149,0.166,73
4027,-1.905,-0.049,0.000,133.155,0.152,0.170,73
4028,-1.906,-0.048,0.000,133.150,0.154,0.173,73
4029,-1.906,-0.047,0.000,133.144,0.157,0.176,73
4030,-1.907,-0.047,0.000,133.136,0.160,0.179,73
4031,-1.907,-0.046,0.000,133.129,0.163,0.182,73
4032,-1.908,-0.046,0.000,133.123,0.165,0.185,73
4033,-1.908,-0.045,0.000,133.120,0.168,0.187,73
4034,-1.909,-0.045,0.000,133.120,0.170,0.190,73
4035,-1.909,-0.044,0.000,133.123,0.173,0.193,73
4036,-1.909,-0.044,0.000,133.129,0.175,0.195,73
4037,-1.910,-0.044,0.000,133.135,0.178,0.198,73
4038,-1.910,-0.043,0.000,133.139,0.180,0.200,73
4039,-1.911,-0.043,0.000,133.141,0.182,0.203,73
4040,-1.911,-0.042,0.000,133.140,0.185,0.205,73
4041,-1.912,-0.042,0.000,133.136,0.187,0.208,73
4042,-1.912,-0.041,0.000,133.129,0.190,0.210,73
4043,-1.912,-0.041,0.000,133.118,0.192,0.213,73
4044,-1.913,-0.040,0.000,133.103,0.194,0.216,73
4045,-1.913,-0.040,0.000,133.084,0.197,0.218,73
4046,-1.914,-0.040,0.000,133.063,0.199,0.221,73
4047,-1.914,-0.039,0.000,133.039,0.202,0.224,73
4048,-1.915,-0.039,0.000,133.013,0.204,0.227,73
4049,-1.915,-0.038,0.000,132.986,0.206,0.229,73
4050,-1.915,-0.038,0.000,132.960,0.209,0.232,73
4051,-1.916,-0.037,0.000,132.935,0.211,0.235,73
4052,-1.916,-0.037,0.000,132.914,0.213,0.237,73
4053,-1.917,-0.036,0.000,132.899,0.215,0.239,73
4054,-1.917,-0.036,0.000,132.892,0.217,0.241,73
4055,-1.917,-0.036,0.000,132.896,0.219,0.243,73
4056,-1.917,-0.036,0.000,132.915,0.220,0.245,73
4057,-1.918,-0.035,0.000,132.952,0.222,0.246,73
4058,-1.918,-0.035,0.000,132.992,0.222,0.246,73
4059,-1.918,-0.035,0.000,133.007,0.223,0.247,73
4060,-1.918,-0.035,0.000,133.010,0.223,0.247,73
4061,-1.918,-0.035,0.000,133.010,0.224,0.248,73
4062,-1.918,-0.035,0.000,133.010,0.224,0.249,73
4063,-1.917,-0.036,0.000,133.010,0.224,0.248,73
4064,-1.917,-0.036,0.000,133.018,0.224,0.248,73
4065,-1.917,-0.036,0.000,133.044,0.224,0.248,73
4066,-1.917,-0.036,0.000,133.086,0.224,0.247,73
4067,-1.917,-0.036,0.000,133.139,0.223,0.246,73
4068,-1.916,-0.037,0.000,133.199,0.223,0.245,73
4069,-1.916,-0.037,0.000,133.261,0.223,0.245,73
4070,-1.916,-0.037,0.000,133.326,0.222,0.244,73
4071,-1.916,-0.038,0.000,133.394,0.222,0.243,73
4072,-1.915,-0.038,0.000,133.462,0.221,0.242,73
4073,-1.915,-0.038,0.000,133.533,0.221,0.240,73
4074,-1.915,-0.038,0.000,133.607,0.220,0.239,73
4075,-1.914,-0.039,0.000,133.686,0.220,0.238,73
4076,-1.914,-0.039,0.000,133.767,0.219,0.236,73
4077,-1.914,-0.040,0.000,133.848,0.218,0.235,73
4078,-1.913,-0.040,0.000,133.925,0.217,0.233,73
4079,-1.913,-0.040,0.000,133.995,0.217,0.232,73
4080,-1.913,-0.041,0.000,134.058,0.216,0.231,73
4081,-1.912,-0.041,0.000,134.110,0.216,0.230,73
4082,-1.912,-0.041,0.000,134.151,0.215,0.229,73
4083,-1.912,-0.041,0.000,134.178,0.215,0.229,73
4084,-1.912,-0.042,0.000,134.187,0.215,0.229,73
4085,-1.912,-0.042,0.000,134.173,0.215,0.229,73
4086,-1.912,-0.042,0.000,134.148,0.215,0.229,73
4087,-1.912,-0.042,0.000,134.137,0.216,0.230,73
4088,-1.912,-0.042,0.000,134.135,0.216,0.230,73
4089,-1.912,-0.042,0.000,134.135,0.217,0.231,73
4090,-1.912,-0.042,0.000,134.135,0.217,0.231,73
4091,-1.912,-0.042,0.000,134.135,0.218,0.232,73
4092,-1.912,-0.042,0.000,134.135,0.218,0.233,73
4093,-1.912,-0.042,0.000,134.135,0.219,0.233,73
4094,-1.912,-0.042,0.000,134.135,0.219,0.234,73
4095,-1.912,-0.042,0.000,134.135,0.220,0.234,73
4096,-1.912,-0.042,0.000,134.137,0.221,0.235,73
4097,-1.912,-0.041,0.000,134.141,0.222,0.237,73
4098,-1.912,-0.041,0.000,134.135,0.224,0.238,73
4099,-1.912,-0.041,0.000,134.118,0.225,0.240,73
4100,-1.913,-0.041,0.000,134.094,0.227,0.242,73
4101,-1.913,-0.040,0.000,134.068,0.228,0.243,73
4102,-1.913,-0.040,0.000,134.041,0.229,0.245,73
4103,-1.913,-0.040,0.000,134.018,0.231,0.246,73
4104,-1.913,-0.040,0.000,133.998,0.232,0.248,73
4105,-1.914,-0.040,0.000,133.984,0.233,0.249,73
4106,-1.914,-0.040,0.000,133.974,0.234,0.250,73
4107,-1.914,-0.040,0.000,133.970,0.234,0.251,73
4108,-1.914,-0.040,0.000,133.969,0.235,0.251,73
4109,-1.914,-0.040,0.000,133.969,0.235,0.252,73
4110,-1.914,-0.040,0.000,133.969,0.236,0.252,73
4111,-1.914,-0.040,0.000,133.969,0.237,0.253,73
4112,-1.914,-0.040,0.000,133.969,0.237,0.254,73
4113,-1.914,-0.040,0.000,133.969,0.238,0.254,73
4114,-1.914,-0.040,0.000,133.969,0.238,0.255,73
4115,-1.914,-0.040,0.000,133.969,0.239,0.255,73
4116,-1.914,-0.040,0.000,133.969,0.239,0.256,73
4117,-1.914,-0.040,0.000,133.969,0.240,0.256,73
4118,-1.914,-0.040,0.000,133.969,0.240,0.257,73
4119,-1.914,-0.040,0.000,133.969,0.241,0.257,73
4120,-1.914,-0.039,0.000,133.598,0.241,0.261,73
4121,-1.914,-0.039,0.000,132.392,0.238,0.268,73
4122,-1.915,-0.039,0.000,130.789,0.231,0.276,73
4123,-1.915,-0.039,0.000,129.047,0.224,0.284,73
4124,-1.915,-0.039,0.000,127.272,0.215,0.292,73
4125,-1.915,-0.039,0.000,125.545,0.207,0.299,73
4126,-1.915,-0.039,0.000,123.955,0.199,0.305,73
4127,-1.915,-0.039,0.000,122.569,0.192,0.311,73
4128,-1.914,-0.039,0.000,121.414,0.186,0.315,73
4129,-1.914,-0.039,0.000,120.488,0.182,0.319,73
4130,-1.914,-0.038,0.000,119.766,0.178,0.323,73
4131,-1.915,-0.038,0.000,119.225,0.176,0.326,73
4132,-1.915,-0.038,0.000,118.843,0.175,0.329,73
4133,-1.915,-0.038,0.000,118.606,0.174,0.331,73
4134,-1.915,-0.038,0.000,118.502,0.175,0.333,73
4135,-1.915,-0.037,0.000,118.524,0.176,0.335,73
4136,-1.915,-0.037,0.000,118.661,0.178,0.337,73
4137,-1.915,-0.037,0.000,118.900,0.180,0.338,73
4138,-1.915,-0.036,0.000,119.223,0.184,0.339,73
4139,-1.916,-0.036,0.000,119.616,0.187,0.340,73
4140,-1.916,-0.035,0.000,120.060,0.191,0.341,73
4141,-1.916,-0.035,0.000,120.542,0.196,0.342,73
4142,-1.916,-0.034,0.000,121.048,0.200,0.343,73
4143,-1.917,-0.034,0.000,121.569,0.205,0.344,73
4144,-1.917,-0.033,0.000,122.098,0.210,0.345,73
4145,-1.917,-0.033,0.000,122.628,0.215,0.346,73
4146,-1.918,-0.032,0.000,123.156,0.220,0.347,73
4147,-1.918,-0.032,0.000,123.676,0.226,0.348,73
4148,-1.918,-0.031,0.000,124.185,0.231,0.349,73
4149,-1.919,-0.031,0.000,124.681,0.236,0.350,73
4150,-1.919,-0.030,0.000,125.160,0.241,0.352,73
4151,-1.920,-0.030,0.000,125.622,0.246,0.353,73
4152,-1.920,-0.029,0.000,126.063,0.251,0.354,73
4153,-1.921,-0.028,0.000,126.483,0.257,0.356,73
4154,-1.921,-0.028,0.000,126.880,0.262,0.358,73
4155,-1.922,-0.027,0.000,127.254,0.267,0.360,73
4156,-1.922,-0.026,0.000,127.605,0.272,0.362,73
4157,-1.923,-0.026,0.000,127.932,0.277,0.364,73
4158,-1.923,-0.025,0.000,128.236,0.282,0.366,73
4159,-1.924,-0.024,0.000,128.517,0.286,0.369,73
4160,-1.924,-0.023,0.000,128.774,0.291,0.371,73
4161,-1.925,-0.023,0.000,129.008,0.296,0.374,73
4162,-1.926,-0.022,0.000,129.219,0.301,0.377,73
4163,-1.926,-0.021,0.000,129.407,0.306,0.380,73
4164,-1.927,-0.020,0.000,129.574,0.310,0.384,73
4165,-1.928,-0.019,0.000,129.724,0.315,0.387,73
4166,-1.928,-0.019,0.000,129.858,0.319,0.391,73
4167,-1.929,-0.018,0.000,129.980,0.323,0.394,73
4168,-1.930,-0.017,0.000,130.091,0.328,0.397,73
4169,-1.930,-0.016,0.000,130.192,0.332,0.401,73
4170,-1.931,-0.016,0.000,130.285,0.336,0.404,73
4171,-1.932,-0.015,0.000,130.373,0.339,0.408,73
4172,-1.932,-0.014,0.000,130.457,0.343,0.411,73
4173,-1.933,-0.014,0.000,130.541,0.347,0.414,73
4174,-1.933,-0.013,0.000,130.628,0.350,0.416,73
4175,-1.934,-0.013,0.000,130.720,0.353,0.419,73
4176,-1.934,-0.012,0.000,130.819,0.356,0.421,73
4177,-1.934,-0.012,0.000,130.927,0.359,0.423,73
4178,-1.935,-0.011,0.000,131.044,0.362,0.424,73
4179,-1.935,-0.011,0.000,131.170,0.365,0.426,73
4180,-1.935,-0.011,0.000,131.307,0.368,0.427,73
4181,-1.935,-0.010,0.000,131.456,0.370,0.427,73
4182,-1.936,-0.010,0.000,131.620,0.373,0.428,73
4183,-1.936,-0.010,0.000,131.797,0.376,0.429,73
4184,-1.936,-0.010,0.000,131.987,0.379,0.429,73
4185,-1.936,-0.010,0.000,132.193,0.381,0.429,73
4186,-1.936,-0.009,0.000,132.425,0.384,0.429,73
4187,-1.936,-0.009,0.000,132.623,0.387,0.428,73
4188,-1.936,-0.009,0.000,132.694,0.388,0.428,73
4189,-1.936,-0.009,0.000,132.706,0.389,0.429,73
4190,-1.937,-0.009,0.000,132.756,0.390,0.430,73
4191,-1.937,-0.009,0.000,132.906,0.392,0.430,73
4192,-1.937,-0.009,0.000,133.074,0.395,0.431,73
4193,-1.937,-0.009,0.000,133.217,0.398,0.431,73
4194,-1.937,-0.008,0.000,133.329,0.400,0.432,73
4195,-1.938,-0.008,0.000,133.411,0.403,0.433,73
4196,-1.938,-0.008,0.000,133.467,0.405,0.435,73
4197,-1.938,-0.008,0.000,133.496,0.407,0.437,73
4198,-1.938,-0.007,0.000,133.494,0.409,0.439,73
4199,-1.939,-0.007,0.000,133.460,0.411,0.441,73
4200,-1.939,-0.007,0.000,133.400,0.412,0.444,73
4201,-1.939,-0.006,0.000,133.321,0.414,0.447,73
4202,-1.940,-0.006,0.000,133.229,0.415,0.450,73
4203,-1.940,-0.005,0.000,133.128,0.417,0.453,73
4204,-1.941,-0.005,0.000,133.023,0.418,0.456,73
4205,-1.941,-0.005,0.000,132.916,0.420,0.459,73
4206,-1.941,-0.004,0.000,132.807,0.421,0.463,73
4207,-1.942,-0.004,0.000,132.696,0.423,0.466,73
4208,-1.942,-0.003,0.000,132.580,0.424,0.469,73
4209,-1.942,-0.003,0.000,132.464,0.425,0.473,73
4210,-1.943,-0.003,0.000,132.350,0.427,0.476,73
4211,-1.943,-0.002,0.000,132.240,0.428,0.479,73
4212,-1.943,-0.002,0.000,132.135,0.429,0.483,73
4213,-1.944,-0.002,0.000,132.035,0.431,0.486,73
4214,-1.944,-0.001,0.000,131.941,0.432,0.489,73
4215,-1.944,-0.001,0.000,131.855,0.433,0.491,73
4216,-1.945,-0.001,0.000,131.776,0.434,0.494,73
4217,-1.945,-0.000,0.000,131.708,0.435,0.497,73
4218,-1.945,-0.000,0.000,131.649,0.437,0.499,73
4219,-1.945,0.000,0.000,131.601,0.438,0.501,73
4220,-1.945,0.000,0.000,131.564,0.439,0.503,73
4221,-1.946,0.001,0.000,131.539,0.440,0.505,73
4222,-1.946,0.001,0.000,131.531,0.441,0.506,73
4223,-1.946,0.001,0.000,131.535,0.442,0.507,73
4224,-1.946,0.001,0.000,131.538,0.442,0.507,73
4225,-1.946,0.001,0.000,131.538,0.443,0.508,73
4226,-1.946,0.001,0.000,131.538,0.444,0.509,73
4227,-1.946,0.001,0.000,131.538,0.444,0.510,73
4228,-1.946,0.001,0.000,131.538,0.445,0.511,73
4229,-1.946,0.000,0.000,131.530,0.445,0.511,73
4230,-1.945,0.000,0.000,131.508,0.445,0.511,73
4231,-1.945,0.000,0.000,131.496,0.445,0.511,73
4232,-1.945,-0.000,0.000,131.504,0.444,0.510,73
4233,-1.945,-0.001,0.000,131.532,0.444,0.509,73
4234,-1.944,-0.001,0.000,131.575,0.444,0.508,73
4235,-1.944,-0.001,0.000,131.633,0.443,0.507,73
4236,-1.944,-0.002,0.000,131.702,0.443,0.505,73
4237,-1.943,-0.002,0.000,131.781,0.442,0.503,73
4238,-1.943,-0.003,0.000,131.867,0.441,0.501,73
4239,-1.942,-0.003,0.000,131.959,0.441,0.498,73
4240,-1.942,-0.004,0.000,132.055,0.440,0.496,73
4241,-1.941,-0.005,0.000,132.155,0.439,0.493,73
4242,-1.940,-0.005,0.000,132.259,0.438,0.490,73
4243,-1.940,-0.006,0.000,132.364,0.437,0.487,73
4244,-1.939,-0.007,0.000,132.472,0.436,0.484,73
4245,-1.939,-0.007,0.000,132.582,0.435,0.481,73
4246,-1.938,-0.008,0.000,132.693,0.434,0.478,73
4247,-1.937,-0.009,0.000,132.804,0.432,0.475,73
4248,-1.937,-0.009,0.000,132.915,0.431,0.471,73
4249,-1.936,-0.010,0.000,133.025,0.429,0.468,73
4250,-1.935,-0.011,0.000,133.134,0.428,0.465,73
4251,-1.935,-0.012,0.000,133.242,0.426,0.461,73
4252,-1.934,-0.012,0.000,133.348,0.425,0.458,73
4253,-1.933,-0.013,0.000,133.452,0.423,0.455,73
4254,-1.932,-0.014,0.000,133.553,0.422,0.451,73
4255,-1.932,-0.015,0.000,133.652,0.420,0.448,73
4256,-1.931,-0.016,0.000,133.747,0.418,0.445,73
4257,-1.930,-0.016,0.000,133.838,0.417,0.442,73
4258,-1.930,-0.017,0.000,133.926,0.415,0.439,73
4259,-1.929,-0.018,0.000,134.009,0.413,0.436,73
4260,-1.928,-0.018,0.000,134.089,0.412,0.433,73
4261,-1.927,-0.019,0.000,134.165,0.410,0.430,73
4262,-1.927,-0.020,0.000,134.237,0.408,0.427,73
4263,-1.926,-0.021,0.000,134.306,0.407,0.424,73
4264,-1.925,-0.021,0.000,134.371,0.405,0.422,73
4265,-1.925,-0.022,0.000,134.431,0.403,0.419,73
4266,-1.924,-0.022,0.000,134.488,0.402,0.417,73
4267,-1.924,-0.023,0.000,134.539,0.400,0.414,73
4268,-1.923,-0.024,0.000,134.587,0.399,0.412,73
4269,-1.922,-0.024,0.000,134.630,0.397,0.410,73
4270,-1.922,-0.025,0.000,134.669,0.396,0.408,73
4271,-1.921,-0.025,0.000,134.705,0.394,0.406,73
4272,-1.921,-0.026,0.000,134.737,0.393,0.404,73
4273,-1.920,-0.026,0.000,134.764,0.392,0.403,73
4274,-1.920,-0.027,0.000,134.785,0.391,0.401,73
4275,-1.919,-0.027,0.000,134.800,0.390,0.400,73
4276,-1.919,-0.028,0.000,134.809,0.389,0.399,73
4277,-1.918,-0.028,0.000,134.812,0.388,0.398,73
4278,-1.918,-0.029,0.000,134.809,0.387,0.397,73
4279,-1.918,-0.029,0.000,134.801,0.386,0.396,73
4280,-1.917,-0.029,0.000,134.787,0.385,0.396,73
4281,-1.917,-0.030,0.000,134.767,0.384,0.395,73
4282,-1.917,-0.030,0.000,134.742,0.384,0.395,73
4283,-1.916,-0.030,0.000,134.710,0.383,0.395,73
4284,-1.916,-0.031,0.000,134.673,0.382,0.395,73
4285,-1.916,-0.031,0.000,134.629,0.382,0.395,73
4286,-1.916,-0.031,0.000,134.580,0.382,0.395,73
4287,-1.916,-0.031,0.000,134.526,0.381,0.395,73
4288,-1.915,-0.031,0.000,134.468,0.381,0.396,73
4289,-1.915,-0.032,0.000,134.405,0.380,0.396,73
4290,-1.915,-0.032,0.000,134.338,0.380,0.397,73
4291,-1.915,-0.032,0.000,134.266,0.380,0.397,73
4292,-1.915,-0.032,0.000,134.208,0.380,0.399,73
4293,-1.915,-0.032,0.000,134.188,0.381,0.400,73
4294,-1.915,-0.032,0.000,134.184,0.382,0.400,73
4295,-1.915,-0.032,0.000,134.185,0.383,0.401,73
4296,-1.915,-0.032,0.000,134.185,0.383,0.402,73
4297,-1.915,-0.032,0.000,134.185,0.384,0.403,73
4298,-1.915,-0.032,0.000,134.174,0.384,0.403,73
4299,-1.915,-0.032,0.000,134.139,0.385,0.404,73
4300,-1.915,-0.032,0.000,134.098,0.385,0.405,73
4301,-1.914,-0.032,0.000,134.060,0.385,0.405,73
4302,-1.914,-0.032,0.000,134.032,0.385,0.406,73
4303,-1.914,-0.032,0.000,134.023,0.386,0.407,73
4304,-1.914,-0.032,0.000,134.022,0.387,0.408,73
4305,-1.914,-0.032,0.000,134.022,0.388,0.409,73
4306,-1.914,-0.032,0.000,134.022,0.388,0.410,73
4307,-1.914,-0.032,0.000,134.022,0.389,0.411,73
4308,-1.914,-0.032,0.000,134.022,0.390,0.411,73
4309,-1.914,-0.032,0.000,134.022,0.391,0.412,73
4310,-1.914,-0.032,0.000,134.022,0.392,0.413,73
4311,-1.914,-0.032,0.000,134.022,0.393,0.414,73
4312,-1.914,-0.032,0.000,134.022,0.393,0.415,73
4313,-1.914,-0.032,0.000,134.022,0.394,0.416,73
4314,-1.914,-0.032,0.000,134.022,0.395,0.417,73
4315,-1.914,-0.032,0.000,134.022,0.396,0.418,73
4316,-1.914,-0.032,0.000,134.022,0.397,0.418,73
4317,-1.914,-0.032,0.000,134.022,0.398,0.419,73
4318,-1.914,-0.032,0.000,134.022,0.399,0.420,73
4319,-1.914,-0.032,0.000,134.022,0.399,0.421,73
4320,-1.914,-0.032,0.000,134.022,0.400,0.422,73
4321,-1.914,-0.032,0.000,134.022,0.401,0.423,73
4322,-1.914,-0.032,0.000,134.022,0.402,0.424,73
4323,-1.914,-0.032,0.000,134.022,0.403,0.425,73
4324,-1.914,-0.032,0.000,134.022,0.404,0.426,73
4325,-1.914,-0.032,0.000,134.022,0.405,0.426,73
4326,-1.914,-0.032,0.000,134.022,0.405,0.427,73
4327,-1.914,-0.032,0.000,134.022,0.406,0.428,73
4328,-1.914,-0.032,0.000,134.022,0.407,0.429,73
4329,-1.914,-0.032,0.000,134.022,0.408,0.430,73
4330,-1.914,-0.032,0.000,134.022,0.409,0.431,73
4331,-1.914,-0.032,0.000,134.022,0.410,0.432,73
4332,-1.914,-0.032,0.000,134.022,0.411,0.433,73
4333,-1.914,-0.032,0.000,134.022,0.411,0.434,73
4334,-1.914,-0.032,0.000,134.022,0.412,0.434,73
4335,-1.914,-0.032,0.000,134.022,0.413,0.435,73
4336,-1.914,-0.032,0.000,134.022,0.414,0.436,73
4337,-1.914,-0.032,0.000,134.022,0.415,0.437,73
4338,-1.914,-0.032,0.000,134.022,0.416,0.438,73
4339,-1.914,-0.032,0.000,134.022,0.417,0.439,73
4340,-1.914,-0.032,0.000,134.022,0.418,0.440,73
4341,-1.914,-0.032,0.000,134.022,0.418,0.441,73
4342,-1.914,-0.032,0.000,134.022,0.419,0.442,73
4343,-1.914,-0.032,0.000,134.022,0.420,0.443,73
4344,-1.914,-0.032,0.000,134.022,0.421,0.443,73
4345,-1.914,-0.032,0.000,134.022,0.422,0.444,73
4346,-1.914,-0.032,0.000,134.022,0.423,0.445,73
4347,-1.914,-0.032,0.000,134.022,0.424,0.446,73
4348,-1.914,-0.032,0.000,134.022,0.425,0.447,73
4349,-1.914,-0.032,0.000,134.021,0.425,0.448,73
4350,-1.915,-0.032,0.000,134.021,0.426,0.449,73
4351,-1.915,-0.032,0.000,134.021,0.427,0.450,73
4352,-1.915,-0.032,0.000,134.021,0.428,0.451,73
4353,-1.915,-0.032,0.000,134.021,0.429,0.452,73
4354,-1.915,-0.032,0.000,134.021,0.430,0.453,73
4355,-1.915,-0.032,0.000,134.021,0.431,0.454,73
4356,-1.915,-0.032,0.000,134.021,0.432,0.454,73
4357,-1.915,-0.032,0.000,134.021,0.433,0.455,73
4358,-1.915,-0.032,0.000,134.021,0.433,0.456,73
4359,-1.915,-0.032,0.000,134.021,0.434,0.457,73
4360,-1.915,-0.032,0.000,134.021,0.435,0.458,73
4361,-1.915,-0.032,0.000,134.021,0.436,0.459,73
4362,-1.915,-0.032,0.000,134.021,0.437,0.460,73
4363,-1.915,-0.032,0.000,134.021,0.438,0.461,73
4364,-1.915,-0.032,0.000,134.021,0.439,0.462,73
4365,-1.915,-0.032,0.000,134.021,0.440,0.463,73
4366,-1.915,-0.032,0.000,134.021,0.441,0.464,73
4367,-1.915,-0.032,0.000,134.021,0.442,0.465,73
4368,-1.915,-0.032,0.000,134.021,0.442,0.466,73
4369,-1.915,-0.032,0.000,134.021,0.443,0.467,73
4370,-1.915,-0.032,0.000,134.021,0.444,0.468,73
4371,-1.915,-0.032,0.000,134.021,0.445,0.468,73
4372,-1.915,-0.032,0.000,134.021,0.446,0.469,73
4373,-1.915,-0.032,0.000,134.021,0.447,0.470,73
4374,-1.915,-0.032,0.000,134.021,0.448,0.471,73
4375,-1.915,-0.032,0.000,134.021,0.449,0.472,73
4376,-1.915,-0.032,0.000,134.021,0.450,0.473,73
4377,-1.915,-0.032,0.000,134.021,0.451,0.474,73
4378,-1.915,-0.032,0.000,134.021,0.452,0.475,73
4379,-1.915,-0.032,0.000,134.021,0.453,0.476,73
4380,-1.915,-0.032,0.000,134.021,0.453,0.477,73
4381,-1.915,-0.032,0.000,134.021,0.454,0.478,73
4382,-1.915,-0.032,0.000,134.021,0.455,0.479,73
4383,-1.915,-0.032,0.000,134.021,0.456,0.480,73
4384,-1.915,-0.032,0.000,134.021,0.457,0.481,73
4385,-1.915,-0.032,0.000,134.021,0.458,0.482,73
4386,-1.915,-0.033,0.000,134.021,0.459,0.483,73
4387,-1.915,-0.033,0.000,134.021,0.460,0.484,73
4388,-1.915,-0.033,0.000,134.021,0.461,0.485,73
4389,-1.915,-0.033,0.000,134.021,0.462,0.486,73
4390,-1.915,-0.033,0.000,134.021,0.463,0.487,73
4391,-1.915,-0.033,0.000,134.021,0.464,0.488,73
4392,-1.915,-0.033,0.000,134.021,0.465,0.489,73
4393,-1.915,-0.033,0.000,134.021,0.466,0.490,73
4394,-1.915,-0.033,0.000,134.021,0.466,0.490,73
4395,-1.915,-0.033,0.000,134.021,0.467,0.491,73
4396,-1.915,-0.033,0.000,134.021,0.468,0.492,73
4397,-1.915,-0.033,0.000,134.021,0.469,0.493,73
4398,-1.915,-0.033,0.000,134.021,0.470,0.494,73
4399,-1.915,-0.033,0.000,134.021,0.471,0.495,73
4400,-1.915,-0.033,0.000,134.021,0.472,0.496,73
4401,-1.915,-0.033,0.000,134.021,0.473,0.497,73
4402,-1.915,-0.033,0.000,134.021,0.474,0.498,73
4403,-1.915,-0.033,0.000,134.021,0.475,0.499,73
4404,-1.915,-0.033,0.000,134.021,0.476,0.500,73
4405,-1.915,-0.033,0.000,134.021,0.477,0.501,73
4406,-1.915,-0.033,0.000,134.021,0.478,0.502,73
4407,-1.915,-0.033,0.000,134.021,0.479,0.503,73
4408,-1.915,-0.033,0.000,134.021,0.480,0.504,73
4409,-1.915,-0.033,0.000,134.020,0.481,0.505,73
4410,-1.915,-0.033,0.000,134.020,0.482,0.506,73
4411,-1.915,-0.033,0.000,134.020,0.483,0.507,73
4412,-1.915,-0.033,0.000,134.020,0.484,0.508,73
4413,-1.915,-0.033,0.000,134.020,0.485,0.509,73
4414,-1.915,-0.033,0.000,134.020,0.486,0.510,73
4415,-1.915,-0.033,0.000,134.020,0.487,0.511,73
4416,-1.915,-0.033,0.000,134.020,0.488,0.512,73
4417,-1.915,-0.033,0.000,134.020,0.489,0.513,73
4418,-1.915,-0.033,0.000,134.020,0.490,0.514,73
4419,-1.915,-0.033,0.000,134.020,0.491,0.515,73
4420,-1.915,-0.033,0.000,134.020,0.491,0.516,73
4421,-1.915,-0.033,0.000,134.020,0.492,0.517,73
4422,-1.915,-0.033,0.000,134.020,0.493,0.518,73
4423,-1.915,-0.033,0.000,134.020,0.494,0.519,73
4424,-1.915,-0.033,0.000,134.020,0.495,0.520,73
4425,-1.915,-0.033,0.000,134.020,0.496,0.521,73
4426,-1.915,-0.033,0.000,134.020,0.497,0.522,73
4427,-1.915,-0.033,0.000,134.020,0.498,0.524,73
4428,-1.915,-0.033,0.000,134.020,0.499,0.525,73
4429,-1.915,-0.033,0.000,134.020,0.500,0.526,73
4430,-1.915,-0.033,0.000,134.020,0.501,0.527,73
4431,-1.915,-0.033,0.000,134.020,0.502,0.528,73
4432,-1.915,-0.033,0.000,134.020,0.503,0.529,73
4433,-1.915,-0.033,0.000,134.020,0.504,0.530,73
4434,-1.915,-0.033,0.000,134.020,0.505,0.531,73
4435,-1.915,-0.033,0.000,134.020,0.506,0.532,73
4436,-1.915,-0.033,0.000,134.020,0.507,0.533,73
4437,-1.915,-0.033,0.000,134.020,0.508,0.534,73
4438,-1.915,-0.033,0.000,134.020,0.509,0.535,73
4439,-1.915,-0.033,0.000,134.020,0.510,0.536,73
4440,-1.915,-0.033,0.000,134.020,0.511,0.537,73
4441,-1.915,-0.033,0.000,134.020,0.512,0.538,73
4442,-1.915,-0.033,0.000,134.020,0.513,0.539,73
4443,-1.915,-0.033,0.000,134.020,0.515,0.540,73
4444,-1.915,-0.033,0.000,134.020,0.516,0.541,73
4445,-1.915,-0.033,0.000,134.020,0.517,0.542,73
4446,-1.915,-0.033,0.000,134.020,0.518,0.543,73
4447,-1.915,-0.033,0.000,134.020,0.519,0.544,73
4448,-1.915,-0.033,0.000,134.020,0.520,0.545,73
4449,-1.915,-0.033,0.000,134.020,0.521,0.547,73
4450,-1.915,-0.033,0.000,134.020,0.522,0.548,73
4451,-1.915,-0.033,0.000,134.020,0.523,0.549,73
4452,-1.915,-0.033,0.000,134.020,0.524,0.550,73
4453,-1.915,-0.033,0.000,134.020,0.525,0.551,73
4454,-1.915,-0.033,0.000,134.020,0.526,0.552,73
4455,-1.915,-0.033,0.000,134.020,0.527,0.553,73
4456,-1.915,-0.033,0.000,134.020,0.528,0.554,73
4457,-1.915,-0.033,0.000,134.020,0.529,0.555,73
4458,-1.915,-0.033,0.000,134.020,0.530,0.556,73
4459,-1.915,-0.032,0.000,134.036,0.532,0.558,73
4460,-1.915,-0.032,0.000,134.091,0.534,0.559,73
4461,-1.915,-0.032,0.000,134.165,0.536,0.560,73
4462,-1.915,-0.032,0.000,134.228,0.538,0.560,73
4463,-1.915,-0.032,0.000,134.251,0.539,0.561,73
4464,-1.915,-0.032,0.000,134.254,0.540,0.562,73
4465,-1.915,-0.032,0.000,134.254,0.541,0.563,73
4466,-1.915,-0.032,0.000,134.254,0.542,0.564,73
4467,-1.915,-0.032,0.000,134.253,0.543,0.566,73
4468,-1.915,-0.032,0.000,134.253,0.545,0.567,73
4469,-1.915,-0.032,0.000,134.253,0.546,0.568,73
4470,-1.915,-0.032,0.000,134.253,0.547,0.569,73
4471,-1.915,-0.032,0.000,134.253,0.548,0.570,73
4472,-1.915,-0.032,0.000,134.253,0.549,0.571,73
4473,-1.915,-0.032,0.000,134.253,0.550,0.572,73
4474,-1.915,-0.032,0.000,134.253,0.551,0.573,73
4475,-1.915,-0.032,0.000,134.253,0.552,0.574,73
4476,-1.915,-0.032,0.000,134.253,0.553,0.576,73
4477,-1.915,-0.032,0.000,134.253,0.554,0.577,73
4478,-1.915,-0.032,0.000,134.253,0.555,0.578,73
4479,-1.915,-0.032,0.000,134.253,0.556,0.579,73
4480,-1.915,-0.032,0.000,134.253,0.558,0.580,73
4481,-1.915,-0.032,0.000,134.253,0.559,0.581,73
4482,-1.915,-0.032,0.000,134.253,0.560,0.582,73
4483,-1.915,-0.032,0.000,134.253,0.561,0.583,73
4484,-1.915,-0.032,0.000,134.253,0.562,0.584,73
4485,-1.915,-0.032,0.000,134.253,0.563,0.586,73
4486,-1.915,-0.032,0.000,134.253,0.564,0.587,73
4487,-1.915,-0.032,0.000,134.253,0.565,0.588,73
4488,-1.915,-0.032,0.000,134.253,0.566,0.589,73
4489,-1.915,-0.032,0.000,134.253,0.567,0.590,73
4490,-1.915,-0.032,0.000,134.253,0.569,0.591,73
4491,-1.915,-0.032,0.000,134.253,0.570,0.592,73
4492,-1.915,-0.032,0.000,134.253,0.571,0.594,73
4493,-1.915,-0.032,0.000,134.253,0.572,0.595,73
4494,-1.915,-0.032,0.000,134.253,0.573,0.596,73
4495,-1.915,-0.032,0.000,134.253,0.574,0.597,73
4496,-1.915,-0.032,0.000,134.253,0.575,0.598,73
4497,-1.915,-0.032,0.000,134.253,0.576,0.599,73
4498,-1.915,-0.032,0.000,134.253,0.578,0.601,73
4499,-1.915,-0.032,0.000,134.253,0.579,0.602,73
4500,-1.915,-0.032,0.000,134.253,0.580,0.603,73
4501,-1.915,-0.032,0.000,134.253,0.581,0.604,73
4502,-1.915,-0.032,0.000,134.253,0.582,0.605,73
4503,-1.915,-0.032,0.000,134.253,0.583,0.606,73
4504,-1.915,-0.032,0.000,134.253,0.584,0.608,73
4505,-1.915,-0.032,0.000,134.253,0.586,0.609,73
4506,-1.915,-0.032,0.000,134.253,0.587,0.610,73
4507,-1.915,-0.032,0.000,134.253,0.588,0.611,73
4508,-1.915,-0.032,0.000,134.253,0.589,0.612,73
4509,-1.915,-0.032,0.000,134.253,0.590,0.613,73
4510,-1.915,-0.032,0.000,134.253,0.591,0.615,73
4511,-1.915,-0.032,0.000,134.253,0.592,0.616,73
4512,-1.915,-0.032,0.000,134.253,0.594,0.617,73
4513,-1.915,-0.032,0.000,134.253,0.595,0.618,73
4514,-1.915,-0.032,0.000,134.253,0.596,0.619,73
4515,-1.915,-0.032,0.000,134.253,0.597,0.621,73
4516,-1.915,-0.032,0.000,134.253,0.598,0.622,73
4517,-1.915,-0.032,0.000,134.252,0.599,0.623,73
4518,-1.915,-0.032,0.000,134.252,0.601,0.624,73
4519,-1.915,-0.032,0.000,134.252,0.602,0.625,73
4520,-1.915,-0.032,0.000,134.252,0.603,0.627,73
4521,-1.915,-0.032,0.000,134.252,0.604,0.628,73
4522,-1.915,-0.032,0.000,134.252,0.605,0.629,73
4523,-1.915,-0.032,0.000,134.252,0.606,0.630,73
4524,-1.915,-0.032,0.000,134.252,0.608,0.631,73
4525,-1.915,-0.032,0.000,134.252,0.609,0.633,73
4526,-1.915,-0.032,0.000,134.252,0.610,0.634,73
4527,-1.915,-0.032,0.000,134.252,0.611,0.635,73
4528,-1.915,-0.032,0.000,134.252,0.612,0.636,73
4529,-1.915,-0.032,0.000,134.252,0.614,0.638,73
4530,-1.915,-0.032,0.000,134.252,0.615,0.639,73
4531,-1.915,-0.032,0.000,134.252,0.616,0.640,73
4532,-1.915,-0.032,0.000,134.252,0.617,0.641,73
4533,-1.915,-0.032,0.000,134.252,0.618,0.642,73
4534,-1.915,-0.032,0.000,134.252,0.620,0.644,73
4535,-1.915,-0.032,0.000,134.252,0.621,0.645,73
4536,-1.915,-0.032,0.000,134.252,0.622,0.646,73
4537,-1.915,-0.032,0.000,134.252,0.623,0.647,73
4538,-1.915,-0.032,0.000,134.252,0.624,0.649,73
4539,-1.915,-0.032,0.000,134.252,0.626,0.650,73
4540,-1.915,-0.032,0.000,134.252,0.627,0.651,73
4541,-1.915,-0.032,0.000,134.252,0.628,0.652,73
4542,-1.915,-0.032,0.000,134.252,0.629,0.654,73
4543,-1.915,-0.032,0.000,134.252,0.631,0.655,73
4544,-1.915,-0.032,0.000,134.252,0.632,0.656,73
4545,-1.915,-0.032,0.000,134.252,0.633,0.657,73
4546,-1.915,-0.032,0.000,134.252,0.634,0.659,73
4547,-1.915,-0.032,0.000,134.252,0.635,0.660,73
4548,-1.915,-0.032,0.000,134.252,0.637,0.661,73
4549,-1.915,-0.032,0.000,134.252,0.638,0.663,73
4550,-1.915,-0.032,0.000,134.252,0.639,0.664,73
4551,-1.915,-0.032,0.000,134.252,0.640,0.665,73
4552,-1.915,-0.032,0.000,134.252,0.642,0.666,73
4553,-1.915,-0.032,0.000,134.252,0.643,0.668,73
4554,-1.915,-0.032,0.000,134.252,0.644,0.669,73
4555,-1.915,-0.032,0.000,134.252,0.645,0.670,73
4556,-1.915,-0.032,0.000,134.252,0.647,0.672,73
4557,-1.915,-0.032,0.000,134.252,0.648,0.673,73
4558,-1.915,-0.032,0.000,134.252,0.649,0.674,73
4559,-1.915,-0.032,0.000,134.252,0.651,0.675,73
4560,-1.915,-0.032,0.000,134.252,0.652,0.677,73
4561,-1.915,-0.032,0.000,134.252,0.653,0.678,73
4562,-1.915,-0.032,0.000,134.252,0.654,0.679,73
4563,-1.915,-0.032,0.000,134.252,0.656,0.681,73
4564,-1.915,-0.032,0.000,134.252,0.657,0.682,73
4565,-1.915,-0.032,0.000,134.251,0.658,0.683,73
4566,-1.915,-0.032,0.000,134.251,0.659,0.685,73
4567,-1.915,-0.032,0.000,134.251,0.661,0.686,73
4568,-1.915,-0.032,0.000,134.251,0.662,0.687,73
4569,-1.915,-0.032,0.000,134.251,0.663,0.689,73
4570,-1.915,-0.032,0.000,134.251,0.665,0.690,73
4571,-1.915,-0.032,0.000,134.251,0.666,0.691,73
4572,-1.915,-0.032,0.000,134.251,0.667,0.693,73
4573,-1.915,-0.032,0.000,134.251,0.668,0.694,73
4574,-1.915,-0.032,0.000,134.251,0.670,0.695,73
4575,-1.915,-0.032,0.000,134.251,0.671,0.697,73
4576,-1.915,-0.032,0.000,134.251,0.672,0.698,73
4577,-1.915,-0.032,0.000,134.251,0.674,0.699,73
4578,-1.915,-0.032,0.000,134.251,0.675,0.701,73
4579,-1.915,-0.032,0.000,134.251,0.676,0.702,73
4580,-1.915,-0.032,0.000,134.251,0.678,0.703,73
4581,-1.915,-0.032,0.000,134.251,0.679,0.705,73
4582,-1.915,-0.032,0.000,134.251,0.680,0.706,73
4583,-1.915,-0.032,0.000,134.251,0.682,0.707,73
4584,-1.915,-0.032,0.000,134.251,0.683,0.709,73
4585,-1.915,-0.032,0.000,134.251,0.684,0.710,73
4586,-1.915,-0.032,0.000,134.251,0.686,0.711,73
4587,-1.915,-0.032,0.000,134.251,0.687,0.713,73
4588,-1.915,-0.032,0.000,134.251,0.688,0.714,73
4589,-1.915,-0.032,0.000,134.251,0.690,0.716,73
4590,-1.915,-0.032,0.000,134.251,0.691,0.717,73
4591,-1.915,-0.032,0.000,134.251,0.692,0.718,73
4592,-1.915,-0.032,0.000,134.251,0.694,0.720,73
4593,-1.915,-0.032,0.000,134.251,0.695,0.721,73
4594,-1.915,-0.032,0.000,134.251,0.696,0.722,73
4595,-1.915,-0.032,0.000,134.251,0.698,0.724,73
4596,-1.915,-0.032,0.000,134.251,0.699,0.725,73
4597,-1.915,-0.032,0.000,134.251,0.700,0.727,73
4598,-1.915,-0.032,0.000,134.251,0.702,0.728,73
4599,-1.915,-0.032,0.000,134.251,0.703,0.729,73
4600,-1.915,-0.032,0.000,134.251,0.704,0.731,73
4601,-1.915,-0.032,0.000,134.251,0.706,0.732,73
4602,-1.915,-0.032,0.000,134.244,0.708,0.734,73
4603,-1.915,-0.032,0.000,134.223,0.709,0.737,73
4604,-1.915,-0.032,0.000,134.200,0.710,0.738,73
4605,-1.916,-0.032,0.000,134.184,0.712,0.740,73
4606,-1.916,-0.032,0.000,134.164,0.713,0.742,73
4607,-1.916,-0.032,0.000,134.156,0.714,0.744,73
4608,-1.916,-0.032,0.000,134.154,0.716,0.745,73
4609,-1.916,-0.032,0.000,134.154,0.717,0.746,73
4610,-1.916,-0.032,0.000,134.154,0.719,0.748,73
4611,-1.916,-0.032,0.000,134.154,0.720,0.749,73
4612,-1.916,-0.032,0.000,134.154,0.721,0.751,73
4613,-1.916,-0.032,0.000,134.154,0.723,0.752,73
4614,-1.916,-0.032,0.000,134.154,0.724,0.754,73
4615,-1.916,-0.032,0.000,134.154,0.726,0.755,73
4616,-1.915,-0.032,0.000,134.190,0.727,0.755,73
4617,-1.915,-0.032,0.000,134.301,0.729,0.755,73
4618,-1.915,-0.033,0.000,134.436,0.731,0.753,73
4619,-1.915,-0.033,0.000,134.565,0.734,0.752,73
4620,-1.915,-0.033,0.000,134.680,0.736,0.752,73
4621,-1.914,-0.033,0.000,134.781,0.737,0.751,73
4622,-1.914,-0.033,0.000,134.872,0.739,0.750,73
4623,-1.914,-0.034,0.000,134.954,0.741,0.749,73
4624,-1.914,-0.034,0.000,135.032,0.742,0.749,73
4625,-1.913,-0.034,0.000,135.106,0.743,0.748,73
4626,-1.913,-0.034,0.000,135.177,0.744,0.747,73
4627,-1.913,-0.035,0.000,135.248,0.745,0.746,73
4628,-1.911,-0.037,0.000,135.871,0.744,0.729,73
4629,-1.908,-0.040,0.000,137.725,0.756,0.695,73
4630,-1.905,-0.042,0.000,140.556,0.779,0.648,73
4631,-1.903,-0.044,0.000,143.846,0.806,0.595,73
4632,-1.901,-0.045,0.000,147.307,0.831,0.540,73
4633,-1.898,-0.047,0.000,150.775,0.852,0.483,73
4634,-1.895,-0.048,0.000,154.118,0.868,0.427,73
4635,-1.892,-0.050,0.000,157.254,0.877,0.374,73
4636,-1.889,-0.051,0.000,160.149,0.881,0.324,73
4637,-1.885,-0.052,0.000,162.799,0.880,0.278,73
4638,-1.881,-0.053,0.000,165.218,0.875,0.236,73
4639,-1.876,-0.054,0.000,167.429,0.866,0.199,73
4640,-1.872,-0.055,0.000,169.458,0.855,0.165,73
4641,-1.867,-0.056,0.000,171.330,0.841,0.134,73
4642,-1.863,-0.056,0.000,173.071,0.827,0.106,73
4643,-1.858,-0.057,0.000,174.699,0.811,0.081,73
4644,-1.853,-0.057,0.000,176.234,0.794,0.058,73
4645,-1.849,-0.057,0.000,177.686,0.777,0.037,73
4646,-1.844,-0.057,0.000,179.065,0.759,0.018,73
4647,-1.839,-0.057,0.000,-179.626,0.741,0.001,73
4648,-1.835,-0.057,0.000,-178.379,0.722,-0.033,73
4649,-1.830,-0.057,0.000,-177.176,0.705,-0.023,73
4650,-1.826,-0.057,0.000,-176.015,0.686,-0.045,73
4651,-1.821,-0.057,0.000,-174.934,0.669,-0.054,73
4652,-1.817,-0.056,0.000,-173.975,0.653,-0.062,73
4653,-1.813,-0.056,0.000,-173.150,0.636,-0.071,73
4654,-1.809,-0.056,0.000,-172.437,0.616,-0.096,73
4655,-1.805,-0.055,0.000,-171.766,0.604,-0.075,73
4656,-1.801,-0.055,0.000,-171.165,0.589,-0.084,73
4657,-1.798,-0.054,0.000,-170.744,0.574,-0.090,73
4658,-1.794,-0.054,0.000,-170.516,0.560,-0.089,73
4659,-1.791,-0.053,0.000,-170.473,0.547,-0.086,73
4660,-1.787,-0.053,0.000,-170.603,0.535,-0.083,73
4661,-1.784,-0.053,0.000,-170.894,0.523,-0.079,73
4662,-1.781,-0.052,0.000,-171.331,0.512,-0.073,73
4663,-1.778,-0.052,0.000,-171.895,0.501,-0.066,73
4664,-1.775,-0.052,0.000,-172.564,0.491,-0.059,73
4665,-1.772,-0.051,0.000,-173.315,0.482,-0.051,73
4666,-1.769,-0.051,0.000,-174.134,0.473,-0.043,73
4667,-1.767,-0.051,0.000,-175.003,0.464,-0.035,73
4668,-1.764,-0.051,0.000,-175.903,0.455,-0.027,73
4669,-1.762,-0.051,0.000,-176.817,0.447,-0.019,73
4670,-1.759,-0.050,0.000,-177.729,0.439,-0.012,73
4671,-1.757,-0.050,0.000,-178.631,0.433,-0.024,73
4672,-1.755,-0.050,0.000,-179.540,0.426,-0.012,73
4673,-1.753,-0.050,0.000,179.590,0.419,0.002,73
4674,-1.751,-0.050,0.000,178.774,0.414,0.005,73
4675,-1.749,-0.050,0.000,178.026,0.408,0.007,73
4676,-1.748,-0.050,0.000,177.362,0.403,0.013,73
4677,-1.746,-0.050,0.000,176.797,0.398,0.017,73
4678,-1.744,-0.050,0.000,176.351,0.393,0.020,73
4679,-1.743,-0.050,0.000,176.040,0.388,0.021,73
4680,-1.741,-0.050,0.000,175.879,0.384,0.022,73
4681,-1.740,-0.050,0.000,175.877,0.380,0.022,73
4682,-1.738,-0.050,0.000,176.039,0.376,0.021,73
4683,-1.737,-0.050,0.000,176.360,0.373,0.018,73
4684,-1.735,-0.050,0.000,176.836,0.369,0.015,73
4685,-1.734,-0.050,0.000,177.456,0.365,0.011,73
4686,-1.732,-0.050,0.000,178.169,0.360,0.022,73
4687,-1.731,-0.050,0.000,178.911,0.358,0.016,73
4688,-1.730,-0.050,0.000,179.749,0.355,0.004,73
4689,-1.728,-0.050,0.000,-179.298,0.351,-0.001,73
4690,-1.727,-0.050,0.000,-178.233,0.347,-0.004,73
4691,-1.725,-0.050,0.000,-177.052,0.342,-0.011,73
4692,-1.724,-0.050,0.000,-175.747,0.338,-0.020,73
4693,-1.722,-0.049,0.000,-174.302,0.333,-0.028,73
4694,-1.721,-0.049,0.000,-172.693,0.327,-0.036,73
4695,-1.719,-0.049,0.000,-170.894,0.321,-0.046,73
4696,-1.718,-0.048,0.000,-168.873,0.314,-0.056,73
4697,-1.716,-0.047,0.000,-166.608,0.306,-0.067,73
4698,-1.714,-0.047,0.000,-164.094,0.297,-0.079,73
4699,-1.712,-0.046,0.000,-161.358,0.287,-0.091,73
4700,-1.710,-0.045,0.000,-158.463,0.276,-0.103,73
4701,-1.708,-0.044,0.000,-155.496,0.264,-0.114,73
4702,-1.706,-0.043,0.000,-152.558,0.251,-0.124,73
4703,-1.704,-0.042,0.000,-149.737,0.238,-0.132,73
4704,-1.702,-0.041,0.000,-147.095,0.224,-0.139,73
4705,-1.700,-0.040,0.000,-144.662,0.211,-0.143,73
4706,-1.698,-0.038,0.000,-142.443,0.198,-0.145,73
4707,-1.696,-0.036,0.000,-140.431,0.185,-0.146,73
4708,-1.693,-0.035,0.000,-138.610,0.172,-0.144,73
4709,-1.691,-0.033,0.000,-136.962,0.160,-0.142,73
4710,-1.689,-0.030,0.000,-135.470,0.148,-0.138,73
4711,-1.687,-0.028,0.000,-134.114,0.137,-0.133,73
4712,-1.685,-0.026,0.000,-132.880,0.126,-0.127,73
4713,-1.682,-0.023,0.000,-131.759,0.115,-0.121,73
4714,-1.680,-0.021,0.000,-130.740,0.105,-0.113,73
4715,-1.678,-0.018,0.000,-129.814,0.095,-0.105,73
4716,-1.676,-0.016,0.000,-128.977,0.085,-0.097,73
4717,-1.674,-0.013,0.000,-128.228,0.076,-0.088,73
4718,-1.672,-0.010,0.000,-127.564,0.067,-0.078,73
4719,-1.669,-0.007,0.000,-126.983,0.058,-0.068,73
4720,-1.667,-0.005,0.000,-126.479,0.050,-0.058,73
4721,-1.665,-0.002,0.000,-126.046,0.042,-0.048,73
4722,-1.663,0.001,0.000,-125.675,0.034,-0.038,73
4723,-1.661,0.004,0.000,-125.358,0.026,-0.027,73
4724,-1.659,0.007,0.000,-125.083,0.018,-0.017,73
4725,-1.657,0.009,0.000,-124.841,0.011,-0.006,73
4726,-1.655,0.012,0.000,-124.622,0.003,0.005,73
4727,-1.653,0.015,0.000,-124.418,-0.004,0.016,73
4728,-1.651,0.018,0.000,-124.222,-0.012,0.027,73
4729,-1.649,0.021,0.000,-124.028,-0.019,0.038,73
4730,-1.647,0.024,0.000,-123.829,-0.026,0.049,73
4731,-1.646,0.027,0.000,-123.621,-0.033,0.060,73
4732,-1.644,0.030,0.000,-123.404,-0.040,0.071,73
4733,-1.642,0.032,0.000,-123.177,-0.047,0.082,73
4734,-1.640,0.035,0.000,-122.939,-0.054,0.093,73
4735,-1.638,0.038,0.000,-122.684,-0.061,0.105,73
4736,-1.636,0.041,0.000,-122.411,-0.067,0.116,73
4737,-1.634,0.044,0.000,-122.116,-0.074,0.127,73
4738,-1.633,0.047,0.000,-121.796,-0.080,0.139,73
4739,-1.631,0.050,0.000,-121.449,-0.086,0.150,73
4740,-1.629,0.052,0.000,-121.075,-0.091,0.162,73
4741,-1.627,0.055,0.000,-120.674,-0.097,0.174,73
4742,-1.626,0.058,0.000,-120.250,-0.119,0.177,73
4743,-1.624,0.061,0.000,-119.793,-0.114,0.194,73
4744,-1.622,0.064,0.000,-119.301,-0.118,0.207,73
4745,-1.620,0.067,0.000,-118.799,-0.110,0.226,73
4746,-1.619,0.070,0.000,-118.340,-0.125,0.233,73
4747,-1.617,0.073,0.000,-117.888,-0.128,0.245,73
4748,-1.616,0.076,0.000,-117.350,-0.127,0.261,73
4749,-1.614,0.079,0.000,-116.793,-0.142,0.268,73
4750,-1.613,0.082,0.000,-116.221,-0.151,0.278,73
4751,-1.611,0.086,0.000,-115.614,-0.149,0.294,73
4752,-1.610,0.089,0.000,-114.979,-0.147,0.310,73
4753,-1.608,0.092,0.000,-114.315,-0.151,0.323,73
4754,-1.607,0.095,0.000,-113.634,-0.154,0.336,73
4755,-1.605,0.098,0.000,-112.944,-0.155,0.350,73
4756,-1.604,0.102,0.000,-112.248,-0.155,0.365,73
4757,-1.603,0.105,0.000,-111.550,-0.156,0.380,73
4758,-1.601,0.109,0.000,-110.853,-0.156,0.394,73
4759,-1.600,0.112,0.000,-110.159,-0.156,0.410,73
4760,-1.599,0.115,0.000,-109.471,-0.156,0.425,73
4761,-1.597,0.119,0.000,-108.793,-0.156,0.440,73
4762,-1.596,0.123,0.000,-108.127,-0.155,0.456,73
4763,-1.595,0.126,0.000,-107.476,-0.154,0.472,73
4764,-1.594,0.130,0.000,-106.843,-0.153,0.488,73
4765,-1.593,0.134,0.000,-106.230,-0.152,0.504,73
4766,-1.592,0.137,0.000,-105.638,-0.151,0.520,73
4767,-1.591,0.141,0.000,-105.068,-0.150,0.536,73
4768,-1.590,0.145,0.000,-104.522,-0.149,0.552,73
4769,-1.589,0.149,0.000,-104.001,-0.147,0.569,73
4770,-1.588,0.152,0.000,-103.497,-0.130,0.588,73
4771,-1.587,0.156,0.000,-103.030,-0.129,0.604,73
4772,-1.586,0.160,0.000,-102.579,-0.140,0.616,73
4773,-1.585,0.164,0.000,-102.141,-0.135,0.633,73
4774,-1.584,0.167,0.000,-101.742,-0.126,0.650,73
4775,-1.584,0.171,0.000,-101.370,-0.125,0.665,73
4776,-1.583,0.175,0.000,-101.025,-0.128,0.679,73
4777,-1.582,0.179,0.000,-100.706,-0.127,0.695,73
4778,-1.581,0.183,0.000,-100.413,-0.125,0.710,73
4779,-1.581,0.187,0.000,-100.147,-0.124,0.726,73
4780,-1.580,0.191,0.000,-99.905,-0.124,0.741,73
4781,-1.579,0.195,0.000,-99.689,-0.124,0.757,73
4782,-1.579,0.198,0.000,-99.497,-0.124,0.772,73
4783,-1.578,0.202,0.000,-99.331,-0.124,0.788,73
4784,-1.578,0.206,0.000,-99.189,-0.124,0.803,73
4785,-1.577,0.210,0.000,-99.072,-0.125,0.819,73
4786,-1.576,0.214,0.000,-98.979,-0.126,0.834,73
4787,-1.576,0.218,0.000,-98.910,-0.128,0.850,73
4788,-1.575,0.222,0.000,-98.864,-0.130,0.866,73
4789,-1.575,0.226,0.000,-98.840,-0.132,0.881,73
4790,-1.574,0.230,0.000,-98.839,-0.134,0.897,73
4791,-1.573,0.234,0.000,-98.861,-0.137,0.912,73
4792,-1.573,0.238,0.000,-98.905,-0.140,0.927,73
4793,-1.572,0.242,0.000,-98.964,-0.161,0.940,73
4794,-1.572,0.246,0.000,-99.017,-0.161,0.955,73
4795,-1.571,0.250,0.000,-99.088,-0.158,0.972,73
4796,-1.570,0.254,0.000,-99.182,-0.163,0.987,73
4797,-1.570,0.257,0.000,-99.298,-0.170,1.001,73
4798,-1.569,0.261,0.000,-99.433,-0.175,1.017,73
4799,-1.568,0.265,0.000,-99.587,-0.179,1.032,73
4800,-1.568,0.269,0.000,-99.759,-0.185,1.047,73
4801,-1.567,0.273,0.000,-99.946,-0.192,1.062,73
4802,-1.566,0.277,0.000,-100.148,-0.198,1.076,73
4803,-1.565,0.281,0.000,-100.362,-0.205,1.091,73
4804,-1.565,0.285,0.000,-100.587,-0.212,1.106,73
4805,-1.564,0.289,0.000,-100.821,-0.220,1.121,73
4806,-1.563,0.293,0.000,-101.063,-0.228,1.136,73
4807,-1.562,0.297,0.000,-101.310,-0.236,1.150,73
4808,-1.562,0.300,0.000,-101.562,-0.244,1.165,73
4809,-1.561,0.304,0.000,-101.818,-0.252,1.180,73
4810,-1.560,0.308,0.000,-102.075,-0.261,1.194,73
4811,-1.559,0.312,0.000,-102.334,-0.270,1.209,73
4812,-1.558,0.316,0.000,-102.591,-0.279,1.224,73
4813,-1.557,0.320,0.000,-102.848,-0.288,1.238,73
4814,-1.557,0.324,0.000,-103.101,-0.297,1.253,73
4815,-1.556,0.328,0.000,-103.351,-0.306,1.267,73
4816,-1.555,0.331,0.000,-103.597,-0.310,1.283,73
4817,-1.554,0.336,0.000,-103.843,-0.321,1.299,73
4818,-1.553,0.340,0.000,-104.114,-0.324,1.315,73
4819,-1.552,0.343,0.000,-104.371,-0.332,1.330,73
4820,-1.551,0.347,0.000,-104.611,-0.345,1.344,73
4821,-1.550,0.351,0.000,-104.836,-0.355,1.358,73
4822,-1.549,0.355,0.000,-105.046,-0.364,1.373,73
4823,-1.548,0.359,0.000,-105.242,-0.372,1.388,73
4824,-1.546,0.363,0.000,-105.425,-0.381,1.402,73
4825,-1.545,0.367,0.000,-105.596,-0.390,1.417,73
4826,-1.544,0.370,0.000,-105.754,-0.398,1.432,73
4827,-1.543,0.374,0.000,-105.899,-0.407,1.447,73
4828,-1.542,0.378,0.000,-106.032,-0.415,1.463,73
4829,-1.541,0.382,0.000,-106.050,-0.420,1.481,73
4830,-1.540,0.386,0.000,-105.962,-0.427,1.496,73
4831,-1.538,0.390,0.000,-105.893,-0.430,1.511,73
4832,-1.537,0.394,0.000,-105.808,-0.440,1.526,73
4833,-1.536,0.398,0.000,-105.748,-0.429,1.546,73
4834,-1.535,0.402,0.000,-105.755,-0.428,1.563,73
4835,-1.534,0.405,0.000,-105.776,-0.440,1.577,73
4836,-1.533,0.409,0.000,-105.812,-0.448,1.592,73
4837,-1.532,0.413,0.000,-105.857,-0.470,1.603,73
4838,-1.531,0.417,0.000,-105.893,-0.466,1.621,73
4839,-1.530,0.421,0.000,-105.932,-0.468,1.637,73
4840,-1.528,0.425,0.000,-105.989,-0.479,1.651,73
4841,-1.527,0.429,0.000,-106.064,-0.487,1.666,73
4842,-1.526,0.433,0.000,-106.160,-0.493,1.681,73
4843,-1.525,0.437,0.000,-106.277,-0.500,1.696,73
4844,-1.524,0.440,0.000,-106.414,-0.510,1.710,73
4845,-1.523,0.444,0.000,-106.568,-0.519,1.724,73
4846,-1.521,0.448,0.000,-106.738,-0.529,1.739,73
4847,-1.520,0.452,0.000,-106.920,-0.539,1.752,73
4848,-1.519,0.456,0.000,-107.112,-0.550,1.766,73
4849,-1.518,0.459,0.000,-107.310,-0.561,1.780,73
4850,-1.517,0.463,0.000,-107.511,-0.572,1.793,73
4851,-1.516,0.467,0.000,-107.712,-0.583,1.807,73
4852,-1.514,0.471,0.000,-107.911,-0.594,1.820,73
4853,-1.513,0.474,0.000,-108.105,-0.605,1.834,73
4854,-1.512,0.478,0.000,-108.291,-0.617,1.847,73
4855,-1.511,0.482,0.000,-108.468,-0.627,1.861,73
4856,-1.510,0.486,0.000,-108.634,-0.638,1.875,73
4857,-1.508,0.489,0.000,-108.787,-0.648,1.889,73
4858,-1.507,0.493,0.000,-108.927,-0.658,1.903,73
4859,-1.506,0.497,0.000,-109.052,-0.668,1.917,73
4860,-1.504,0.500,0.000,-109.164,-0.677,1.932,73
4861,-1.503,0.504,0.000,-109.260,-0.686,1.946,73
4862,-1.502,0.508,0.000,-109.343,-0.694,1.961,73
4863,-1.501,0.511,0.000,-109.410,-0.702,1.976,73
4864,-1.499,0.515,0.000,-109.464,-0.710,1.991,73
4865,-1.498,0.519,0.000,-109.503,-0.717,2.007,73
4866,-1.497,0.523,0.000,-109.528,-0.723,2.023,73
4867,-1.495,0.526,0.000,-109.541,-0.730,2.039,73
4868,-1.494,0.530,0.000,-109.540,-0.735,2.055,73
4869,-1.493,0.534,0.000,-109.527,-0.741,2.071,73
4870,-1.491,0.537,0.000,-109.501,-0.744,2.087,73
4871,-1.490,0.541,0.000,-109.464,-0.735,2.055,73
4872,-1.489,0.545,0.000,-109.415,-0.715,2.016,73
4873,-1.488,0.548,0.000,-109.354,-0.699,1.976,73
4874,-1.486,0.552,0.000,-109.281,-0.684,1.937,73
4875,-1.485,0.556,0.000,-109.198,-0.667,1.898,73
4876,-1.484,0.559,0.000,-109.102,-0.650,1.860,73
4877,-1.483,0.563,0.000,-108.994,-0.633,1.822,73
4878,-1.481,0.566,0.000,-108.873,-0.616,1.785,73
4879,-1.481,0.569,0.000,-108.353,-0.586,1.747,73
4880,-1.481,0.571,0.000,-107.027,-0.531,1.716,73
4881,-1.479,0.575,0.000,-105.393,-0.471,1.693,73
4882,-1.478,0.581,0.000,-104.043,-0.424,1.674,73
4883,-1.477,0.584,0.000,-102.962,-0.384,1.645,73
4884,-1.476,0.588,0.000,-102.040,-0.331,1.618,73
4885,-1.475,0.592,0.000,-101.179,-0.304,1.587,73
4886,-1.475,0.596,0.000,-100.430,-0.288,1.552,73
4887,-1.474,0.599,0.000,-99.776,-0.264,1.519,73
4888,-1.473,0.603,0.000,-99.228,-0.248,1.485,73
4889,-1.472,0.607,0.000,-98.774,-0.231,1.452,73
4890,-1.472,0.611,0.000,-98.407,-0.215,1.418,73
4891,-1.471,0.614,0.000,-98.120,-0.202,1.385,73
4892,-1.471,0.618,0.000,-97.906,-0.193,1.351,73
4893,-1.470,0.622,0.000,-97.759,-0.185,1.318,73
4894,-1.469,0.625,0.000,-97.674,-0.179,1.285,73
4895,-1.469,0.629,0.000,-97.644,-0.173,1.252,73
4896,-1.468,0.632,0.000,-97.666,-0.170,1.219,73
4897,-1.468,0.636,0.000,-97.735,-0.167,1.186,73
4898,-1.467,0.640,0.000,-97.849,-0.165,1.154,73
4899,-1.467,0.643,0.000,-97.998,-0.144,1.125,73
4900,-1.466,0.647,0.000,-98.162,-0.152,1.092,73
4901,-1.466,0.651,0.000,-98.359,-0.155,1.060,73
4902,-1.465,0.654,0.000,-98.591,-0.150,1.029,73
4903,-1.465,0.658,0.000,-98.855,-0.148,0.999,73
4904,-1.464,0.661,0.000,-99.147,-0.150,0.968,73
4905,-1.464,0.665,0.000,-99.463,-0.152,0.938,73
4906,-1.463,0.669,0.000,-99.800,-0.152,0.909,73
4907,-1.462,0.672,0.000,-100.153,-0.152,0.880,73
4908,-1.462,0.676,0.000,-100.518,-0.152,0.851,73
4909,-1.461,0.680,0.000,-100.892,-0.153,0.823,73
4910,-1.460,0.683,0.000,-101.270,-0.153,0.795,73
4911,-1.460,0.687,0.000,-101.647,-0.153,0.768,73
4912,-1.459,0.691,0.000,-102.021,-0.152,0.741,73
4913,-1.458,0.694,0.000,-102.387,-0.151,0.714,73
4914,-1.457,0.698,0.000,-102.743,-0.150,0.689,73
4915,-1.456,0.702,0.000,-103.086,-0.149,0.663,73
4916,-1.455,0.705,0.000,-103.419,-0.157,0.636,73
4917,-1.454,0.709,0.000,-103.749,-0.144,0.614,73
4918,-1.454,0.713,0.000,-104.116,-0.134,0.592,73
4919,-1.453,0.717,0.000,-104.476,-0.145,0.566,73
4920,-1.452,0.721,0.000,-104.816,-0.143,0.542,73
4921,-1.451,0.724,0.000,-105.120,-0.134,0.520,73
4922,-1.450,0.728,0.000,-105.385,-0.129,0.498,73
4923,-1.448,0.732,0.000,-105.612,-0.127,0.475,73
4924,-1.447,0.735,0.000,-105.805,-0.123,0.452,73
4925,-1.446,0.739,0.000,-105.968,-0.118,0.431,73
4926,-1.445,0.743,0.000,-106.104,-0.112,0.410,73
4927,-1.444,0.746,0.000,-106.216,-0.108,0.389,73
4928,-1.443,0.750,0.000,-106.307,-0.102,0.369,73
4929,-1.442,0.754,0.000,-106.380,-0.097,0.349,73
4930,-1.441,0.758,0.000,-106.437,-0.101,0.326,73
4931,-1.440,0.761,0.000,-106.490,-0.074,0.313,73
4932,-1.439,0.765,0.000,-106.545,-0.110,0.282,73
4933,-1.438,0.769,0.000,-106.614,-0.063,0.275,73
4934,-1.436,0.772,0.000,-106.717,-0.077,0.251,73
4935,-1.435,0.776,0.000,-106.856,-0.070,0.233,73
4936,-1.434,0.780,0.000,-107.040,-0.059,0.216,73
4937,-1.433,0.783,0.000,-107.171,-0.053,0.198,73
4938,-1.432,0.787,0.000,-107.254,-0.051,0.180,73
4939,-1.431,0.791,0.000,-107.297,-0.046,0.162,73
4940,-1.429,0.794,0.000,-107.310,-0.039,0.145,73
4941,-1.428,0.798,0.000,-107.298,-0.034,0.128,73
4942,-1.427,0.802,0.000,-107.268,-0.029,0.112,73
4943,-1.426,0.806,0.000,-107.224,-0.024,0.095,73
4944,-1.425,0.809,0.000,-107.171,-0.019,0.079,73
4945,-1.424,0.813,0.000,-107.112,-0.014,0.064,73
4946,-1.423,0.817,0.000,-107.050,-0.009,0.048,73
4947,-1.421,0.820,0.000,-106.986,-0.004,0.033,73
4948,-1.420,0.824,0.000,-106.922,0.000,0.018,73
4949,-1.419,0.828,0.000,-106.861,0.005,0.003,73
4950,-1.418,0.831,0.000,-106.802,0.009,-0.011,73
4951,-1.417,0.835,0.000,-106.746,0.013,-0.026,73
4952,-1.416,0.839,0.000,-106.693,0.018,-0.040,73
4953,-1.415,0.843,0.000,-106.644,0.022,-0.053,73
4954,-1.414,0.846,0.000,-106.599,0.026,-0.067,73
4955,-1.412,0.850,0.000,-106.558,0.029,-0.080,73
4956,-1.411,0.854,0.000,-106.520,0.033,-0.093,73
4957,-1.410,0.858,0.000,-106.486,0.037,-0.106,73
4958,-1.409,0.861,0.000,-106.455,0.041,-0.118,73
4959,-1.408,0.865,0.000,-106.427,0.044,-0.130,73
4960,-1.407,0.869,0.000,-106.402,0.048,-0.142,73
4961,-1.406,0.873,0.000,-106.378,0.051,-0.154,73
4962,-1.405,0.876,0.000,-106.357,0.054,-0.166,73
4963,-1.404,0.880,0.000,-106.338,0.057,-0.177,73
4964,-1.403,0.884,0.000,-106.320,0.061,-0.188,73
4965,-1.401,0.888,0.000,-106.303,0.064,-0.199,73
4966,-1.400,0.891,0.000,-106.287,0.067,-0.209,73
4967,-1.399,0.895,0.000,-106.271,0.070,-0.220,73
4968,-1.398,0.899,0.000,-106.256,0.073,-0.230,73
4969,-1.397,0.903,0.000,-106.241,0.075,-0.240,73
4970,-1.396,0.906,0.000,-106.227,0.078,-0.249,73
4971,-1.395,0.910,0.000,-106.212,0.081,-0.259,73
4972,-1.394,0.914,0.000,-106.197,0.083,-0.268,73
4973,-1.393,0.918,0.000,-106.182,0.086,-0.277,73
4974,-1.392,0.922,0.000,-106.165,0.088,-0.286,73
4975,-1.390,0.925,0.000,-106.148,0.091,-0.294,73
4976,-1.389,0.929,0.000,-106.130,0.093,-0.303,73
4977,-1.388,0.933,0.000,-106.111,0.095,-0.311,73
4978,-1.387,0.936,0.000,-106.093,0.088,-0.323,73
4979,-1.386,0.940,0.000,-106.097,0.086,-0.333,73
4980,-1.385,0.944,0.000,-106.095,0.091,-0.340,73
4981,-1.384,0.948,0.000,-106.088,0.096,-0.347,73
4982,-1.383,0.952,0.000,-106.079,0.097,-0.355,73
4983,-1.382,0.955,0.000,-106.066,0.098,-0.363,73
4984,-1.381,0.959,0.000,-106.049,0.101,-0.370,73
4985,-1.379,0.963,0.000,-106.031,0.103,-0.377,73
4986,-1.378,0.967,0.000,-106.010,0.114,-0.382,73
4987,-1.377,0.971,0.000,-105.996,0.110,-0.388,73
4988,-1.376,0.975,0.000,-106.008,0.117,-0.393,73
4989,-1.375,0.979,0.000,-106.009,0.105,-0.404,73
4990,-1.374,0.983,0.000,-105.997,0.110,-0.410,73
4991,-1.373,0.986,0.000,-105.981,0.133,-0.410,73
4992,-1.372,0.990,0.000,-106.019,0.129,-0.417,73
4993,-1.370,0.994,0.000,-106.060,0.106,-0.431,73
4994,-1.369,0.998,0.000,-106.104,0.127,-0.431,73
4995,-1.368,1.002,0.000,-106.150,0.126,-0.439,73
4996,-1.367,1.006,0.000,-106.184,0.121,-0.447,73
4997,-1.366,1.009,0.000,-106.196,0.123,-0.453,73
4998,-1.365,1.013,0.000,-106.187,0.128,-0.458,73
4999,-1.364,1.017,0.000,-106.164,0.130,-0.463,73
5000,-1.363,1.021,0.000,-106.128,0.130,-0.469,73
5001,-1.362,1.025,0.000,-106.084,0.133,-0.474,73
5002,-1.360,1.029,0.000,-106.036,0.138,-0.476,73
5003,-1.359,1.033,0.000,-105.990,0.147,-0.479,73
5004,-1.358,1.036,0.000,-105.937,0.147,-0.485,73
5005,-1.357,1.040,0.000,-105.879,0.144,-0.491,73
5006,-1.356,1.044,0.000,-105.815,0.145,-0.496,73
5007,-1.355,1.048,0.000,-105.749,0.147,-0.500,73
5008,-1.354,1.052,0.000,-105.681,0.148,-0.505,73
5009,-1.353,1.056,0.000,-105.613,0.148,-0.509,73
5010,-1.352,1.059,0.000,-105.545,0.148,-0.513,73
5011,-1.351,1.063,0.000,-105.478,0.149,-0.517,73
5012,-1.350,1.067,0.000,-105.413,0.149,-0.521,73
5013,-1.349,1.071,0.000,-105.349,0.150,-0.525,73
5014,-1.347,1.075,0.000,-105.287,0.150,-0.529,73
5015,-1.346,1.079,0.000,-105.225,0.150,-0.532,73
5016,-1.345,1.082,0.000,-105.164,0.151,-0.535,73
5017,-1.344,1.086,0.000,-105.104,0.151,-0.538,73
5018,-1.343,1.090,0.000,-105.045,0.151,-0.541,73
5019,-1.342,1.094,0.000,-104.988,0.151,-0.544,73
5020,-1.341,1.098,0.000,-104.932,0.151,-0.546,73
5021,-1.340,1.102,0.000,-104.878,0.151,-0.549,73
5022,-1.339,1.106,0.000,-104.825,0.151,-0.551,73
5023,-1.338,1.109,0.000,-104.774,0.151,-0.553,73
5024,-1.337,1.113,0.000,-104.725,0.151,-0.554,73
5025,-1.336,1.117,0.000,-104.678,0.151,-0.556,73
5026,-1.335,1.121,0.000,-104.636,0.151,-0.557,73
5027,-1.334,1.125,0.000,-104.598,0.151,-0.559,73
5028,-1.333,1.129,0.000,-104.564,0.151,-0.560,73
5029,-1.332,1.133,0.000,-104.535,0.151,-0.561,73
5030,-1.331,1.137,0.000,-104.511,0.151,-0.562,73
5031,-1.330,1.141,0.000,-104.491,0.151,-0.563,73
5032,-1.329,1.144,0.000,-104.475,0.151,-0.564,73
5033,-1.328,1.148,0.000,-104.462,0.151,-0.565,73
5034,-1.327,1.152,0.000,-104.453,0.151,-0.566,73
5035,-1.326,1.155,0.000,-104.447,0.152,-0.567,73
5036,-1.325,1.159,0.000,-104.443,0.152,-0.569,73
5037,-1.324,1.162,0.000,-104.443,0.153,-0.571,73
5038,-1.324,1.166,0.000,-104.445,0.144,-0.575,73
5039,-1.323,1.169,0.000,-104.439,0.150,-0.577,73
5040,-1.322,1.172,0.000,-104.408,0.161,-0.576,73
5041,-1.321,1.175,0.000,-104.387,0.150,-0.582,73
5042,-1.320,1.179,0.000,-104.380,0.151,-0.585,73
5043,-1.319,1.182,0.000,-104.381,0.158,-0.586,73
5044,-1.318,1.185,0.000,-104.391,0.139,-0.594,73
5045,-1.318,1.188,0.000,-104.408,0.146,-0.596,73
5046,-1.317,1.191,0.000,-104.436,0.151,-0.598,73
5047,-1.316,1.194,0.000,-104.478,0.150,-0.602,73
5048,-1.315,1.197,0.000,-104.534,0.150,-0.606,73
5049,-1.315,1.200,0.000,-104.605,0.153,-0.609,73
5050,-1.314,1.203,0.000,-104.690,0.155,-0.612,73
5051,-1.313,1.205,0.000,-104.787,0.176,-0.611,73
5052,-1.312,1.208,0.000,-104.909,0.168,-0.616,73
5053,-1.312,1.211,0.000,-105.052,0.168,-0.621,73
5054,-1.311,1.214,0.000,-105.200,0.168,-0.626,73
5055,-1.310,1.216,0.000,-105.362,0.165,-0.632,73
5056,-1.310,1.219,0.000,-105.540,0.170,-0.636,73
5057,-1.309,1.221,0.000,-105.738,0.175,-0.639,73
5058,-1.308,1.224,0.000,-105.955,0.179,-0.644,73
5059,-1.307,1.226,0.000,-106.191,0.182,-0.649,73
5060,-1.307,1.228,0.000,-106.446,0.187,-0.653,73
5061,-1.306,1.230,0.000,-106.719,0.192,-0.658,73
5062,-1.305,1.232,0.000,-107.007,0.197,-0.662,73
5063,-1.305,1.235,0.000,-107.310,0.202,-0.667,73
5064,-1.304,1.237,0.000,-107.627,0.208,-0.671,73
5065,-1.303,1.239,0.000,-107.954,0.213,-0.676,73
5066,-1.303,1.241,0.000,-108.290,0.219,-0.680,73
5067,-1.302,1.242,0.000,-108.631,0.225,-0.685,73
5068,-1.302,1.244,0.000,-108.974,0.234,-0.689,73
5069,-1.301,1.246,0.000,-109.318,0.243,-0.693,73
5070,-1.300,1.248,0.000,-109.651,0.262,-0.695,73
5071,-1.300,1.250,0.000,-110.031,0.253,-0.706,73
5072,-1.299,1.251,0.000,-110.410,0.263,-0.711,73
5073,-1.298,1.253,0.000,-110.754,0.266,-0.718,73
5074,-1.298,1.255,0.000,-111.072,0.272,-0.724,73
5075,-1.297,1.256,0.000,-111.364,0.280,-0.730,73
5076,-1.297,1.258,0.000,-111.636,0.298,-0.731,73
5077,-1.296,1.260,0.000,-111.915,0.295,-0.739,73
5078,-1.295,1.261,0.000,-112.227,0.302,-0.745,73
5079,-1.295,1.263,0.000,-112.539,0.312,-0.752,73
5080,-1.294,1.264,0.000,-112.868,0.305,-0.766,73
5081,-1.293,1.266,0.000,-113.184,0.352,-0.755,73
5082,-1.292,1.267,0.000,-113.505,0.323,-0.776,73
5083,-1.292,1.269,0.000,-113.842,0.363,-0.770,73
5084,-1.291,1.270,0.000,-114.214,0.348,-0.787,73
5085,-1.291,1.272,0.000,-114.578,0.371,-0.788,73
5086,-1.290,1.272,0.000,-114.981,0.384,-0.797,73
5087,-1.290,1.273,0.000,-115.354,0.378,-0.813,73
5088,-1.289,1.275,0.000,-115.770,0.413,-0.807,73
5089,-1.288,1.276,0.000,-116.167,0.382,-0.836,73
5090,-1.288,1.277,0.000,-116.529,0.428,-0.825,73
5091,-1.287,1.278,0.000,-116.859,0.403,-0.852,73
5092,-1.287,1.279,0.000,-117.183,0.447,-0.844,73
5093,-1.286,1.281,0.000,-117.466,0.426,-0.867,73
5094,-1.285,1.283,0.000,-117.696,0.464,-0.858,73
5095,-1.284,1.284,0.000,-117.892,0.441,-0.883,73
5096,-1.283,1.286,0.000,-118.098,0.480,-0.877,73
5097,-1.283,1.286,0.000,-118.290,0.467,-0.905,73
5098,-1.282,1.288,0.000,-118.477,0.518,-0.890,73
5099,-1.281,1.289,0.000,-118.658,0.484,-0.925,73
5100,-1.281,1.290,0.000,-118.815,0.512,-0.924,73
5101,-1.280,1.291,0.000,-118.944,0.517,-0.937,73
5102,-1.279,1.292,0.000,-118.979,0.516,-0.954,73
5103,-1.278,1.294,0.000,-118.828,0.524,-0.965,73
5104,-1.278,1.295,0.000,-118.356,0.525,-0.980,73
5105,-1.277,1.297,0.000,-117.666,0.518,-0.998,73
5106,-1.276,1.298,0.000,-116.878,0.508,-1.016,73
5107,-1.276,1.300,0.000,-116.060,0.499,-1.034,73
5108,-1.275,1.301,0.000,-115.249,0.497,-1.047,73
5109,-1.274,1.303,0.000,-114.472,0.483,-1.065,73
5110,-1.273,1.305,0.000,-113.754,0.475,-1.081,73
5111,-1.272,1.307,0.000,-113.048,0.466,-1.096,73
5112,-1.272,1.309,0.000,-112.364,0.462,-1.110,73
5113,-1.271,1.310,0.000,-111.729,0.454,-1.125,73
5114,-1.270,1.312,0.000,-111.133,0.429,-1.146,73
5115,-1.270,1.314,0.000,-110.595,0.434,-1.159,73
5116,-1.269,1.316,0.000,-110.106,0.437,-1.168,73
5117,-1.268,1.318,0.000,-109.640,0.418,-1.183,73
5118,-1.267,1.321,0.000,-109.206,0.426,-1.190,73
5119,-1.266,1.323,0.000,-108.822,0.421,-1.202,73
5120,-1.266,1.325,0.000,-108.467,0.410,-1.217,73
5121,-1.265,1.327,0.000,-108.128,0.406,-1.228,73
5122,-1.264,1.329,0.000,-107.807,0.404,-1.239,73
5123,-1.264,1.331,0.000,-107.503,0.401,-1.250,73
5124,-1.263,1.334,0.000,-107.217,0.396,-1.261,73
5125,-1.262,1.336,0.000,-106.945,0.393,-1.272,73
5126,-1.262,1.338,0.000,-106.689,0.390,-1.282,73
5127,-1.261,1.340,0.000,-106.447,0.387,-1.292,73
5128,-1.260,1.343,0.000,-106.221,0.384,-1.301,73
5129,-1.260,1.345,0.000,-106.011,0.382,-1.310,73
5130,-1.259,1.347,0.000,-105.819,0.379,-1.319,73
5131,-1.258,1.350,0.000,-105.646,0.377,-1.327,73
5132,-1.258,1.352,0.000,-105.492,0.376,-1.335,73
5133,-1.257,1.355,0.000,-105.356,0.374,-1.342,73
5134,-1.256,1.357,0.000,-105.238,0.373,-1.349,73
5135,-1.255,1.360,0.000,-105.137,0.372,-1.356,73
5136,-1.255,1.363,0.000,-105.054,0.372,-1.362,73
5137,-1.254,1.365,0.000,-104.988,0.372,-1.368,73
5138,-1.253,1.368,0.000,-104.939,0.372,-1.373,73
5139,-1.253,1.371,0.000,-104.906,0.373,-1.379,73
5140,-1.252,1.373,0.000,-104.890,0.374,-1.384,73
5141,-1.251,1.376,0.000,-104.894,0.375,-1.389,73
5142,-1.251,1.379,0.000,-104.918,0.377,-1.393,73
5143,-1.250,1.381,0.000,-104.953,0.372,-1.399,73
5144,-1.249,1.384,0.000,-104.989,0.389,-1.399,73
5145,-1.248,1.387,0.000,-105.023,0.386,-1.403,73
5146,-1.247,1.390,0.000,-105.059,0.380,-1.409,73
5147,-1.247,1.393,0.000,-105.093,0.385,-1.412,73
5148,-1.246,1.396,0.000,-105.126,0.390,-1.414,73
5149,-1.245,1.399,0.000,-105.161,0.391,-1.418,73
5150,-1.244,1.402,0.000,-105.197,0.391,-1.421,73
5151,-1.243,1.405,0.000,-105.236,0.393,-1.424,73
5152,-1.243,1.408,0.000,-105.279,0.396,-1.426,73
5153,-1.242,1.411,0.000,-105.327,0.397,-1.428,73
5154,-1.241,1.414,0.000,-105.380,0.399,-1.431,73
5155,-1.240,1.417,0.000,-105.439,0.401,-1.432,73
5156,-1.239,1.420,0.000,-105.502,0.403,-1.434,73
5157,-1.238,1.424,0.000,-105.570,0.406,-1.435,73
5158,-1.237,1.427,0.000,-105.643,0.408,-1.436,73
5159,-1.237,1.430,0.000,-105.720,0.410,-1.437,73
5160,-1.236,1.433,0.000,-105.802,0.411,-1.438,73
5161,-1.235,1.436,0.000,-105.880,0.408,-1.440,73
5162,-1.234,1.439,0.000,-105.918,0.412,-1.440,73
5163,-1.233,1.443,0.000,-105.972,0.420,-1.438,73
5164,-1.232,1.446,0.000,-106.047,0.421,-1.439,73
5165,-1.231,1.449,0.000,-106.142,0.421,-1.439,73
5166,-1.230,1.453,0.000,-106.255,0.424,-1.439,73
5167,-1.229,1.456,0.000,-106.386,0.429,-1.438,73
5168,-1.228,1.459,0.000,-106.534,0.433,-1.437,73
5169,-1.227,1.463,0.000,-106.697,0.436,-1.436,73
5170,-1.226,1.466,0.000,-106.873,0.441,-1.434,73
5171,-1.225,1.469,0.000,-107.061,0.445,-1.432,73
5172,-1.224,1.473,0.000,-107.257,0.450,-1.430,73
5173,-1.223,1.476,0.000,-107.457,0.455,-1.427,73
5174,-1.222,1.480,0.000,-107.661,0.459,-1.425,73
5175,-1.221,1.483,0.000,-107.866,0.464,-1.422,73
5176,-1.220,1.487,0.000,-108.067,0.468,-1.418,73
5177,-1.218,1.490,0.000,-108.265,0.473,-1.415,73
5178,-1.217,1.494,0.000,-108.465,0.477,-1.411,73
5179,-1.216,1.497,0.000,-108.674,0.481,-1.407,73
5180,-1.215,1.501,0.000,-108.895,0.486,-1.403,73
5181,-1.214,1.505,0.000,-109.130,0.491,-1.398,73
5182,-1.212,1.508,0.000,-109.379,0.496,-1.394,73
5183,-1.211,1.512,0.000,-109.643,0.501,-1.389,73
5184,-1.210,1.515,0.000,-109.915,0.507,-1.383,73
5185,-1.208,1.519,0.000,-110.188,0.512,-1.377,73
5186,-1.207,1.523,0.000,-110.459,0.517,-1.371,73
5187,-1.206,1.527,0.000,-110.736,0.523,-1.365,73
5188,-1.204,1.530,0.000,-111.032,0.528,-1.358,73
5189,-1.203,1.534,0.000,-111.354,0.529,-1.354,73
5190,-1.201,1.538,0.000,-111.685,0.548,-1.342,73
5191,-1.200,1.541,0.000,-112.020,0.537,-1.342,73
5192,-1.198,1.545,0.000,-112.362,0.558,-1.328,73
5193,-1.197,1.549,0.000,-112.785,0.566,-1.320,73
5194,-1.195,1.552,0.000,-113.243,0.569,-1.315,73
5195,-1.194,1.556,0.000,-113.730,0.578,-1.307,73
5196,-1.192,1.560,0.000,-114.237,0.590,-1.297,73
5197,-1.191,1.563,0.000,-114.751,0.601,-1.288,73
5198,-1.189,1.567,0.000,-115.261,0.609,-1.279,73
5199,-1.187,1.570,0.000,-115.754,0.618,-1.270,73
5200,-1.186,1.574,0.000,-116.226,0.627,-1.261,73
5201,-1.184,1.577,0.000,-116.675,0.635,-1.252,73
5202,-1.182,1.580,0.000,-117.112,0.643,-1.243,73
5203,-1.181,1.584,0.000,-117.541,0.650,-1.235,73
5204,-1.179,1.587,0.000,-117.950,0.657,-1.227,73
5205,-1.177,1.590,0.000,-118.317,0.656,-1.222,73
5206,-1.175,1.594,0.000,-118.652,0.664,-1.213,73
5207,-1.173,1.597,0.000,-118.908,0.661,-1.209,73
5208,-1.171,1.601,0.000,-119.063,0.662,-1.204,73
5209,-1.169,1.604,0.000,-119.194,0.672,-1.192,73
5210,-1.167,1.607,0.000,-119.347,0.679,-1.183,73
5211,-1.165,1.611,0.000,-119.452,0.674,-1.180,73
5212,-1.164,1.614,0.000,-119.494,0.669,-1.177,73
5213,-1.161,1.618,0.000,-119.476,0.668,-1.171,73
5214,-1.159,1.621,0.000,-119.397,0.664,-1.166,73
5215,-1.157,1.625,0.000,-119.272,0.658,-1.162,73
5216,-1.155,1.629,0.000,-119.136,0.652,-1.159,73
5217,-1.153,1.632,0.000,-119.019,0.647,-1.155,73
5218,-1.151,1.636,0.000,-118.942,0.643,-1.150,73
5219,-1.150,1.639,0.000,-118.911,0.639,-1.145,73
5220,-1.148,1.643,0.000,-118.926,0.636,-1.140,73
5221,-1.146,1.646,0.000,-118.983,0.635,-1.135,73
5222,-1.144,1.650,0.000,-119.076,0.634,-1.129,73
5223,-1.142,1.653,0.000,-119.190,0.633,-1.123,73
5224,-1.140,1.656,0.000,-119.305,0.633,-1.116,73
5225,-1.138,1.660,0.000,-119.398,0.632,-1.110,73
5226,-1.136,1.663,0.000,-119.452,0.630,-1.105,73
5227,-1.134,1.667,0.000,-119.461,0.627,-1.100,73
5228,-1.132,1.670,0.000,-119.441,0.609,-1.104,73
5229,-1.130,1.673,0.000,-119.369,0.607,-1.098,73
5230,-1.129,1.677,0.000,-119.269,0.608,-1.090,73
5231,-1.127,1.680,0.000,-119.135,0.602,-1.088,73
5232,-1.125,1.683,0.000,-118.974,0.594,-1.086,73
5233,-1.123,1.686,0.000,-118.794,0.588,-1.083,73
5234,-1.121,1.690,0.000,-118.599,0.583,-1.080,73
5235,-1.120,1.693,0.000,-118.386,0.594,-1.068,73
5236,-1.118,1.696,0.000,-118.222,0.580,-1.071,73
5237,-1.116,1.699,0.000,-118.032,0.571,-1.071,73
5238,-1.115,1.702,0.000,-117.709,0.567,-1.068,73
5239,-1.113,1.705,0.000,-117.323,0.550,-1.072,73
5240,-1.111,1.708,0.000,-116.866,0.532,-1.075,73
5241,-1.110,1.712,0.000,-116.266,0.523,-1.075,73
5242,-1.108,1.715,0.000,-115.560,0.511,-1.075,73
5243,-1.107,1.718,0.000,-114.781,0.493,-1.078,73
5244,-1.105,1.721,0.000,-113.947,0.473,-1.081,73
5245,-1.104,1.725,0.000,-113.082,0.473,-1.075,73
5246,-1.102,1.728,0.000,-112.278,0.447,-1.080,73
5247,-1.101,1.732,0.000,-111.482,0.428,-1.082,73
5248,-1.099,1.735,0.000,-110.629,0.413,-1.082,73
5249,-1.098,1.739,0.000,-109.743,0.396,-1.082,73
5250,-1.097,1.742,0.000,-108.841,0.357,-1.089,73
5251,-1.095,1.746,0.000,-107.919,0.347,-1.086,73
5252,-1.094,1.750,0.000,-106.988,0.340,-1.080,73
5253,-1.093,1.754,0.000,-106.099,0.303,-1.083,73
5254,-1.092,1.758,0.000,-105.250,0.286,-1.081,73
5255,-1.091,1.762,0.000,-104.443,0.273,-1.077,73
5256,-1.090,1.766,0.000,-103.680,0.269,-1.070,73
5257,-1.089,1.770,0.000,-102.951,0.244,-1.068,73
5258,-1.088,1.774,0.000,-102.265,0.234,-1.062,73
5259,-1.087,1.779,0.000,-101.623,0.226,-1.056,73
5260,-1.086,1.783,0.000,-101.025,0.211,-1.050,73
5261,-1.085,1.787,0.000,-100.459,0.182,-1.046,73
5262,-1.084,1.792,0.000,-99.918,0.171,-1.039,73
5263,-1.083,1.796,0.000,-99.410,0.167,-1.030,73
5264,-1.083,1.801,0.000,-98.943,0.158,-1.022,73
5265,-1.082,1.806,0.000,-98.512,0.158,-1.012,73
5266,-1.081,1.810,0.000,-98.106,0.141,-1.005,73
5267,-1.081,1.815,0.000,-97.723,0.140,-0.996,73
5268,-1.080,1.819,0.000,-97.382,0.137,-0.987,73
5269,-1.079,1.824,0.000,-97.068,0.111,-0.980,73
5270,-1.079,1.828,0.000,-96.773,0.103,-0.972,73
5271,-1.078,1.833,0.000,-96.515,0.106,-0.962,73
5272,-1.078,1.837,0.000,-96.306,0.103,-0.954,73
5273,-1.077,1.842,0.000,-96.145,0.097,-0.945,73
5274,-1.077,1.846,0.000,-96.017,0.102,-0.935,73
5275,-1.076,1.851,0.000,-95.922,0.107,-0.924,73
5276,-1.076,1.856,0.000,-95.864,0.101,-0.914,73
5277,-1.075,1.860,0.000,-95.845,0.096,-0.903,73
5278,-1.075,1.865,0.000,-95.866,0.096,-0.892,73
5279,-1.075,1.870,0.000,-95.930,0.098,-0.881,73
5280,-1.074,1.875,0.000,-96.043,0.098,-0.871,73
5281,-1.074,1.879,0.000,-96.209,0.099,-0.861,73
5282,-1.073,1.883,0.000,-96.436,0.101,-0.852,73
5283,-1.073,1.887,0.000,-96.727,0.105,-0.844,73
5284,-1.073,1.891,0.000,-97.088,0.109,-0.836,73
5285,-1.072,1.895,0.000,-97.526,0.115,-0.828,73
5286,-1.072,1.898,0.000,-98.043,0.121,-0.821,73
5287,-1.071,1.902,0.000,-98.645,0.129,-0.813,73
5288,-1.071,1.906,0.000,-99.318,0.118,-0.809,73
5289,-1.070,1.909,0.000,-100.021,0.135,-0.802,73
5290,-1.070,1.912,0.000,-100.804,0.150,-0.794,73
5291,-1.069,1.915,0.000,-101.695,0.158,-0.788,73
5292,-1.068,1.918,0.000,-102.693,0.169,-0.781,73
5293,-1.067,1.921,0.000,-103.790,0.192,-0.771,73
5294,-1.066,1.924,0.000,-104.939,0.203,-0.764,73
5295,-1.066,1.927,0.000,-106.177,0.224,-0.755,73
5296,-1.065,1.930,0.000,-107.473,0.246,-0.745,73
5297,-1.064,1.933,0.000,-108.841,0.257,-0.739,73
5298,-1.063,1.936,0.000,-110.307,0.274,-0.731,73
5299,-1.062,1.938,0.000,-111.823,0.279,-0.727,73
5300,-1.061,1.941,0.000,-113.285,0.307,-0.713,73
5301,-1.060,1.943,0.000,-114.672,0.314,-0.709,73
5302,-1.059,1.945,0.000,-115.973,0.332,-0.700,73
5303,-1.058,1.948,0.000,-117.216,0.363,-0.684,73
5304,-1.057,1.950,0.000,-118.454,0.368,-0.680,73
5305,-1.055,1.953,0.000,-119.679,0.384,-0.669,73
5306,-1.054,1.955,0.000,-120.776,0.401,-0.658,73
5307,-1.052,1.957,0.000,-121.773,0.397,-0.660,73
5308,-1.051,1.959,0.000,-122.731,0.434,-0.636,73
5309,-1.050,1.962,0.000,-123.706,0.419,-0.645,73
5310,-1.049,1.963,0.000,-124.712,0.454,-0.626,73
5311,-1.047,1.965,0.000,-125.718,0.447,-0.633,73
5312,-1.047,1.966,0.000,-126.615,0.476,-0.616,73
5313,-1.045,1.968,0.000,-127.501,0.479,-0.615,73
5314,-1.044,1.970,0.000,-128.443,0.486,-0.610,73
5315,-1.042,1.972,0.000,-129.168,0.497,-0.602,73
5316,-1.041,1.973,0.000,-129.696,0.505,-0.597,73
5317,-1.039,1.975,0.000,-130.123,0.510,-0.596,73
5318,-1.038,1.977,0.000,-130.492,0.514,-0.595,73
5319,-1.034,1.981,0.000,-130.439,0.503,-0.582,73
5320,-1.033,1.983,0.000,-129.971,0.501,-0.589,73
5321,-1.032,1.984,0.000,-129.920,0.503,-0.592,73
5322,-1.030,1.985,0.000,-130.122,0.507,-0.593,73
5323,-1.029,1.987,0.000,-130.400,0.511,-0.593,73
5324,-1.028,1.988,0.000,-130.686,0.516,-0.592,73
5325,-1.027,1.990,0.000,-130.962,0.521,-0.592,73
5326,-1.026,1.991,0.000,-131.226,0.526,-0.592,73
5327,-1.025,1.992,0.000,-131.473,0.531,-0.592,73
5328,-1.024,1.993,0.000,-131.700,0.534,-0.593,73
5329,-1.022,1.995,0.000,-131.917,0.535,-0.598,73
5330,-1.021,1.996,0.000,-132.128,0.547,-0.591,73
5331,-1.020,1.997,0.000,-132.362,0.550,-0.593,73
5332,-1.019,1.998,0.000,-132.591,0.550,-0.600,73
5333,-1.018,2.000,0.000,-132.771,0.565,-0.591,73
5334,-1.017,2.001,0.000,-132.932,0.557,-0.605,73
5335,-1.016,2.002,0.000,-133.085,0.580,-0.593,73
5336,-1.015,2.003,0.000,-133.235,0.565,-0.614,73
5337,-1.014,2.003,0.000,-133.407,0.594,-0.600,73
5338,-1.013,2.005,0.000,-133.569,0.577,-0.625,73
5339,-1.012,2.006,0.000,-133.667,0.604,-0.609,73
5340,-1.011,2.007,0.000,-133.726,0.599,-0.624,73
5341,-1.010,2.007,0.000,-133.732,0.604,-0.631,73
5342,-1.010,2.008,0.000,-133.642,0.603,-0.643,73
5343,-1.009,2.009,0.000,-133.403,0.605,-0.653,73
5344,-1.008,2.010,0.000,-132.922,0.609,-0.662,73
5345,-1.007,2.011,0.000,-132.295,0.610,-0.672,73
5346,-1.006,2.012,0.000,-131.606,0.609,-0.682,73
5347,-1.005,2.013,0.000,-130.924,0.613,-0.688,73
5348,-1.004,2.014,0.000,-130.307,0.607,-0.707,73
5349,-1.004,2.015,0.000,-129.766,0.588,-0.736,73
5350,-1.003,2.015,0.000,-129.234,0.609,-0.734,73
5351,-1.003,2.016,0.000,-128.714,0.594,-0.759,73
5352,-1.002,2.017,0.000,-128.197,0.610,-0.760,73
5353,-1.001,2.018,0.000,-127.747,0.608,-0.775,73
5354,-1.001,2.018,0.000,-127.428,0.608,-0.788,73
5355,-1.000,2.019,0.000,-127.018,0.609,-0.800,73
5356,-0.999,2.020,0.000,-126.482,0.608,-0.813,73
5357,-0.999,2.021,0.000,-125.820,0.604,-0.827,73
5358,-0.998,2.022,0.000,-125.030,0.597,-0.843,73
5359,-0.997,2.023,0.000,-124.125,0.589,-0.860,73
5360,-0.996,2.025,0.000,-123.126,0.579,-0.877,73
5361,-0.995,2.026,0.000,-122.065,0.566,-0.894,73
5362,-0.995,2.027,0.000,-120.977,0.553,-0.911,73
5363,-0.994,2.028,0.000,-119.895,0.539,-0.927,73
5364,-0.993,2.030,0.000,-118.840,0.525,-0.943,73
5365,-0.992,2.031,0.000,-117.827,0.512,-0.958,73
5366,-0.991,2.033,0.000,-116.865,0.498,-0.971,73
5367,-0.991,2.035,0.000,-115.963,0.485,-0.984,73
5368,-0.990,2.036,0.000,-115.132,0.473,-0.995,73
5369,-0.989,2.038,0.000,-114.381,0.462,-1.006,73
5370,-0.988,2.040,0.000,-113.696,0.452,-1.015,73
5371,-0.987,2.042,0.000,-113.067,0.442,-1.024,73
5372,-0.987,2.044,0.000,-112.491,0.433,-1.032,73
5373,-0.986,2.046,0.000,-111.962,0.425,-1.039,73
5374,-0.985,2.048,0.000,-111.476,0.414,-1.046,73
5375,-0.984,2.050,0.000,-111.015,0.407,-1.052,73
5376,-0.983,2.053,0.000,-110.550,0.397,-1.059,73
5377,-0.982,2.055,0.000,-110.088,0.404,-1.058,73
5378,-0.981,2.058,0.000,-109.688,0.383,-1.067,73
5379,-0.980,2.060,0.000,-109.344,0.376,-1.072,73
5380,-0.980,2.062,0.000,-109.051,0.378,-1.074,73
5381,-0.979,2.065,0.000,-108.806,0.375,-1.077,73
5382,-0.978,2.068,0.000,-108.601,0.355,-1.086,73
5383,-0.977,2.070,0.000,-108.388,0.374,-1.082,73
5384,-0.976,2.073,0.000,-108.197,0.357,-1.088,73
5385,-0.975,2.075,0.000,-108.052,0.357,-1.090,73
5386,-0.974,2.078,0.000,-107.931,0.349,-1.096,73
5387,-0.973,2.080,0.000,-107.812,0.355,-1.096,73
5388,-0.973,2.083,0.000,-107.684,0.345,-1.102,73
5389,-0.972,2.085,0.000,-107.597,0.361,-1.101,73
5390,-0.972,2.088,0.000,-107.580,0.361,-1.103,73
5391,-0.971,2.090,0.000,-107.581,0.347,-1.111,73
5392,-0.970,2.093,0.000,-107.599,0.359,-1.110,73
5393,-0.969,2.095,0.000,-107.691,0.367,-1.113,73
5394,-0.969,2.097,0.000,-107.754,0.364,-1.118,73
5395,-0.968,2.099,0.000,-107.778,0.363,-1.123,73
5396,-0.967,2.101,0.000,-107.771,0.367,-1.127,73
5397,-0.966,2.103,0.000,-107.740,0.369,-1.131,73
5398,-0.966,2.105,0.000,-107.691,0.368,-1.137,73
5399,-0.965,2.107,0.000,-107.623,0.368,-1.142,73
5400,-0.965,2.109,0.000,-107.540,0.368,-1.147,73
5401,-0.964,2.111,0.000,-107.444,0.368,-1.153,73
5402,-0.963,2.113,0.000,-107.338,0.367,-1.159,73
5403,-0.963,2.115,0.000,-107.221,0.367,-1.165,73
5404,-0.962,2.116,0.000,-107.095,0.366,-1.171,73
5405,-0.962,2.118,0.000,-106.961,0.365,-1.177,73
5406,-0.961,2.120,0.000,-106.821,0.363,-1.183,73
5407,-0.961,2.122,0.000,-106.676,0.362,-1.189,73
5408,-0.960,2.123,0.000,-106.528,0.360,-1.195,73
5409,-0.960,2.125,0.000,-106.370,0.358,-1.202,73
5410,-0.959,2.127,0.000,-106.210,0.346,-1.211,73
5411,-0.959,2.128,0.000,-106.027,0.339,-1.219,73
5412,-0.958,2.130,0.000,-105.845,0.363,-1.219,73
5413,-0.958,2.132,0.000,-105.672,0.350,-1.229,73
5414,-0.957,2.133,0.000,-105.513,0.342,-1.239,73
5415,-0.955,2.139,0.000,-105.400,0.344,-1.223,73
5416,-0.955,2.141,0.000,-105.345,0.347,-1.230,73
5417,-0.955,2.142,0.000,-105.283,0.344,-1.239,73
5418,-0.954,2.144,0.000,-105.212,0.343,-1.247,73
5419,-0.954,2.145,0.000,-105.134,0.345,-1.255,73
5420,-0.954,2.146,0.000,-105.062,0.346,-1.263,73
5421,-0.953,2.148,0.000,-105.009,0.346,-1.270,73
5422,-0.953,2.149,0.000,-104.984,0.347,-1.278,73
5423,-0.953,2.151,0.000,-104.990,0.349,-1.284,73
5424,-0.952,2.152,0.000,-105.029,0.352,-1.290,73
5425,-0.952,2.154,0.000,-105.103,0.355,-1.295,73
5426,-0.951,2.156,0.000,-105.214,0.359,-1.299,73
5427,-0.951,2.157,0.000,-105.364,0.364,-1.304,73
5428,-0.950,2.159,0.000,-105.548,0.369,-1.307,73
5429,-0.950,2.161,0.000,-105.752,0.357,-1.316,73
5430,-0.949,2.163,0.000,-105.918,0.367,-1.317,73
5431,-0.949,2.165,0.000,-106.072,0.379,-1.318,73
5432,-0.948,2.167,0.000,-106.273,0.382,-1.322,73
5433,-0.947,2.169,0.000,-106.507,0.386,-1.325,73
5434,-0.947,2.171,0.000,-106.752,0.407,-1.322,73
5435,-0.946,2.173,0.000,-107.013,0.419,-1.323,73
5436,-0.946,2.175,0.000,-107.315,0.417,-1.328,73
5437,-0.945,2.177,0.000,-107.635,0.405,-1.334,73
5438,-0.944,2.179,0.000,-107.938,0.436,-1.329,73
5439,-0.943,2.181,0.000,-108.231,0.444,-1.332,73
5440,-0.943,2.183,0.000,-108.479,0.452,-1.335,73
5441,-0.942,2.184,0.000,-108.681,0.459,-1.339,73
5442,-0.942,2.186,0.000,-108.845,0.464,-1.344,73
5443,-0.941,2.188,0.000,-108.974,0.469,-1.348,73
5444,-0.941,2.189,0.000,-109.071,0.474,-1.353,73
5445,-0.940,2.191,0.000,-109.132,0.477,-1.358,73
5446,-0.939,2.192,0.000,-109.151,0.480,-1.364,73
5447,-0.939,2.194,0.000,-109.147,0.468,-1.375,73
5448,-0.938,2.195,0.000,-109.117,0.466,-1.382,73
5449,-0.938,2.197,0.000,-109.051,0.475,-1.386,73
5450,-0.937,2.198,0.000,-108.942,0.475,-1.393,73
5451,-0.937,2.200,0.000,-108.800,0.471,-1.401,73
5452,-0.937,2.201,0.000,-108.640,0.482,-1.405,73
5453,-0.936,2.203,0.000,-108.482,0.454,-1.421,73
5454,-0.936,2.203,0.000,-108.332,0.483,-1.424,73
5455,-0.935,2.205,0.000,-108.262,0.469,-1.433,73
5456,-0.935,2.207,0.000,-108.223,0.490,-1.433,73
5457,-0.934,2.208,0.000,-108.206,0.476,-1.447,73
5458,-0.934,2.209,0.000,-108.194,0.478,-1.455,73
5459,-0.933,2.211,0.000,-108.153,0.487,-1.462,73
5460,-0.933,2.212,0.000,-108.100,0.489,-1.471,73
5461,-0.933,2.213,0.000,-108.036,0.487,-1.481,73
5462,-0.932,2.214,0.000,-107.967,0.488,-1.491,73
5463,-0.932,2.215,0.000,-107.898,0.490,-1.500,73
5464,-0.932,2.216,0.000,-107.830,0.492,-1.510,73
5465,-0.931,2.217,0.000,-107.762,0.492,-1.519,73
5466,-0.931,2.219,0.000,-107.692,0.493,-1.529,73
5467,-0.931,2.220,0.000,-107.622,0.487,-1.541,73
5468,-0.930,2.221,0.000,-107.553,0.498,-1.548,73
5469,-0.930,2.222,0.000,-107.491,0.500,-1.558,73
5470,-0.930,2.223,0.000,-107.434,0.498,-1.569,73
5471,-0.929,2.224,0.000,-107.379,0.498,-1.578,73
5472,-0.929,2.225,0.000,-107.337,0.502,-1.587,73
5473,-0.929,2.226,0.000,-107.327,0.504,-1.596,73
5474,-0.928,2.227,0.000,-107.369,0.507,-1.603,73
5475,-0.928,2.228,0.000,-107.475,0.513,-1.610,73
5476,-0.927,2.230,0.000,-107.643,0.520,-1.616,73
5477,-0.927,2.231,0.000,-107.868,0.528,-1.620,73
5478,-0.927,2.233,0.000,-108.143,0.538,-1.624,73
5479,-0.926,2.235,0.000,-108.464,0.549,-1.627,73
5480,-0.926,2.236,0.000,-108.824,0.561,-1.629,73
5481,-0.925,2.238,0.000,-109.220,0.574,-1.631,73
5482,-0.924,2.240,0.000,-109.643,0.588,-1.631,73
5483,-0.924,2.241,0.000,-110.085,0.602,-1.631,73
5484,-0.923,2.243,0.000,-110.543,0.617,-1.631,73
5485,-0.922,2.245,0.000,-111.015,0.632,-1.630,73
5486,-0.922,2.247,0.000,-111.498,0.647,-1.628,73
5487,-0.921,2.249,0.000,-111.987,0.662,-1.626,73
5488,-0.920,2.251,0.000,-112.473,0.677,-1.623,73
5489,-0.919,2.253,0.000,-112.952,0.692,-1.620,73
5490,-0.918,2.256,0.000,-113.420,0.706,-1.616,73
5491,-0.917,2.258,0.000,-113.873,0.706,-1.619,73
5492,-0.916,2.260,0.000,-114.281,0.717,-1.617,73
5493,-0.915,2.262,0.000,-114.681,0.736,-1.611,73
5494,-0.914,2.264,0.000,-115.079,0.765,-1.599,73
5495,-0.913,2.267,0.000,-115.511,0.771,-1.598,73
5496,-0.912,2.269,0.000,-115.918,0.777,-1.596,73
5497,-0.911,2.272,0.000,-116.289,0.791,-1.591,73
5498,-0.909,2.274,0.000,-116.635,0.803,-1.585,73
5499,-0.908,2.277,0.000,-116.962,0.811,-1.582,73
5500,-0.907,2.279,0.000,-117.271,0.819,-1.578,73
5501,-0.905,2.282,0.000,-117.561,0.827,-1.574,73
5502,-0.904,2.284,0.000,-117.834,0.835,-1.569,73
5503,-0.903,2.287,0.000,-118.091,0.842,-1.565,73
5504,-0.901,2.290,0.000,-118.337,0.848,-1.561,73
5505,-0.900,2.292,0.000,-118.577,0.854,-1.556,73
5506,-0.898,2.295,0.000,-118.809,0.860,-1.552,73
5507,-0.897,2.297,0.000,-119.030,0.865,-1.548,73
5508,-0.896,2.300,0.000,-119.237,0.871,-1.544,73
5509,-0.894,2.303,0.000,-119.432,0.875,-1.540,73
5510,-0.893,2.305,0.000,-119.616,0.863,-1.546,73
5511,-0.891,2.308,0.000,-119.800,0.874,-1.540,73
5512,-0.890,2.310,0.000,-119.978,0.901,-1.523,73
5513,-0.888,2.313,0.000,-120.155,0.887,-1.529,73
5514,-0.886,2.316,0.000,-120.329,0.892,-1.524,73
5515,-0.885,2.319,0.000,-120.543,0.903,-1.515,73
5516,-0.883,2.321,0.000,-120.733,0.907,-1.510,73
5517,-0.881,2.324,0.000,-120.892,0.907,-1.507,73
5518,-0.880,2.327,0.000,-121.032,0.909,-1.503,73
5519,-0.878,2.330,0.000,-121.163,0.909,-1.500,73
5520,-0.876,2.333,0.000,-121.291,0.910,-1.497,73
5521,-0.874,2.336,0.000,-121.406,0.904,-1.497,73
5522,-0.873,2.339,0.000,-121.529,0.906,-1.492,73
5523,-0.871,2.342,0.000,-121.656,0.911,-1.485,73
5524,-0.869,2.345,0.000,-121.785,0.914,-1.480,73
5525,-0.867,2.348,0.000,-121.913,0.913,-1.475,73
5526,-0.865,2.351,0.000,-122.053,0.923,-1.465,73
5527,-0.863,2.354,0.000,-122.161,0.927,-1.457,73
5528,-0.861,2.357,0.000,-122.327,0.927,-1.452,73
5529,-0.859,2.360,0.000,-122.505,0.921,-1.450,73
5530,-0.857,2.363,0.000,-122.679,0.922,-1.444,73
5531,-0.855,2.367,0.000,-122.803,0.922,-1.440,73
5532,-0.853,2.370,0.000,-122.899,0.921,-1.435,73
5533,-0.851,2.373,0.000,-122.979,0.921,-1.429,73
5534,-0.849,2.376,0.000,-123.053,0.920,-1.424,73
5535,-0.847,2.379,0.000,-123.125,0.921,-1.417,73
5536,-0.845,2.383,0.000,-123.208,0.924,-1.408,73
5537,-0.842,2.386,0.000,-123.361,0.931,-1.397,73
5538,-0.840,2.389,0.000,-123.473,0.929,-1.391,73
5539,-0.838,2.393,0.000,-123.547,0.925,-1.387,73
5540,-0.836,2.396,0.000,-123.605,0.923,-1.381,73
5541,-0.834,2.399,0.000,-123.659,0.923,-1.375,73
5542,-0.831,2.402,0.000,-123.716,0.913,-1.374,73
5543,-0.829,2.406,0.000,-123.763,0.913,-1.367,73
5544,-0.827,2.409,0.000,-123.804,0.906,-1.365,73
5545,-0.825,2.412,0.000,-123.843,0.903,-1.360,73
5546,-0.823,2.415,0.000,-123.882,0.917,-1.343,73
5547,-0.820,2.419,0.000,-123.901,0.906,-1.344,73
5548,-0.818,2.422,0.000,-123.906,0.903,-1.338,73
5549,-0.816,2.425,0.000,-123.929,0.903,-1.330,73
5550,-0.814,2.429,0.000,-123.964,0.900,-1.324,73
5551,-0.811,2.432,0.000,-124.005,0.896,-1.319,73
5552,-0.809,2.435,0.000,-124.053,0.877,-1.324,73
5553,-0.807,2.439,0.000,-124.068,0.884,-1.312,73
5554,-0.805,2.442,0.000,-124.072,0.894,-1.299,73
5555,-0.803,2.445,0.000,-124.148,0.891,-1.295,73
5556,-0.801,2.448,0.000,-124.228,0.884,-1.294,73
5557,-0.799,2.451,0.000,-124.298,0.884,-1.289,73
5558,-0.797,2.454,0.000,-124.367,0.886,-1.282,73
5559,-0.795,2.457,0.000,-124.441,0.882,-1.281,73
5560,-0.793,2.459,0.000,-124.513,0.878,-1.279,73
5561,-0.791,2.462,0.000,-124.533,0.870,-1.280,73
5562,-0.789,2.465,0.000,-124.565,0.884,-1.265,73
5563,-0.787,2.468,0.000,-124.654,0.886,-1.261,73
5564,-0.785,2.471,0.000,-124.749,0.862,-1.274,73
5565,-0.783,2.473,0.000,-124.844,0.873,-1.264,73
5566,-0.781,2.476,0.000,-124.919,0.880,-1.256,73
5567,-0.780,2.478,0.000,-124.943,0.874,-1.259,73
5568,-0.778,2.481,0.000,-124.977,0.871,-1.260,73
5569,-0.777,2.483,0.000,-125.022,0.874,-1.257,73
5570,-0.775,2.485,0.000,-125.074,0.878,-1.253,73
5571,-0.773,2.487,0.000,-125.134,0.881,-1.250,73
5572,-0.772,2.490,0.000,-125.238,0.889,-1.243,73
5573,-0.770,2.492,0.000,-125.313,0.890,-1.242,73
5574,-0.769,2.494,0.000,-125.353,0.888,-1.244,73
5575,-0.767,2.496,0.000,-125.377,0.888,-1.244,73
5576,-0.766,2.498,0.000,-125.406,0.891,-1.243,73
5577,-0.764,2.500,0.000,-125.450,0.892,-1.242,73
5578,-0.763,2.502,0.000,-125.503,0.893,-1.243,73
5579,-0.761,2.504,0.000,-125.559,0.895,-1.243,73
5580,-0.760,2.506,0.000,-125.618,0.897,-1.242,73
5581,-0.759,2.508,0.000,-125.676,0.899,-1.242,73
5582,-0.757,2.510,0.000,-125.719,0.901,-1.243,73
5583,-0.756,2.512,0.000,-125.736,0.902,-1.244,73
5584,-0.755,2.513,0.000,-125.730,0.902,-1.245,73
5585,-0.753,2.515,0.000,-125.710,0.903,-1.246,73
5586,-0.752,2.517,0.000,-125.678,0.903,-1.248,73
5587,-0.751,2.519,0.000,-125.641,0.903,-1.250,73
5588,-0.750,2.520,0.000,-125.607,0.904,-1.252,73
5589,-0.749,2.522,0.000,-125.572,0.904,-1.254,73
5590,-0.748,2.523,0.000,-125.541,0.904,-1.256,73
5591,-0.746,2.525,0.000,-125.525,0.905,-1.258,73
5592,-0.745,2.527,0.000,-125.525,0.907,-1.260,73
5593,-0.744,2.528,0.000,-125.543,0.908,-1.262,73
5594,-0.743,2.530,0.000,-125.577,0.910,-1.263,73
5595,-0.742,2.531,0.000,-125.624,0.913,-1.264,73
5596,-0.741,2.533,0.000,-125.681,0.916,-1.266,73
5597,-0.740,2.534,0.000,-125.752,0.919,-1.266,73
5598,-0.739,2.536,0.000,-125.840,0.922,-1.267,73
5599,-0.738,2.537,0.000,-125.942,0.925,-1.266,73
5600,-0.737,2.539,0.000,-126.060,0.928,-1.265,73
5601,-0.735,2.540,0.000,-126.194,0.932,-1.264,73
5602,-0.734,2.542,0.000,-126.339,0.935,-1.262,73
5603,-0.733,2.544,0.000,-126.488,0.939,-1.259,73
5604,-0.731,2.546,0.000,-126.641,0.942,-1.257,73
5605,-0.730,2.548,0.000,-126.800,0.944,-1.254,73
5606,-0.729,2.550,0.000,-126.957,0.943,-1.255,73
5607,-0.727,2.552,0.000,-127.092,0.951,-1.248,73
5608,-0.726,2.554,0.000,-127.229,0.959,-1.240,73
5609,-0.724,2.556,0.000,-127.368,0.948,-1.247,73
5610,-0.722,2.558,0.000,-127.507,0.942,-1.250,73
5611,-0.721,2.560,0.000,-127.637,0.956,-1.236,73
5612,-0.719,2.562,0.000,-127.725,0.954,-1.236,73
5613,-0.717,2.564,0.000,-127.804,0.950,-1.237,73
5614,-0.715,2.567,0.000,-127.896,0.951,-1.233,73
5615,-0.714,2.569,0.000,-127.995,0.954,-1.228,73
5616,-0.712,2.571,0.000,-128.096,0.954,-1.225,73
5617,-0.710,2.574,0.000,-128.195,0.968,-1.210,73
5618,-0.708,2.576,0.000,-128.291,0.947,-1.223,73
5619,-0.706,2.578,0.000,-128.385,0.952,-1.215,73
5620,-0.704,2.581,0.000,-128.479,0.968,-1.197,73
5621,-0.702,2.584,0.000,-128.579,0.955,-1.202,73
5622,-0.700,2.586,0.000,-128.691,0.960,-1.193,73
5623,-0.698,2.589,0.000,-128.797,0.964,-1.184,73
5624,-0.696,2.591,0.000,-128.910,0.960,-1.182,73
5625,-0.694,2.594,0.000,-129.017,0.953,-1.181,73
5626,-0.691,2.597,0.000,-129.089,0.946,-1.180,73
5627,-0.689,2.599,0.000,-129.165,0.947,-1.174,73
5628,-0.687,2.602,0.000,-129.250,0.948,-1.166,73
5629,-0.685,2.605,0.000,-129.331,0.948,-1.159,73
5630,-0.682,2.608,0.000,-129.416,0.947,-1.152,73
5631,-0.680,2.611,0.000,-129.482,0.950,-1.141,73
5632,-0.678,2.613,0.000,-129.452,0.935,-1.148,73
5633,-0.675,2.617,0.000,-129.423,0.926,-1.146,73
5634,-0.673,2.619,0.000,-129.528,0.930,-1.135,73
5635,-0.670,2.622,0.000,-129.635,0.930,-1.126,73
5636,-0.668,2.625,0.000,-129.725,0.940,-1.110,73
5637,-0.665,2.628,0.000,-129.838,0.928,-1.110,73
5638,-0.663,2.631,0.000,-129.970,0.918,-1.110,73
5639,-0.660,2.634,0.000,-130.063,0.916,-1.103,73
5640,-0.658,2.637,0.000,-130.127,0.916,-1.093,73
5641,-0.655,2.640,0.000,-130.167,0.913,-1.087,73
5642,-0.653,2.643,0.000,-130.188,0.907,-1.083,73
5643,-0.650,2.646,0.000,-130.183,0.902,-1.077,73
5644,-0.648,2.649,0.000,-130.150,0.898,-1.072,73
5645,-0.645,2.652,0.000,-130.102,0.892,-1.068,73
5646,-0.643,2.655,0.000,-130.052,0.887,-1.064,73
5647,-0.640,2.658,0.000,-130.006,0.882,-1.060,73
5648,-0.638,2.661,0.000,-129.967,0.878,-1.056,73
5649,-0.636,2.663,0.000,-129.933,0.874,-1.052,73
5650,-0.634,2.666,0.000,-129.901,0.870,-1.048,73
5651,-0.631,2.669,0.000,-129.869,0.866,-1.045,73
5652,-0.629,2.671,0.000,-129.835,0.862,-1.041,73
5653,-0.627,2.674,0.000,-129.799,0.858,-1.038,73
5654,-0.625,2.676,0.000,-129.761,0.862,-1.029,73
5655,-0.623,2.679,0.000,-129.735,0.854,-1.029,73
5656,-0.621,2.681,0.000,-129.728,0.856,-1.023,73
5657,-0.619,2.683,0.000,-129.704,0.841,-1.031,73
5658,-0.617,2.686,0.000,-129.671,0.844,-1.024,73
5659,-0.615,2.688,0.000,-129.629,0.842,-1.021,73
5660,-0.614,2.690,0.000,-129.585,0.837,-1.021,73
5661,-0.612,2.692,0.000,-129.530,0.834,-1.020,73
5662,-0.610,2.695,0.000,-129.465,0.831,-1.018,73
5663,-0.608,2.697,0.000,-129.389,0.828,-1.017,73
5664,-0.606,2.699,0.000,-129.299,0.824,-1.016,73
5665,-0.605,2.701,0.000,-129.190,0.820,-1.015,73
5666,-0.603,2.704,0.000,-129.055,0.816,-1.014,73
5667,-0.601,2.706,0.000,-128.891,0.810,-1.013,73
5668,-0.599,2.708,0.000,-128.693,0.804,-1.012,73
5669,-0.597,2.711,0.000,-128.481,0.805,-1.006,73
5670,-0.595,2.713,0.000,-128.316,0.804,-1.000,73
5671,-0.593,2.716,0.000,-128.127,0.795,-1.002,73
5672,-0.591,2.718,0.000,-127.909,0.786,-1.004,73
5673,-0.589,2.720,0.000,-127.666,0.780,-1.002,73
5674,-0.587,2.723,0.000,-127.395,0.773,-1.001,73
5675,-0.585,2.725,0.000,-127.111,0.765,-1.001,73
5676,-0.583,2.728,0.000,-126.823,0.756,-1.002,73
5677,-0.582,2.731,0.000,-126.535,0.748,-1.001,73
5678,-0.580,2.733,0.000,-126.248,0.740,-1.000,73
5679,-0.578,2.736,0.000,-125.965,0.732,-1.000,73
5680,-0.576,2.738,0.000,-125.684,0.724,-0.999,73
5681,-0.574,2.741,0.000,-125.404,0.716,-0.998,73
5682,-0.572,2.744,0.000,-125.122,0.708,-0.996,73
5683,-0.570,2.746,0.000,-124.837,0.699,-0.995,73
5684,-0.568,2.749,0.000,-124.547,0.691,-0.994,73
5685,-0.566,2.752,0.000,-124.252,0.682,-0.992,73
5686,-0.565,2.754,0.000,-123.955,0.674,-0.991,73
5687,-0.563,2.757,0.000,-123.658,0.665,-0.989,73
5688,-0.561,2.760,0.000,-123.370,0.657,-0.988,73
5689,-0.559,2.762,0.000,-123.098,0.650,-0.986,73
5690,-0.558,2.765,0.000,-122.849,0.642,-0.985,73
5691,-0.556,2.767,0.000,-122.624,0.636,-0.983,73
5692,-0.554,2.770,0.000,-122.426,0.630,-0.981,73
5693,-0.553,2.772,0.000,-122.252,0.624,-0.979,73
5694,-0.551,2.775,0.000,-122.098,0.619,-0.977,73
5695,-0.550,2.777,0.000,-121.960,0.615,-0.975,73
5696,-0.548,2.780,0.000,-121.837,0.610,-0.972,73
5697,-0.547,2.782,0.000,-121.726,0.606,-0.970,73
5698,-0.546,2.784,0.000,-121.626,0.602,-0.968,73
5699,-0.544,2.786,0.000,-121.538,0.599,-0.965,73
5700,-0.543,2.789,0.000,-121.460,0.579,-0.973,73
5701,-0.542,2.791,0.000,-121.382,0.607,-0.952,73
5702,-0.540,2.793,0.000,-121.303,0.581,-0.964,73
5703,-0.539,2.795,0.000,-121.238,0.590,-0.959,73
5704,-0.538,2.797,0.000,-121.178,0.593,-0.954,73
5705,-0.537,2.799,0.000,-121.086,0.581,-0.960,73
5706,-0.536,2.801,0.000,-120.984,0.579,-0.959,73
5707,-0.535,2.803,0.000,-120.944,0.581,-0.956,73
5708,-0.534,2.804,0.000,-120.945,0.580,-0.955,73
5709,-0.532,2.806,0.000,-120.968,0.578,-0.954,73
5710,-0.531,2.808,0.000,-121.003,0.578,-0.953,73
5711,-0.530,2.810,0.000,-121.043,0.579,-0.951,73
5712,-0.529,2.812,0.000,-121.087,0.579,-0.950,73
5713,-0.528,2.814,0.000,-121.130,0.579,-0.949,73
5714,-0.527,2.815,0.000,-121.171,0.580,-0.948,73
5715,-0.526,2.817,0.000,-121.207,0.580,-0.947,73
5716,-0.525,2.819,0.000,-121.241,0.580,-0.946,73
5717,-0.524,2.820,0.000,-121.270,0.581,-0.945,73
5718,-0.523,2.822,0.000,-121.296,0.581,-0.945,73
5719,-0.522,2.823,0.000,-121.318,0.581,-0.944,73
5720,-0.521,2.825,0.000,-121.335,0.581,-0.944,73
5721,-0.520,2.826,0.000,-121.350,0.582,-0.944,73
5722,-0.519,2.828,0.000,-121.362,0.582,-0.944,73
5723,-0.518,2.829,0.000,-121.372,0.582,-0.944,73
5724,-0.518,2.831,0.000,-121.380,0.582,-0.944,73
5725,-0.517,2.832,0.000,-121.386,0.583,-0.945,73
5726,-0.516,2.834,0.000,-121.390,0.583,-0.945,73
5727,-0.515,2.835,0.000,-121.393,0.583,-0.945,73
5728,-0.514,2.836,0.000,-121.395,0.584,-0.946,73
5729,-0.513,2.838,0.000,-121.396,0.584,-0.947,73
5730,-0.513,2.839,0.000,-121.398,0.584,-0.948,73
5731,-0.512,2.840,0.000,-121.398,0.585,-0.948,73
5732,-0.511,2.841,0.000,-121.398,0.582,-0.951,73
5733,-0.511,2.842,0.000,-121.416,0.582,-0.956,73
5734,-0.510,2.843,0.000,-121.427,0.577,-0.960,73
5735,-0.509,2.845,0.000,-121.457,0.580,-0.960,73
5736,-0.508,2.846,0.000,-121.546,0.584,-0.960,73
5737,-0.508,2.847,0.000,-121.683,0.603,-0.951,73
5738,-0.507,2.848,0.000,-121.860,0.603,-0.953,73
5739,-0.506,2.850,0.000,-122.107,0.601,-0.956,73
5740,-0.505,2.851,0.000,-122.476,0.610,-0.952,73
5741,-0.505,2.852,0.000,-122.952,0.622,-0.946,73
5742,-0.504,2.854,0.000,-123.484,0.630,-0.942,73
5743,-0.503,2.855,0.000,-124.021,0.622,-0.950,73
5744,-0.502,2.856,0.000,-124.572,0.645,-0.937,73
5745,-0.501,2.857,0.000,-125.114,0.655,-0.933,73
5746,-0.500,2.858,0.000,-125.604,0.661,-0.932,73
5747,-0.500,2.859,0.000,-126.021,0.671,-0.928,73
5748,-0.499,2.860,0.000,-126.359,0.677,-0.928,73
5749,-0.498,2.861,0.000,-126.667,0.682,-0.927,73
5750,-0.497,2.863,0.000,-126.982,0.700,-0.917,73
5751,-0.497,2.864,0.000,-127.313,0.699,-0.922,73
5752,-0.496,2.865,0.000,-127.664,0.715,-0.914,73
5753,-0.495,2.866,0.000,-128.071,0.724,-0.909,73
5754,-0.494,2.867,0.000,-128.527,0.726,-0.909,73
5755,-0.493,2.868,0.000,-128.964,0.738,-0.903,73
5756,-0.492,2.869,0.000,-129.374,0.745,-0.902,73
5757,-0.491,2.871,0.000,-129.775,0.760,-0.893,73
5758,-0.490,2.872,0.000,-130.176,0.743,-0.911,73
5759,-0.489,2.873,0.000,-130.565,0.770,-0.891,73
5760,-0.488,2.874,0.000,-130.939,0.759,-0.905,73
5761,-0.487,2.876,0.000,-131.338,0.789,-0.879,73
5762,-0.486,2.876,0.000,-131.706,0.773,-0.901,73
5763,-0.485,2.878,0.000,-132.063,0.803,-0.878,73
5764,-0.484,2.879,0.000,-132.415,0.797,-0.889,73
5765,-0.483,2.880,0.000,-132.762,0.802,-0.887,73
5766,-0.482,2.881,0.000,-133.050,0.818,-0.879,73
5767,-0.481,2.882,0.000,-133.329,0.824,-0.877,73
5768,-0.480,2.884,0.000,-133.638,0.828,-0.878,73
5769,-0.478,2.885,0.000,-133.933,0.835,-0.876,73
5770,-0.477,2.886,0.000,-134.205,0.842,-0.873,73
5771,-0.476,2.887,0.000,-134.448,0.848,-0.871,73
5772,-0.475,2.888,0.000,-134.661,0.853,-0.871,73
5773,-0.474,2.889,0.000,-134.842,0.857,-0.870,73
5774,-0.473,2.891,0.000,-134.992,0.862,-0.869,73
5775,-0.472,2.892,0.000,-135.114,0.865,-0.869,73
5776,-0.470,2.893,0.000,-135.209,0.869,-0.870,73
5777,-0.469,2.894,0.000,-135.292,0.882,-0.862,73
5778,-0.468,2.895,0.000,-135.414,0.889,-0.858,73
5779,-0.467,2.896,0.000,-135.509,0.886,-0.865,73
5780,-0.466,2.898,0.000,-135.517,0.887,-0.868,73
5781,-0.464,2.899,0.000,-135.480,0.891,-0.868,73
5782,-0.463,2.900,0.000,-135.438,0.893,-0.870,73
5783,-0.462,2.901,0.000,-135.389,0.894,-0.874,73
5784,-0.461,2.902,0.000,-135.327,0.895,-0.877,73
5785,-0.460,2.903,0.000,-135.252,0.896,-0.880,73
5786,-0.459,2.904,0.000,-135.163,0.897,-0.884,73
5787,-0.458,2.906,0.000,-135.055,0.897,-0.887,73
5788,-0.456,2.907,0.000,-134.929,0.897,-0.891,73
5789,-0.455,2.908,0.000,-134.783,0.896,-0.895,73
5790,-0.454,2.909,0.000,-134.619,0.893,-0.903,73
5791,-0.453,2.910,0.000,-134.464,0.890,-0.909,73
5792,-0.452,2.911,0.000,-134.391,0.886,-0.918,73
5793,-0.451,2.912,0.000,-134.284,0.904,-0.906,73
5794,-0.450,2.913,0.000,-134.216,0.882,-0.935,73
5795,-0.449,2.915,0.000,-134.153,0.902,-0.918,73
5796,-0.448,2.916,0.000,-134.005,0.903,-0.922,73
5797,-0.447,2.916,0.000,-133.779,0.884,-0.950,73
5798,-0.446,2.918,0.000,-133.593,0.897,-0.941,73
5799,-0.444,2.919,0.000,-133.485,0.894,-0.946,73
5800,-0.443,2.920,0.000,-133.458,0.891,-0.955,73
5801,-0.442,2.921,0.000,-133.215,0.902,-0.953,73
5802,-0.441,2.923,0.000,-132.893,0.896,-0.965,73
5803,-0.440,2.924,0.000,-132.483,0.897,-0.971,73
5804,-0.439,2.925,0.000,-131.970,0.893,-0.981,73
5805,-0.438,2.926,0.000,-131.398,0.885,-0.995,73
5806,-0.437,2.927,0.000,-130.797,0.875,-1.010,73
5807,-0.436,2.928,0.000,-130.184,0.869,-1.022,73
5808,-0.435,2.929,0.000,-129.558,0.862,-1.033,73
5809,-0.434,2.930,0.000,-128.929,0.838,-1.059,73
5810,-0.429,2.937,0.000,-128.325,0.822,-1.042,73
5811,-0.428,2.938,0.000,-127.612,0.812,-1.056,73
5812,-0.427,2.939,0.000,-126.885,0.797,-1.073,73
5813,-0.426,2.940,0.000,-126.179,0.786,-1.087,73
5814,-0.426,2.941,0.000,-125.480,0.786,-1.093,73
5815,-0.424,2.943,0.000,-124.808,0.759,-1.115,73
5816,-0.424,2.944,0.000,-124.129,0.771,-1.113,73
5817,-0.422,2.945,0.000,-123.473,0.746,-1.134,73
5818,-0.422,2.947,0.000,-122.817,0.742,-1.143,73
5819,-0.421,2.948,0.000,-122.136,0.735,-1.153,73
5820,-0.420,2.949,0.000,-121.433,0.721,-1.168,73
5821,-0.419,2.950,0.000,-120.717,0.707,-1.182,73
5822,-0.419,2.951,0.000,-119.997,0.696,-1.195,73
5823,-0.418,2.953,0.000,-119.281,0.684,-1.208,73
5824,-0.417,2.954,0.000,-118.570,0.671,-1.220,73
5825,-0.417,2.955,0.000,-117.865,0.642,-1.243,73
5826,-0.416,2.956,0.000,-117.201,0.645,-1.246,73
5827,-0.415,2.958,0.000,-116.581,0.626,-1.262,73
5828,-0.414,2.959,0.000,-115.938,0.610,-1.275,73
5829,-0.414,2.961,0.000,-115.270,0.600,-1.284,73
5830,-0.413,2.962,0.000,-114.595,0.608,-1.286,73
5831,-0.412,2.964,0.000,-113.948,0.566,-1.309,73
5832,-0.411,2.965,0.000,-113.309,0.580,-1.307,73
5833,-0.411,2.967,0.000,-112.674,0.533,-1.332,73
5834,-0.410,2.969,0.000,-112.018,0.545,-1.330,73
5835,-0.409,2.970,0.000,-111.346,0.516,-1.349,73
5836,-0.409,2.971,0.000,-110.670,0.533,-1.348,73
5837,-0.408,2.973,0.000,-109.988,0.492,-1.369,73
5838,-0.407,2.975,0.000,-109.310,0.490,-1.372,73
5839,-0.407,2.977,0.000,-108.621,0.476,-1.383,73
5840,-0.406,2.978,0.000,-107.932,0.441,-1.400,73
5841,-0.406,2.980,0.000,-107.251,0.456,-1.401,73
5842,-0.405,2.982,0.000,-106.578,0.416,-1.419,73
5843,-0.405,2.983,0.000,-105.914,0.426,-1.421,73
5844,-0.404,2.985,0.000,-105.288,0.384,-1.437,73
5845,-0.404,2.987,0.000,-104.692,0.390,-1.440,73
5846,-0.403,2.989,0.000,-104.158,0.376,-1.448,73
5847,-0.403,2.991,0.000,-103.602,0.352,-1.461,73
5848,-0.402,2.993,0.000,-103.033,0.344,-1.469,73
5849,-0.402,2.995,0.000,-102.467,0.316,-1.481,73
5850,-0.401,2.997,0.000,-101.906,0.328,-1.485,73
5851,-0.401,2.999,0.000,-101.377,0.302,-1.495,73
5852,-0.401,3.001,0.000,-100.871,0.291,-1.504,73
5853,-0.400,3.003,0.000,-100.363,0.270,-1.513,73
5854,-0.400,3.005,0.000,-99.853,0.267,-1.519,73
5855,-0.400,3.007,0.000,-99.329,0.257,-1.526,73
5856,-0.399,3.009,0.000,-98.814,0.244,-1.534,73
5857,-0.399,3.011,0.000,-98.306,0.230,-1.541,73
5858,-0.399,3.013,0.000,-97.806,0.206,-1.549,73
5859,-0.398,3.015,0.000,-97.337,0.189,-1.557,73
5860,-0.398,3.017,0.000,-96.877,0.183,-1.562,73
5861,-0.398,3.020,0.000,-96.425,0.173,-1.567,73
5862,-0.397,3.022,0.000,-95.982,0.162,-1.572,73
5863,-0.397,3.025,0.000,-95.549,0.147,-1.577,73
5864,-0.397,3.027,0.000,-95.124,0.153,-1.580,73
5865,-0.397,3.030,0.000,-94.713,0.132,-1.585,73
5866,-0.396,3.032,0.000,-94.313,0.110,-1.590,73
5867,-0.396,3.035,0.000,-93.924,0.101,-1.593,73
5868,-0.396,3.038,0.000,-93.546,0.101,-1.596,73
5869,-0.396,3.040,0.000,-93.179,0.089,-1.599,73
5870,-0.396,3.043,0.000,-92.825,0.086,-1.601,73
5871,-0.396,3.046,0.000,-92.482,0.077,-1.603,73
5872,-0.396,3.049,0.000,-92.152,0.065,-1.605,73
5873,-0.395,3.052,0.000,-91.831,0.046,-1.606,73
5874,-0.395,3.055,0.000,-91.516,0.048,-1.606,73
5875,-0.395,3.058,0.000,-91.215,0.043,-1.607,73
5876,-0.395,3.061,0.000,-90.927,0.013,-1.607,73
5877,-0.395,3.064,0.000,-90.652,0.008,-1.607,73
5878,-0.395,3.068,0.000,-90.394,0.009,-1.606,73
5879,-0.395,3.071,0.000,-90.153,0.001,-1.605,73
5880,-0.395,3.075,0.000,-89.931,-0.008,-1.603,73
5881,-0.395,3.078,0.000,-89.720,-0.003,-1.602,73
5882,-0.395,3.082,0.000,-89.516,-0.003,-1.600,73
5883,-0.395,3.085,0.000,-89.329,-0.012,-1.597,73
5884,-0.395,3.089,0.000,-89.161,-0.024,-1.594,73
5885,-0.395,3.093,0.000,-89.006,-0.021,-1.590,73
5886,-0.395,3.097,0.000,-88.868,-0.023,-1.586,73
5887,-0.395,3.101,0.000,-88.744,-0.047,-1.581,73
5888,-0.395,3.106,0.000,-88.624,-0.049,-1.576,73
5889,-0.396,3.110,0.000,-88.518,-0.043,-1.572,73
5890,-0.396,3.114,0.000,-88.430,-0.046,-1.568,73
5891,-0.396,3.118,0.000,-88.360,-0.051,-1.564,73
5892,-0.396,3.121,0.000,-88.304,-0.038,-1.561,73
5893,-0.396,3.125,0.000,-88.259,-0.036,-1.558,73
5894,-0.396,3.129,0.000,-88.230,-0.043,-1.555,73
5895,-0.396,3.133,0.000,-88.218,-0.045,-1.552,73
5896,-0.396,3.136,0.000,-88.222,-0.043,-1.548,73
5897,-0.396,3.140,0.000,-88.242,-0.045,-1.544,73
5898,-0.397,3.145,0.000,-88.271,-0.047,-1.537,73
5899,-0.397,3.149,0.000,-88.305,-0.054,-1.532,73
5900,-0.397,3.153,0.000,-88.362,-0.052,-1.526,73
5901,-0.397,3.158,0.000,-88.441,-0.046,-1.520,73
5902,-0.397,3.162,0.000,-88.539,-0.043,-1.515,73
5903,-0.397,3.166,0.000,-88.653,-0.041,-1.509,73
5904,-0.397,3.170,0.000,-88.778,-0.034,-1.504,73
5905,-0.397,3.174,0.000,-88.908,-0.028,-1.499,73
5906,-0.397,3.178,0.000,-89.043,-0.017,-1.494,73
5907,-0.398,3.182,0.000,-89.185,-0.013,-1.489,73
5908,-0.398,3.187,0.000,-89.334,-0.031,-1.483,73
5909,-0.398,3.191,0.000,-89.484,-0.023,-1.476,73
5910,-0.398,3.196,0.000,-89.650,-0.011,-1.469,73
5911,-0.398,3.200,0.000,-89.837,-0.008,-1.461,73
5912,-0.398,3.205,0.000,-90.047,-0.006,-1.454,73
5913,-0.398,3.209,0.000,-90.276,0.001,-1.446,73
5914,-0.398,3.214,0.000,-90.519,0.008,-1.439,73
5915,-0.398,3.218,0.000,-90.775,0.014,-1.434,73
5916,-0.398,3.221,0.000,-91.044,0.020,-1.430,73
5917,-0.398,3.224,0.000,-91.331,0.028,-1.428,73
5918,-0.397,3.227,0.000,-91.640,0.036,-1.428,73
5919,-0.397,3.230,0.000,-91.977,0.044,-1.428,73
5920,-0.397,3.233,0.000,-92.346,0.053,-1.427,73
5921,-0.397,3.236,0.000,-92.750,0.063,-1.425,73
5922,-0.397,3.239,0.000,-93.191,0.074,-1.421,73
5923,-0.397,3.243,0.000,-93.654,0.090,-1.417,73
5924,-0.396,3.247,0.000,-94.123,0.102,-1.410,73
5925,-0.396,3.251,0.000,-94.598,0.101,-1.405,73
5926,-0.396,3.254,0.000,-95.083,0.115,-1.398,73
5927,-0.395,3.258,0.000,-95.616,0.134,-1.392,73
5928,-0.395,3.262,0.000,-96.216,0.147,-1.388,73
5929,-0.394,3.265,0.000,-96.887,0.177,-1.382,73
5930,-0.394,3.267,0.000,-97.587,0.163,-1.386,73
5931,-0.394,3.270,0.000,-98.329,0.223,-1.378,73
5932,-0.394,3.271,0.000,-99.084,0.215,-1.384,73
5933,-0.393,3.274,0.000,-99.824,0.257,-1.376,73
5934,-0.393,3.276,0.000,-100.568,0.250,-1.383,73
5935,-0.393,3.278,0.000,-101.308,0.297,-1.376,73
5936,-0.392,3.279,0.000,-102.061,0.266,-1.388,73
5937,-0.392,3.282,0.000,-102.831,0.328,-1.377,73
5938,-0.392,3.282,0.000,-103.610,0.323,-1.388,73
5939,-0.392,3.281,0.000,-104.422,0.363,-1.394,73
5940,-0.392,3.280,0.000,-105.287,0.365,-1.414,73
5941,-0.392,3.279,0.000,-106.188,0.417,-1.413,78
5942,-0.392,3.280,0.000,-107.122,0.428,-1.416,78
5943,-0.392,3.280,0.000,-108.080,0.448,-1.424,78
5944,-0.392,3.281,0.000,-109.109,0.507,-1.412,78
5945,-0.392,3.280,0.000,-110.169,0.496,-1.430,78
5946,-0.391,3.281,0.000,-111.297,0.560,-1.411,78
5947,-0.392,3.280,0.000,-112.436,0.570,-1.426,78
5948,-0.391,3.281,0.000,-113.590,0.621,-1.411,78
5949,-0.390,3.284,0.000,-114.710,0.632,-1.402,78
5950,-0.391,3.282,0.000,-115.733,0.679,-1.405,-1
5951,-0.388,3.288,0.000,-116.747,0.680,-1.383,-1
5952,-0.385,3.294,0.000,-117.793,0.708,-1.345,-1
5953,-0.385,3.294,0.000,-118.916,0.743,-1.337,-1
5954,-0.385,3.294,0.000,-120.033,0.755,-1.343,-1
5955,-0.384,3.295,0.000,-121.071,0.802,-1.324,85
5956,-0.384,3.296,0.000,-122.010,0.823,-1.320,85
5957,-0.385,3.295,0.000,-122.917,0.844,-1.324,85
5958,-0.383,3.297,0.000,-123.616,0.878,-1.301,85
5959,-0.382,3.298,0.000,-124.056,0.888,-1.301,85
5960,-0.381,3.300,0.000,-124.037,0.886,-1.305,85
5961,-0.380,3.301,0.000,-123.329,0.860,-1.327,85
5962,-0.380,3.302,0.000,-122.495,0.856,-1.339,85
5963,-0.379,3.302,0.000,-121.551,0.830,-1.367,85
5964,-0.379,3.303,0.000,-120.480,0.808,-1.389,85
5965,-0.379,3.304,0.000,-119.282,0.804,-1.399,85
5966,-0.378,3.304,0.000,-118.066,0.766,-1.430,85
5967,-0.377,3.305,0.000,-116.795,0.734,-1.452,85
5968,-0.378,3.305,0.000,-115.532,0.721,-1.472,85
5969,-0.377,3.306,0.000,-114.253,0.673,-1.500,85
5970,-0.376,3.308,0.000,-112.939,0.635,-1.517,85
5971,-0.376,3.309,0.000,-111.589,0.611,-1.536,85
5972,-0.375,3.310,0.000,-110.218,0.556,-1.562,85
5973,-0.375,3.311,0.000,-108.842,0.542,-1.572,85
5974,-0.374,3.312,0.000,-107.014,0.488,-1.592,85
5975,-0.374,3.314,0.000,-104.957,0.430,-1.612,85
5976,-0.373,3.315,0.000,-102.866,0.364,-1.636,85
5977,-0.373,3.316,0.000,-100.714,0.311,-1.650,85
5978,-0.373,3.318,0.000,-98.461,0.242,-1.665,85
5979,-0.373,3.319,0.000,-96.089,0.172,-1.677,85
5980,-0.373,3.321,0.000,-93.664,0.120,-1.684,79
5981,-0.373,3.326,0.000,-91.278,0.039,-1.676,79
5982,-0.373,3.331,0.000,-89.119,-0.024,-1.666,79
5983,-0.373,3.332,0.000,-87.217,-0.086,-1.668,79
5984,-0.373,3.332,0.000,-85.453,-0.147,-1.676,78
5985,-0.372,3.330,0.000,-83.745,-0.165,-1.690,78
5986,-0.372,3.329,0.000,-82.046,-0.246,-1.697,78
5987,-0.372,3.328,0.000,-80.193,-0.300,-1.704,78
5988,-0.371,3.327,0.000,-78.044,-0.366,-1.707,78
5989,-0.371,3.326,0.000,-75.561,-0.445,-1.705,78
5990,-0.370,3.325,0.000,-72.727,-0.534,-1.695,78
5991,-0.369,3.324,0.000,-69.556,-0.631,-1.678,78
5992,-0.369,3.323,0.000,-66.100,-0.737,-1.651,78
5993,-0.368,3.322,0.000,-62.468,-0.838,-1.620,78
5994,-0.367,3.320,0.000,-58.851,-0.965,-1.567,78
5995,-0.366,3.319,0.000,-55.239,-1.054,-1.529,78
5996,-0.365,3.318,0.000,-51.694,-1.158,-1.474,78
5997,-0.364,3.316,0.000,-48.243,-1.256,-1.415,78
5998,-0.363,3.315,0.000,-44.923,-1.348,-1.352,78
5999,-0.362,3.314,0.000,-41.699,-1.447,-1.271,78
6000,-0.361,3.313,0.000,-38.487,-1.511,-1.220,78
6001,-0.359,3.312,0.000,-35.304,-1.593,-1.138,78
6002,-0.358,3.311,0.000,-32.190,-1.673,-1.048,78
6003,-0.357,3.310,0.000,-29.142,-1.730,-0.978,78
6004,-0.356,3.310,0.000,-26.128,-1.797,-0.884,78
6005,-0.353,3.309,0.000,-23.154,-1.857,-0.797,78
6006,-0.352,3.308,0.000,-20.217,-1.907,-0.715,78
6007,-0.350,3.308,0.000,-17.333,-1.967,-0.590,78
6008,-0.348,3.307,0.000,-14.531,-2.002,-0.529,78
6009,-0.347,3.307,0.000,-11.789,-2.044,-0.412,78
6010,-0.345,3.306,0.000,-9.103,-2.077,-0.328,78
6011,-0.343,3.306,0.000,-6.471,-2.101,-0.239,78
6012,-0.342,3.306,0.000,-3.888,-2.124,-0.139,78
6013,-0.341,3.306,0.000,-1.378,-2.141,-0.044,78
6014,-0.340,3.306,0.000,1.070,-2.154,0.046,78
6015,-0.338,3.306,0.000,3.466,-2.164,0.113,78
6016,-0.337,3.307,0.000,5.829,-2.169,0.222,78
6017,-0.335,3.307,0.000,8.146,-2.171,0.314,78
6018,-0.334,3.307,0.000,10.435,-2.170,0.391,78
6019,-0.332,3.308,0.000,12.683,-2.166,0.483,78
6020,-0.331,3.308,0.000,14.910,-2.137,0.562,78
6021,-0.329,3.308,0.000,17.078,-2.075,0.637,78
6022,-0.328,3.309,0.000,19.155,-2.011,0.701,78
6023,-0.327,3.309,0.000,21.064,-1.947,0.759,78
6024,-0.326,3.309,0.000,22.642,-1.888,0.795,78
6025,-0.325,3.309,0.000,23.948,-1.833,0.819,78
6026,-0.325,3.309,0.000,25.105,-1.787,0.817,78
6027,-0.325,3.310,0.000,26.209,-1.725,0.852,78
6028,-0.324,3.310,0.000,27.283,-1.676,0.861,78
6029,-0.323,3.310,0.000,28.406,-1.617,0.886,78
6030,-0.322,3.311,0.000,29.632,-1.565,0.898,78
6031,-0.322,3.311,0.000,30.917,-1.512,0.910,78
6032,-0.321,3.312,0.000,32.257,-1.457,0.925,78
6033,-0.320,3.312,0.000,33.617,-1.411,0.925,78
6034,-0.320,3.313,0.000,34.973,-1.358,0.935,78
6035,-0.319,3.313,0.000,36.343,-1.300,0.956,78
6036,-0.318,3.314,0.000,37.863,-1.245,0.964,78
6037,-0.318,3.314,0.000,39.694,-1.188,0.976,78
6038,-0.317,3.315,0.000,41.731,-1.124,0.994,78
6039,-0.316,3.315,0.000,43.846,-1.042,1.027,78
6040,-0.316,3.316,0.000,45.946,-0.995,1.024,78
6041,-0.315,3.316,0.000,47.978,-0.936,1.030,78
6042,-0.315,3.317,0.000,49.976,-0.872,1.036,78
6043,-0.315,3.317,0.000,51.925,-0.794,1.053,78
6044,-0.314,3.318,0.000,53.796,-0.781,1.022,78
6045,-0.314,3.319,0.000,55.630,-0.678,1.055,78
6046,-0.313,3.320,0.000,57.424,-0.675,1.019,78
6047,-0.313,3.320,0.000,59.155,-0.594,1.028,78
6048,-0.312,3.321,0.000,60.852,-0.551,1.013,78
6049,-0.312,3.321,0.000,62.531,-0.518,0.993,78
6050,-0.312,3.321,0.000,64.192,-0.461,0.983,78
6051,-0.311,3.323,0.000,65.804,-0.442,0.959,78
6052,-0.311,3.323,0.000,67.388,-0.377,0.952,78
6053,-0.311,3.324,0.000,68.943,-0.365,0.925,78
6054,-0.311,3.325,0.000,70.488,-0.313,0.911,78
6055,-0.310,3.326,0.000,72.016,-0.283,0.889,78
6056,-0.310,3.327,0.000,73.519,-0.259,0.866,78
6057,-0.310,3.327,0.000,74.981,-0.214,0.848,78
6058,-0.310,3.328,0.000,76.455,-0.192,0.822,78
6059,-0.310,3.328,0.000,77.860,-0.169,0.796,78
6060,-0.310,3.329,0.000,78.992,-0.145,0.770,78
6061,-0.310,3.329,0.000,79.698,-0.128,0.743,78
6062,-0.311,3.330,0.000,79.906,-0.122,0.716,78
6063,-0.311,3.331,0.000,79.592,-0.122,0.689,78
6064,-0.311,3.332,0.000,78.752,-0.126,0.661,78
6065,-0.312,3.334,0.000,77.405,-0.139,0.632,78
6066,-0.311,3.335,0.000,75.787,-0.145,0.608,78
6067,-0.311,3.337,0.000,73.775,-0.161,0.581,78
6068,-0.311,3.339,0.000,71.290,-0.182,0.551,78
6069,-0.311,3.341,0.000,68.365,-0.202,0.521,78
6070,-0.310,3.343,0.000,65.140,-0.221,0.491,78
6071,-0.309,3.345,0.000,61.783,-0.241,0.460,78
6072,-0.308,3.347,0.000,58.466,-0.257,0.429,78
6073,-0.307,3.348,0.000,55.308,-0.281,0.388,78
6074,-0.306,3.349,0.000,52.184,-0.269,0.369,78
6075,-0.305,3.350,0.000,49.073,-0.287,0.325,78
6076,-0.304,3.351,0.000,46.011,-0.280,0.302,78
6077,-0.305,3.351,0.000,43.097,-0.288,0.253,78
6078,-0.303,3.352,0.000,40.252,-0.286,0.230,78
6079,-0.304,3.351,0.000,37.598,-0.263,0.207,78
6080,-0.303,3.352,0.000,35.101,-0.267,0.164,78
6081,-0.304,3.352,0.000,32.858,-0.225,0.173,78
6082,-0.302,3.352,0.000,30.839,-0.242,0.107,78
6083,-0.304,3.351,0.000,28.935,-0.198,0.112,78
6084,-0.301,3.353,0.000,27.051,-0.193,0.100,78
6085,-0.303,3.351,0.000,25.231,-0.174,0.057,78
6086,-0.301,3.352,0.000,23.595,-0.150,0.074,78
6087,-0.303,3.351,0.000,22.052,-0.128,0.035,78
6088,-0.302,3.352,0.000,20.608,-0.092,0.078,78
6089,-0.302,3.352,0.000,19.217,-0.090,0.005,78
6090,-0.304,3.352,0.000,17.872,-0.043,0.044,78
6091,-0.301,3.353,0.000,16.625,-0.037,0.013,78
6092,-0.305,3.352,0.000,15.447,0.000,0.001,78
6093,-0.302,3.353,0.000,14.353,0.016,0.016,78
6094,-0.305,3.352,0.000,13.360,0.047,-0.014,78
6095,-0.303,3.353,0.000,12.445,0.065,-0.002,78
6096,-0.305,3.352,0.000,11.594,0.095,-0.013,78
6097,-0.303,3.353,0.000,10.830,0.110,-0.021,78
6098,-0.306,3.352,0.000,10.125,0.148,-0.006,78
6099,-0.304,3.352,0.000,9.531,0.160,-0.036,78
6100,-0.304,3.352,0.000,9.028,0.184,-0.029,78
6101,-0.303,3.352,0.000,8.685,0.203,-0.030,78
6102,-0.304,3.352,0.000,8.446,0.230,-0.036,78
6103,-0.302,3.352,0.000,8.301,0.247,-0.017,78
6104,-0.303,3.352,0.000,8.189,0.265,-0.079,78
6105,-0.304,3.352,0.000,8.095,0.298,-0.018,78
6106,-0.302,3.353,0.000,8.017,0.304,-0.070,78
6107,-0.304,3.352,0.000,7.980,0.341,-0.041,78
6108,-0.302,3.353,0.000,7.973,0.354,-0.019,78
6109,-0.303,3.352,0.000,8.003,0.376,-0.073,78
6110,-0.303,3.352,0.000,8.071,0.405,-0.020,78
6111,-0.302,3.352,0.000,8.173,0.410,-0.093,78
6112,-0.304,3.352,0.000,8.307,0.442,-0.081,78
6113,-0.301,3.353,0.000,8.438,0.458,-0.042,78
6114,-0.301,3.352,0.000,8.597,0.467,-0.116,78
6115,-0.302,3.352,0.000,8.784,0.499,-0.059,78
6116,-0.299,3.353,0.000,8.987,0.504,-0.089,78
6117,-0.301,3.352,0.000,9.220,0.530,-0.110,78
6118,-0.300,3.353,0.000,9.457,0.556,-0.048,78
6119,-0.300,3.353,0.000,9.718,0.564,-0.118,78
6120,-0.301,3.353,0.000,9.998,0.595,-0.082,78
6121,-0.299,3.353,0.000,10.291,0.597,-0.119,78
6122,-0.298,3.353,0.000,10.583,0.612,-0.143,78
6123,-0.297,3.353,0.000,10.881,0.639,-0.083,78
6124,-0.296,3.354,0.000,11.189,0.640,-0.147,78
6125,-0.297,3.353,0.000,11.506,0.665,-0.124,78
6126,-0.295,3.354,0.000,11.900,0.675,-0.123,78
6127,-0.294,3.354,0.000,12.297,0.672,-0.198,78
6128,-0.293,3.354,0.000,12.689,0.704,-0.125,78
6129,-0.291,3.355,0.000,13.063,0.710,-0.124,78
6130,-0.290,3.355,0.000,13.440,0.702,-0.215,78
6131,-0.291,3.354,0.000,13.817,0.736,-0.167,78
6132,-0.288,3.355,0.000,14.185,0.738,-0.182,78
6133,-0.289,3.355,0.000,14.587,0.744,-0.240,78
6134,-0.288,3.355,0.000,14.991,0.776,-0.176,78
6135,-0.287,3.355,0.000,15.404,0.771,-0.226,78
6136,-0.287,3.355,0.000,15.824,0.797,-0.207,78
6137,-0.284,3.356,0.000,16.304,0.795,-0.225,78
6138,-0.285,3.356,0.000,16.750,0.806,-0.257,78
6139,-0.283,3.356,0.000,17.205,0.822,-0.228,78
6140,-0.283,3.357,0.000,17.662,0.816,-0.291,78
6141,-0.282,3.357,0.000,18.121,0.846,-0.241,78
6142,-0.280,3.357,0.000,18.584,0.832,-0.298,78
6143,-0.281,3.357,0.000,19.052,0.839,-0.331,78
6144,-0.279,3.358,0.000,19.510,0.865,-0.275,78
6145,-0.278,3.358,0.000,19.952,0.854,-0.330,78
6146,-0.277,3.359,0.000,20.379,0.876,-0.301,78
6147,-0.275,3.359,0.000,20.798,0.867,-0.342,78
6148,-0.275,3.359,0.000,21.197,0.887,-0.324,78
6149,-0.274,3.360,0.000,21.598,0.881,-0.359,78
6150,-0.273,3.361,0.000,21.999,0.893,-0.343,78
6151,-0.272,3.361,0.000,22.446,0.894,-0.368,78
6152,-0.272,3.361,0.000,22.948,0.900,-0.380,78
6153,-0.270,3.362,0.000,23.748,0.902,-0.389,78
6154,-0.269,3.363,0.000,25.179,0.898,-0.414,78
6155,-0.268,3.364,0.000,27.268,0.885,-0.451,78
6156,-0.267,3.364,0.000,29.779,0.869,-0.492,78
6157,-0.266,3.365,0.000,32.420,0.851,-0.534,78
6158,-0.264,3.366,0.000,34.982,0.831,-0.575,78
6159,-0.263,3.366,0.000,37.344,0.811,-0.612,78
6160,-0.262,3.367,0.000,39.454,0.792,-0.645,78
6161,-0.261,3.368,0.000,41.307,0.775,-0.673,78
6162,-0.260,3.369,0.000,42.920,0.759,-0.698,78
6163,-0.259,3.370,0.000,44.321,0.745,-0.719,78
6164,-0.258,3.371,0.000,45.571,0.719,-0.755,78
6165,-0.257,3.372,0.000,46.813,0.717,-0.763,78
6166,-0.255,3.374,0.000,48.048,0.701,-0.781,78
6167,-0.254,3.375,0.000,49.263,0.693,-0.794,78
6168,-0.253,3.377,0.000,50.360,0.670,-0.815,78
6169,-0.252,3.378,0.000,51.437,0.649,-0.839,78
6170,-0.251,3.379,0.000,52.481,0.645,-0.846,78
6171,-0.249,3.381,0.000,53.502,0.637,-0.856,78
6172,-0.248,3.383,0.000,54.423,0.623,-0.871,78
6173,-0.247,3.384,0.000,55.144,0.616,-0.881,78
6174,-0.246,3.386,0.000,55.762,0.604,-0.890,78
6175,-0.244,3.388,0.000,56.409,0.604,-0.893,78
6176,-0.243,3.389,0.000,57.064,0.596,-0.904,78
6177,-0.242,3.391,0.000,57.698,0.572,-0.925,78
6178,-0.241,3.393,0.000,58.304,0.586,-0.918,78
6179,-0.240,3.394,0.000,58.905,0.564,-0.939,78
6180,-0.239,3.397,0.000,59.444,0.563,-0.940,78
6181,-0.238,3.399,0.000,59.987,0.556,-0.948,78
6182,-0.236,3.401,0.000,60.453,0.542,-0.957,78
6183,-0.236,3.402,0.000,60.911,0.545,-0.962,78
6184,-0.235,3.404,0.000,61.360,0.507,-0.987,78
6185,-0.234,3.406,0.000,61.834,0.546,-0.973,78
6186,-0.233,3.407,0.000,62.314,0.493,-1.007,78
6187,-0.232,3.409,0.000,62.788,0.530,-0.992,78
6188,-0.231,3.411,0.000,63.250,0.483,-1.020,78
6189,-0.230,3.413,0.000,63.688,0.525,-1.002,78
6190,-0.229,3.414,0.000,64.138,0.484,-1.034,78
6191,-0.228,3.416,0.000,64.595,0.498,-1.028,78
6192,-0.228,3.417,0.000,65.068,0.491,-1.042,78
6193,-0.226,3.420,0.000,65.529,0.485,-1.045,78
6194,-0.226,3.421,0.000,65.975,0.470,-1.058,78
6195,-0.225,3.423,0.000,66.382,0.476,-1.059,78
6196,-0.224,3.425,0.000,66.719,0.457,-1.073,78
6197,-0.223,3.426,0.000,66.994,0.464,-1.077,78
6198,-0.222,3.429,0.000,67.215,0.466,-1.079,78
6199,-0.222,3.430,0.000,67.255,0.462,-1.087,78
6200,-0.221,3.432,0.000,67.015,0.449,-1.100,78
6201,-0.221,3.433,0.000,66.763,0.493,-1.091,78
6202,-0.220,3.435,0.000,66.485,0.474,-1.102,78
6203,-0.219,3.437,0.000,66.054,0.489,-1.101,78
6204,-0.219,3.437,0.000,65.525,0.508,-1.107,78
6205,-0.218,3.440,0.000,64.960,0.531,-1.099,78
6206,-0.218,3.441,0.000,64.396,0.510,-1.120,78
6207,-0.217,3.442,0.000,63.842,0.569,-1.097,78
6208,-0.216,3.444,0.000,63.291,0.547,-1.114,78
6209,-0.215,3.446,0.000,62.723,0.590,-1.096,78
6210,-0.214,3.448,0.000,62.165,0.580,-1.108,78
6211,-0.213,3.450,0.000,61.595,0.602,-1.102,78
6212,-0.212,3.452,0.000,60.973,0.625,-1.095,78
6213,-0.211,3.453,0.000,60.347,0.607,-1.114,78
6214,-0.210,3.455,0.000,59.724,0.653,-1.093,78
6215,-0.209,3.458,0.000,58.939,0.662,-1.092,78
6216,-0.208,3.459,0.000,57.650,0.690,-1.084,78
6217,-0.207,3.461,0.000,55.664,0.734,-1.064,78
6218,-0.206,3.462,0.000,52.978,0.787,-1.033,78
6219,-0.205,3.464,0.000,49.984,0.843,-0.995,78
6220,-0.203,3.466,0.000,46.946,0.897,-0.953,78
6221,-0.202,3.468,0.000,44.039,0.947,-0.908,78
6222,-0.200,3.469,0.000,41.331,0.991,-0.864,78
6223,-0.198,3.471,0.000,38.848,1.030,-0.822,78
6224,-0.196,3.473,0.000,36.599,1.063,-0.782,78
6225,-0.193,3.475,0.000,34.519,1.092,-0.744,78
6226,-0.191,3.476,0.000,32.563,1.118,-0.707,78
6227,-0.188,3.478,0.000,30.686,1.142,-0.671,78
6228,-0.186,3.479,0.000,28.851,1.163,-0.635,78
6229,-0.183,3.481,0.000,27.091,1.183,-0.599,78
6230,-0.181,3.482,0.000,25.429,1.199,-0.567,78
6231,-0.178,3.483,0.000,23.801,1.218,-0.531,78
6232,-0.175,3.484,0.000,22.172,1.229,-0.503,78
6233,-0.173,3.485,0.000,20.522,1.252,-0.452,78
6234,-0.171,3.486,0.000,18.895,1.253,-0.455,78
6235,-0.169,3.487,0.000,17.269,1.285,-0.370,78
6236,-0.166,3.488,0.000,15.662,1.287,-0.371,78
6237,-0.164,3.488,0.000,14.074,1.307,-0.309,78
6238,-0.160,3.489,0.000,12.513,1.307,-0.305,78
6239,-0.158,3.490,0.000,10.966,1.318,-0.263,78
6240,-0.154,3.490,0.000,9.439,1.330,-0.188,78
6241,-0.151,3.491,0.000,7.927,1.326,-0.208,78
6242,-0.148,3.491,0.000,6.431,1.337,-0.120,78
6243,-0.145,3.492,0.000,4.962,1.336,-0.131,78
6244,-0.142,3.492,0.000,3.533,1.339,-0.086,78
6245,-0.139,3.492,0.000,2.148,1.343,-0.032,78
6246,-0.136,3.492,0.000,0.793,1.342,-0.042,78
6247,-0.133,3.492,0.000,-0.539,1.343,0.040,78
6248,-0.129,3.492,0.000,-1.845,1.341,0.031,78
6249,-0.126,3.492,0.000,-3.119,1.340,0.079,78
6250,-0.123,3.492,0.000,-4.315,1.338,0.104,78
6251,-0.120,3.491,0.000,-5.406,1.334,0.131,78
6252,-0.116,3.491,0.000,-6.377,1.331,0.155,78
6253,-0.113,3.490,0.000,-7.216,1.328,0.174,78
6254,-0.110,3.490,0.000,-7.960,1.328,0.178,78
6255,-0.107,3.489,0.000,-8.679,1.327,0.191,78
6256,-0.104,3.489,0.000,-9.255,1.324,0.210,78
6257,-0.102,3.489,0.000,-9.659,1.323,0.222,78
6258,-0.099,3.489,0.000,-9.893,1.323,0.225,78
6259,-0.096,3.488,0.000,-9.989,1.320,0.244,78
6260,-0.094,3.488,0.000,-10.064,1.329,0.216,78
6261,-0.091,3.488,0.000,-10.155,1.324,0.257,78
6262,-0.088,3.487,0.000,-10.240,1.331,0.213,78
6263,-0.085,3.486,0.000,-10.317,1.324,0.253,78
6264,-0.082,3.486,0.000,-10.384,1.330,0.227,78
6265,-0.079,3.485,0.000,-10.464,1.328,0.238,78
6266,-0.077,3.485,0.000,-10.545,1.329,0.251,78
6267,-0.074,3.484,0.000,-10.617,1.331,0.245,78
6268,-0.071,3.484,0.000,-10.626,1.333,0.240,78
6269,-0.068,3.483,0.000,-10.509,1.333,0.240,78
6270,-0.065,3.483,0.000,-10.269,1.334,0.238,78
6271,-0.062,3.483,0.000,-9.927,1.336,0.229,78
6272,-0.059,3.482,0.000,-9.507,1.339,0.218,78
6273,-0.056,3.482,0.000,-9.025,1.340,0.207,78
6274,-0.053,3.481,0.000,-8.500,1.342,0.195,78
6275,-0.050,3.481,0.000,-7.945,1.344,0.182,78
6276,-0.047,3.480,0.000,-7.371,1.345,0.168,78
6277,-0.044,3.480,0.000,-6.788,1.346,0.155,78
6278,-0.041,3.480,0.000,-6.201,1.347,0.141,78
6279,-0.038,3.479,0.000,-5.618,1.347,0.127,78
6280,-0.035,3.479,0.000,-5.043,1.348,0.113,78
6281,-0.032,3.479,0.000,-4.478,1.347,0.100,78
6282,-0.028,3.479,0.000,-3.927,1.347,0.087,78
6283,-0.025,3.478,0.000,-3.389,1.347,0.074,78
6284,-0.022,3.478,0.000,-2.868,1.346,0.062,78
6285,-0.019,3.478,0.000,-2.424,1.346,0.052,78
6286,-0.016,3.478,0.000,-2.045,1.345,0.043,78
6287,-0.013,3.478,0.000,-1.671,1.343,0.034,78
6288,-0.010,3.478,0.000,-1.307,1.342,0.025,78
6289,-0.007,3.478,0.000,-0.958,1.340,0.017,78
6290,-0.003,3.477,0.000,-0.629,1.338,0.009,78
6291,-0.000,3.477,0.000,-0.322,1.335,0.002,78
6292,0.003,3.477,0.000,-0.039,1.333,-0.005,78
6293,0.006,3.477,0.000,0.222,1.331,-0.011,78
6294,0.009,3.477,0.000,0.461,1.329,-0.016,78
6295,0.013,3.477,0.000,0.678,1.327,-0.021,78
6296,0.016,3.478,0.000,0.873,1.324,-0.026,78
6297,0.019,3.478,0.000,1.049,1.322,-0.030,78
6298,0.022,3.478,0.000,1.204,1.319,-0.033,78
6299,0.025,3.478,0.000,1.339,1.317,-0.036,78
6300,0.028,3.478,0.000,1.455,1.315,-0.039,78
6301,0.031,3.478,0.000,1.552,1.312,-0.041,78
6302,0.034,3.478,0.000,1.628,1.309,-0.043,78
6303,0.038,3.478,0.000,1.686,1.307,-0.044,78
6304,0.041,3.478,0.000,1.724,1.304,-0.045,78
6305,0.044,3.478,0.000,1.743,1.302,-0.045,78
6306,0.047,3.478,0.000,1.744,1.299,-0.045,78
6307,0.050,3.479,0.000,1.729,1.296,-0.045,78
6308,0.053,3.479,0.000,1.699,1.293,-0.044,78
6309,0.056,3.479,0.000,1.655,1.290,-0.043,78
6310,0.059,3.479,0.000,1.596,1.287,-0.041,78
6311,0.062,3.479,0.000,1.524,1.284,-0.040,78
6312,0.065,3.479,0.000,1.439,1.281,-0.038,78
6313,0.068,3.479,0.000,1.341,1.278,-0.035,78
6314,0.072,3.479,0.000,1.232,1.274,-0.033,78
6315,0.075,3.479,0.000,1.111,1.271,-0.030,78
6316,0.078,3.479,0.000,0.978,1.268,-0.027,78
6317,0.081,3.479,0.000,0.834,1.264,-0.024,78
6318,0.084,3.479,0.000,0.679,1.260,-0.020,78
6319,0.087,3.479,0.000,0.514,1.256,-0.017,78
6320,0.090,3.479,0.000,0.339,1.253,-0.013,78
6321,0.093,3.479,0.000,0.154,1.249,-0.009,78
6322,0.097,3.479,0.000,-0.038,1.244,0.011,78
6323,0.100,3.479,0.000,-0.219,1.241,-0.008,78
6324,0.103,3.479,0.000,-0.403,1.237,-0.002,78
6325,0.106,3.479,0.000,-0.592,1.233,0.032,78
6326,0.109,3.479,0.000,-0.786,1.229,0.008,78
6327,0.112,3.479,0.000,-0.982,1.224,0.038,78
6328,0.116,3.479,0.000,-1.178,1.221,0.001,78
6329,0.119,3.479,0.000,-1.374,1.216,0.036,78
6330,0.122,3.479,0.000,-1.572,1.213,0.027,78
6331,0.125,3.479,0.000,-1.782,1.209,0.024,78
6332,0.128,3.479,0.000,-1.989,1.204,0.037,78
6333,0.131,3.479,0.000,-2.199,1.200,0.045,78
6334,0.135,3.479,0.000,-2.411,1.196,0.064,78
6335,0.138,3.479,0.000,-2.645,1.192,0.034,78
6336,0.141,3.478,0.000,-2.891,1.186,0.067,78
6337,0.144,3.478,0.000,-3.141,1.184,0.060,78
6338,0.147,3.478,0.000,-3.420,1.179,0.077,78
6339,0.151,3.478,0.000,-3.697,1.176,0.067,78
6340,0.154,3.478,0.000,-3.971,1.171,0.084,78
6341,0.157,3.477,0.000,-4.240,1.166,0.095,78
6342,0.160,3.477,0.000,-4.503,1.162,0.098,78
6343,0.164,3.477,0.000,-4.760,1.157,0.100,78
6344,0.167,3.477,0.000,-5.008,1.153,0.106,78
6345,0.170,3.476,0.000,-5.248,1.149,0.104,78
6346,0.173,3.476,0.000,-5.479,1.144,0.111,78
6347,0.176,3.476,0.000,-5.694,1.141,0.106,78
6348,0.180,3.475,0.000,-5.899,1.136,0.109,78
6349,0.183,3.475,0.000,-6.097,1.132,0.115,78
6350,0.186,3.475,0.000,-6.289,1.126,0.129,78
6351,0.189,3.474,0.000,-6.484,1.121,0.139,78
6352,0.192,3.474,0.000,-6.672,1.120,0.116,78
6353,0.195,3.474,0.000,-6.859,1.112,0.158,78
6354,0.199,3.473,0.000,-7.051,1.112,0.127,78
6355,0.202,3.473,0.000,-7.220,1.107,0.130,78
6356,0.205,3.472,0.000,-7.370,1.103,0.139,78
6357,0.208,3.472,0.000,-7.499,1.099,0.141,78
6358,0.211,3.472,0.000,-7.609,1.095,0.140,78
6359,0.214,3.471,0.000,-7.699,1.091,0.141,78
6360,0.218,3.471,0.000,-7.773,1.087,0.143,78
6361,0.221,3.470,0.000,-7.834,1.083,0.148,78
6362,0.224,3.470,0.000,-7.876,1.080,0.144,78
6363,0.227,3.470,0.000,-7.901,1.076,0.142,78
6364,0.230,3.469,0.000,-7.908,1.072,0.143,78
6365,0.233,3.469,0.000,-7.901,1.068,0.143,78
6366,0.237,3.468,0.000,-7.879,1.064,0.142,78
6367,0.240,3.468,0.000,-7.844,1.060,0.140,78
6368,0.243,3.468,0.000,-7.797,1.056,0.139,78
6369,0.246,3.467,0.000,-7.739,1.052,0.138,78
6370,0.249,3.467,0.000,-7.672,1.046,0.151,78
6371,0.252,3.466,0.000,-7.613,1.043,0.138,78
6372,0.255,3.466,0.000,-7.561,1.040,0.132,78
6373,0.259,3.465,0.000,-7.498,1.036,0.129,78
6374,0.262,3.465,0.000,-7.425,1.032,0.129,78
6375,0.265,3.465,0.000,-7.342,1.028,0.128,78
6376,0.268,3.464,0.000,-7.251,1.024,0.125,78
6377,0.271,3.464,0.000,-7.151,1.020,0.126,78
6378,0.274,3.464,0.000,-7.053,1.015,0.126,78
6379,0.277,3.463,0.000,-6.972,1.010,0.132,78
6380,0.281,3.463,0.000,-6.886,1.007,0.126,78
6381,0.284,3.462,0.000,-6.798,1.004,0.116,78
6382,0.287,3.462,0.000,-6.693,1.001,0.108,78
6383,0.290,3.462,0.000,-6.586,0.995,0.128,78
6384,0.293,3.461,0.000,-6.481,0.991,0.124,78
6385,0.296,3.461,0.000,-6.370,0.989,0.109,78
6386,0.299,3.461,0.000,-6.254,0.987,0.101,78
6387,0.302,3.460,0.000,-6.141,0.983,0.110,78
6388,0.305,3.460,0.000,-6.043,0.982,0.087,78
6389,0.308,3.460,0.000,-5.944,0.976,0.108,78
6390,0.311,3.459,0.000,-5.845,0.974,0.091,78
6391,0.314,3.459,0.000,-5.739,0.972,0.086,78
6392,0.318,3.459,0.000,-5.628,0.967,0.106,78
6393,0.321,3.458,0.000,-5.513,0.964,0.096,78
6394,0.324,3.458,0.000,-5.394,0.962,0.083,78
6395,0.327,3.458,0.000,-5.276,0.957,0.107,78
6396,0.330,3.458,0.000,-5.164,0.955,0.089,78
6397,0.333,3.457,0.000,-5.056,0.952,0.083,78
6398,0.336,3.457,0.000,-4.954,0.948,0.088,78
6399,0.339,3.457,0.000,-4.848,0.947,0.072,78
6400,0.342,3.456,0.000,-4.739,0.944,0.070,78
6401,0.345,3.456,0.000,-4.625,0.940,0.071,78
6402,0.348,3.456,0.000,-4.508,0.937,0.070,78
6403,0.351,3.456,0.000,-4.391,0.934,0.066,78
6404,0.355,3.456,0.000,-4.273,0.931,0.064,78
6405,0.358,3.455,0.000,-4.159,0.927,0.061,78
6406,0.361,3.455,0.000,-4.047,0.923,0.077,78
6407,0.364,3.455,0.000,-3.937,0.921,0.048,78
6408,0.367,3.455,0.000,-3.829,0.915,0.084,78
6409,0.370,3.454,0.000,-3.731,0.915,0.027,78
6410,0.373,3.454,0.000,-3.636,0.907,0.093,78
6411,0.376,3.454,0.000,-3.541,0.907,0.045,78
6412,0.379,3.454,0.000,-3.450,0.903,0.049,78
6413,0.382,3.454,0.000,-3.361,0.900,0.046,78
6414,0.385,3.454,0.000,-3.274,0.896,0.053,78
6415,0.388,3.453,0.000,-3.187,0.894,0.033,78
6416,0.391,3.453,0.000,-3.095,0.890,0.048,78
6417,0.395,3.453,0.000,-3.003,0.886,0.046,78
6418,0.398,3.453,0.000,-2.919,0.883,0.038,78
6419,0.401,3.453,0.000,-2.849,0.880,0.036,78
6420,0.404,3.453,0.000,-2.794,0.877,0.038,78
6421,0.407,3.452,0.000,-2.782,0.874,0.038,78
6422,0.410,3.452,0.000,-2.808,0.870,0.037,78
6423,0.413,3.452,0.000,-2.845,0.867,0.037,78
6424,0.416,3.452,0.000,-2.893,0.863,0.038,78
6425,0.419,3.452,0.000,-2.951,0.860,0.040,78
6426,0.422,3.451,0.000,-3.020,0.856,0.040,78
6427,0.425,3.451,0.000,-3.096,0.852,0.050,78
6428,0.428,3.451,0.000,-3.173,0.848,0.041,78
6429,0.431,3.451,0.000,-3.252,0.843,0.066,78
6430,0.434,3.451,0.000,-3.330,0.842,0.015,78
6431,0.437,3.451,0.000,-3.410,0.835,0.071,78
6432,0.441,3.450,0.000,-3.493,0.833,0.048,78
6433,0.444,3.450,0.000,-3.574,0.829,0.046,78
6434,0.447,3.450,0.000,-3.660,0.824,0.055,78
6435,0.450,3.450,0.000,-3.750,0.821,0.038,78
6436,0.453,3.450,0.000,-3.837,0.816,0.050,78
6437,0.457,3.449,0.000,-3.927,0.811,0.055,78
6438,0.460,3.449,0.000,-4.027,0.807,0.051,78
6439,0.463,3.449,0.000,-4.137,0.802,0.050,78
6440,0.467,3.449,0.000,-4.257,0.797,0.054,78
6441,0.470,3.448,0.000,-4.385,0.790,0.075,78
6442,0.473,3.448,0.000,-4.506,0.786,0.064,78
6443,0.477,3.448,0.000,-4.626,0.781,0.064,78
6444,0.480,3.448,0.000,-4.752,0.777,0.052,78
6445,0.483,3.447,0.000,-4.885,0.772,0.060,78
6446,0.486,3.447,0.000,-5.023,0.766,0.065,78
6447,0.490,3.447,0.000,-5.164,0.762,0.064,78
6448,0.493,3.446,0.000,-5.306,0.757,0.072,78
6449,0.496,3.446,0.000,-5.448,0.752,0.072,78
6450,0.499,3.446,0.000,-5.587,0.747,0.080,78
6451,0.502,3.445,0.000,-5.721,0.743,0.082,78
6452,0.506,3.445,0.000,-5.848,0.739,0.081,78
6453,0.509,3.445,0.000,-5.965,0.734,0.081,78
6454,0.512,3.445,0.000,-6.073,0.732,0.068,78
6455,0.515,3.444,0.000,-6.180,0.728,0.069,78
6456,0.518,3.444,0.000,-6.281,0.721,0.095,78
6457,0.521,3.444,0.000,-6.377,0.720,0.079,78
6458,0.524,3.443,0.000,-6.468,0.717,0.075,78
6459,0.527,3.443,0.000,-6.555,0.714,0.079,78
6460,0.530,3.443,0.000,-6.640,0.711,0.069,78
6461,0.532,3.442,0.000,-6.729,0.707,0.089,78
6462,0.535,3.442,0.000,-6.829,0.706,0.073,78
6463,0.538,3.442,0.000,-6.921,0.703,0.074,78
6464,0.541,3.441,0.000,-6.979,0.699,0.082,78
6465,0.544,3.441,0.000,-6.995,0.696,0.082,78
6466,0.547,3.441,0.000,-6.970,0.693,0.079,78
6467,0.550,3.440,0.000,-6.913,0.687,0.095,78
6468,0.553,3.440,0.000,-6.858,0.687,0.073,78
6469,0.556,3.440,0.000,-6.812,0.685,0.071,78
6470,0.559,3.439,0.000,-6.742,0.679,0.095,78
6471,0.562,3.439,0.000,-6.668,0.681,0.058,78
6472,0.565,3.439,0.000,-6.594,0.675,0.087,78
6473,0.567,3.438,0.000,-6.521,0.674,0.081,78
6474,0.570,3.438,0.000,-6.440,0.672,0.075,78
6475,0.573,3.438,0.000,-6.337,0.669,0.091,78
6476,0.575,3.437,0.000,-6.203,0.669,0.075,78
6477,0.578,3.437,0.000,-6.039,0.667,0.071,78
6478,0.581,3.437,0.000,-5.840,0.664,0.074,78
6479,0.584,3.436,0.000,-5.606,0.664,0.053,78
6480,0.587,3.436,0.000,-5.337,0.660,0.057,78
6481,0.590,3.436,0.000,-5.031,0.658,0.055,78
6482,0.593,3.436,0.000,-4.689,0.655,0.048,78
6483,0.596,3.435,0.000,-4.322,0.651,0.055,78
6484,0.599,3.435,0.000,-3.954,0.648,0.056,78
6485,0.602,3.435,0.000,-3.577,0.647,0.027,78
6486,0.606,3.435,0.000,-3.199,0.641,0.057,78
6487,0.608,3.435,0.000,-2.823,0.640,0.027,78
6488,0.612,3.434,0.000,-2.443,0.637,0.029,78
6489,0.614,3.434,0.000,-2.058,0.635,0.011,78
6490,0.618,3.434,0.000,-1.672,0.632,0.013,78
6491,0.620,3.434,0.000,-1.283,0.631,0.017,78
6492,0.623,3.434,0.000,-0.893,0.629,-0.006,78
6493,0.626,3.434,0.000,-0.494,0.626,-0.002,78
6494,0.629,3.434,0.000,-0.074,0.624,0.000,78
6495,0.632,3.434,0.000,0.372,0.621,-0.009,78
6496,0.635,3.434,0.000,0.841,0.618,-0.016,78
6497,0.638,3.434,0.000,1.333,0.615,-0.020,78
6498,0.641,3.434,0.000,1.845,0.611,-0.024,78
6499,0.645,3.434,0.000,2.376,0.607,-0.030,78
6500,0.648,3.434,0.000,2.924,0.603,-0.036,78
6501,0.651,3.435,0.000,3.490,0.599,-0.042,78
6502,0.654,3.435,0.000,4.071,0.594,-0.048,78
6503,0.657,3.435,0.000,4.667,0.590,-0.054,78
6504,0.660,3.435,0.000,5.278,0.586,-0.060,78
6505,0.664,3.435,0.000,5.902,0.581,-0.066,78
6506,0.667,3.436,0.000,6.538,0.576,-0.071,78
6507,0.670,3.436,0.000,7.183,0.571,-0.077,78
6508,0.673,3.437,0.000,7.833,0.566,-0.083,78
6509,0.676,3.437,0.000,8.483,0.560,-0.089,78
6510,0.680,3.438,0.000,9.128,0.554,-0.094,78
6511,0.683,3.438,0.000,9.761,0.547,-0.100,78
6512,0.686,3.439,0.000,10.379,0.541,-0.105,78
6513,0.690,3.439,0.000,10.977,0.534,-0.109,78
6514,0.693,3.440,0.000,11.554,0.527,-0.113,78
6515,0.696,3.441,0.000,12.107,0.521,-0.117,78
6516,0.699,3.441,0.000,12.636,0.515,-0.121,78
6517,0.702,3.442,0.000,13.141,0.509,-0.124,78
6518,0.706,3.443,0.000,13.622,0.503,-0.127,78
6519,0.709,3.444,0.000,14.076,0.497,-0.130,78
6520,0.712,3.444,0.000,14.501,0.490,-0.132,78
6521,0.715,3.445,0.000,14.893,0.484,-0.134,78
6522,0.718,3.446,0.000,15.248,0.477,-0.136,78
6523,0.722,3.447,0.000,15.563,0.470,-0.136,78
6524,0.725,3.448,0.000,15.837,0.462,-0.137,78
6525,0.728,3.449,0.000,16.075,0.455,-0.137,78
6526,0.732,3.450,0.000,16.282,0.448,-0.137,78
6527,0.735,3.451,0.000,16.464,0.442,-0.136,78
6528,0.738,3.452,0.000,16.631,0.435,-0.136,78
6529,0.741,3.453,0.000,16.786,0.429,-0.135,78
6530,0.744,3.454,0.000,16.936,0.423,-0.134,78
6531,0.747,3.455,0.000,17.081,0.417,-0.134,78
6532,0.750,3.456,0.000,17.222,0.411,-0.133,78
6533,0.753,3.457,0.000,17.354,0.405,-0.132,78
6534,0.757,3.458,0.000,17.473,0.398,-0.131,78
6535,0.760,3.459,0.000,17.574,0.391,-0.130,78
6536,0.763,3.460,0.000,17.657,0.384,-0.128,78
6537,0.766,3.461,0.000,17.721,0.377,-0.126,78
6538,0.770,3.462,0.000,17.768,0.369,-0.124,78
6539,0.773,3.463,0.000,17.805,0.362,-0.122,78
6540,0.776,3.464,0.000,17.838,0.355,-0.120,78
6541,0.779,3.465,0.000,17.872,0.348,-0.118,78
6542,0.782,3.466,0.000,17.913,0.343,-0.113,78
6543,0.785,3.467,0.000,17.955,0.333,-0.124,78
6544,0.788,3.468,0.000,18.020,0.331,-0.105,78
6545,0.791,3.469,0.000,18.107,0.324,-0.108,78
6546,0.794,3.470,0.000,18.192,0.322,-0.094,78
6547,0.798,3.471,0.000,18.270,0.313,-0.098,78
6548,0.801,3.472,0.000,18.340,0.306,-0.097,78
6549,0.804,3.473,0.000,18.399,0.294,-0.113,78
6550,0.808,3.474,0.000,18.496,0.287,-0.104,78
6551,0.811,3.476,0.000,18.587,0.282,-0.096,78
6552,0.814,3.477,0.000,18.646,0.274,-0.097,78
6553,0.817,3.478,0.000,18.685,0.267,-0.097,78
6554,0.820,3.479,0.000,18.715,0.261,-0.095,78
6555,0.823,3.480,0.000,18.743,0.255,-0.092,78
6556,0.826,3.481,0.000,18.774,0.249,-0.090,78
6557,0.829,3.482,0.000,18.810,0.243,-0.089,78
6558,0.832,3.483,0.000,18.847,0.237,-0.087,78
6559,0.835,3.484,0.000,18.882,0.231,-0.084,78
6560,0.839,3.485,0.000,18.908,0.224,-0.080,78
6561,0.842,3.486,0.000,18.927,0.217,-0.076,78
6562,0.845,3.487,0.000,18.944,0.214,-0.063,78
6563,0.848,3.488,0.000,18.960,0.202,-0.072,78
6564,0.852,3.490,0.000,18.971,0.197,-0.065,78
6565,0.855,3.491,0.000,18.972,0.185,-0.076,78
6566,0.858,3.492,0.000,19.017,0.179,-0.073,78
6567,0.861,3.493,0.000,19.065,0.176,-0.064,78
6568,0.864,3.494,0.000,19.110,0.170,-0.062,78
6569,0.867,3.495,0.000,19.160,0.163,-0.063,78
6570,0.870,3.496,0.000,19.215,0.157,-0.061,78
6571,0.873,3.497,0.000,19.271,0.152,-0.058,78
6572,0.876,3.498,0.000,19.319,0.145,-0.056,78
6573,0.879,3.499,0.000,19.360,0.140,-0.049,78
6574,0.882,3.500,0.000,19.382,0.133,-0.051,78
6575,0.885,3.501,0.000,19.388,0.122,-0.059,78
6576,0.889,3.503,0.000,19.435,0.121,-0.037,78
6577,0.892,3.504,0.000,19.500,0.113,-0.036,78
6578,0.895,3.505,0.000,19.537,0.103,-0.043,78
6579,0.898,3.506,0.000,19.554,0.095,-0.044,78
6580,0.902,3.507,0.000,19.558,0.090,-0.037,78
6581,0.905,3.508,0.000,19.558,0.084,-0.034,78
6582,0.908,3.509,0.000,19.560,0.077,-0.033,78
6583,0.911,3.510,0.000,19.566,0.076,-0.019,78
6584,0.914,3.511,0.000,19.572,0.066,-0.025,78
6585,0.917,3.513,0.000,19.564,0.061,-0.018,78
6586,0.920,3.514,0.000,19.540,0.055,-0.011,78
6587,0.923,3.515,0.000,19.491,0.047,-0.010,78
6588,0.927,3.516,0.000,19.416,0.038,-0.009,78
6589,0.930,3.517,0.000,19.317,0.030,-0.005,78
6590,0.934,3.519,0.000,19.204,0.019,-0.010,78
6591,0.937,3.520,0.000,19.091,0.014,-0.003,78
6592,0.940,3.521,0.000,18.949,0.009,0.007,78
6593,0.943,3.522,0.000,18.828,0.001,0.008,78
6594,0.946,3.523,0.000,18.727,-0.012,-0.012,78
6595,0.950,3.524,0.000,18.657,-0.012,0.013,78
6596,0.953,3.525,0.000,18.660,-0.019,0.013,78
6597,0.956,3.526,0.000,18.668,-0.026,0.011,78
6598,0.959,3.527,0.000,18.680,-0.031,0.019,78
6599,0.962,3.528,0.000,18.665,-0.040,0.010,78
6600,0.965,3.530,0.000,18.654,-0.043,0.027,78
6601,0.969,3.531,0.000,18.641,-0.059,0.005,78
6602,0.972,3.532,0.000,18.639,-0.056,0.042,78
6603,0.976,3.533,0.000,18.616,-0.073,0.020,78
6604,0.979,3.534,0.000,18.585,-0.078,0.028,78
6605,0.982,3.535,0.000,18.558,-0.089,0.020,78
6606,0.985,3.536,0.000,18.514,-0.084,0.052,78
6607,0.988,3.537,0.000,18.483,-0.099,0.023,78
6608,0.991,3.538,0.000,18.463,-0.098,0.046,78
6609,0.994,3.539,0.000,18.453,-0.105,0.045,78
6610,0.997,3.540,0.000,18.436,-0.115,0.035,78
6611,1.000,3.541,0.000,18.400,-0.118,0.045,78
6612,1.003,3.542,0.000,18.363,-0.124,0.051,78
6613,1.007,3.544,0.000,18.316,-0.138,0.031,78
6614,1.010,3.545,0.000,18.321,-0.140,0.052,78
6615,1.014,3.546,0.000,18.289,-0.148,0.054,78
6616,1.017,3.547,0.000,18.202,-0.156,0.057,78
6617,1.021,3.548,0.000,18.079,-0.165,0.054,78
6618,1.024,3.549,0.000,17.955,-0.174,0.057,78
6619,1.028,3.550,0.000,17.869,-0.183,0.053,78
6620,1.031,3.551,0.000,17.776,-0.190,0.052,78
6621,1.034,3.552,0.000,17.679,-0.190,0.073,78
6622,1.037,3.553,0.000,17.583,-0.205,0.048,78
6623,1.040,3.554,0.000,17.486,-0.207,0.060,78
6624,1.043,3.555,0.000,17.390,-0.212,0.071,78
6625,1.046,3.556,0.000,17.282,-0.222,0.059,78
6626,1.049,3.558,0.000,17.155,-0.222,0.080,78
6627,1.053,3.559,0.000,17.042,-0.235,0.067,78
6628,1.057,3.560,0.000,17.014,-0.244,0.064,78
6629,1.060,3.561,0.000,16.946,-0.251,0.069,78
6630,1.064,3.562,0.000,16.847,-0.251,0.094,78
6631,1.067,3.563,0.000,16.739,-0.262,0.083,78
6632,1.070,3.564,0.000,16.622,-0.268,0.086,78
6633,1.074,3.565,0.000,16.502,-0.274,0.086,78
6634,1.077,3.566,0.000,16.387,-0.280,0.088,78
6635,1.080,3.567,0.000,16.282,-0.290,0.074,78
6636,1.083,3.568,0.000,16.251,-0.295,0.075,78
6637,1.086,3.569,0.000,16.205,-0.299,0.083,78
6638,1.089,3.570,0.000,16.152,-0.305,0.083,78
6639,1.092,3.571,0.000,16.085,-0.309,0.093,78
6640,1.096,3.572,0.000,16.000,-0.317,0.092,78
6641,1.099,3.573,0.000,15.894,-0.328,0.079,78
6642,1.103,3.574,0.000,15.794,-0.335,0.091,78
6643,1.107,3.575,0.000,15.693,-0.342,0.095,78
6644,1.110,3.576,0.000,15.571,-0.351,0.091,78
6645,1.113,3.577,0.000,15.443,-0.354,0.104,78
6646,1.117,3.578,0.000,15.278,-0.359,0.110,78
6647,1.120,3.578,0.000,15.141,-0.366,0.106,78
6648,1.123,3.579,0.000,15.020,-0.373,0.103,78
6649,1.125,3.580,0.000,14.987,-0.376,0.106,78
6650,1.127,3.581,0.000,15.263,-0.377,0.104,78
6651,1.128,3.581,0.000,15.722,-0.371,0.109,78
6652,1.130,3.582,0.000,16.281,-0.371,0.119,78
6653,1.130,3.582,0.000,16.861,-0.364,0.110,78
6654,1.132,3.582,0.000,17.513,-0.358,0.133,78
6655,1.133,3.582,0.000,18.216,-0.372,0.075,78
6656,1.132,3.582,0.000,18.937,-0.335,0.151,78
6657,1.134,3.583,0.000,19.659,-0.342,0.141,78
6658,1.135,3.584,0.000,20.368,-0.365,0.071,78
6659,1.136,3.584,0.000,21.082,-0.326,0.155,78
6660,1.137,3.584,0.000,21.837,-0.313,0.191,78
6661,1.139,3.585,0.000,22.592,-0.355,0.088,78
6662,1.141,3.586,0.000,23.347,-0.356,0.094,78
6663,1.143,3.587,0.000,24.111,-0.314,0.199,78
6664,1.145,3.588,0.000,24.877,-0.334,0.161,78
6665,1.149,3.590,0.000,25.630,-0.370,0.108,78
6666,1.153,3.591,0.000,26.365,-0.338,0.198,78
6667,1.155,3.592,0.000,27.071,-0.343,0.195,78
6668,1.158,3.594,0.000,27.760,-0.379,0.145,78
6669,1.161,3.596,0.000,28.435,-0.343,0.230,78
6670,1.163,3.597,0.000,29.093,-0.353,0.220,78
6671,1.167,3.599,0.000,29.720,-0.386,0.183,78
6672,1.170,3.600,0.000,30.338,-0.353,0.252,78
6673,1.172,3.602,0.000,30.961,-0.382,0.211,78
6674,1.175,3.603,0.000,31.598,-0.370,0.247,78
6675,1.177,3.605,0.000,32.225,-0.379,0.238,78
6676,1.180,3.607,0.000,32.859,-0.396,0.228,78
6677,1.182,3.608,0.000,33.457,-0.367,0.281,78
6678,1.185,3.610,0.000,34.046,-0.409,0.232,78
6679,1.188,3.612,0.000,34.639,-0.386,0.284,78
6680,1.190,3.614,0.000,35.239,-0.403,0.269,78
6681,1.193,3.616,0.000,35.833,-0.396,0.297,78
6682,1.195,3.617,0.000,36.403,-0.393,0.302,78
6683,1.198,3.620,0.000,36.964,-0.423,0.278,78
6684,1.201,3.622,0.000,37.550,-0.393,0.330,78
6685,1.203,3.624,0.000,38.145,-0.428,0.299,78
6686,1.206,3.625,0.000,38.767,-0.389,0.356,78
6687,1.207,3.626,0.000,39.420,-0.417,0.322,78
6688,1.210,3.629,0.000,40.069,-0.430,0.325,78
6689,1.212,3.631,0.000,40.758,-0.393,0.376,78
6690,1.215,3.633,0.000,41.427,-0.423,0.353,78
6691,1.216,3.635,0.000,42.038,-0.397,0.386,78
6692,1.219,3.637,0.000,42.563,-0.418,0.376,78
6693,1.221,3.639,0.000,43.070,-0.408,0.391,78
6694,1.224,3.642,0.000,43.586,-0.408,0.408,78
6695,1.226,3.644,0.000,44.057,-0.431,0.392,78
6696,1.228,3.646,0.000,44.464,-0.417,0.414,78
6697,1.231,3.648,0.000,44.786,-0.425,0.416,78
6698,1.232,3.650,0.000,45.026,-0.431,0.413,78
6699,1.234,3.652,0.000,45.103,-0.426,0.421,78
6700,1.237,3.654,0.000,45.054,-0.428,0.429,78
6701,1.239,3.656,0.000,44.696,-0.438,0.426,78
6702,1.241,3.659,0.000,43.905,-0.450,0.421,78
6703,1.243,3.661,0.000,42.434,-0.461,0.414,78
6704,1.246,3.663,0.000,40.055,-0.482,0.400,78
6705,1.248,3.665,0.000,37.080,-0.508,0.377,78
6706,1.251,3.667,0.000,34.005,-0.532,0.352,78
6707,1.253,3.668,0.000,31.046,-0.555,0.328,78
6708,1.256,3.670,0.000,28.268,-0.576,0.304,78
6709,1.259,3.671,0.000,25.683,-0.596,0.281,78
6710,1.263,3.673,0.000,23.285,-0.615,0.259,78
6711,1.266,3.674,0.000,21.035,-0.632,0.237,78
6712,1.270,3.675,0.000,18.887,-0.649,0.216,78
6713,1.273,3.676,0.000,16.839,-0.664,0.195,78
6714,1.276,3.677,0.000,14.871,-0.676,0.174,78
6715,1.279,3.678,0.000,12.969,-0.688,0.153,78
6716,1.282,3.679,0.000,11.128,-0.699,0.132,78
6717,1.285,3.679,0.000,9.349,-0.709,0.111,78
6718,1.289,3.680,0.000,7.634,-0.720,0.091,78
6719,1.292,3.680,0.000,5.981,-0.730,0.071,78
6720,1.296,3.680,0.000,4.388,-0.741,0.051,78
6721,1.300,3.680,0.000,2.848,-0.752,0.032,78
6722,1.303,3.681,0.000,1.357,-0.762,0.013,78
6723,1.307,3.681,0.000,-0.086,-0.772,-0.007,78
6724,1.311,3.681,0.000,-1.483,-0.781,-0.026,78
6725,1.315,3.680,0.000,-2.827,-0.790,-0.044,78
6726,1.319,3.680,0.000,-4.114,-0.798,-0.063,78
6727,1.322,3.680,0.000,-5.332,-0.806,-0.081,78
6728,1.326,3.680,0.000,-6.472,-0.813,-0.098,78
6729,1.329,3.679,0.000,-7.521,-0.820,-0.112,78
6730,1.333,3.679,0.000,-8.513,-0.829,-0.122,78
6731,1.337,3.678,0.000,-9.449,-0.838,-0.130,78
6732,1.340,3.677,0.000,-10.235,-0.846,-0.145,78
6733,1.344,3.676,0.000,-10.866,-0.855,-0.160,78
6734,1.348,3.676,0.000,-11.401,-0.862,-0.179,78
6735,1.353,3.675,0.000,-11.869,-0.871,-0.193,78
6736,1.357,3.674,0.000,-12.137,-0.883,-0.196,78
6737,1.361,3.673,0.000,-12.249,-0.898,-0.179,78
6738,1.365,3.672,0.000,-12.361,-0.906,-0.196,78
6739,1.369,3.671,0.000,-12.429,-0.917,-0.201,78
6740,1.373,3.671,0.000,-12.367,-0.928,-0.197,78
6741,1.376,3.670,0.000,-12.162,-0.939,-0.195,78
6742,1.380,3.669,0.000,-11.839,-0.949,-0.194,78
6743,1.383,3.668,0.000,-11.419,-0.960,-0.189,78
6744,1.387,3.667,0.000,-10.947,-0.969,-0.195,78
6745,1.391,3.667,0.000,-10.445,-0.983,-0.174,78
6746,1.394,3.666,0.000,-9.942,-0.995,-0.163,78
6747,1.398,3.665,0.000,-9.420,-1.003,-0.178,78
6748,1.402,3.665,0.000,-8.894,-1.015,-0.171,78
6749,1.406,3.664,0.000,-8.341,-1.031,-0.137,78
6750,1.410,3.663,0.000,-7.777,-1.041,-0.138,78
6751,1.414,3.663,0.000,-7.198,-1.052,-0.132,78
6752,1.417,3.663,0.000,-6.600,-1.063,-0.117,78
6753,1.421,3.662,0.000,-5.991,-1.073,-0.105,78
6754,1.424,3.662,0.000,-5.375,-1.083,-0.097,78
6755,1.428,3.661,0.000,-4.758,-1.092,-0.095,78
6756,1.431,3.661,0.000,-4.132,-1.101,-0.090,78
6757,1.435,3.661,0.000,-3.510,-1.110,-0.075,78
6758,1.438,3.661,0.000,-2.894,-1.121,-0.044,78
6759,1.441,3.661,0.000,-2.284,-1.129,-0.044,78
6760,1.445,3.661,0.000,-1.679,-1.138,-0.031,78
6761,1.448,3.660,0.000,-1.083,-1.148,-0.015,78
6762,1.452,3.660,0.000,-0.497,-1.157,-0.003,78
6763,1.456,3.660,0.000,0.078,-1.167,0.006,78
6764,1.459,3.660,0.000,0.642,-1.176,0.018,78
6765,1.463,3.660,0.000,1.192,-1.185,0.030,78
6766,1.466,3.661,0.000,1.727,-1.193,0.042,78
6767,1.469,3.661,0.000,2.245,-1.201,0.052,78
6768,1.472,3.661,0.000,2.744,-1.209,0.063,78
6769,1.476,3.661,0.000,3.224,-1.217,0.055,78
6770,1.479,3.661,0.000,3.694,-1.225,0.073,78
6771,1.482,3.661,0.000,4.151,-1.231,0.099,78
6772,1.485,3.662,0.000,4.586,-1.238,0.111,78
6773,1.489,3.662,0.000,4.992,-1.246,0.113,78
6774,1.492,3.662,0.000,5.366,-1.254,0.121,78
6775,1.495,3.662,0.000,5.706,-1.262,0.129,78
6776,1.499,3.663,0.000,6.018,-1.272,0.131,78
6777,1.502,3.663,0.000,6.298,-1.281,0.132,78
6778,1.506,3.664,0.000,6.538,-1.289,0.141,78
6779,1.509,3.664,0.000,6.737,-1.297,0.149,78
6780,1.512,3.664,0.000,6.904,-1.303,0.164,78
6781,1.515,3.665,0.000,7.034,-1.310,0.172,78
6782,1.518,3.665,0.000,7.115,-1.317,0.171,78
6783,1.521,3.665,0.000,7.149,-1.325,0.170,78
6784,1.524,3.666,0.000,7.140,-1.332,0.172,78
6785,1.527,3.666,0.000,7.093,-1.340,0.173,78
6786,1.530,3.666,0.000,7.022,-1.348,0.177,78
6787,1.534,3.667,0.000,6.932,-1.361,0.150,78
6788,1.537,3.667,0.000,6.836,-1.369,0.159,78
6789,1.541,3.668,0.000,6.730,-1.377,0.177,78
6790,1.544,3.668,0.000,6.629,-1.388,0.150,78
6791,1.547,3.668,0.000,6.532,-1.397,0.157,78
6792,1.550,3.669,0.000,6.413,-1.405,0.160,78
6793,1.554,3.669,0.000,6.277,-1.415,0.142,78
6794,1.557,3.670,0.000,6.133,-1.420,0.173,78
6795,1.560,3.670,0.000,5.987,-1.431,0.143,78
6796,1.563,3.670,0.000,5.840,-1.436,0.166,78
6797,1.566,3.670,0.000,5.684,-1.447,0.139,78
6798,1.569,3.671,0.000,5.517,-1.456,0.132,78
6799,1.573,3.671,0.000,5.355,-1.465,0.152,78
6800,1.576,3.671,0.000,5.211,-1.476,0.129,78
6801,1.580,3.672,0.000,5.068,-1.485,0.149,78
6802,1.583,3.672,0.000,4.925,-1.498,0.104,78
6803,1.586,3.672,0.000,4.772,-1.504,0.155,78
6804,1.590,3.673,0.000,4.611,-1.519,0.093,78
6805,1.593,3.673,0.000,4.446,-1.526,0.132,78
6806,1.597,3.673,0.000,4.282,-1.534,0.136,78
6807,1.600,3.673,0.000,4.121,-1.546,0.094,78
6808,1.603,3.674,0.000,3.960,-1.551,0.136,78
6809,1.606,3.674,0.000,3.799,-1.563,0.088,78
6810,1.609,3.674,0.000,3.637,-1.570,0.106,78
6811,1.613,3.674,0.000,3.471,-1.580,0.091,78
6812,1.616,3.674,0.000,3.309,-1.588,0.091,78
6813,1.619,3.675,0.000,3.144,-1.598,0.088,78
6814,1.623,3.675,0.000,2.970,-1.607,0.090,78
6815,1.626,3.675,0.000,2.794,-1.617,0.072,78
6816,1.630,3.675,0.000,2.607,-1.628,0.060,78
6817,1.633,3.675,0.000,2.423,-1.637,0.065,78
6818,1.637,3.675,0.000,2.241,-1.647,0.063,78
6819,1.640,3.676,0.000,2.058,-1.657,0.054,78
6820,1.644,3.676,0.000,1.873,-1.666,0.047,78
6821,1.647,3.676,0.000,1.685,-1.674,0.042,78
6822,1.650,3.676,0.000,1.494,-1.682,0.061,78
6823,1.653,3.676,0.000,1.297,-1.691,0.043,78
6824,1.656,3.676,0.000,1.097,-1.700,0.032,78
6825,1.660,3.676,0.000,0.896,-1.708,0.028,78
6826,1.663,3.676,0.000,0.695,-1.717,0.029,78
6827,1.666,3.676,0.000,0.498,-1.727,0.013,78
6828,1.670,3.676,0.000,0.310,-1.736,0.009,78
6829,1.673,3.676,0.000,0.129,-1.747,-0.003,78
6830,1.677,3.676,0.000,-0.044,-1.757,-0.007,78
6831,1.681,3.676,0.000,-0.213,-1.767,-0.003,78
6832,1.684,3.676,0.000,-0.379,-1.776,-0.001,78
6833,1.687,3.676,0.000,-0.539,-1.785,-0.010,78
6834,1.691,3.676,0.000,-0.694,-1.794,-0.018,78
6835,1.694,3.676,0.000,-0.845,-1.802,-0.040,78
6836,1.697,3.676,0.000,-0.993,-1.811,-0.030,78
6837,1.700,3.676,0.000,-1.138,-1.819,-0.028,78
6838,1.703,3.676,0.000,-1.280,-1.828,-0.044,78
6839,1.707,3.676,0.000,-1.418,-1.837,-0.032,78
6840,1.710,3.676,0.000,-1.559,-1.846,-0.041,78
6841,1.714,3.676,0.000,-1.690,-1.856,-0.053,78
6842,1.717,3.675,0.000,-1.809,-1.866,-0.055,78
6843,1.721,3.675,0.000,-1.916,-1.876,-0.072,78
6844,1.724,3.675,0.000,-2.011,-1.887,-0.066,78
6845,1.728,3.675,0.000,-2.092,-1.896,-0.072,78
6846,1.731,3.675,0.000,-2.164,-1.906,-0.060,78
6847,1.734,3.675,0.000,-2.225,-1.915,-0.069,78
6848,1.738,3.675,0.000,-2.275,-1.924,-0.074,78
6849,1.741,3.675,0.000,-2.316,-1.932,-0.087,78
6850,1.744,3.674,0.000,-2.350,-1.940,-0.089,78
6851,1.747,3.674,0.000,-2.374,-1.949,-0.085,78
6852,1.750,3.674,0.000,-2.388,-1.958,-0.086,78
6853,1.753,3.674,0.000,-2.393,-1.968,-0.074,78
6854,1.757,3.674,0.000,-2.387,-1.978,-0.074,78
6855,1.760,3.674,0.000,-2.375,-1.987,-0.092,78
6856,1.764,3.674,0.000,-2.353,-1.998,-0.086,78
6857,1.767,3.673,0.000,-2.326,-2.009,-0.079,78
6858,1.771,3.673,0.000,-2.295,-2.020,-0.072,78
6859,1.774,3.673,0.000,-2.252,-2.029,-0.091,78
6860,1.778,3.673,0.000,-2.194,-2.039,-0.083,78
6861,1.781,3.673,0.000,-2.127,-2.049,-0.062,78
6862,1.784,3.673,0.000,-2.057,-2.058,-0.073,78
6863,1.787,3.673,0.000,-1.983,-2.067,-0.081,78
6864,1.790,3.673,0.000,-1.908,-2.076,-0.065,78
6865,1.794,3.673,0.000,-1.835,-2.084,-0.078,78
6866,1.797,3.672,0.000,-1.751,-2.094,-0.075,78
6867,1.800,3.672,0.000,-1.656,-2.104,-0.060,78
6868,1.804,3.672,0.000,-1.551,-2.115,-0.055,78
6869,1.807,3.672,0.000,-1.433,-2.125,-0.046,78
6870,1.811,3.672,0.000,-1.304,-2.136,-0.042,78
6871,1.814,3.672,0.000,-1.168,-2.146,-0.054,78
6872,1.818,3.672,0.000,-1.021,-2.157,-0.047,78
6873,1.821,3.672,0.000,-0.872,-2.167,-0.022,78
6874,1.824,3.672,0.000,-0.725,-2.175,-0.041,78
6875,1.827,3.672,0.000,-0.577,-2.185,0.000,78
6876,1.830,3.672,0.000,-0.430,-2.193,-0.043,78
6877,1.833,3.672,0.000,-0.284,-2.202,0.023,78
6878,1.837,3.672,0.000,-0.138,-2.210,-0.035,78
6879,1.840,3.672,0.000,0.008,-2.219,-0.002,78
6880,1.843,3.672,0.000,0.158,-2.222,0.017,78
6881,1.846,3.672,0.000,0.310,-2.190,0.007,78
6882,1.850,3.672,0.000,0.468,-2.157,0.021,78
6883,1.853,3.672,0.000,0.627,-2.125,0.020,78
6884,1.856,3.672,0.000,0.786,-2.093,0.014,78
6885,1.860,3.672,0.000,0.946,-2.060,0.031,78
6886,1.863,3.672,0.000,1.109,-2.027,0.040,78
6887,1.866,3.672,0.000,1.275,-1.994,0.045,78
6888,1.869,3.672,0.000,1.444,-1.961,0.056,78
6889,1.871,3.672,0.000,1.614,-1.928,0.049,78
6890,1.874,3.672,0.000,1.782,-1.895,0.069,78
6891,1.877,3.672,0.000,1.949,-1.862,0.060,78
6892,1.880,3.672,0.000,2.113,-1.830,0.078,78
6893,1.883,3.673,0.000,2.276,-1.798,0.079,78
6894,1.886,3.673,0.000,2.440,-1.767,0.081,78
6895,1.889,3.673,0.000,2.604,-1.738,0.073,78
6896,1.892,3.673,0.000,2.764,-1.708,0.087,78
6897,1.895,3.673,0.000,2.919,-1.680,0.085,78
6898,1.898,3.673,0.000,3.077,-1.651,0.087,78
6899,1.901,3.673,0.000,3.235,-1.623,0.085,78
6900,1.904,3.674,0.000,3.392,-1.594,0.090,78
6901,1.907,3.674,0.000,3.545,-1.565,0.100,78
6902,1.910,3.674,0.000,3.695,-1.535,0.107,78
6903,1.912,3.674,0.000,3.834,-1.506,0.106,78
6904,1.915,3.674,0.000,3.963,-1.479,0.089,78
6905,1.918,3.675,0.000,4.087,-1.448,0.126,78
6906,1.920,3.675,0.000,4.210,-1.423,0.078,78
6907,1.923,3.675,0.000,4.331,-1.394,0.116,78
6908,1.926,3.675,0.000,4.447,-1.370,0.086,78
6909,1.929,3.675,0.000,4.561,-1.342,0.116,78
6910,1.933,3.676,0.000,4.672,-1.319,0.094,78
6911,1.936,3.676,0.000,4.780,-1.293,0.097,78
6912,1.939,3.676,0.000,4.880,-1.267,0.109,78
6913,1.941,3.676,0.000,4.970,-1.241,0.112,78
6914,1.944,3.677,0.000,5.052,-1.217,0.095,78
6915,1.947,3.677,0.000,5.133,-1.189,0.118,78
6916,1.949,3.677,0.000,5.212,-1.163,0.115,78
6917,1.952,3.677,0.000,5.284,-1.139,0.105,78
6918,1.955,3.678,0.000,5.350,-1.113,0.107,78
6919,1.958,3.678,0.000,5.411,-1.091,0.090,78
6920,1.961,3.678,0.000,5.489,-1.063,0.130,78
6921,1.964,3.679,0.000,5.582,-1.044,0.087,78
6922,1.967,3.679,0.000,5.682,-1.021,0.097,78
6923,1.970,3.679,0.000,5.769,-0.999,0.096,78
6924,1.973,3.680,0.000,5.834,-0.975,0.113,78
6925,1.976,3.680,0.000,5.883,-0.954,0.100,78
6926,1.979,3.680,0.000,5.908,-0.932,0.098,78
6927,1.981,3.680,0.000,5.909,-0.911,0.081,78
6928,1.984,3.681,0.000,5.886,-0.887,0.087,78
6929,1.987,3.681,0.000,5.838,-0.864,0.096,78
6930,1.989,3.681,0.000,5.784,-0.843,0.074,78
6931,1.992,3.682,0.000,5.730,-0.818,0.101,78
6932,1.995,3.682,0.000,5.676,-0.801,0.049,78
6933,1.997,3.682,0.000,5.627,-0.775,0.094,78
6934,2.000,3.682,0.000,5.581,-0.758,0.049,78
6935,2.003,3.683,0.000,5.544,-0.735,0.080,78
6936,2.006,3.683,0.000,5.511,-0.717,0.060,78
6937,2.009,3.683,0.000,5.473,-0.698,0.054,78
6938,2.012,3.683,0.000,5.426,-0.676,0.082,78
6939,2.015,3.684,0.000,5.375,-0.659,0.036,78
6940,2.018,3.684,0.000,5.320,-0.635,0.070,78
6941,2.021,3.684,0.000,5.259,-0.617,0.044,78
6942,2.023,3.684,0.000,5.197,-0.595,0.049,78
6943,2.026,3.685,0.000,5.129,-0.575,0.054,78
6944,2.028,3.685,0.000,5.058,-0.554,0.052,78
6945,2.031,3.685,0.000,4.972,-0.535,0.045,78
6946,2.034,3.685,0.000,4.882,-0.516,0.035,78
6947,2.037,3.686,0.000,4.773,-0.497,0.039,78
6948,2.040,3.686,0.000,4.655,-0.479,0.040,78
6949,2.043,3.686,0.000,4.525,-0.462,0.032,78
6950,2.046,3.686,0.000,4.387,-0.445,0.026,78
6951,2.049,3.687,0.000,4.243,-0.428,0.026,78
6952,2.052,3.687,0.000,4.091,-0.411,0.025,78
6953,2.055,3.687,0.000,3.932,-0.394,0.022,78
6954,2.058,3.687,0.000,3.764,-0.377,0.019,78
6955,2.061,3.687,0.000,3.587,-0.360,0.017,78
6956,2.063,3.688,0.000,3.400,-0.342,0.019,78
6957,2.066,3.688,0.000,3.210,-0.326,0.010,78
6958,2.069,3.688,0.000,3.024,-0.308,0.019,78
6959,2.072,3.688,0.000,2.834,-0.292,0.023,78
6960,2.075,3.688,0.000,2.641,-0.276,0.019,78
6961,2.078,3.688,0.000,2.449,-0.261,0.015,78
6962,2.081,3.689,0.000,2.260,-0.247,0.014,78
6963,2.084,3.689,0.000,2.078,-0.233,0.014,78
6964,2.087,3.689,0.000,1.902,-0.219,0.013,78
6965,2.090,3.689,0.000,1.733,-0.205,0.011,78
6966,2.093,3.689,0.000,1.569,-0.192,-0.005,78
6967,2.096,3.689,0.000,1.410,-0.177,0.005,78
6968,2.099,3.689,0.000,1.253,-0.163,0.001,78
6969,2.101,3.689,0.000,1.097,-0.147,0.014,78
6970,2.104,3.689,0.000,0.941,-0.133,0.009,78
6971,2.107,3.689,0.000,0.784,-0.118,0.005,78
6972,2.109,3.689,0.000,0.625,-0.103,0.006,78
6973,2.112,3.689,0.000,0.465,-0.088,0.007,78
6974,2.114,3.689,0.000,0.304,-0.073,0.010,78
6975,2.117,3.689,0.000,0.142,-0.058,-0.016,78
6976,2.119,3.689,0.000,-0.016,-0.043,0.002,78
6977,2.122,3.689,0.000,-0.170,-0.029,-0.001,78
6978,2.124,3.689,0.000,-0.319,-0.014,0.000,78
6979,2.127,3.689,0.000,-0.465,0.000,-0.007,78
6980,2.130,3.689,0.000,-0.604,0.014,-0.008,78
6981,2.132,3.689,0.000,-0.738,0.028,0.016,78
6982,2.135,3.689,0.000,-0.867,0.042,0.009,78
6983,2.137,3.689,0.000,-0.991,0.056,-0.005,78
6984,2.140,3.689,0.000,-1.113,0.070,0.011,78
6985,2.142,3.689,0.000,-1.241,0.084,0.013,78
6986,2.145,3.689,0.000,-1.368,0.099,0.006,78
6987,2.147,3.689,0.000,-1.496,0.115,-0.011,78
6988,2.149,3.689,0.000,-1.622,0.128,0.027,78
6989,2.152,3.689,0.000,-1.747,0.143,-0.018,78
6990,2.154,3.689,0.000,-1.869,0.156,0.007,78
6991,2.157,3.689,0.000,-1.984,0.169,-0.004,78
6992,2.159,3.689,0.000,-2.094,0.182,0.008,78
6993,2.162,3.688,0.000,-2.200,0.195,-0.009,78
6994,2.165,3.688,0.000,-2.300,0.207,0.014,78
6995,2.167,3.688,0.000,-2.398,0.222,0.002,78
6996,2.170,3.688,0.000,-2.495,0.235,0.000,78
6997,2.172,3.688,0.000,-2.584,0.248,0.006,78
6998,2.174,3.688,0.000,-2.669,0.261,0.014,78
6999,2.177,3.688,0.000,-2.751,0.274,-0.001,78
7000,2.179,3.688,0.000,-2.833,0.286,0.020,78
7001,2.182,3.688,0.000,-2.915,0.299,-0.003,78
7002,2.184,3.687,0.000,-3.008,0.310,0.016,78
7003,2.187,3.687,0.000,-3.097,0.321,0.020,78
7004,2.190,3.687,0.000,-3.170,0.330,0.024,78
7005,2.193,3.687,0.000,-3.213,0.340,0.025,78
7006,2.196,3.687,0.000,-3.239,0.351,0.012,78
7007,2.199,3.687,0.000,-3.250,0.360,0.009,78
7008,2.202,3.686,0.000,-3.247,0.370,0.019,78
7009,2.205,3.686,0.000,-3.236,0.381,0.009,78
7010,2.208,3.686,0.000,-3.212,0.391,0.015,78
7011,2.210,3.686,0.000,-3.181,0.401,0.035,78
7012,2.213,3.686,0.000,-3.151,0.412,0.034,78
7013,2.216,3.686,0.000,-3.114,0.423,0.025,78
7014,2.219,3.685,0.000,-3.066,0.434,0.011,78
7015,2.221,3.685,0.000,-3.017,0.442,0.044,78
7016,2.225,3.685,0.000,-2.971,0.452,0.010,78
7017,2.228,3.685,0.000,-2.926,0.460,0.029,78
7018,2.231,3.685,0.000,-2.877,0.469,0.008,78
7019,2.234,3.685,0.000,-2.826,0.476,0.015,78
7020,2.238,3.685,0.000,-2.760,0.483,0.028,78
7021,2.241,3.684,0.000,-2.675,0.490,0.024,78
7022,2.244,3.684,0.000,-2.572,0.497,0.027,78
7023,2.247,3.684,0.000,-2.455,0.506,0.010,78
7024,2.250,3.684,0.000,-2.326,0.514,0.013,78
7025,2.253,3.684,0.000,-2.188,0.521,0.037,78
7026,2.256,3.684,0.000,-2.055,0.530,0.019,78
7027,2.259,3.684,0.000,-1.915,0.538,0.015,78
7028,2.262,3.684,0.000,-1.764,0.546,0.019,78
7029,2.266,3.683,0.000,-1.604,0.554,0.007,78
7030,2.269,3.683,0.000,-1.436,0.560,0.005,78
7031,2.272,3.683,0.000,-1.259,0.566,0.025,78
7032,2.276,3.683,0.000,-1.081,0.571,0.013,78
7033,2.280,3.683,0.000,-0.899,0.576,-0.007,78
7034,2.283,3.683,0.000,-0.721,0.581,0.010,78
7035,2.287,3.683,0.000,-0.542,0.586,0.012,78
7036,2.290,3.683,0.000,-0.360,0.591,0.001,78
7037,2.294,3.683,0.000,-0.175,0.596,0.002,78
7038,2.297,3.683,0.000,0.007,0.602,-0.001,78
7039,2.301,3.683,0.000,0.189,0.608,-0.011,78
7040,2.304,3.683,0.000,0.372,0.615,0.007,78
7041,2.307,3.683,0.000,0.556,0.620,0.002,78
7042,2.310,3.683,0.000,0.741,0.625,-0.014,78
7043,2.314,3.683,0.000,0.928,0.630,-0.011,78
7044,2.318,3.683,0.000,1.116,0.634,-0.017,78
7045,2.322,3.683,0.000,1.306,0.636,-0.022,78
7046,2.326,3.683,0.000,1.498,0.638,-0.022,78
7047,2.330,3.683,0.000,1.692,0.640,-0.024,78
7048,2.334,3.684,0.000,1.887,0.642,-0.007,78
7049,2.338,3.684,0.000,2.077,0.643,-0.017,78
7050,2.342,3.684,0.000,2.265,0.645,-0.024,78
7051,2.345,3.684,0.000,2.451,0.648,-0.023,78
7052,2.349,3.684,0.000,2.634,0.651,-0.023,78
7053,2.352,3.684,0.000,2.812,0.654,-0.027,78
7054,2.356,3.685,0.000,2.987,0.655,-0.038,78
7055,2.360,3.685,0.000,3.166,0.657,-0.039,78
7056,2.364,3.685,0.000,3.342,0.659,-0.037,78
7057,2.368,3.685,0.000,3.522,0.660,-0.036,78
7058,2.372,3.685,0.000,3.699,0.659,-0.047,78
7059,2.377,3.686,0.000,3.878,0.658,-0.055,78
7060,2.381,3.686,0.000,4.050,0.657,-0.053,78
7061,2.385,3.686,0.000,4.213,0.657,-0.048,78
7062,2.389,3.687,0.000,4.368,0.657,-0.049,78
7063,2.393,3.687,0.000,4.513,0.658,-0.046,78
7064,2.397,3.687,0.000,4.652,0.657,-0.057,78
7065,2.401,3.688,0.000,4.797,0.658,-0.060,78
7066,2.405,3.688,0.000,4.935,0.661,-0.040,78
7067,2.409,3.688,0.000,5.071,0.659,-0.079,78
7068,2.413,3.689,0.000,5.207,0.662,-0.047,78
7069,2.416,3.689,0.000,5.340,0.662,-0.059,78
7070,2.421,3.689,0.000,5.468,0.658,-0.089,78
7071,2.425,3.690,0.000,5.607,0.661,-0.049,78
7072,2.429,3.690,0.000,5.747,0.655,-0.087,78
7073,2.433,3.691,0.000,5.880,0.656,-0.066,78
7074,2.438,3.691,0.000,6.009,0.653,-0.069,78
7075,2.442,3.692,0.000,6.143,0.651,-0.083,78
7076,2.446,3.692,0.000,6.283,0.651,-0.080,78
7077,2.450,3.692,0.000,6.403,0.652,-0.076,78
7078,2.453,3.693,0.000,6.496,0.652,-0.078,78
7079,2.457,3.693,0.000,6.565,0.655,-0.062,78
7080,2.460,3.694,0.000,6.634,0.656,-0.070,78
7081,2.464,3.694,0.000,6.689,0.655,-0.088,78
7082,2.468,3.695,0.000,6.724,0.656,-0.081,78
7083,2.472,3.695,0.000,6.744,0.655,-0.084,78
7084,2.476,3.695,0.000,6.754,0.657,-0.061,78
7085,2.480,3.696,0.000,6.760,0.651,-0.100,78
7086,2.484,3.696,0.000,6.769,0.652,-0.067,78
7087,2.488,3.697,0.000,6.786,0.648,-0.094,78
7088,2.492,3.697,0.000,6.786,0.650,-0.076,78
7089,2.495,3.698,0.000,6.767,0.648,-0.091,78
7090,2.499,3.698,0.000,6.741,0.653,-0.056,78
7091,2.502,3.699,0.000,6.720,0.650,-0.089,78
7092,2.506,3.699,0.000,6.677,0.651,-0.083,78
7093,2.509,3.700,0.000,6.613,0.655,-0.062,78
7094,2.512,3.700,0.000,6.528,0.653,-0.096,78
7095,2.515,3.700,0.000,6.407,0.658,-0.060,78
7096,2.519,3.701,0.000,6.263,0.658,-0.070,78
7097,2.523,3.701,0.000,6.105,0.657,-0.073,78
7098,2.527,3.702,0.000,5.943,0.657,-0.063,78
7099,2.530,3.702,0.000,5.788,0.654,-0.079,78
7100,2.534,3.702,0.000,5.647,0.653,-0.075,78
7101,2.538,3.703,0.000,5.500,0.654,-0.066,78
7102,2.541,3.703,0.000,5.343,0.654,-0.064,78
7103,2.545,3.703,0.000,5.179,0.655,-0.053,78
7104,2.548,3.704,0.000,5.006,0.656,-0.051,78
7105,2.551,3.704,0.000,4.830,0.657,-0.061,78
7106,2.554,3.704,0.000,4.647,0.658,-0.066,78
7107,2.558,3.704,0.000,4.460,0.662,-0.036,78
7108,2.561,3.705,0.000,4.273,0.664,-0.042,78
7109,2.564,3.705,0.000,4.081,0.664,-0.062,78
7110,2.566,3.705,0.000,3.876,0.670,-0.026,78
7111,2.570,3.705,0.000,3.645,0.669,-0.066,78
7112,2.572,3.705,0.000,3.406,0.674,-0.018,78
7113,2.575,3.706,0.000,3.168,0.676,-0.041,78
7114,2.578,3.706,0.000,2.931,0.677,-0.064,78
7115,2.581,3.706,0.000,2.694,0.683,-0.008,78
7116,2.584,3.706,0.000,2.456,0.685,-0.042,78
7117,2.586,3.706,0.000,2.213,0.689,-0.035,78
7118,2.589,3.706,0.000,1.959,0.694,-0.027,78
7119,2.591,3.706,0.000,1.694,0.698,-0.025,78
7120,2.594,3.706,0.000,1.418,0.702,-0.024,78
7121,2.596,3.706,0.000,1.130,0.706,-0.020,78
7122,2.599,3.706,0.000,0.830,0.710,-0.014,78
7123,2.601,3.707,0.000,0.519,0.714,-0.010,78
7124,2.604,3.707,0.000,0.198,0.718,-0.008,78
7125,2.606,3.707,0.000,-0.131,0.721,-0.004,78
7126,2.609,3.707,0.000,-0.465,0.724,0.000,78
7127,2.611,3.706,0.000,-0.803,0.727,0.009,78
7128,2.614,3.706,0.000,-1.143,0.730,0.015,78
7129,2.617,3.706,0.000,-1.484,0.733,0.017,78
7130,2.619,3.706,0.000,-1.822,0.736,0.025,78
7131,2.622,3.706,0.000,-2.153,0.740,0.037,78
7132,2.624,3.706,0.000,-2.486,0.746,0.014,78
7133,2.626,3.706,0.000,-2.811,0.749,0.035,78
7134,2.629,3.706,0.000,-3.133,0.753,0.042,78
7135,2.631,3.706,0.000,-3.454,0.758,0.039,78
7136,2.634,3.706,0.000,-3.779,0.761,0.042,78
7137,2.636,3.705,0.000,-4.100,0.764,0.050,78
7138,2.639,3.705,0.000,-4.415,0.766,0.058,78
7139,2.642,3.705,0.000,-4.721,0.768,0.057,78
7140,2.645,3.705,0.000,-5.019,0.770,0.061,78
7141,2.647,3.705,0.000,-5.311,0.773,0.067,78
7142,2.650,3.704,0.000,-5.604,0.776,0.071,78
7143,2.652,3.704,0.000,-5.902,0.779,0.075,78
7144,2.654,3.704,0.000,-6.207,0.782,0.079,78
7145,2.657,3.704,0.000,-6.523,0.785,0.084,78
7146,2.659,3.703,0.000,-6.844,0.788,0.089,78
7147,2.662,3.703,0.000,-7.165,0.790,0.102,78
7148,2.664,3.703,0.000,-7.472,0.792,0.103,78
7149,2.667,3.702,0.000,-7.754,0.795,0.102,78
7150,2.669,3.702,0.000,-8.001,0.796,0.108,78
7151,2.672,3.702,0.000,-8.226,0.795,0.117,78
7152,2.675,3.701,0.000,-8.445,0.795,0.129,78
7153,2.678,3.701,0.000,-8.609,0.796,0.128,78
7154,2.681,3.700,0.000,-8.721,0.798,0.126,78
7155,2.684,3.700,0.000,-8.801,0.801,0.113,78
7156,2.686,3.699,0.000,-8.851,0.802,0.117,78
7157,2.689,3.699,0.000,-8.877,0.804,0.122,78
7158,2.691,3.699,0.000,-8.890,0.805,0.129,78
7159,2.694,3.698,0.000,-8.900,0.808,0.121,78
7160,2.697,3.698,0.000,-8.910,0.811,0.114,78
7161,2.699,3.697,0.000,-8.929,0.806,0.151,78
7162,2.702,3.697,0.000,-8.974,0.812,0.118,78
7163,2.705,3.696,0.000,-9.022,0.810,0.128,78
7164,2.708,3.696,0.000,-9.068,0.811,0.130,78
7165,2.711,3.695,0.000,-9.114,0.813,0.118,78
7166,2.714,3.695,0.000,-9.130,0.812,0.121,78
7167,2.717,3.695,0.000,-9.076,0.812,0.126,78
7168,2.720,3.694,0.000,-8.949,0.812,0.124,78
7169,2.723,3.694,0.000,-8.769,0.812,0.133,78
7170,2.726,3.693,0.000,-8.575,0.816,0.109,78
7171,2.729,3.693,0.000,-8.396,0.815,0.134,78
7172,2.731,3.692,0.000,-8.236,0.821,0.095,78
7173,2.734,3.692,0.000,-8.068,0.817,0.126,78
7174,2.737,3.692,0.000,-7.887,0.821,0.100,78
7175,2.741,3.691,0.000,-7.699,0.816,0.122,78
7176,2.744,3.691,0.000,-7.507,0.820,0.087,78
7177,2.747,3.690,0.000,-7.313,0.812,0.139,78
7178,2.751,3.690,0.000,-7.126,0.817,0.083,78
7179,2.754,3.689,0.000,-6.941,0.810,0.126,78
7180,2.758,3.689,0.000,-6.753,0.815,0.067,78
7181,2.761,3.689,0.000,-6.562,0.809,0.104,78
7182,2.765,3.688,0.000,-6.366,0.809,0.071,78
7183,2.768,3.688,0.000,-6.168,0.803,0.107,78
7184,2.772,3.687,0.000,-5.966,0.803,0.080,78
7185,2.775,3.687,0.000,-5.758,0.800,0.090,78
7186,2.779,3.687,0.000,-5.534,0.799,0.074,78
7187,2.782,3.686,0.000,-5.295,0.797,0.067,78
7188,2.786,3.686,0.000,-5.032,0.793,0.081,78
7189,2.789,3.686,0.000,-4.766,0.792,0.066,78
7190,2.793,3.685,0.000,-4.496,0.788,0.063,78
7191,2.797,3.685,0.000,-4.224,0.784,0.072,78
7192,2.801,3.685,0.000,-3.947,0.781,0.060,78
7193,2.805,3.685,0.000,-3.653,0.777,0.051,78
7194,2.809,3.684,0.000,-3.337,0.773,0.050,78
7195,2.812,3.684,0.000,-3.008,0.769,0.034,78
7196,2.816,3.684,0.000,-2.672,0.766,0.029,78
7197,2.820,3.684,0.000,-2.326,0.762,0.039,78
7198,2.823,3.684,0.000,-1.979,0.760,0.038,78
7199,2.827,3.684,0.000,-1.628,0.758,0.026,78
7200,2.830,3.683,0.000,-1.275,0.756,0.020,78
7201,2.833,3.683,0.000,-0.921,0.754,0.018,78
7202,2.837,3.683,0.000,-0.569,0.752,0.001,78
7203,2.840,3.683,0.000,-0.225,0.751,0.007,78
7204,2.843,3.683,0.000,0.121,0.749,0.010,78
7205,2.846,3.683,0.000,0.461,0.748,-0.004,78
7206,2.849,3.683,0.000,0.792,0.747,-0.012,78
7207,2.852,3.683,0.000,1.109,0.746,-0.014,78
7208,2.855,3.683,0.000,1.416,0.746,-0.010,78
7209,2.858,3.684,0.000,1.709,0.745,-0.014,78
7210,2.861,3.684,0.000,1.991,0.744,-0.037,78
7211,2.864,3.684,0.000,2.273,0.745,-0.027,78
7212,2.867,3.684,0.000,2.546,0.745,-0.022,78
7213,2.870,3.684,0.000,2.802,0.744,-0.029,78
7214,2.873,3.684,0.000,3.041,0.742,-0.049,78
7215,2.876,3.684,0.000,3.267,0.741,-0.024,78
7216,2.880,3.685,0.000,3.488,0.739,-0.049,78
7217,2.883,3.685,0.000,3.700,0.738,-0.035,78
7218,2.886,3.685,0.000,3.890,0.737,-0.046,78
7219,2.888,3.685,0.000,4.054,0.737,-0.050,78
7220,2.891,3.685,0.000,4.188,0.737,-0.048,78
7221,2.894,3.685,0.000,4.289,0.738,-0.049,78
7222,2.896,3.686,0.000,4.357,0.738,-0.051,78
7223,2.899,3.686,0.000,4.400,0.736,-0.072,78
7224,2.902,3.686,0.000,4.435,0.739,-0.034,78
7225,2.905,3.686,0.000,4.466,0.735,-0.065,78
7226,2.908,3.686,0.000,4.492,0.735,-0.053,78
7227,2.911,3.687,0.000,4.517,0.731,-0.067,78
7228,2.914,3.687,0.000,4.537,0.730,-0.054,78
7229,2.918,3.687,0.000,4.546,0.727,-0.067,78
7230,2.921,3.687,0.000,4.542,0.725,-0.066,78
7231,2.924,3.688,0.000,4.524,0.725,-0.042,78
7232,2.927,3.688,0.000,4.490,0.721,-0.074,78
7233,2.930,3.688,0.000,4.453,0.723,-0.032,78
7234,2.933,3.688,0.000,4.415,0.718,-0.087,78
7235,2.935,3.689,0.000,4.372,0.721,-0.039,78
7236,2.938,3.689,0.000,4.326,0.719,-0.055,78
7237,2.941,3.689,0.000,4.275,0.717,-0.068,78
7238,2.945,3.689,0.000,4.226,0.716,-0.050,78
7239,2.948,3.690,0.000,4.177,0.713,-0.054,78
7240,2.951,3.690,0.000,4.119,0.710,-0.060,78
7241,2.955,3.690,0.000,4.056,0.707,-0.057,78
7242,2.958,3.690,0.000,3.987,0.704,-0.053,78
7243,2.961,3.690,0.000,3.912,0.701,-0.053,78
7244,2.965,3.691,0.000,3.829,0.698,-0.053,78
7245,2.968,3.691,0.000,3.736,0.696,-0.051,78
7246,2.971,3.691,0.000,3.632,0.694,-0.049,78
7247,2.974,3.691,0.000,3.515,0.692,-0.048,78
7248,2.977,3.692,0.000,3.384,0.690,-0.046,78
7249,2.980,3.692,0.000,3.242,0.688,-0.044,78
7250,2.983,3.692,0.000,3.091,0.685,-0.042,78
7251,2.987,3.692,0.000,2.935,0.682,-0.040,78
7252,2.990,3.692,0.000,2.779,0.678,-0.038,78
7253,2.994,3.692,0.000,2.625,0.674,-0.023,78
7254,2.997,3.693,0.000,2.470,0.668,-0.030,78
7255,3.001,3.693,0.000,2.316,0.663,-0.024,78
7256,3.005,3.693,0.000,2.169,0.658,-0.017,78
7257,3.008,3.693,0.000,2.027,0.653,-0.017,78
7258,3.012,3.693,0.000,1.888,0.648,-0.018,78
7259,3.015,3.693,0.000,1.752,0.644,-0.015,78
7260,3.019,3.693,0.000,1.616,0.640,-0.020,78
7261,3.022,3.693,0.000,1.482,0.637,-0.020,78
7262,3.025,3.694,0.000,1.349,0.633,-0.015,78
7263,3.028,3.694,0.000,1.216,0.630,-0.013,78
7264,3.032,3.694,0.000,1.085,0.625,-0.028,78
7265,3.035,3.694,0.000,0.958,0.621,-0.004,78
7266,3.039,3.694,0.000,0.837,0.615,-0.018,78
7267,3.043,3.694,0.000,0.729,0.609,-0.000,78
7268,3.047,3.694,0.000,0.629,0.602,-0.022,78
7269,3.051,3.694,0.000,0.540,0.595,-0.012,78
7270,3.055,3.694,0.000,0.460,0.589,-0.005,78
7271,3.059,3.694,0.000,0.389,0.583,-0.009,78
7272,3.062,3.694,0.000,0.326,0.577,-0.011,78
7273,3.066,3.694,0.000,0.269,0.572,-0.008,78
7274,3.070,3.694,0.000,0.219,0.567,-0.002,78
7275,3.073,3.694,0.000,0.170,0.562,-0.007,78
7276,3.076,3.694,0.000,0.122,0.558,0.004,78
7277,3.080,3.694,0.000,0.081,0.553,-0.001,78
7278,3.083,3.694,0.000,0.043,0.549,0.005,78
7279,3.087,3.694,0.000,0.008,0.544,-0.010,78
7280,3.090,3.694,0.000,-0.024,0.539,-0.001,78
7281,3.094,3.694,0.000,-0.050,0.533,-0.002,78
7282,3.098,3.694,0.000,-0.070,0.526,-0.006,78
7283,3.102,3.694,0.000,-0.083,0.519,-0.006,78
7284,3.106,3.694,0.000,-0.089,0.512,-0.004,78
7285,3.110,3.694,0.000,-0.090,0.505,-0.004,78
7286,3.113,3.694,0.000,-0.086,0.498,-0.005,78
7287,3.117,3.694,0.000,-0.079,0.492,-0.005,78
7288,3.120,3.694,0.000,-0.070,0.486,0.004,78
7289,3.124,3.694,0.000,-0.060,0.481,0.003,78
7290,3.127,3.694,0.000,-0.049,0.476,0.007,78
7291,3.131,3.694,0.000,-0.038,0.470,0.007,78
7292,3.134,3.694,0.000,-0.027,0.464,-0.014,78
7293,3.138,3.694,0.000,-0.016,0.458,-0.008,78
7294,3.142,3.694,0.000,-0.002,0.451,-0.002,78
7295,3.146,3.694,0.000,0.015,0.443,-0.004,78
7296,3.150,3.694,0.000,0.038,0.434,-0.007,78
7297,3.154,3.694,0.000,0.066,0.425,-0.006,78
7298,3.158,3.694,0.000,0.099,0.416,-0.007,78
7299,3.162,3.694,0.000,0.135,0.408,-0.004,78
7300,3.166,3.694,0.000,0.176,0.400,-0.006,78
7301,3.170,3.694,0.000,0.221,0.392,-0.008,78
7302,3.174,3.694,0.000,0.270,0.385,-0.008,78
7303,3.178,3.694,0.000,0.324,0.378,-0.007,78
7304,3.181,3.694,0.000,0.383,0.370,0.002,78
7305,3.185,3.694,0.000,0.443,0.361,-0.004,78
7306,3.189,3.694,0.000,0.504,0.353,0.002,78
7307,3.184,3.694,0.000,0.561,0.387,-0.010,78
7308,3.178,3.694,0.000,0.613,0.423,0.002,78
7309,3.176,3.694,0.000,0.729,0.439,-0.005,83
7310,3.181,3.694,0.000,0.889,0.428,-0.002,83
7311,3.186,3.694,0.000,1.052,0.415,-0.016,83
7312,3.190,3.694,0.000,1.219,0.403,-0.017,83
7313,3.189,3.694,0.000,1.484,0.418,-0.015,83
7314,3.193,3.694,0.000,1.835,0.407,-0.017,83
7315,3.198,3.695,0.000,2.186,0.396,-0.021,83
7316,3.202,3.695,0.000,2.542,0.385,-0.023,83
7317,3.206,3.695,0.000,2.903,0.374,-0.024,83
7318,3.211,3.695,0.000,3.272,0.363,-0.026,84
7319,3.215,3.695,0.000,3.742,0.352,-0.028,83
7320,3.219,3.695,0.000,4.299,0.343,-0.012,83
7321,3.223,3.696,0.000,4.848,0.332,-0.024,83
7322,3.227,3.696,0.000,5.388,0.322,-0.029,83
7323,3.231,3.697,0.000,5.922,0.313,-0.027,83
7324,3.235,3.697,0.000,6.451,0.303,-0.046,83
7325,3.239,3.697,0.000,6.976,0.295,-0.039,83
7326,3.242,3.698,0.000,7.500,0.286,-0.040,83
7327,3.246,3.698,0.000,8.024,0.278,-0.046,83
7328,3.249,3.699,0.000,8.548,0.272,-0.033,83
7329,3.252,3.699,0.000,9.091,0.263,-0.057,83
7330,3.256,3.700,0.000,9.641,0.258,-0.043,83
7331,3.259,3.701,0.000,10.189,0.253,-0.037,83
7332,3.262,3.701,0.000,10.732,0.242,-0.059,83
7333,3.265,3.702,0.000,11.269,0.238,-0.047,83
7334,3.268,3.702,0.000,11.797,0.229,-0.063,83
7335,3.271,3.703,0.000,12.320,0.231,-0.030,83
7336,3.274,3.704,0.000,12.839,0.218,-0.067,83
7337,3.277,3.704,0.000,13.352,0.215,-0.056,83
7338,3.280,3.705,0.000,13.850,0.220,-0.019,83
7339,3.283,3.706,0.000,14.346,0.196,-0.098,83
7340,3.286,3.707,0.000,14.836,0.205,-0.043,83
7341,3.288,3.707,0.000,15.319,0.199,-0.050,83
7342,3.291,3.708,0.000,15.807,0.186,-0.085,83
7343,3.293,3.709,0.000,16.256,0.198,-0.036,83
7344,3.296,3.709,0.000,16.692,0.181,-0.086,83
7345,3.298,3.710,0.000,17.129,0.192,-0.042,83
7346,3.300,3.711,0.000,17.565,0.180,-0.072,83
7347,3.303,3.711,0.000,18.019,0.184,-0.056,83
7348,3.304,3.712,0.000,18.499,0.180,-0.068,83
7349,3.307,3.713,0.000,19.023,0.183,-0.053,83
7350,3.309,3.713,0.000,19.543,0.171,-0.088,83
7351,3.311,3.714,0.000,20.073,0.181,-0.053,83
7352,3.314,3.715,0.000,20.587,0.166,-0.086,83
7353,3.315,3.716,0.000,21.118,0.179,-0.056,83
7354,3.317,3.716,0.000,21.657,0.168,-0.086,83
7355,3.318,3.717,0.000,22.183,0.180,-0.065,83
7356,3.320,3.718,0.000,22.694,0.174,-0.082,83
7357,3.322,3.718,0.000,23.350,0.176,-0.081,83
7358,3.324,3.719,0.000,24.077,0.179,-0.077,83
7359,3.326,3.720,0.000,24.794,0.176,-0.083,83
7360,3.328,3.721,0.000,25.511,0.178,-0.083,83
7361,3.330,3.722,0.000,26.217,0.176,-0.090,83
7362,3.331,3.723,0.000,27.021,0.175,-0.098,83
7363,3.332,3.723,0.000,27.927,0.176,-0.101,83
7364,3.334,3.724,0.000,28.879,0.179,-0.104,83
7365,3.335,3.724,0.000,29.834,0.187,-0.100,83
7366,3.336,3.725,0.000,30.849,0.190,-0.101,83
7367,3.337,3.726,0.000,31.832,0.179,-0.132,83
7368,3.338,3.726,0.000,32.806,0.192,-0.120,83
7369,3.340,3.728,0.000,33.751,0.186,-0.131,83
7370,3.341,3.728,0.000,34.679,0.192,-0.134,83
7371,3.342,3.729,0.000,35.595,0.194,-0.141,83
7372,3.343,3.730,0.000,36.488,0.198,-0.146,83
7373,3.343,3.730,0.000,37.371,0.201,-0.154,83
7374,3.344,3.731,0.000,38.272,0.199,-0.165,83
7375,3.345,3.732,0.000,39.156,0.202,-0.172,83
7376,3.346,3.732,0.000,40.032,0.218,-0.163,83
7377,3.346,3.733,0.000,40.844,0.205,-0.193,83
7378,3.347,3.733,0.000,41.520,0.215,-0.194,83
7379,3.348,3.734,0.000,42.191,0.218,-0.202,83
7380,3.348,3.734,0.000,42.928,0.231,-0.201,83
7381,3.349,3.735,0.000,43.634,0.234,-0.210,83
7382,3.349,3.735,0.000,44.328,0.214,-0.241,83
7383,3.350,3.736,0.000,45.034,0.240,-0.222,83
7384,3.350,3.736,0.000,45.775,0.217,-0.260,83
7385,3.351,3.737,0.000,46.504,0.246,-0.243,83
7386,3.352,3.738,0.000,47.258,0.239,-0.262,83
7387,3.352,3.738,0.000,48.107,0.247,-0.267,83
7388,3.353,3.739,0.000,49.242,0.248,-0.279,83
7389,3.353,3.739,0.000,50.527,0.245,-0.294,83
7390,3.354,3.740,0.000,51.951,0.228,-0.318,83
7391,3.354,3.740,0.000,53.366,0.241,-0.319,83
7392,3.355,3.742,0.000,54.824,0.234,-0.333,83
7393,3.355,3.742,0.000,56.357,0.235,-0.344,83
7394,3.356,3.742,0.000,58.006,0.233,-0.357,83
7395,3.356,3.743,0.000,59.902,0.222,-0.376,83
7396,3.356,3.743,0.000,61.859,0.204,-0.397,83
7397,3.357,3.744,0.000,63.826,0.189,-0.415,83
7398,3.357,3.743,0.000,65.813,0.190,-0.428,83
7399,3.357,3.744,0.000,68.002,0.177,-0.446,83
7400,3.357,3.744,0.000,70.547,0.157,-0.465,83
7401,3.357,3.745,0.000,73.271,0.159,-0.474,83
7402,3.357,3.745,0.000,75.951,0.104,-0.500,83
7403,3.357,3.746,0.000,78.656,0.104,-0.508,83
7404,3.357,3.747,0.000,81.343,0.081,-0.521,83
7405,3.357,3.747,0.000,84.012,0.038,-0.535,83
7406,3.357,3.747,0.000,86.659,0.040,-0.547,83
7407,3.357,3.747,0.000,89.309,0.011,-0.560,83
7408,3.357,3.747,0.000,92.005,-0.016,-0.571,83
7409,3.357,3.747,0.000,94.750,-0.042,-0.580,83
7410,3.357,3.747,0.000,97.568,-0.072,-0.588,83
7411,3.357,3.748,0.000,100.500,-0.105,-0.594,83
7412,3.357,3.748,0.000,103.593,-0.139,-0.598,83
7413,3.357,3.748,0.000,106.785,-0.193,-0.594,83
7414,3.357,3.748,0.000,110.031,-0.226,-0.591,83
7415,3.357,3.748,0.000,113.266,-0.237,-0.599,83
7416,3.356,3.749,0.000,116.453,-0.311,-0.571,83
7417,3.356,3.750,0.000,119.612,-0.309,-0.583,83
7418,3.356,3.750,0.000,122.730,-0.360,-0.562,83
7419,3.356,3.750,0.000,125.808,-0.421,-0.533,83
7420,3.355,3.751,0.000,128.851,-0.394,-0.563,83
7421,3.355,3.751,0.000,131.859,-0.480,-0.499,83
7422,3.355,3.751,0.000,134.841,-0.517,-0.478,83
7423,3.354,3.752,0.000,137.786,-0.501,-0.503,83
7424,3.354,3.753,0.000,140.692,-0.578,-0.424,83
7425,3.353,3.753,0.000,143.567,-0.581,-0.434,83
7426,3.353,3.753,0.000,146.428,-0.586,-0.444,83
7427,3.353,3.753,0.000,149.227,-0.655,-0.345,83
7428,3.352,3.754,0.000,151.973,-0.653,-0.365,83
7429,3.352,3.754,0.000,154.712,-0.663,-0.365,83
7430,3.351,3.754,0.000,157.408,-0.718,-0.256,83
7431,3.351,3.754,0.000,160.064,-0.718,-0.279,83
7432,3.350,3.755,0.000,162.693,-0.734,-0.250,83
7433,3.349,3.755,0.000,165.303,-0.763,-0.174,83
7434,3.349,3.755,0.000,167.899,-0.769,-0.176,83
7435,3.348,3.755,0.000,170.469,-0.787,-0.109,83
7436,3.348,3.755,0.000,172.997,-0.795,-0.106,83
7437,3.347,3.755,0.000,175.508,-0.806,-0.051,83
7438,3.346,3.755,0.000,177.998,-0.812,-0.041,83
7439,3.346,3.755,0.000,-179.532,-0.818,0.031,83
7440,3.345,3.755,0.000,-177.088,-0.822,0.032,83
7441,3.344,3.755,0.000,-174.671,-0.823,0.079,83
7442,3.343,3.755,0.000,-172.284,-0.822,0.116,83
7443,3.342,3.755,0.000,-169.923,-0.822,0.139,83
7444,3.341,3.755,0.000,-167.589,-0.817,0.173,83
7445,3.340,3.755,0.000,-165.295,-0.804,0.235,83
7446,3.339,3.754,0.000,-163.050,-0.815,0.209,83
7447,3.339,3.754,0.000,-160.835,-0.789,0.294,83
7448,3.337,3.753,0.000,-158.639,-0.794,0.281,83
7449,3.337,3.753,0.000,-156.423,-0.770,0.347,83
7450,3.335,3.753,0.000,-154.219,-0.764,0.354,83
7451,3.335,3.752,0.000,-152.048,-0.746,0.397,83
7452,3.333,3.751,0.000,-149.905,-0.712,0.451,83
7453,3.332,3.751,0.000,-147.789,-0.737,0.413,83
7454,3.331,3.750,0.000,-145.703,-0.688,0.489,83
7455,3.329,3.749,0.000,-143.656,-0.677,0.499,83
7456,3.329,3.748,0.000,-141.634,-0.681,0.499,83
7457,3.327,3.747,0.000,-139.648,-0.623,0.565,83
7458,3.326,3.747,0.000,-137.692,-0.633,0.559,83
7459,3.325,3.746,0.000,-135.765,-0.589,0.607,83
7460,3.325,3.745,0.000,-133.815,-0.595,0.607,83
7461,3.324,3.745,0.000,-131.907,-0.559,0.644,83
7462,3.323,3.743,0.000,-130.053,-0.572,0.633,83
7463,3.322,3.742,0.000,-128.224,-0.499,0.693,83
7464,3.321,3.740,0.000,-126.408,-0.527,0.667,83
7465,3.320,3.740,0.000,-124.612,-0.489,0.699,83
7466,3.319,3.738,0.000,-122.797,-0.421,0.741,83
7467,3.318,3.736,0.000,-121.027,-0.478,0.705,83
7468,3.318,3.736,0.000,-119.319,-0.435,0.736,83
7469,3.316,3.733,0.000,-117.672,-0.356,0.771,83
7470,3.315,3.731,0.000,-116.041,-0.409,0.739,83
7471,3.315,3.730,0.000,-114.422,-0.362,0.766,83
7472,3.314,3.728,0.000,-112.863,-0.296,0.791,83
7473,3.313,3.727,0.000,-111.331,-0.332,0.777,83
7474,3.312,3.725,0.000,-109.857,-0.254,0.805,83
7475,3.311,3.723,0.000,-108.476,-0.272,0.795,83
7476,3.311,3.722,0.000,-107.117,-0.251,0.804,83
7477,3.310,3.719,0.000,-105.873,-0.229,0.807,83
7478,3.309,3.717,0.000,-104.969,-0.210,0.811,83
7479,3.308,3.715,0.000,-104.433,-0.219,0.806,83
7480,3.308,3.713,0.000,-103.961,-0.212,0.808,83
7481,3.308,3.712,0.000,-103.668,-0.200,0.812,83
7482,3.307,3.710,0.000,-103.483,-0.191,0.815,83
7483,3.307,3.708,0.000,-103.394,-0.189,0.815,83
7484,3.306,3.706,0.000,-103.390,-0.201,0.813,83
7485,3.306,3.704,0.000,-103.447,-0.209,0.810,83
7486,3.305,3.703,0.000,-103.517,-0.195,0.816,83
7487,3.305,3.701,0.000,-103.596,-0.191,0.817,83
7488,3.304,3.699,0.000,-103.734,-0.202,0.817,83
7489,3.304,3.698,0.000,-103.918,-0.187,0.824,83
7490,3.304,3.696,0.000,-104.084,-0.211,0.822,83
7491,3.303,3.694,0.000,-104.282,-0.224,0.818,83
7492,3.302,3.692,0.000,-104.503,-0.188,0.829,83
7493,3.302,3.690,0.000,-104.737,-0.229,0.821,83
7494,3.302,3.688,0.000,-105.052,-0.225,0.825,83
7495,3.301,3.686,0.000,-105.438,-0.226,0.829,83
7496,3.301,3.685,0.000,-105.964,-0.229,0.831,83
7497,3.300,3.683,0.000,-106.618,-0.261,0.824,83
7498,3.299,3.680,0.000,-107.302,-0.267,0.824,83
7499,3.299,3.678,0.000,-108.015,-0.267,0.827,83
7500,3.298,3.677,0.000,-108.794,-0.284,0.824,83
7501,3.298,3.675,0.000,-109.675,-0.303,0.821,83
7502,3.297,3.673,0.000,-110.657,-0.316,0.819,83
7503,3.296,3.671,0.000,-111.680,-0.312,0.825,83
7504,3.295,3.669,0.000,-112.727,-0.347,0.812,83
7505,3.295,3.668,0.000,-113.728,-0.349,0.818,83
7506,3.294,3.666,0.000,-114.715,-0.391,0.805,83
7507,3.293,3.664,0.000,-115.706,-0.386,0.810,83
7508,3.292,3.662,0.000,-116.637,-0.396,0.810,83
7509,3.292,3.661,0.000,-117.344,-0.410,0.807,83
7510,3.291,3.659,0.000,-117.862,-0.437,0.799,83
7511,3.290,3.657,0.000,-118.376,-0.432,0.805,83
7512,3.289,3.655,0.000,-118.909,-0.430,0.810,83
7513,3.288,3.653,0.000,-119.418,-0.456,0.797,83
7514,3.287,3.652,0.000,-119.898,-0.456,0.808,83
7515,3.286,3.650,0.000,-120.345,-0.463,0.807,83
7516,3.285,3.649,0.000,-120.748,-0.489,0.797,83
7517,3.284,3.647,0.000,-121.145,-0.493,0.799,83
7518,3.283,3.645,0.000,-121.502,-0.490,0.807,83
7519,3.282,3.643,0.000,-121.774,-0.507,0.803,83
7520,3.281,3.642,0.000,-122.019,-0.515,0.805,83
7521,3.279,3.640,0.000,-121.879,-0.494,0.824,83
7522,3.279,3.639,0.000,-121.722,-0.508,0.827,83
7523,3.278,3.637,0.000,-121.576,-0.518,0.827,83
7524,3.277,3.636,0.000,-121.426,-0.522,0.835,83
7525,3.276,3.634,0.000,-121.093,-0.502,0.854,83
7526,3.275,3.633,0.000,-120.697,-0.531,0.847,83
7527,3.275,3.632,0.000,-120.365,-0.496,0.876,83
7528,3.275,3.631,0.000,-120.035,-0.530,0.871,83
7529,3.274,3.630,0.000,-119.766,-0.503,0.896,83
7530,3.273,3.629,0.000,-119.491,-0.524,0.896,83
7531,3.272,3.627,0.000,-119.227,-0.506,0.915,83
7532,3.272,3.626,0.000,-118.974,-0.526,0.917,83
7533,3.271,3.625,0.000,-118.728,-0.508,0.937,83
7534,3.270,3.623,0.000,-118.481,-0.501,0.951,83
7535,3.269,3.622,0.000,-118.227,-0.531,0.945,83
7536,3.268,3.620,0.000,-117.952,-0.501,0.972,83
7537,3.268,3.619,0.000,-117.673,-0.529,0.972,83
7538,3.267,3.618,0.000,-117.384,-0.487,1.007,83
7539,3.267,3.617,0.000,-117.099,-0.541,0.992,83
7540,3.266,3.615,0.000,-116.829,-0.502,1.022,83
7541,3.265,3.614,0.000,-116.578,-0.522,1.030,83
7542,3.264,3.612,0.000,-116.334,-0.518,1.042,83
7543,3.264,3.612,0.000,-116.088,-0.491,1.072,83
7544,3.263,3.610,0.000,-115.815,-0.537,1.061,83
7545,3.262,3.609,0.000,-115.526,-0.486,1.099,83
7546,3.262,3.608,0.000,-115.241,-0.529,1.096,83
7547,3.261,3.606,0.000,-114.968,-0.496,1.121,83
7548,3.261,3.606,0.000,-114.660,-0.539,1.119,83
7549,3.260,3.604,0.000,-114.306,-0.509,1.145,83
7550,3.260,3.604,0.000,-113.919,-0.524,1.158,83
7551,3.259,3.602,0.000,-113.531,-0.509,1.174,83
7552,3.259,3.602,0.000,-113.153,-0.521,1.187,83
7553,3.259,3.600,0.000,-112.842,-0.489,1.211,83
7554,3.259,3.601,0.000,-112.515,-0.503,1.224,83
7555,3.258,3.598,0.000,-112.188,-0.516,1.223,83
7556,3.258,3.598,0.000,-111.867,-0.491,1.249,83
7557,3.257,3.596,0.000,-111.462,-0.509,1.248,83
7558,3.256,3.595,0.000,-110.960,-0.480,1.272,83
7559,3.256,3.594,0.000,-110.092,-0.463,1.288,83
7560,3.256,3.593,0.000,-108.524,-0.434,1.310,83
7561,3.256,3.592,0.000,-106.433,-0.410,1.330,83
7562,3.256,3.591,0.000,-104.277,-0.318,1.363,83
7563,3.255,3.590,0.000,-102.135,-0.321,1.374,83
7564,3.255,3.588,0.000,-100.004,-0.250,1.393,83
7565,3.255,3.587,0.000,-97.885,-0.181,1.415,83
7566,3.254,3.586,0.000,-95.753,-0.148,1.426,83
7567,3.254,3.585,0.000,-93.546,-0.098,1.439,83
7568,3.254,3.584,0.000,-91.301,-0.014,1.451,83
7569,3.254,3.582,0.000,-89.060,0.016,1.458,83
7570,3.254,3.581,0.000,-86.830,0.099,1.463,83
7571,3.254,3.579,0.000,-84.611,0.145,1.465,83
7572,3.254,3.577,0.000,-82.402,0.195,1.466,83
7573,3.255,3.576,0.000,-80.170,0.253,1.464,83
7574,3.255,3.574,0.000,-77.945,0.318,1.458,83
7575,3.255,3.573,0.000,-75.748,0.352,1.457,83
7576,3.256,3.571,0.000,-73.563,0.423,1.445,83
7577,3.256,3.570,0.000,-71.383,0.478,1.437,83
7578,3.257,3.568,0.000,-69.194,0.534,1.423,83
7579,3.257,3.566,0.000,-67.035,0.599,1.403,83
7580,3.258,3.564,0.000,-64.926,0.649,1.385,83
7581,3.259,3.562,0.000,-62.783,0.708,1.362,83
7582,3.260,3.560,0.000,-60.711,0.760,1.339,83
7583,3.261,3.558,0.000,-58.726,0.806,1.317,83
7584,3.263,3.556,0.000,-56.842,0.849,1.295,83
7585,3.264,3.555,0.000,-55.046,0.895,1.268,83
7586,3.265,3.553,0.000,-53.345,0.921,1.254,83
7587,3.267,3.550,0.000,-51.673,0.983,1.208,83
7588,3.269,3.549,0.000,-49.991,0.997,1.201,83
7589,3.270,3.547,0.000,-48.303,1.052,1.161,83
7590,3.271,3.545,0.000,-46.580,1.087,1.133,83
7591,3.273,3.544,0.000,-44.816,1.104,1.123,83
7592,3.274,3.542,0.000,-43.045,1.161,1.072,83
7593,3.276,3.541,0.000,-41.287,1.177,1.059,83
7594,3.278,3.539,0.000,-39.522,1.236,0.995,83
7595,3.280,3.537,0.000,-37.744,1.242,0.992,83
7596,3.283,3.535,0.000,-36.019,1.293,0.926,83
7597,3.284,3.534,0.000,-34.368,1.309,0.911,83
7598,3.286,3.533,0.000,-32.812,1.339,0.874,83
7599,3.289,3.531,0.000,-31.309,1.370,0.829,83
7600,3.291,3.530,0.000,-29.904,1.389,0.804,83
7601,3.293,3.529,0.000,-28.722,1.406,0.781,83
7602,3.295,3.528,0.000,-27.922,1.422,0.760,83
7603,3.298,3.527,0.000,-27.343,1.443,0.729,83
7604,3.300,3.525,0.000,-26.747,1.436,0.747,83
7605,3.303,3.524,0.000,-26.155,1.466,0.688,83
7606,3.306,3.523,0.000,-25.555,1.457,0.711,83
7607,3.309,3.521,0.000,-24.949,1.480,0.668,83
7608,3.311,3.520,0.000,-24.336,1.482,0.667,83
7609,3.314,3.519,0.000,-23.733,1.488,0.657,83
7610,3.317,3.517,0.000,-23.117,1.503,0.630,83
7611,3.320,3.516,0.000,-22.525,1.511,0.615,83
7612,3.323,3.515,0.000,-22.052,1.510,0.623,83
7613,3.325,3.514,0.000,-21.651,1.528,0.584,83
7614,3.328,3.513,0.000,-21.242,1.525,0.596,83
7615,3.331,3.512,0.000,-20.825,1.530,0.588,83
7616,3.334,3.510,0.000,-20.407,1.539,0.572,83
7617,3.337,3.509,0.000,-19.979,1.538,0.577,83
7618,3.340,3.508,0.000,-19.560,1.558,0.528,83
7619,3.343,3.507,0.000,-19.135,1.552,0.548,83
7620,3.346,3.506,0.000,-18.706,1.564,0.518,83
7621,3.349,3.505,0.000,-18.267,1.569,0.505,83
7622,3.352,3.504,0.000,-17.863,1.571,0.504,83
7623,3.355,3.503,0.000,-17.536,1.576,0.496,83
7624,3.358,3.502,0.000,-17.339,1.580,0.486,83
7625,3.361,3.501,0.000,-17.247,1.582,0.484,83
7626,3.364,3.500,0.000,-17.208,1.577,0.504,83
7627,3.368,3.499,0.000,-17.215,1.579,0.499,83
7628,3.371,3.498,0.000,-17.249,1.582,0.492,83
7629,3.374,3.497,0.000,-17.299,1.586,0.484,83
7630,3.377,3.496,0.000,-17.379,1.585,0.488,83
7631,3.380,3.495,0.000,-17.470,1.580,0.506,83
7632,3.384,3.494,0.000,-17.576,1.586,0.489,83
7633,3.387,3.493,0.000,-17.649,1.584,0.495,83
7634,3.391,3.492,0.000,-17.726,1.580,0.509,83
7635,3.394,3.491,0.000,-17.787,1.585,0.500,83
7636,3.397,3.490,0.000,-17.798,1.584,0.505,83
7637,3.400,3.488,0.000,-17.806,1.580,0.518,83
7638,3.403,3.487,0.000,-17.815,1.584,0.507,83
7639,3.407,3.486,0.000,-17.829,1.585,0.505,83
7640,3.410,3.485,0.000,-17.801,1.577,0.527,83
7641,3.413,3.484,0.000,-17.771,1.595,0.474,83
7642,3.416,3.483,0.000,-17.744,1.581,0.529,83
7643,3.420,3.482,0.000,-17.725,1.596,0.479,83
7644,3.423,3.481,0.000,-17.709,1.578,0.532,83
7645,3.426,3.480,0.000,-17.690,1.590,0.502,83
7646,3.429,3.479,0.000,-17.669,1.587,0.508,83
7647,3.433,3.478,0.000,-17.649,1.593,0.494,83
7648,3.436,3.477,0.000,-17.612,1.593,0.496,83
7649,3.439,3.476,0.000,-17.583,1.591,0.501,83
7650,3.442,3.475,0.000,-17.565,1.592,0.500,83
7651,3.446,3.474,0.000,-17.541,1.594,0.496,83
7652,3.449,3.473,0.000,-17.498,1.594,0.496,83
7653,3.452,3.472,0.000,-17.437,1.594,0.496,83
7654,3.455,3.471,0.000,-17.366,1.593,0.501,83
7655,3.459,3.470,0.000,-17.297,1.598,0.483,83
7656,3.462,3.469,0.000,-17.233,1.593,0.501,83
7657,3.465,3.468,0.000,-17.179,1.599,0.479,83
7658,3.469,3.467,0.000,-17.114,1.597,0.482,83
7659,3.472,3.466,0.000,-17.051,1.591,0.501,83
7660,3.475,3.464,0.000,-17.029,1.594,0.489,83
7661,3.479,3.463,0.000,-17.028,1.596,0.485,83
7662,3.482,3.462,0.000,-17.014,1.594,0.491,83
7663,3.485,3.461,0.000,-16.986,1.598,0.479,83
7664,3.488,3.460,0.000,-16.896,1.600,0.475,83
7665,3.491,3.460,0.000,-16.749,1.601,0.477,83
7666,3.495,3.459,0.000,-16.555,1.601,0.480,83
7667,3.498,3.458,0.000,-16.344,1.604,0.473,83
7668,3.501,3.457,0.000,-16.116,1.606,0.470,83
7669,3.504,3.456,0.000,-15.885,1.608,0.464,83
7670,3.507,3.455,0.000,-15.662,1.610,0.457,83
7671,3.510,3.454,0.000,-15.444,1.615,0.441,83
7672,3.513,3.453,0.000,-15.237,1.617,0.441,83
7673,3.516,3.452,0.000,-15.048,1.621,0.431,83
7674,3.520,3.451,0.000,-14.833,1.622,0.429,83
7675,3.523,3.451,0.000,-14.600,1.626,0.414,83
7676,3.526,3.450,0.000,-14.363,1.625,0.428,83
7677,3.529,3.449,0.000,-14.149,1.631,0.409,83
7678,3.532,3.448,0.000,-13.940,1.637,0.387,83
7679,3.535,3.447,0.000,-13.728,1.632,0.407,83
7680,3.538,3.447,0.000,-13.519,1.639,0.381,83
7681,3.542,3.446,0.000,-13.311,1.633,0.411,83
7682,3.545,3.445,0.000,-13.105,1.648,0.347,83
7683,3.548,3.444,0.000,-12.905,1.638,0.396,83
7684,3.551,3.444,0.000,-12.710,1.650,0.345,83
7685,3.554,3.443,0.000,-12.528,1.644,0.378,83
7686,3.557,3.442,0.000,-12.364,1.653,0.342,83
7687,3.560,3.442,0.000,-12.224,1.652,0.356,83
7688,3.562,3.441,0.000,-12.093,1.655,0.359,83
7689,3.566,3.441,0.000,-11.979,1.660,0.342,83
7690,3.569,3.440,0.000,-11.864,1.657,0.360,83
7691,3.572,3.440,0.000,-11.753,1.663,0.338,83
7692,3.575,3.439,0.000,-11.628,1.665,0.329,83
7693,3.578,3.438,0.000,-11.484,1.665,0.333,83
7694,3.581,3.438,0.000,-11.325,1.666,0.331,83
7695,3.584,3.437,0.000,-11.153,1.668,0.323,83
7696,3.588,3.436,0.000,-10.978,1.668,0.326,83
7697,3.591,3.436,0.000,-10.809,1.672,0.316,83
7698,3.594,3.435,0.000,-10.665,1.672,0.311,83
7699,3.597,3.435,0.000,-10.539,1.674,0.313,83
7700,3.600,3.434,0.000,-10.437,1.678,0.293,83
7701,3.603,3.433,0.000,-10.327,1.676,0.308,83
7702,3.606,3.433,0.000,-10.212,1.678,0.303,83
7703,3.609,3.432,0.000,-10.084,1.680,0.297,83
7704,3.613,3.432,0.000,-9.952,1.680,0.294,83
7705,3.616,3.431,0.000,-9.815,1.682,0.289,83
7706,3.619,3.431,0.000,-9.654,1.684,0.282,83
7707,3.622,3.430,0.000,-9.478,1.683,0.293,83
7708,3.626,3.430,0.000,-9.294,1.687,0.275,83
7709,3.629,3.429,0.000,-9.114,1.688,0.270,83
7710,3.632,3.429,0.000,-8.957,1.688,0.276,83
7711,3.635,3.428,0.000,-8.791,1.690,0.270,83
7712,3.638,3.428,0.000,-8.617,1.694,0.246,83
7713,3.641,3.427,0.000,-8.436,1.693,0.263,83
7714,3.645,3.427,0.000,-8.250,1.699,0.227,83
7715,3.648,3.426,0.000,-8.083,1.699,0.239,83
7716,3.651,3.426,0.000,-7.920,1.700,0.238,83
7717,3.654,3.425,0.000,-7.752,1.700,0.240,83
7718,3.657,3.425,0.000,-7.576,1.703,0.228,83
7719,3.660,3.424,0.000,-7.399,1.704,0.220,83
7720,3.664,3.424,0.000,-7.216,1.707,0.208,83
7721,3.667,3.424,0.000,-7.037,1.708,0.203,83
7722,3.670,3.423,0.000,-6.864,1.706,0.221,83
7723,3.673,3.423,0.000,-6.692,1.710,0.194,83
7724,3.676,3.422,0.000,-6.528,1.711,0.192,83
7725,3.680,3.422,0.000,-6.373,1.711,0.192,83
7726,3.683,3.422,0.000,-6.230,1.712,0.186,83
7727,3.686,3.421,0.000,-6.107,1.713,0.185,83
7728,3.689,3.421,0.000,-5.985,1.713,0.179,83
7729,3.693,3.421,0.000,-5.854,1.715,0.160,83
7730,3.696,3.420,0.000,-5.725,1.712,0.196,83
7731,3.699,3.420,0.000,-5.586,1.716,0.160,83
7732,3.702,3.420,0.000,-5.446,1.717,0.155,83
7733,3.705,3.419,0.000,-5.325,1.718,0.156,83
7734,3.709,3.419,0.000,-5.222,1.718,0.153,83
7735,3.712,3.419,0.000,-5.136,1.719,0.149,83
7736,3.715,3.419,0.000,-5.067,1.719,0.146,83
7737,3.718,3.418,0.000,-5.010,1.718,0.158,83
7738,3.721,3.418,0.000,-4.963,1.720,0.140,83
7739,3.725,3.418,0.000,-4.920,1.719,0.153,83
7740,3.728,3.417,0.000,-4.888,1.720,0.142,83
7741,3.731,3.417,0.000,-4.852,1.721,0.136,83
7742,3.734,3.417,0.000,-4.830,1.721,0.139,83
7743,3.737,3.417,0.000,-4.821,1.719,0.158,83
7744,3.741,3.416,0.000,-4.824,1.722,0.126,83
7745,3.744,3.416,0.000,-4.846,1.719,0.171,83
7746,3.747,3.416,0.000,-4.890,1.722,0.123,83
7747,3.750,3.415,0.000,-4.957,1.719,0.161,83
7748,3.753,3.415,0.000,-5.022,1.721,0.144,83
7749,3.757,3.415,0.000,-5.088,1.721,0.140,83
7750,3.760,3.415,0.000,-5.144,1.720,0.161,83
7751,3.763,3.414,0.000,-5.189,1.720,0.169,83
7752,3.766,3.414,0.000,-5.238,1.720,0.163,83
7753,3.769,3.414,0.000,-5.291,1.723,0.142,83
7754,3.772,3.414,0.000,-5.344,1.722,0.161,83
7755,3.775,3.413,0.000,-5.394,1.722,0.166,83
7756,3.778,3.413,0.000,-5.437,1.724,0.151,83
7757,3.781,3.413,0.000,-5.474,1.724,0.155,83
7758,3.784,3.412,0.000,-5.506,1.724,0.164,83
7759,3.787,3.412,0.000,-5.535,1.723,0.181,83
7760,3.790,3.412,0.000,-5.562,1.728,0.146,83
7761,3.794,3.411,0.000,-5.587,1.725,0.179,83
7762,3.797,3.411,0.000,-5.611,1.728,0.153,83
7763,3.799,3.411,0.000,-5.652,1.726,0.186,83
7764,3.803,3.411,0.000,-5.700,1.728,0.181,83
7765,3.806,3.410,0.000,-5.742,1.729,0.174,83
7766,3.809,3.410,0.000,-5.784,1.730,0.179,83
7767,3.812,3.410,0.000,-5.819,1.731,0.181,83
7768,3.815,3.409,0.000,-5.848,1.732,0.176,83
7769,3.818,3.409,0.000,-5.871,1.733,0.181,83
7770,3.821,3.409,0.000,-5.889,1.734,0.177,83
7771,3.824,3.408,0.000,-5.894,1.736,0.171,83
7772,3.827,3.408,0.000,-5.888,1.737,0.172,83
7773,3.830,3.408,0.000,-5.870,1.738,0.174,83
7774,3.833,3.408,0.000,-5.842,1.739,0.173,83
7775,3.836,3.407,0.000,-5.802,1.741,0.171,83
7776,3.839,3.407,0.000,-5.753,1.740,0.188,83
7777,3.842,3.407,0.000,-5.712,1.741,0.184,83
7778,3.845,3.406,0.000,-5.664,1.743,0.176,83
7779,3.848,3.406,0.000,-5.603,1.744,0.175,83
7780,3.851,3.406,0.000,-5.531,1.745,0.175,83
7781,3.854,3.405,0.000,-5.451,1.748,0.157,83
7782,3.857,3.405,0.000,-5.364,1.749,0.153,83
7783,3.860,3.405,0.000,-5.274,1.747,0.179,83
7784,3.863,3.405,0.000,-5.183,1.753,0.134,83
7785,3.866,3.404,0.000,-5.094,1.751,0.166,83
7786,3.869,3.404,0.000,-5.005,1.754,0.143,83
7787,3.872,3.404,0.000,-4.913,1.755,0.139,83
7788,3.875,3.404,0.000,-4.824,1.754,0.169,83
7789,3.878,3.403,0.000,-4.741,1.759,0.118,83
7790,3.881,3.403,0.000,-4.656,1.757,0.155,83
7791,3.884,3.403,0.000,-4.571,1.761,0.119,83
7792,3.887,3.403,0.000,-4.485,1.759,0.163,83
7793,3.890,3.402,0.000,-4.394,1.763,0.124,83
7794,3.893,3.402,0.000,-4.296,1.762,0.153,83
7795,3.896,3.402,0.000,-4.199,1.767,0.106,83
7796,3.899,3.402,0.000,-4.104,1.766,0.135,83
7797,3.902,3.401,0.000,-4.009,1.769,0.115,83
7798,3.905,3.401,0.000,-3.900,1.769,0.107,83
7799,3.908,3.401,0.000,-3.789,1.768,0.138,83
7800,3.911,3.401,0.000,-3.678,1.773,0.085,83
7801,3.914,3.401,0.000,-3.567,1.771,0.125,83
7802,3.917,3.400,0.000,-3.456,1.775,0.085,83
7803,3.920,3.400,0.000,-3.345,1.775,0.107,83
7804,3.923,3.400,0.000,-3.232,1.776,0.099,83
7805,3.926,3.400,0.000,-3.111,1.778,0.086,83
7806,3.929,3.400,0.000,-2.986,1.779,0.085,83
7807,3.932,3.400,0.000,-2.858,1.779,0.106,83
7808,3.935,3.399,0.000,-2.731,1.781,0.090,83
7809,3.938,3.399,0.000,-2.601,1.782,0.081,83
7810,3.941,3.399,0.000,-2.468,1.783,0.082,83
7811,3.944,3.399,0.000,-2.334,1.784,0.086,83
7812,3.947,3.399,0.000,-2.200,1.786,0.069,83
7813,3.950,3.399,0.000,-2.065,1.788,0.058,83
7814,3.953,3.399,0.000,-1.930,1.789,0.064,83
7815,3.957,3.399,0.000,-1.796,1.790,0.046,83
7816,3.960,3.399,0.000,-1.657,1.791,0.054,83
7817,3.963,3.398,0.000,-1.514,1.793,0.044,83
7818,3.966,3.398,0.000,-1.373,1.794,0.034,83
7819,3.969,3.398,0.000,-1.234,1.795,0.032,83
7820,3.972,3.398,0.000,-1.098,1.796,0.030,83
7821,3.975,3.398,0.000,-0.963,1.797,0.025,83
7822,3.978,3.398,0.000,-0.830,1.798,0.020,83
7823,3.981,3.398,0.000,-0.699,1.798,0.016,83
7824,3.984,3.398,0.000,-0.570,1.799,0.013,83
7825,3.987,3.398,0.000,-0.443,1.800,0.009,83
7826,3.990,3.398,0.000,-0.319,1.800,0.005,83
7827,3.994,3.398,0.000,-0.197,1.800,0.019,83
7828,3.997,3.398,0.000,-0.073,1.801,-0.000,83
7829,4.000,3.398,0.000,0.050,1.801,-0.004,83
7830,4.003,3.398,0.000,0.170,1.801,-0.012,83
7831,4.006,3.398,0.000,0.286,1.802,-0.016,83
7832,4.009,3.398,0.000,0.398,1.802,-0.018,83
7833,4.012,3.398,0.000,0.507,1.802,-0.021,83
7834,4.015,3.398,0.000,0.612,1.802,-0.025,83
7835,4.018,3.398,0.000,0.714,1.802,-0.012,83
7836,4.021,3.398,0.000,0.815,1.801,-0.040,83
7837,4.025,3.398,0.000,0.915,1.801,-0.037,83
7838,4.028,3.398,0.000,1.013,1.802,-0.013,83
7839,4.031,3.398,0.000,1.109,1.801,-0.058,83
7840,4.034,3.398,0.000,1.204,1.801,-0.031,83
7841,4.037,3.398,0.000,1.298,1.800,-0.060,83
7842,4.040,3.398,0.000,1.390,1.801,-0.032,83
7843,4.043,3.399,0.000,1.482,1.800,-0.066,83
7844,4.046,3.399,0.000,1.571,1.800,-0.039,83
7845,4.050,3.399,0.000,1.656,1.800,-0.052,83
7846,4.053,3.399,0.000,1.736,1.800,-0.058,83
7847,4.056,3.399,0.000,1.813,1.800,-0.055,83
7848,4.059,3.399,0.000,1.886,1.799,-0.062,83
7849,4.062,3.399,0.000,1.958,1.800,-0.065,83
7850,4.065,3.399,0.000,2.027,1.799,-0.067,83
7851,4.068,3.399,0.000,2.095,1.799,-0.081,83
7852,4.072,3.399,0.000,2.159,1.800,-0.053,83
7853,4.075,3.400,0.000,2.216,1.799,-0.076,83
7854,4.078,3.400,0.000,2.263,1.799,-0.074,83
7855,4.081,3.400,0.000,2.300,1.798,-0.077,83
7856,4.084,3.400,0.000,2.327,1.798,-0.079,83
7857,4.087,3.400,0.000,2.344,1.798,-0.067,83
7858,4.091,3.400,0.000,2.355,1.797,-0.075,83
7859,4.094,3.400,0.000,2.356,1.797,-0.070,83
7860,4.097,3.400,0.000,2.348,1.796,-0.079,83
7861,4.100,3.401,0.000,2.332,1.796,-0.084,83
7862,4.103,3.401,0.000,2.307,1.797,-0.059,83
7863,4.107,3.401,0.000,2.272,1.795,-0.084,83
7864,4.110,3.401,0.000,2.239,1.795,-0.080,83
7865,4.113,3.401,0.000,2.198,1.795,-0.072,83
7866,4.116,3.401,0.000,2.147,1.795,-0.071,83
7867,4.120,3.401,0.000,2.088,1.795,-0.056,83
7868,4.123,3.401,0.000,2.022,1.794,-0.065,83
7869,4.126,3.402,0.000,1.947,1.794,-0.058,83
7870,4.129,3.402,0.000,1.866,1.794,-0.050,83
7871,4.132,3.402,0.000,1.780,1.793,-0.068,83
7872,4.136,3.402,0.000,1.695,1.792,-0.064,83
7873,4.139,3.402,0.000,1.605,1.793,-0.043,83
7874,4.142,3.402,0.000,1.510,1.792,-0.045,83
7875,4.145,3.402,0.000,1.410,1.791,-0.057,83
7876,4.148,3.402,0.000,1.314,1.791,-0.039,83
7877,4.152,3.402,0.000,1.219,1.791,-0.040,83
7878,4.155,3.402,0.000,1.120,1.790,-0.043,83
7879,4.158,3.402,0.000,1.017,1.789,-0.039,83
7880,4.161,3.403,0.000,0.911,1.789,-0.033,83
7881,4.164,3.403,0.000,0.804,1.788,-0.030,83
7882,4.168,3.403,0.000,0.695,1.787,-0.010,83
7883,4.171,3.403,0.000,0.579,1.786,-0.030,83
7884,4.174,3.403,0.000,0.464,1.785,0.003,83
7885,4.177,3.403,0.000,0.349,1.784,-0.040,83
7886,4.181,3.403,0.000,0.238,1.783,0.008,83
7887,4.184,3.403,0.000,0.129,1.782,-0.025,83
7888,4.187,3.403,0.000,0.020,1.782,0.030,83
7889,4.190,3.403,0.000,-0.088,1.781,-0.013,83
7890,4.194,3.403,0.000,-0.195,1.780,0.009,83
7891,4.197,3.403,0.000,-0.300,1.779,0.008,83
7892,4.200,3.403,0.000,-0.401,1.778,0.015,83
7893,4.203,3.403,0.000,-0.502,1.777,0.023,83
7894,4.207,3.403,0.000,-0.603,1.776,0.025,83
7895,4.210,3.403,0.000,-0.704,1.775,0.026,83
7896,4.213,3.403,0.000,-0.805,1.774,0.010,83
7897,4.216,3.403,0.000,-0.906,1.773,0.033,83
7898,4.219,3.402,0.000,-1.007,1.772,0.027,83
7899,4.223,3.402,0.000,-1.110,1.770,0.039,83
7900,4.226,3.402,0.000,-1.212,1.769,0.052,83
7901,4.229,3.402,0.000,-1.313,1.768,0.044,83
7902,4.232,3.402,0.000,-1.414,1.767,0.044,83
7903,4.236,3.402,0.000,-1.513,1.766,0.033,83
7904,4.239,3.402,0.000,-1.620,1.764,0.068,83
7905,4.242,3.402,0.000,-1.725,1.763,0.056,83
7906,4.245,3.402,0.000,-1.828,1.762,0.048,83
7907,4.249,3.402,0.000,-1.935,1.761,0.064,83
7908,4.252,3.402,0.000,-2.044,1.760,0.049,83
7909,4.255,3.401,0.000,-2.147,1.758,0.085,83
7910,4.258,3.401,0.000,-2.246,1.758,0.040,83
7911,4.262,3.401,0.000,-2.343,1.755,0.086,83
7912,4.265,3.401,0.000,-2.443,1.754,0.082,83
7913,4.268,3.401,0.000,-2.540,1.753,0.078,83
7914,4.271,3.401,0.000,-2.634,1.752,0.083,83
7915,4.275,3.401,0.000,-2.723,1.751,0.081,83
7916,4.278,3.400,0.000,-2.809,1.749,0.094,83
7917,4.281,3.400,0.000,-2.888,1.748,0.097,83
7918,4.284,3.400,0.000,-2.958,1.748,0.076,83
7919,4.288,3.400,0.000,-3.018,1.746,0.088,83
7920,4.291,3.400,0.000,-3.070,1.744,0.111,83
7921,4.294,3.400,0.000,-3.126,1.744,0.091,83
7922,4.298,3.399,0.000,-3.185,1.742,0.101,83
7923,4.301,3.399,0.000,-3.246,1.742,0.090,83
7924,4.304,3.399,0.000,-3.297,1.740,0.096,83
7925,4.307,3.399,0.000,-3.339,1.739,0.113,83
7926,4.310,3.399,0.000,-3.384,1.739,0.091,83
7927,4.314,3.399,0.000,-3.424,1.737,0.092,83
7928,4.317,3.398,0.000,-3.454,1.736,0.102,83
7929,4.320,3.398,0.000,-3.476,1.734,0.119,83
7930,4.323,3.398,0.000,-3.495,1.735,0.084,83
7931,4.327,3.398,0.000,-3.514,1.732,0.133,83
7932,4.330,3.398,0.000,-3.538,1.734,0.081,83
7933,4.333,3.397,0.000,-3.561,1.731,0.114,83
7934,4.336,3.397,0.000,-3.584,1.731,0.094,83
7935,4.339,3.397,0.000,-3.607,1.730,0.113,83
7936,4.343,3.397,0.000,-3.634,1.730,0.091,83
7937,4.346,3.397,0.000,-3.654,1.727,0.118,83
7938,4.349,3.396,0.000,-3.663,1.728,0.096,83
7939,4.353,3.396,0.000,-3.662,1.726,0.103,83
7940,4.356,3.396,0.000,-3.651,1.725,0.109,83
7941,4.359,3.396,0.000,-3.628,1.724,0.105,83
7942,4.362,3.396,0.000,-3.594,1.724,0.101,83
7943,4.365,3.395,0.000,-3.552,1.722,0.112,83
7944,4.369,3.395,0.000,-3.501,1.722,0.096,83
7945,4.372,3.395,0.000,-3.446,1.721,0.095,83
7946,4.375,3.395,0.000,-3.387,1.719,0.105,83
7947,4.379,3.395,0.000,-3.320,1.719,0.093,83
7948,4.382,3.394,0.000,-3.243,1.718,0.087,83
7949,4.385,3.394,0.000,-3.158,1.717,0.099,83
7950,4.388,3.394,0.000,-3.067,1.717,0.092,83
7951,4.392,3.394,0.000,-2.969,1.715,0.095,83
7952,4.395,3.394,0.000,-2.866,1.715,0.075,83
7953,4.398,3.394,0.000,-2.757,1.714,0.093,83
7954,4.401,3.393,0.000,-2.642,1.713,0.087,83
7955,4.405,3.393,0.000,-2.522,1.713,0.059,83
7956,4.408,3.393,0.000,-2.402,1.710,0.095,83
7957,4.411,3.393,0.000,-2.282,1.711,0.038,83
7958,4.414,3.393,0.000,-2.164,1.708,0.096,83
7959,4.417,3.393,0.000,-2.043,1.709,0.051,83
7960,4.421,3.393,0.000,-1.909,1.707,0.061,83
7961,4.424,3.393,0.000,-1.770,1.707,0.038,83
7962,4.427,3.392,0.000,-1.625,1.705,0.040,83
7963,4.431,3.392,0.000,-1.479,1.704,0.043,83
7964,4.434,3.392,0.000,-1.332,1.703,0.044,83
7965,4.437,3.392,0.000,-1.185,1.702,0.027,83
7966,4.440,3.392,0.000,-1.039,1.700,0.051,83
7967,4.444,3.392,0.000,-0.895,1.700,0.003,83
7968,4.447,3.392,0.000,-0.751,1.698,0.033,83
7969,4.450,3.392,0.000,-0.608,1.697,0.002,83
7970,4.453,3.392,0.000,-0.467,1.696,0.014,83
7971,4.457,3.392,0.000,-0.326,1.695,-0.001,83
7972,4.460,3.392,0.000,-0.186,1.694,0.025,83
7973,4.463,3.392,0.000,-0.046,1.693,-0.007,83
7974,4.466,3.392,0.000,0.093,1.692,0.015,83
7975,4.470,3.392,0.000,0.231,1.691,-0.019,83
7976,4.473,3.392,0.000,0.369,1.690,-0.009,83
7977,4.476,3.392,0.000,0.505,1.689,-0.013,83
7978,4.480,3.392,0.000,0.637,1.688,-0.022,83
7979,4.483,3.392,0.000,0.766,1.687,-0.010,83
7980,4.486,3.392,0.000,0.890,1.686,-0.040,83
7981,4.489,3.392,0.000,1.013,1.685,-0.033,83
7982,4.493,3.392,0.000,1.133,1.684,-0.044,83
7983,4.496,3.392,0.000,1.252,1.683,-0.033,83
7984,4.499,3.392,0.000,1.369,1.682,-0.057,83
7985,4.502,3.392,0.000,1.485,1.682,-0.020,83
7986,4.506,3.392,0.000,1.595,1.680,-0.054,83
7987,4.509,3.393,0.000,1.702,1.679,-0.044,83
7988,4.512,3.393,0.000,1.802,1.678,-0.039,83
7989,4.515,3.393,0.000,1.901,1.676,-0.076,83
7990,4.519,3.393,0.000,1.996,1.676,-0.056,83
7991,4.522,3.393,0.000,2.087,1.675,-0.057,83
7992,4.525,3.393,0.000,2.176,1.674,-0.066,83
7993,4.529,3.393,0.000,2.270,1.672,-0.079,83
7994,4.532,3.393,0.000,2.364,1.671,-0.077,83
7995,4.535,3.394,0.000,2.455,1.672,-0.054,83
7996,4.538,3.394,0.000,2.555,1.670,-0.092,83
7997,4.541,3.394,0.000,2.641,1.670,-0.083,83
7998,4.545,3.394,0.000,2.726,1.669,-0.079,83
7999,4.548,3.394,0.000,2.812,1.668,-0.088,83
8000,4.551,3.394,0.000,2.889,1.668,-0.073,83
8001,4.555,3.394,0.000,2.958,1.665,-0.106,83
8002,4.558,3.395,0.000,3.008,1.666,-0.086,83
8003,4.561,3.395,0.000,3.048,1.666,-0.079,83
8004,4.564,3.395,0.000,3.080,1.665,-0.097,83
8005,4.567,3.395,0.000,3.110,1.665,-0.082,83
8006,4.571,3.395,0.000,3.134,1.663,-0.108,83
8007,4.574,3.396,0.000,3.166,1.663,-0.097,83
8008,4.577,3.396,0.000,3.194,1.662,-0.093,83
8009,4.580,3.396,0.000,3.212,1.661,-0.098,83
8010,4.584,3.396,0.000,3.221,1.661,-0.101,83
8011,4.587,3.396,0.000,3.219,1.660,-0.099,83
8012,4.590,3.396,0.000,3.208,1.659,-0.098,83
8013,4.593,3.397,0.000,3.188,1.659,-0.098,83
8014,4.597,3.397,0.000,3.159,1.658,-0.097,83
8015,4.600,3.397,0.000,3.123,1.658,-0.079,83
8016,4.603,3.397,0.000,3.078,1.656,-0.088,83
8017,4.607,3.397,0.000,3.025,1.655,-0.092,83
8018,4.610,3.398,0.000,2.968,1.654,-0.083,83
8019,4.613,3.398,0.000,2.913,1.653,-0.090,83
8020,4.616,3.398,0.000,2.852,1.652,-0.091,83
8021,4.620,3.398,0.000,2.785,1.652,-0.069,83
8022,4.623,3.398,0.000,2.714,1.651,-0.080,83
8023,4.626,3.398,0.000,2.639,1.650,-0.079,83
8024,4.629,3.399,0.000,2.559,1.649,-0.080,83
8025,4.633,3.399,0.000,2.477,1.649,-0.063,83
8026,4.636,3.399,0.000,2.401,1.648,-0.084,83
8027,4.639,3.399,0.000,2.327,1.648,-0.063,83
8028,4.642,3.399,0.000,2.252,1.646,-0.065,83
8029,4.645,3.399,0.000,2.180,1.645,-0.063,83
8030,4.649,3.399,0.000,2.103,1.645,-0.049,83
8031,4.652,3.399,0.000,2.030,1.643,-0.074,83
8032,4.655,3.400,0.000,1.957,1.642,-0.056,83
8033,4.658,3.400,0.000,1.883,1.642,-0.047,83
8034,4.662,3.400,0.000,1.807,1.640,-0.044,83
8035,4.665,3.400,0.000,1.730,1.639,-0.045,83
8036,4.668,3.400,0.000,1.652,1.637,-0.062,83
8037,4.671,3.400,0.000,1.575,1.637,-0.037,83
8038,4.675,3.400,0.000,1.497,1.636,-0.035,83
8039,4.678,3.400,0.000,1.419,1.635,-0.036,83
8040,4.681,3.400,0.000,1.342,1.633,-0.050,83
8041,4.684,3.400,0.000,1.271,1.632,-0.026,83
8042,4.688,3.400,0.000,1.201,1.630,-0.045,83
8043,4.691,3.401,0.000,1.130,1.629,-0.040,83
8044,4.694,3.401,0.000,1.061,1.628,-0.015,83
8045,4.697,3.401,0.000,0.991,1.625,-0.052,83
8046,4.701,3.401,0.000,0.922,1.625,-0.017,83
8047,4.704,3.401,0.000,0.854,1.623,-0.035,83
8048,4.707,3.401,0.000,0.787,1.622,-0.006,83
8049,4.710,3.401,0.000,0.721,1.620,-0.016,83
8050,4.714,3.401,0.000,0.655,1.618,-0.031,83
8051,4.717,3.401,0.000,0.591,1.617,-0.012,83
8052,4.720,3.401,0.000,0.527,1.615,-0.012,83
8053,4.723,3.401,0.000,0.464,1.614,-0.025,83
8054,4.727,3.401,0.000,0.404,1.612,-0.021,83
8055,4.730,3.401,0.000,0.345,1.611,-0.013,83
8056,4.733,3.401,0.000,0.287,1.609,0.001,83
8057,4.736,3.401,0.000,0.225,1.608,-0.021,83
8058,4.739,3.401,0.000,0.156,1.606,0.019,83
8059,4.743,3.401,0.000,0.087,1.605,-0.011,83
8060,4.746,3.401,0.000,0.020,1.603,0.009,83
8061,4.749,3.401,0.000,-0.045,1.602,0.005,83
8062,4.752,3.401,0.000,-0.107,1.600,0.007,83
8063,4.756,3.401,0.000,-0.167,1.599,0.013,83
8064,4.759,3.401,0.000,-0.225,1.597,-0.007,83
8065,4.762,3.401,0.000,-0.282,1.595,0.022,83
8066,4.765,3.401,0.000,-0.341,1.594,-0.010,83
8067,4.769,3.401,0.000,-0.399,1.592,0.038,83
8068,4.772,3.401,0.000,-0.457,1.591,-0.021,83
8069,4.775,3.401,0.000,-0.514,1.589,0.029,83
8070,4.778,3.401,0.000,-0.569,1.587,-0.006,83
8071,4.781,3.401,0.000,-0.624,1.585,0.027,83
8072,4.785,3.401,0.000,-0.678,1.584,0.021,83
8073,4.788,3.401,0.000,-0.730,1.582,0.024,83
8074,4.791,3.401,0.000,-0.779,1.580,0.028,83
8075,4.794,3.401,0.000,-0.825,1.579,0.029,83
8076,4.798,3.401,0.000,-0.870,1.577,0.009,83
8077,4.801,3.401,0.000,-0.909,1.575,0.021,83
8078,4.804,3.401,0.000,-0.945,1.573,0.025,83
8079,4.807,3.401,0.000,-0.979,1.571,0.021,83
8080,4.811,3.400,0.000,-1.012,1.569,0.021,83
8081,4.814,3.400,0.000,-1.044,1.567,0.023,83
8082,4.817,3.400,0.000,-1.074,1.565,0.044,83
8083,4.820,3.400,0.000,-1.086,1.564,0.033,83
8084,4.823,3.400,0.000,-1.095,1.562,0.031,83
8085,4.826,3.400,0.000,-1.103,1.560,0.036,83
8086,4.830,3.400,0.000,-1.111,1.558,0.037,83
8087,4.833,3.400,0.000,-1.119,1.556,0.036,83
8088,4.836,3.400,0.000,-1.126,1.554,0.035,83
8089,4.839,3.400,0.000,-1.134,1.552,0.036,83
8090,4.843,3.400,0.000,-1.141,1.549,0.037,83
8091,4.846,3.400,0.000,-1.148,1.547,0.023,83
8092,4.849,3.400,0.000,-1.157,1.544,0.051,83
8093,4.852,3.400,0.000,-1.168,1.543,0.007,83
8094,4.855,3.400,0.000,-1.178,1.539,0.051,83
8095,4.859,3.400,0.000,-1.189,1.537,0.040,83
8096,4.862,3.399,0.000,-1.199,1.536,-0.004,83
8097,4.865,3.399,0.000,-1.209,1.532,0.071,83
8098,4.868,3.399,0.000,-1.220,1.530,0.007,83
8099,4.871,3.399,0.000,-1.230,1.528,0.011,83
8100,4.875,3.399,0.000,-1.241,1.524,0.081,83
8101,4.878,3.399,0.000,-1.252,1.523,0.008,83
8102,4.881,3.399,0.000,-1.262,1.520,0.041,83
8103,4.884,3.399,0.000,-1.273,1.518,0.016,83
8104,4.888,3.399,0.000,-1.283,1.515,0.042,83
8105,4.891,3.399,0.000,-1.293,1.513,0.022,83
8106,4.894,3.399,0.000,-1.302,1.510,0.050,83
8107,4.897,3.399,0.000,-1.312,1.508,0.009,83
8108,4.900,3.399,0.000,-1.321,1.504,0.070,83
8109,4.904,3.399,0.000,-1.330,1.503,0.005,83
8110,4.907,3.398,0.000,-1.338,1.500,0.043,83
8111,4.910,3.398,0.000,-1.347,1.498,0.032,83
8112,4.913,3.398,0.000,-1.356,1.495,0.049,83
8113,4.917,3.398,0.000,-1.370,1.493,0.032,83
8114,4.920,3.398,0.000,-1.385,1.490,0.038,83
8115,4.923,3.398,0.000,-1.399,1.489,0.025,83
8116,4.926,3.398,0.000,-1.412,1.485,0.065,83
8117,4.930,3.398,0.000,-1.426,1.484,0.005,83
8118,4.933,3.398,0.000,-1.439,1.480,0.071,83
8119,4.936,3.398,0.000,-1.452,1.479,0.027,83
8120,4.939,3.398,0.000,-1.464,1.476,0.051,83
8121,4.942,3.398,0.000,-1.476,1.474,0.039,83
8122,4.946,3.398,0.000,-1.488,1.472,0.039,83
8123,4.949,3.397,0.000,-1.495,1.470,0.032,83
8124,4.952,3.397,0.000,-1.500,1.468,0.030,83
8125,4.955,3.397,0.000,-1.503,1.465,0.033,83
8126,4.959,3.397,0.000,-1.502,1.463,0.046,83
8127,4.962,3.397,0.000,-1.503,1.460,0.037,83
8128,4.965,3.397,0.000,-1.503,1.458,0.042,83
8129,4.968,3.397,0.000,-1.500,1.456,0.046,83
8130,4.972,3.397,0.000,-1.493,1.453,0.044,83
8131,4.975,3.397,0.000,-1.484,1.451,0.041,83
8132,4.978,3.397,0.000,-1.472,1.449,0.035,83
8133,4.981,3.397,0.000,-1.457,1.446,0.028,83
8134,4.985,3.397,0.000,-1.440,1.444,0.029,83
8135,4.988,3.396,0.000,-1.420,1.441,0.032,83
8136,4.991,3.396,0.000,-1.398,1.439,0.042,83
8137,4.994,3.396,0.000,-1.376,1.436,0.029,83
8138,4.997,3.396,0.000,-1.353,1.433,0.052,83
8139,5.001,3.396,0.000,-1.331,1.432,0.008,83
8140,5.004,3.396,0.000,-1.308,1.428,0.042,83
8141,5.007,3.396,0.000,-1.284,1.426,0.022,83
8142,5.010,3.396,0.000,-1.257,1.424,0.019,83
8143,5.014,3.396,0.000,-1.232,1.421,0.049,83
8144,5.017,3.396,0.000,-1.210,1.419,0.006,83
8145,5.020,3.396,0.000,-1.189,1.416,0.038,83
8146,5.024,3.396,0.000,-1.167,1.414,0.020,83
8147,5.027,3.396,0.000,-1.139,1.412,0.015,83
8148,5.030,3.396,0.000,-1.109,1.410,0.023,83
8149,5.033,3.395,0.000,-1.078,1.408,0.024,83
8150,5.036,3.395,0.000,-1.045,1.405,0.034,83
8151,5.040,3.395,0.000,-1.016,1.403,0.023,83
8152,5.043,3.395,0.000,-0.990,1.401,0.028,83
8153,5.046,3.395,0.000,-0.962,1.399,0.018,83
8154,5.050,3.395,0.000,-0.930,1.396,0.030,83
8155,5.053,3.395,0.000,-0.892,1.394,0.003,83
8156,5.056,3.395,0.000,-0.856,1.392,0.024,83
8157,5.060,3.395,0.000,-0.818,1.389,0.018,83
8158,5.063,3.395,0.000,-0.774,1.387,0.010,83
8159,5.066,3.395,0.000,-0.730,1.385,0.027,83
8160,5.069,3.395,0.000,-0.687,1.383,0.009,83
8161,5.073,3.395,0.000,-0.644,1.381,0.030,83
8162,5.076,3.395,0.000,-0.603,1.379,0.016,83
8163,5.079,3.395,0.000,-0.562,1.377,0.009,83
8164,5.082,3.395,0.000,-0.521,1.375,0.012,83
8165,5.085,3.395,0.000,-0.480,1.373,-0.005,83
8166,5.089,3.395,0.000,-0.440,1.371,0.013,83
8167,5.092,3.395,0.000,-0.400,1.369,0.016,83
8168,5.095,3.395,0.000,-0.362,1.367,0.006,83
8169,5.098,3.395,0.000,-0.324,1.365,0.023,83
8170,5.102,3.395,0.000,-0.289,1.364,-0.013,83
8171,5.105,3.395,0.000,-0.256,1.362,0.005,83
8172,5.108,3.395,0.000,-0.222,1.360,0.011,83
8173,5.111,3.395,0.000,-0.186,1.358,0.002,83
8174,5.115,3.395,0.000,-0.148,1.356,-0.007,83
8175,5.118,3.395,0.000,-0.110,1.354,0.004,83
8176,5.121,3.395,0.000,-0.072,1.353,0.005,83
8177,5.124,3.395,0.000,-0.034,1.351,0.006,83
8178,5.128,3.395,0.000,0.004,1.349,0.000,83
8179,5.131,3.395,0.000,0.042,1.348,0.005,83
8180,5.134,3.395,0.000,0.080,1.346,-0.008,83
8181,5.137,3.395,0.000,0.124,1.344,0.003,83
8182,5.141,3.395,0.000,0.168,1.343,0.003,83
8183,5.144,3.395,0.000,0.212,1.341,-0.010,83
8184,5.147,3.395,0.000,0.256,1.339,0.002,83
8185,5.150,3.395,0.000,0.299,1.337,-0.029,83
8186,5.153,3.395,0.000,0.342,1.336,0.001,83
8187,5.157,3.395,0.000,0.386,1.334,0.003,83
8188,5.160,3.395,0.000,0.430,1.332,-0.028,83
8189,5.163,3.395,0.000,0.473,1.331,-0.015,83
8190,5.166,3.395,0.000,0.516,1.329,0.004,83
8191,5.170,3.395,0.000,0.558,1.327,-0.034,83
8192,5.173,3.395,0.000,0.600,1.326,-0.000,83
8193,5.176,3.395,0.000,0.641,1.324,-0.004,83
8194,5.179,3.395,0.000,0.682,1.322,-0.050,83
8195,5.183,3.395,0.000,0.723,1.321,0.007,83
8196,5.186,3.395,0.000,0.763,1.319,-0.024,83
8197,5.189,3.395,0.000,0.803,1.317,-0.014,83
8198,5.192,3.395,0.000,0.843,1.316,-0.015,83
8199,5.196,3.395,0.000,0.881,1.314,-0.022,83
8200,5.199,3.395,0.000,0.916,1.312,-0.007,83
8201,5.202,3.395,0.000,0.951,1.310,-0.040,83
8202,5.205,3.395,0.000,0.983,1.309,-0.027,83
8203,5.209,3.395,0.000,1.014,1.307,-0.022,83
8204,5.212,3.395,0.000,1.048,1.305,-0.029,83
8205,5.215,3.395,0.000,1.078,1.304,-0.035,83
8206,5.218,3.395,0.000,1.106,1.302,-0.027,83
8207,5.222,3.396,0.000,1.130,1.301,-0.027,83
8208,5.225,3.396,0.000,1.151,1.299,-0.024,83
8209,5.228,3.396,0.000,1.169,1.297,-0.017,83
8210,5.231,3.396,0.000,1.194,1.296,-0.029,83
8211,5.234,3.396,0.000,1.223,1.295,-0.024,83
8212,5.238,3.396,0.000,1.247,1.294,-0.020,83
8213,5.241,3.396,0.000,1.268,1.292,-0.022,83
8214,5.244,3.396,0.000,1.284,1.290,-0.025,83
8215,5.247,3.396,0.000,1.297,1.288,-0.024,83
8216,5.251,3.396,0.000,1.307,1.286,-0.023,83
8217,5.254,3.396,0.000,1.313,1.284,-0.044,83
8218,5.257,3.396,0.000,1.300,1.284,-0.012,83
8219,5.260,3.396,0.000,1.279,1.281,-0.054,83
8220,5.263,3.396,0.000,1.258,1.280,-0.016,83
8221,5.267,3.396,0.000,1.236,1.277,-0.043,83
8222,5.270,3.397,0.000,1.213,1.276,-0.022,83
8223,5.273,3.397,0.000,1.189,1.273,-0.038,83
8224,5.276,3.397,0.000,1.168,1.271,-0.036,83
8225,5.280,3.397,0.000,1.146,1.270,-0.029,83
8226,5.283,3.397,0.000,1.122,1.268,-0.018,83
8227,5.286,3.397,0.000,1.095,1.266,-0.015,83
8228,5.289,3.397,0.000,1.068,1.264,-0.036,83
8229,5.292,3.397,0.000,1.038,1.262,-0.034,83
8230,5.296,3.397,0.000,1.011,1.260,-0.024,83
8231,5.299,3.397,0.000,0.985,1.259,-0.011,83
8232,5.302,3.397,0.000,0.959,1.257,-0.039,83
8233,5.306,3.397,0.000,0.935,1.255,-0.024,83
8234,5.309,3.397,0.000,0.907,1.254,-0.018,83
8235,5.312,3.397,0.000,0.873,1.252,-0.019,83
8236,5.315,3.397,0.000,0.838,1.251,-0.018,83
8237,5.318,3.397,0.000,0.803,1.249,-0.003,83
8238,5.322,3.397,0.000,0.788,1.248,-0.032,83
8239,5.325,3.398,0.000,0.771,1.247,0.004,83
8240,5.328,3.398,0.000,0.753,1.245,-0.018,83
8241,5.331,3.398,0.000,0.733,1.244,-0.016,83
8242,5.335,3.398,0.000,0.708,1.242,-0.005,83
8243,5.338,3.398,0.000,0.682,1.241,-0.006,83
8244,5.341,3.398,0.000,0.656,1.239,-0.009,83
8245,5.344,3.398,0.000,0.629,1.237,-0.010,83
8246,5.348,3.398,0.000,0.601,1.235,-0.026,83
8247,5.351,3.398,0.000,0.573,1.234,0.005,83
8248,5.354,3.398,0.000,0.545,1.232,-0.036,83
8249,5.357,3.398,0.000,0.517,1.231,0.023,83
8250,5.361,3.398,0.000,0.489,1.228,-0.028,83
8251,5.364,3.398,0.000,0.461,1.227,-0.007,83
8252,5.367,3.398,0.000,0.432,1.225,-0.001,83
8253,5.370,3.398,0.000,0.401,1.223,-0.002,83
8254,5.374,3.398,0.000,0.369,1.221,-0.023,83
8255,5.377,3.398,0.000,0.335,1.219,-0.010,83
8256,5.380,3.398,0.000,0.299,1.217,0.008,83
8257,5.383,3.398,0.000,0.262,1.215,-0.012,83
8258,5.387,3.398,0.000,0.223,1.213,0.010,83
8259,5.390,3.398,0.000,0.179,1.211,-0.002,83
8260,5.393,3.398,0.000,0.131,1.209,-0.002,83
8261,5.396,3.398,0.000,0.083,1.208,-0.008,83
8262,5.400,3.398,0.000,0.034,1.206,0.004,83
8263,5.403,3.398,0.000,-0.015,1.204,-0.008,83
8264,5.406,3.398,0.000,-0.056,1.202,0.013,83
8265,5.410,3.398,0.000,-0.097,1.200,-0.004,83
8266,5.413,3.398,0.000,-0.140,1.198,-0.005,83
8267,5.416,3.398,0.000,-0.185,1.196,0.005,83
8268,5.419,3.398,0.000,-0.232,1.194,0.005,83
8269,5.422,3.398,0.000,-0.280,1.192,0.007,83
8270,5.426,3.398,0.000,-0.329,1.191,0.006,83
8271,5.429,3.398,0.000,-0.382,1.189,0.011,83
8272,5.432,3.398,0.000,-0.435,1.187,0.002,83
8273,5.435,3.398,0.000,-0.490,1.185,0.001,83
8274,5.439,3.398,0.000,-0.546,1.183,0.006,83
8275,5.442,3.398,0.000,-0.604,1.181,0.011,83
8276,5.445,3.398,0.000,-0.663,1.178,0.015,83
8277,5.449,3.398,0.000,-0.725,1.176,0.014,83
8278,5.452,3.398,0.000,-0.787,1.174,0.004,83
8279,5.455,3.398,0.000,-0.847,1.172,0.009,83
8280,5.458,3.398,0.000,-0.907,1.169,0.037,83
8281,5.462,3.398,0.000,-0.966,1.168,0.020,83
8282,5.465,3.398,0.000,-1.025,1.166,0.015,83
8283,5.468,3.398,0.000,-1.082,1.164,0.027,83
8284,5.471,3.397,0.000,-1.139,1.162,0.037,83
8285,5.474,3.397,0.000,-1.196,1.160,0.030,83
8286,5.478,3.397,0.000,-1.251,1.159,0.007,83
8287,5.481,3.397,0.000,-1.307,1.156,0.043,83
8288,5.484,3.397,0.000,-1.362,1.155,0.032,83
8289,5.487,3.397,0.000,-1.415,1.153,0.017,83
8290,5.491,3.397,0.000,-1.468,1.151,0.044,83
8291,5.494,3.397,0.000,-1.524,1.149,0.025,83
8292,5.497,3.397,0.000,-1.579,1.147,0.035,83
8293,5.500,3.397,0.000,-1.634,1.146,0.028,83
8294,5.504,3.397,0.000,-1.688,1.144,0.019,83
8295,5.507,3.397,0.000,-1.738,1.142,0.048,83
8296,5.510,3.397,0.000,-1.784,1.140,0.039,83
8297,5.513,3.396,0.000,-1.828,1.139,0.025,83
8298,5.517,3.396,0.000,-1.867,1.137,0.027,83
8299,5.520,3.396,0.000,-1.903,1.135,0.034,83
8300,5.523,3.396,0.000,-1.935,1.133,0.052,83
8301,5.526,3.396,0.000,-1.967,1.133,0.020,83
8302,5.530,3.396,0.000,-1.997,1.131,0.037,83
8303,5.533,3.396,0.000,-2.029,1.129,0.043,83
8304,5.536,3.396,0.000,-2.067,1.127,0.040,83
8305,5.539,3.396,0.000,-2.105,1.126,0.032,83
8306,5.543,3.395,0.000,-2.139,1.125,0.035,83
8307,5.546,3.395,0.000,-2.166,1.123,0.039,83
8308,5.549,3.395,0.000,-2.189,1.121,0.042,83
8309,5.552,3.395,0.000,-2.206,1.119,0.046,83
8310,5.556,3.395,0.000,-2.218,1.118,0.043,83
8311,5.559,3.395,0.000,-2.228,1.115,0.060,83
8312,5.562,3.395,0.000,-2.236,1.114,0.047,83
8313,5.565,3.395,0.000,-2.242,1.113,0.027,83
8314,5.569,3.394,0.000,-2.246,1.111,0.050,83
8315,5.572,3.394,0.000,-2.247,1.109,0.034,83
8316,5.575,3.394,0.000,-2.240,1.107,0.055,83
8317,5.578,3.394,0.000,-2.236,1.105,0.054,83
8318,5.581,3.394,0.000,-2.217,1.106,0.030,83
8319,5.585,3.394,0.000,-2.186,1.103,0.064,83
8320,5.588,3.394,0.000,-2.150,1.103,0.032,83
8321,5.591,3.394,0.000,-2.108,1.100,0.055,83
8322,5.594,3.393,0.000,-2.062,1.099,0.050,83
8323,5.597,3.393,0.000,-2.014,1.099,0.019,83
8324,5.601,3.393,0.000,-1.966,1.096,0.064,83
8325,5.604,3.393,0.000,-1.911,1.096,0.025,83
8326,5.607,3.393,0.000,-1.853,1.093,0.054,83
8327,5.610,3.393,0.000,-1.791,1.093,0.029,83
8328,5.613,3.393,0.000,-1.725,1.092,0.028,83
8329,5.617,3.393,0.000,-1.654,1.090,0.026,83
8330,5.620,3.393,0.000,-1.579,1.089,0.024,83
8331,5.623,3.392,0.000,-1.500,1.087,0.031,83
8332,5.626,3.392,0.000,-1.422,1.085,0.026,83
8333,5.630,3.392,0.000,-1.345,1.084,0.012,83
8334,5.633,3.392,0.000,-1.266,1.082,0.019,83
8335,5.636,3.392,0.000,-1.182,1.081,0.021,83
8336,5.640,3.392,0.000,-1.096,1.079,0.015,83
8337,5.643,3.392,0.000,-1.006,1.078,0.012,83
8338,5.646,3.392,0.000,-0.915,1.076,0.012,83
8339,5.649,3.392,0.000,-0.821,1.074,0.024,83
8340,5.653,3.392,0.000,-0.731,1.072,0.007,83
8341,5.656,3.392,0.000,-0.633,1.071,0.001,83
8342,5.659,3.392,0.000,-0.533,1.069,0.006,83
8343,5.662,3.392,0.000,-0.432,1.067,0.012,83
8344,5.666,3.392,0.000,-0.332,1.066,0.001,83
8345,5.669,3.392,0.000,-0.228,1.063,0.011,83
8346,5.672,3.392,0.000,-0.126,1.062,-0.009,83
8347,5.676,3.392,0.000,-0.037,1.060,0.016,83
8348,5.679,3.392,0.000,0.052,1.059,-0.010,83
8349,5.682,3.392,0.000,0.140,1.057,0.011,83
8350,5.685,3.392,0.000,0.227,1.056,0.003,83
8351,5.688,3.392,0.000,0.313,1.054,-0.014,83
8352,5.692,3.392,0.000,0.397,1.052,0.009,83
8353,5.695,3.392,0.000,0.481,1.051,-0.003,83
8354,5.698,3.392,0.000,0.564,1.049,-0.003,83
8355,5.701,3.392,0.000,0.646,1.048,-0.016,83
8356,5.705,3.392,0.000,0.731,1.047,-0.010,83
8357,5.708,3.392,0.000,0.820,1.045,-0.005,83
8358,5.711,3.392,0.000,0.906,1.044,-0.029,83
8359,5.714,3.392,0.000,0.997,1.042,-0.029,83
8360,5.718,3.392,0.000,1.087,1.041,0.000,83
8361,5.721,3.392,0.000,1.171,1.039,-0.024,83
8362,5.724,3.392,0.000,1.253,1.038,-0.022,83
8363,5.727,3.392,0.000,1.330,1.037,-0.015,83
8364,5.731,3.392,0.000,1.403,1.035,-0.017,83
8365,5.734,3.392,0.000,1.473,1.034,-0.023,83
8366,5.737,3.393,0.000,1.539,1.032,-0.043,83
8367,5.740,3.393,0.000,1.603,1.032,-0.006,83
8368,5.744,3.393,0.000,1.665,1.029,-0.052,83
8369,5.747,3.393,0.000,1.732,1.028,-0.019,83
8370,5.750,3.393,0.000,1.797,1.025,-0.047,83
8371,5.754,3.393,0.000,1.866,1.024,-0.015,83
8372,5.757,3.393,0.000,1.920,1.020,-0.058,83
8373,5.760,3.393,0.000,1.968,1.020,-0.027,83
8374,5.764,3.393,0.000,2.015,1.017,-0.043,83
8375,5.767,3.393,0.000,2.065,1.016,-0.050,83
8376,5.770,3.394,0.000,2.113,1.014,-0.042,83
8377,5.773,3.394,0.000,2.157,1.013,-0.038,83
8378,5.777,3.394,0.000,2.199,1.012,-0.041,83
8379,5.780,3.394,0.000,2.237,1.010,-0.039,83
8380,5.783,3.394,0.000,2.271,1.009,-0.042,83
8381,5.786,3.394,0.000,2.304,1.008,-0.040,83
8382,5.790,3.394,0.000,2.344,1.008,-0.025,83
8383,5.793,3.395,0.000,2.385,1.005,-0.058,83
8384,5.796,3.395,0.000,2.429,1.004,-0.046,83
8385,5.799,3.395,0.000,2.469,1.003,-0.034,83
8386,5.802,3.395,0.000,2.508,1.002,-0.048,83
8387,5.806,3.395,0.000,2.548,1.001,-0.041,83
8388,5.809,3.395,0.000,2.584,0.999,-0.047,83
8389,5.812,3.395,0.000,2.618,0.999,-0.034,83
8390,5.815,3.396,0.000,2.650,0.996,-0.075,83
8391,5.819,3.396,0.000,2.682,0.996,-0.030,83
8392,5.822,3.396,0.000,2.712,0.995,-0.040,83
8393,5.825,3.396,0.000,2.740,0.992,-0.067,83
8394,5.828,3.396,0.000,2.765,0.993,-0.023,83
8395,5.832,3.396,0.000,2.790,0.990,-0.062,83
8396,5.835,3.396,0.000,2.814,0.989,-0.045,83
8397,5.838,3.397,0.000,2.832,0.988,-0.040,83
8398,5.841,3.397,0.000,2.838,0.987,-0.043,83
8399,5.845,3.397,0.000,2.834,0.985,-0.045,83
8400,5.848,3.397,0.000,2.820,0.984,-0.044,83
8401,5.851,3.397,0.000,2.798,0.982,-0.043,83
8402,5.854,3.397,0.000,2.766,0.981,-0.042,83
8403,5.858,3.398,0.000,2.726,0.978,-0.051,83
8404,5.861,3.398,0.000,2.673,0.977,-0.046,83
8405,5.864,3.398,0.000,2.606,0.976,-0.051,118
8406,5.863,3.398,0.000,2.536,0.992,-0.052,118
8407,5.862,3.398,0.000,2.464,1.010,-0.032,118
8408,5.861,3.398,0.000,2.394,1.027,-0.056,118
8409,5.860,3.398,0.000,2.324,1.045,-0.038,118
8410,5.859,3.398,0.000,2.250,1.061,-0.048,118
8411,5.858,3.398,0.000,2.174,1.076,-0.050,118
8412,5.857,3.398,0.000,2.096,1.091,-0.045,118
8413,5.856,3.398,0.000,2.018,1.106,-0.043,118
8414,5.856,3.398,0.000,1.939,1.120,-0.043,118
8415,5.855,3.397,0.000,1.860,1.134,-0.043,118
8416,5.855,3.397,0.000,1.781,1.147,-0.041,118
8417,5.854,3.397,0.000,1.702,1.160,-0.040,118
8418,5.854,3.397,0.000,1.624,1.172,-0.039,118
8419,5.854,3.397,0.000,1.545,1.184,-0.037,118
8420,5.854,3.397,0.000,1.462,1.195,-0.036,118
8421,5.854,3.397,0.000,1.375,1.206,-0.034,118
8422,5.854,3.397,0.000,1.284,1.217,-0.033,118
8423,5.854,3.397,0.000,1.190,1.228,-0.031,118
8424,5.854,3.397,0.000,1.092,1.238,-0.029,118
8425,5.854,3.397,0.000,0.993,1.248,-0.027,118
8426,5.854,3.397,0.000,0.892,1.257,-0.025,118
8427,5.854,3.397,0.000,0.792,1.266,-0.023,118
8428,5.855,3.397,0.000,0.691,1.275,-0.021,118
8429,5.855,3.397,0.000,0.591,1.283,-0.019,118
8430,5.856,3.398,0.000,0.492,1.291,-0.017,118
8431,5.856,3.398,0.000,0.395,1.299,-0.014,118
8432,5.857,3.398,0.000,0.299,1.306,-0.012,118
8433,5.858,3.398,0.000,0.206,1.313,-0.010,118
8434,5.859,3.398,0.000,0.115,1.319,-0.008,118
8435,5.859,3.398,0.000,0.026,1.325,-0.006,118
8436,5.860,3.398,0.000,-0.059,1.331,-0.004,118
8437,5.861,3.398,0.000,-0.140,1.337,-0.002,118
8438,5.862,3.398,0.000,-0.217,1.342,-0.000,118
8439,5.863,3.398,0.000,-0.289,1.347,0.001,118
8440,5.865,3.398,0.000,-0.357,1.351,0.003,118
8441,5.866,3.398,0.000,-0.420,1.356,0.019,118
8442,5.867,3.397,0.000,-0.478,1.360,0.008,118
8443,5.868,3.397,0.000,-0.528,1.364,0.021,118
8444,5.870,3.397,0.000,-0.581,1.368,0.024,118
8445,5.871,3.397,0.000,-0.630,1.373,-0.005,118
8446,5.873,3.397,0.000,-0.679,1.377,0.043,118
8447,5.874,3.397,0.000,-0.727,1.382,-0.013,118
8448,5.876,3.397,0.000,-0.775,1.385,0.045,118
8449,5.877,3.397,0.000,-0.821,1.388,0.022,118
8450,5.879,3.397,0.000,-0.865,1.392,0.016,118
8451,5.881,3.397,0.000,-0.909,1.395,0.045,118
8452,5.882,3.397,0.000,-0.951,1.399,0.009,118
8453,5.884,3.397,0.000,-0.992,1.402,0.019,118
8454,5.886,3.397,0.000,-1.034,1.405,0.027,118
8455,5.888,3.397,0.000,-1.081,1.408,0.038,118
8456,5.890,3.397,0.000,-1.123,1.411,0.032,118
8457,5.892,3.397,0.000,-1.159,1.414,0.024,118
8458,5.894,3.397,0.000,-1.183,1.416,0.035,118
8459,5.896,3.397,0.000,-1.205,1.419,0.012,118
8460,5.898,3.397,0.000,-1.226,1.419,0.066,118
8461,5.900,3.397,0.000,-1.247,1.423,0.011,118
8462,5.902,3.397,0.000,-1.266,1.424,0.059,118
8463,5.905,3.397,0.000,-1.283,1.426,0.001,118
8464,5.907,3.397,0.000,-1.300,1.427,0.053,118
8465,5.909,3.397,0.000,-1.316,1.428,0.046,143
8466,5.911,3.397,0.000,-1.320,1.431,0.018,143
8467,5.914,3.397,0.000,-1.324,1.431,0.029,143
8468,5.916,3.397,0.000,-1.326,1.432,0.043,143
8469,5.919,3.397,0.000,-1.329,1.433,0.035,143
8470,5.921,3.396,0.000,-1.331,1.435,0.009,143
8471,5.924,3.396,0.000,-1.333,1.435,0.050,143
8472,5.926,3.396,0.000,-1.335,1.436,0.008,143
8473,5.929,3.396,0.000,-1.339,1.436,0.045,143
8474,5.931,3.396,0.000,-1.344,1.437,0.019,143
8475,5.934,3.396,0.000,-1.347,1.437,0.025,143
8476,5.937,3.396,0.000,-1.345,1.437,0.037,143
8477,5.939,3.396,0.000,-1.337,1.437,0.027,143
8478,5.942,3.396,0.000,-1.325,1.438,0.024,143
8479,5.945,3.396,0.000,-1.309,1.437,0.043,143
8480,5.948,3.396,0.000,-1.290,1.438,0.011,143
8481,5.950,3.396,0.000,-1.272,1.436,0.055,143
8482,5.953,3.396,0.000,-1.253,1.437,0.003,143
8483,5.956,3.396,0.000,-1.234,1.436,0.043,143
8484,5.959,3.396,0.000,-1.216,1.436,0.009,143
8485,5.962,3.396,0.000,-1.197,1.434,0.039,143
8486,5.965,3.395,0.000,-1.177,1.434,0.016,143
8487,5.968,3.395,0.000,-1.151,1.433,0.018,143
8488,5.971,3.395,0.000,-1.121,1.432,0.027,143
8489,5.974,3.395,0.000,-1.091,1.431,0.020,143
8490,5.977,3.395,0.000,-1.059,1.429,0.022,143
8491,5.980,3.395,0.000,-1.025,1.428,0.027,118
8492,5.983,3.395,0.000,-0.990,1.426,0.023,118
8493,5.986,3.395,0.000,-0.955,1.425,0.031,118
8494,5.989,3.395,0.000,-0.918,1.423,0.032,118
8495,5.992,3.395,0.000,-0.880,1.421,0.027,118
8496,5.995,3.395,0.000,-0.841,1.420,0.025,118
8497,5.999,3.395,0.000,-0.800,1.418,0.008,118
8498,6.002,3.395,0.000,-0.761,1.415,0.037,118
8499,6.005,3.395,0.000,-0.721,1.413,0.016,118
8500,6.008,3.395,0.000,-0.683,1.410,0.009,118
8501,6.012,3.395,0.000,-0.654,1.408,0.019,118
8502,6.015,3.395,0.000,-0.626,1.405,0.017,118
8503,6.018,3.395,0.000,-0.596,1.403,0.010,118
8504,6.021,3.395,0.000,-0.567,1.400,0.016,118
8505,6.025,3.395,0.000,-0.536,1.397,0.005,118
8506,6.028,3.395,0.000,-0.504,1.394,0.003,118
8507,6.032,3.395,0.000,-0.472,1.391,0.009,118
8508,6.035,3.395,0.000,-0.440,1.388,0.006,118
8509,6.038,3.394,0.000,-0.408,1.385,0.021,118
8510,6.042,3.394,0.000,-0.376,1.382,0.008,118
8511,6.045,3.394,0.000,-0.344,1.378,0.025,118
8512,6.049,3.394,0.000,-0.312,1.375,-0.005,118
8513,6.052,3.394,0.000,-0.279,1.372,0.004,118
8514,6.056,3.394,0.000,-0.244,1.368,0.012,118
8515,6.059,3.394,0.000,-0.210,1.365,-0.013,118
8516,6.063,3.394,0.000,-0.175,1.361,0.030,118
8517,6.066,3.394,0.000,-0.141,1.358,-0.028,118
8518,6.070,3.394,0.000,-0.109,1.354,0.016,118
8519,6.073,3.394,0.000,-0.077,1.350,-0.020,118
8520,6.077,3.394,0.000,-0.046,1.347,0.023,118
8521,6.080,3.394,0.000,-0.016,1.343,-0.005,118
8522,6.084,3.394,0.000,0.015,1.339,0.017,118
8523,6.087,3.394,0.000,0.044,1.335,-0.009,118
8524,6.091,3.394,0.000,0.073,1.331,0.013,118
8525,6.095,3.394,0.000,0.101,1.327,0.007,118
8526,6.098,3.394,0.000,0.129,1.322,-0.002,118
8527,6.102,3.394,0.000,0.156,1.318,-0.000,118
8528,6.106,3.394,0.000,0.184,1.314,0.003,118
8529,6.109,3.394,0.000,0.211,1.309,-0.018,118
8530,6.113,3.394,0.000,0.236,1.305,-0.004,118
8531,6.117,3.394,0.000,0.260,1.300,-0.006,118
8532,6.120,3.394,0.000,0.285,1.295,-0.015,118
8533,6.124,3.394,0.000,0.309,1.291,0.003,118
8534,6.128,3.394,0.000,0.332,1.286,-0.024,118
8535,6.132,3.394,0.000,0.356,1.281,0.021,118
8536,6.135,3.394,0.000,0.379,1.276,-0.023,118
8537,6.139,3.395,0.000,0.401,1.272,0.012,118
8538,6.143,3.395,0.000,0.423,1.266,-0.011,118
8539,6.147,3.395,0.000,0.445,1.262,-0.010,118
8540,6.150,3.395,0.000,0.468,1.257,0.000,143
8541,6.154,3.395,0.000,0.490,1.251,-0.023,143
8542,6.158,3.395,0.000,0.512,1.247,0.006,143
8543,6.162,3.395,0.000,0.534,1.241,-0.039,143
8544,6.165,3.395,0.000,0.555,1.236,0.001,143
8545,6.169,3.395,0.000,0.576,1.231,-0.030,143
8546,6.173,3.395,0.000,0.600,1.225,-0.018,143
8547,6.177,3.395,0.000,0.627,1.220,-0.011,143
8548,6.181,3.395,0.000,0.657,1.215,-0.001,143
8549,6.185,3.395,0.000,0.684,1.209,-0.014,143
8550,6.189,3.395,0.000,0.708,1.204,-0.018,143
8551,6.192,3.395,0.000,0.730,1.199,-0.023,143
8552,6.196,3.395,0.000,0.749,1.194,-0.003,143
8553,6.200,3.395,0.000,0.760,1.188,-0.008,143
8554,6.204,3.395,0.000,0.767,1.183,-0.012,143
8555,6.208,3.395,0.000,0.772,1.177,-0.031,143
8556,6.212,3.395,0.000,0.775,1.172,-0.022,143
8557,6.216,3.395,0.000,0.775,1.166,-0.017,143
8558,6.220,3.395,0.000,0.772,1.161,-0.020,143
8559,6.224,3.395,0.000,0.766,1.155,-0.022,143
8560,6.228,3.396,0.000,0.758,1.150,-0.012,143
8561,6.231,3.396,0.000,0.754,1.144,-0.022,143
8562,6.235,3.396,0.000,0.754,1.138,-0.012,143
8563,6.239,3.396,0.000,0.751,1.132,-0.008,143
8564,6.243,3.396,0.000,0.745,1.126,-0.021,143
8565,6.247,3.396,0.000,0.738,1.121,0.004,143
8566,6.251,3.396,0.000,0.730,1.114,-0.022,143
8567,6.255,3.396,0.000,0.720,1.108,-0.017,143
8568,6.259,3.396,0.000,0.707,1.102,-0.018,143
8569,6.263,3.396,0.000,0.691,1.096,-0.020,143
8570,6.267,3.396,0.000,0.670,1.089,-0.019,143
8571,6.271,3.396,0.000,0.646,1.083,-0.009,143
8572,6.275,3.396,0.000,0.617,1.076,-0.013,143
8573,6.279,3.396,0.000,0.583,1.070,-0.006,143
8574,6.283,3.396,0.000,0.546,1.063,-0.017,143
8575,6.287,3.396,0.000,0.511,1.056,0.004,143
8576,6.291,3.396,0.000,0.476,1.049,-0.030,143
8577,6.295,3.396,0.000,0.443,1.043,0.016,143
8578,6.299,3.396,0.000,0.409,1.036,-0.025,143
8579,6.303,3.396,0.000,0.376,1.029,-0.015,143
8580,6.307,3.396,0.000,0.343,1.022,-0.003,143
8581,6.311,3.396,0.000,0.311,1.015,-0.015,143
8582,6.315,3.396,0.000,0.279,1.009,0.019,118
8583,6.319,3.396,0.000,0.247,1.001,-0.036,118
8584,6.323,3.396,0.000,0.215,0.995,0.013,118
8585,6.327,3.396,0.000,0.183,0.987,-0.026,118
8586,6.331,3.396,0.000,0.152,0.980,0.002,118
8587,6.335,3.396,0.000,0.120,0.973,-0.001,118
8588,6.339,3.396,0.000,0.087,0.966,0.002,118
8589,6.343,3.396,0.000,0.054,0.959,0.005,118
8590,6.347,3.396,0.000,0.020,0.952,-0.004,118
8591,6.353,3.396,0.000,-0.016,0.935,0.004,118
8592,6.359,3.396,0.000,-0.050,0.920,-0.013,118
8593,6.363,3.396,0.000,-0.085,0.912,0.006,118
8594,6.367,3.396,0.000,-0.125,0.905,0.013,118
8595,6.371,3.396,0.000,-0.167,0.898,-0.010,118
8596,6.375,3.396,0.000,-0.209,0.890,0.021,118
8597,6.379,3.396,0.000,-0.251,0.883,-0.025,118
8598,6.383,3.396,0.000,-0.291,0.875,0.019,118
8599,6.387,3.396,0.000,-0.330,0.868,-0.015,118
8600,6.392,3.396,0.000,-0.366,0.860,0.033,118
8601,6.396,3.396,0.000,-0.399,0.853,-0.004,118
8602,6.400,3.396,0.000,-0.432,0.845,0.019,118
8603,6.404,3.396,0.000,-0.466,0.837,-0.013,118
8604,6.408,3.396,0.000,-0.500,0.829,0.021,118
8605,6.412,3.396,0.000,-0.536,0.822,-0.005,118
8606,6.416,3.396,0.000,-0.574,0.814,-0.003,118
8607,6.420,3.396,0.000,-0.611,0.806,0.006,118
8608,6.424,3.396,0.000,-0.647,0.799,0.022,118
8609,6.428,3.396,0.000,-0.683,0.792,-0.012,118
8610,6.432,3.396,0.000,-0.719,0.784,0.030,118
8611,6.436,3.396,0.000,-0.755,0.776,0.009,118
8612,6.440,3.396,0.000,-0.792,0.769,0.021,118
8613,6.444,3.396,0.000,-0.829,0.761,-0.003,118
8614,6.448,3.396,0.000,-0.864,0.753,0.013,118
8615,6.452,3.396,0.000,-0.897,0.746,-0.004,118
8616,6.456,3.396,0.000,-0.930,0.738,0.035,118
8617,6.460,3.396,0.000,-0.963,0.731,0.003,118
8618,6.464,3.396,0.000,-0.997,0.723,0.008,118
8619,6.468,3.395,0.000,-1.029,0.715,0.026,118
8620,6.472,3.395,0.000,-1.062,0.708,-0.004,118
8621,6.476,3.395,0.000,-1.094,0.700,0.014,118
8622,6.480,3.395,0.000,-1.127,0.692,0.011,118
8623,6.484,3.395,0.000,-1.159,0.684,0.008,118
8624,6.488,3.395,0.000,-1.192,0.676,0.007,118
8625,6.492,3.395,0.000,-1.223,0.668,0.009,118
8626,6.496,3.395,0.000,-1.253,0.660,0.010,118
8627,6.500,3.395,0.000,-1.281,0.652,0.009,118
8628,6.504,3.395,0.000,-1.305,0.644,0.009,118
8629,6.508,3.395,0.000,-1.327,0.636,0.010,118
8630,6.512,3.395,0.000,-1.347,0.628,0.012,118
8631,6.516,3.394,0.000,-1.363,0.620,0.011,118
8632,6.520,3.394,0.000,-1.377,0.612,0.008,118
8633,6.524,3.394,0.000,-1.389,0.603,0.009,118
8634,6.528,3.394,0.000,-1.399,0.595,0.009,118
8635,6.532,3.394,0.000,-1.408,0.586,0.009,118
8636,6.536,3.394,0.000,-1.417,0.578,0.009,118
8637,6.540,3.394,0.000,-1.424,0.569,0.009,118
8638,6.544,3.394,0.000,-1.431,0.560,0.013,143
8639,6.548,3.394,0.000,-1.438,0.551,0.014,143
8640,6.552,3.394,0.000,-1.447,0.543,0.011,143
8641,6.556,3.393,0.000,-1.454,0.534,0.007,143
8642,6.560,3.393,0.000,-1.460,0.525,0.026,143
8643,6.563,3.393,0.000,-1.465,0.517,-0.005,143
8644,6.567,3.393,0.000,-1.471,0.508,0.018,143
8645,6.571,3.393,0.000,-1.478,0.500,-0.001,118
8646,6.575,3.393,0.000,-1.493,0.490,0.034,118
8647,6.579,3.393,0.000,-1.511,0.483,-0.014,118
8648,6.583,3.393,0.000,-1.529,0.473,0.025,118
8649,6.587,3.393,0.000,-1.548,0.465,-0.005,118
8650,6.591,3.393,0.000,-1.567,0.456,0.007,118
8651,6.595,3.392,0.000,-1.585,0.447,0.013,118
8652,6.599,3.392,0.000,-1.602,0.438,0.005,118
8653,6.603,3.392,0.000,-1.619,0.429,0.010,118
8654,6.607,3.392,0.000,-1.637,0.421,0.011,118
8655,6.611,3.392,0.000,-1.660,0.412,0.005,118
8656,6.614,3.392,0.000,-1.686,0.404,0.009,118
8657,6.618,3.392,0.000,-1.717,0.395,0.008,118
8658,6.622,3.392,0.000,-1.752,0.386,0.006,118
8659,6.626,3.392,0.000,-1.791,0.377,0.012,118
8660,6.630,3.391,0.000,-1.830,0.368,0.010,118
8661,6.634,3.391,0.000,-1.869,0.360,-0.003,118
8662,6.638,3.391,0.000,-1.910,0.351,0.007,118
8663,6.642,3.391,0.000,-1.955,0.342,0.011,118
8664,6.646,3.391,0.000,-2.008,0.333,0.006,118
8665,6.650,3.391,0.000,-2.065,0.324,0.011,118
8666,6.654,3.391,0.000,-2.127,0.315,0.015,118
8667,6.657,3.390,0.000,-2.190,0.307,0.003,118
8668,6.661,3.390,0.000,-2.255,0.297,0.013,118
8669,6.665,3.390,0.000,-2.320,0.287,0.029,118
8670,6.669,3.390,0.000,-2.385,0.280,-0.023,118
8671,6.673,3.390,0.000,-2.451,0.269,0.032,118
8672,6.677,3.390,0.000,-2.518,0.263,-0.016,118
8673,6.680,3.389,0.000,-2.586,0.253,0.024,118
8674,6.684,3.389,0.000,-2.654,0.246,-0.006,118
8675,6.688,3.389,0.000,-2.723,0.238,0.006,118
8676,6.691,3.389,0.000,-2.791,0.230,0.013,118
8677,6.695,3.389,0.000,-2.856,0.222,0.006,118
8678,6.699,3.389,0.000,-2.924,0.214,0.002,118
8679,6.702,3.388,0.000,-2.993,0.206,0.005,118
8680,6.706,3.388,0.000,-3.062,0.197,0.015,118
8681,6.710,3.388,0.000,-3.131,0.189,0.008,118
8682,6.714,3.388,0.000,-3.198,0.179,0.020,118
8683,6.717,3.388,0.000,-3.265,0.173,-0.015,118
8684,6.721,3.387,0.000,-3.332,0.162,0.021,118
8685,6.725,3.387,0.000,-3.397,0.155,-0.007,118
8686,6.729,3.387,0.000,-3.465,0.146,0.002,118
8687,6.732,3.387,0.000,-3.532,0.136,0.010,118
8688,6.736,3.386,0.000,-3.596,0.128,0.001,118
8689,6.740,3.386,0.000,-3.658,0.119,0.002,118
8690,6.744,3.386,0.000,-3.718,0.111,-0.006,118
8691,6.748,3.386,0.000,-3.770,0.101,0.001,118
8692,6.751,3.385,0.000,-3.815,0.091,0.012,118
8693,6.755,3.385,0.000,-3.855,0.084,-0.012,118
8694,6.759,3.385,0.000,-3.891,0.074,0.004,118
8695,6.763,3.385,0.000,-3.920,0.065,0.012,118
8696,6.767,3.384,0.000,-3.946,0.057,-0.003,118
8697,6.770,3.384,0.000,-3.967,0.049,-0.009,143
8698,6.774,3.384,0.000,-3.982,0.038,0.018,143
8699,6.778,3.384,0.000,-4.011,0.031,-0.013,143
8700,6.782,3.383,0.000,-4.043,0.021,0.008,143
8701,6.786,3.383,0.000,-4.071,0.013,-0.004,143
8702,6.790,3.383,0.000,-4.092,0.004,-0.009,143
8703,6.793,3.383,0.000,-4.110,-0.005,0.004,143
8704,6.797,3.382,0.000,-4.121,-0.013,-0.006,143
8705,6.801,3.382,0.000,-4.128,-0.022,0.004,143
8706,6.805,3.382,0.000,-4.132,-0.030,-0.020,143
8707,6.809,3.381,0.000,-4.129,-0.039,-0.006,143
8708,6.813,3.381,0.000,-4.118,-0.048,-0.003,143
8709,6.816,3.381,0.000,-4.099,-0.056,-0.009,143
8710,6.820,3.381,0.000,-4.070,-0.065,-0.013,143
8711,6.824,3.380,0.000,-4.031,-0.074,-0.011,143
8712,6.828,3.380,0.000,-3.984,-0.082,-0.010,143
8713,6.832,3.380,0.000,-3.931,-0.092,-0.006,143
8714,6.835,3.380,0.000,-3.875,-0.099,-0.021,143
8715,6.839,3.379,0.000,-3.808,-0.109,-0.015,143
8716,6.843,3.379,0.000,-3.735,-0.118,-0.009,143
8717,6.847,3.379,0.000,-3.656,-0.127,-0.007,143
8718,6.851,3.379,0.000,-3.577,-0.137,-0.010,143
8719,6.855,3.378,0.000,-3.503,-0.146,0.001,143
8720,6.858,3.378,0.000,-3.426,-0.155,-0.000,143
8721,6.862,3.378,0.000,-3.347,-0.163,-0.006,143
8722,6.866,3.378,0.000,-3.263,-0.172,-0.011,143
8723,6.870,3.378,0.000,-3.178,-0.182,0.003,143
8724,6.874,3.377,0.000,-3.094,-0.190,-0.023,143
8725,6.878,3.377,0.000,-3.010,-0.200,0.002,143
8726,6.881,3.377,0.000,-2.926,-0.209,-0.008,143
8727,6.885,3.377,0.000,-2.843,-0.216,-0.036,143
8728,6.889,3.377,0.000,-2.760,-0.229,0.030,143
8729,6.893,3.376,0.000,-2.679,-0.235,-0.033,143
8730,6.897,3.376,0.000,-2.598,-0.247,0.005,143
8731,6.901,3.376,0.000,-2.518,-0.255,-0.017,143
8732,6.905,3.376,0.000,-2.441,-0.265,-0.004,143
8733,6.909,3.376,0.000,-2.368,-0.275,0.000,143
8734,6.912,3.376,0.000,-2.298,-0.283,-0.019,143
8735,6.916,3.375,0.000,-2.229,-0.294,-0.004,143
8736,6.920,3.375,0.000,-2.171,-0.303,0.001,143
8737,6.924,3.375,0.000,-2.116,-0.313,-0.004,143
8738,6.928,3.375,0.000,-2.063,-0.322,-0.011,143
8739,6.932,3.375,0.000,-2.014,-0.332,-0.001,143
8740,6.936,3.375,0.000,-1.969,-0.341,-0.029,143
8741,6.940,3.375,0.000,-1.921,-0.351,-0.017,143
8742,6.944,3.374,0.000,-1.877,-0.360,-0.009,143
8743,6.948,3.374,0.000,-1.841,-0.369,-0.025,118
8744,6.952,3.374,0.000,-1.808,-0.379,-0.007,118
8745,6.955,3.374,0.000,-1.781,-0.389,-0.004,118
8746,6.959,3.374,0.000,-1.764,-0.398,-0.011,118
8747,6.963,3.374,0.000,-1.755,-0.408,-0.005,118
8748,6.967,3.374,0.000,-1.757,-0.417,-0.024,118
8749,6.971,3.374,0.000,-1.768,-0.428,0.004,118
8750,6.975,3.373,0.000,-1.781,-0.437,-0.007,118
8751,6.979,3.373,0.000,-1.798,-0.446,-0.015,118
8752,6.983,3.373,0.000,-1.823,-0.456,-0.022,118
8753,6.987,3.373,0.000,-1.863,-0.465,-0.022,118
8754,6.991,3.373,0.000,-1.919,-0.475,-0.001,118
8755,6.994,3.373,0.000,-1.984,-0.485,-0.012,118
8756,6.998,3.373,0.000,-2.064,-0.494,-0.017,118
8757,7.002,3.373,0.000,-2.155,-0.503,-0.032,118
8758,7.006,3.372,0.000,-2.248,-0.514,-0.007,118
8759,7.010,3.372,0.000,-2.353,-0.523,-0.032,118
8760,7.014,3.372,0.000,-2.468,-0.534,-0.006,118
8761,7.018,3.372,0.000,-2.593,-0.542,-0.038,118
8762,7.022,3.372,0.000,-2.733,-0.552,-0.036,118
8763,7.025,3.372,0.000,-2.876,-0.562,-0.009,118
8764,7.029,3.371,0.000,-3.019,-0.569,-0.048,118
8765,7.033,3.371,0.000,-3.180,-0.579,-0.010,118
8766,7.036,3.371,0.000,-3.344,-0.586,-0.038,118
8767,7.040,3.371,0.000,-3.510,-0.595,-0.037,118
8768,7.043,3.371,0.000,-3.697,-0.603,-0.037,118
8769,7.047,3.370,0.000,-3.888,-0.612,-0.036,118
8770,7.051,3.370,0.000,-4.077,-0.621,-0.031,118
8771,7.054,3.370,0.000,-4.265,-0.629,-0.052,118
8772,7.058,3.369,0.000,-4.451,-0.639,-0.044,118
8773,7.062,3.369,0.000,-4.636,-0.647,-0.058,118
8774,7.066,3.369,0.000,-4.821,-0.658,-0.041,118
8775,7.070,3.368,0.000,-5.004,-0.664,-0.086,118
8776,7.073,3.368,0.000,-5.185,-0.679,-0.023,118
8777,7.077,3.368,0.000,-5.363,-0.683,-0.083,118
8778,7.081,3.367,0.000,-5.538,-0.695,-0.045,118
8779,7.084,3.367,0.000,-5.709,-0.701,-0.079,118
8780,7.088,3.367,0.000,-5.877,-0.712,-0.061,118
8781,7.092,3.366,0.000,-6.044,-0.718,-0.090,118
8782,7.095,3.366,0.000,-6.210,-0.731,-0.058,118
8783,7.099,3.366,0.000,-6.357,-0.737,-0.084,118
8784,7.103,3.365,0.000,-6.490,-0.747,-0.085,118
8785,7.107,3.365,0.000,-6.623,-0.757,-0.079,118
8786,7.110,3.364,0.000,-6.728,-0.766,-0.082,118
8787,7.114,3.364,0.000,-6.810,-0.773,-0.109,143
8788,7.118,3.363,0.000,-6.884,-0.787,-0.071,143
8789,7.122,3.363,0.000,-6.953,-0.792,-0.110,143
8790,7.125,3.362,0.000,-7.022,-0.806,-0.081,143
8791,7.129,3.362,0.000,-7.089,-0.809,-0.128,143
8792,7.133,3.361,0.000,-7.156,-0.825,-0.079,143
8793,7.136,3.361,0.000,-7.221,-0.828,-0.135,143
8794,7.140,3.360,0.000,-7.285,-0.844,-0.081,143
8795,7.144,3.360,0.000,-7.346,-0.850,-0.113,143
8796,7.147,3.359,0.000,-7.405,-0.861,-0.102,143
8797,7.151,3.359,0.000,-7.463,-0.869,-0.116,143
8798,7.155,3.358,0.000,-7.518,-0.877,-0.133,143
8799,7.159,3.358,0.000,-7.574,-0.893,-0.083,143
8800,7.162,3.357,0.000,-7.642,-0.896,-0.142,143
8801,7.166,3.357,0.000,-7.717,-0.910,-0.110,143
8802,7.170,3.356,0.000,-7.804,-0.919,-0.117,143
8803,7.174,3.356,0.000,-7.867,-0.928,-0.126,143
8804,7.178,3.355,0.000,-7.895,-0.938,-0.126,143
8805,7.181,3.355,0.000,-7.891,-0.948,-0.125,143
8806,7.185,3.354,0.000,-7.859,-0.958,-0.126,143
8807,7.189,3.354,0.000,-7.804,-0.968,-0.131,143
8808,7.192,3.353,0.000,-7.729,-0.979,-0.127,143
8809,7.196,3.353,0.000,-7.639,-0.986,-0.139,143
8810,7.200,3.352,0.000,-7.537,-0.996,-0.142,143
8811,7.203,3.352,0.000,-7.425,-1.009,-0.117,143
8812,7.207,3.351,0.000,-7.324,-1.017,-0.121,143
8813,7.210,3.351,0.000,-7.221,-1.022,-0.150,143
8814,7.213,3.350,0.000,-7.115,-1.037,-0.103,143
8815,7.217,3.350,0.000,-7.007,-1.041,-0.144,143
8816,7.220,3.349,0.000,-6.897,-1.055,-0.104,143
8817,7.224,3.349,0.000,-6.787,-1.058,-0.152,143
8818,7.227,3.349,0.000,-6.677,-1.072,-0.114,143
8819,7.231,3.348,0.000,-6.568,-1.083,-0.103,143
8820,7.235,3.348,0.000,-6.461,-1.085,-0.167,143
8821,7.238,3.347,0.000,-6.353,-1.103,-0.098,143
8822,7.242,3.347,0.000,-6.245,-1.109,-0.132,143
8823,7.245,3.347,0.000,-6.134,-1.121,-0.100,143
8824,7.249,3.346,0.000,-6.035,-1.127,-0.122,143
8825,7.252,3.346,0.000,-5.942,-1.137,-0.117,143
8826,7.255,3.346,0.000,-5.850,-1.146,-0.109,143
8827,7.259,3.345,0.000,-5.744,-1.154,-0.109,143
8828,7.262,3.345,0.000,-5.628,-1.163,-0.108,143
8829,7.266,3.345,0.000,-5.500,-1.172,-0.110,143
8830,7.269,3.344,0.000,-5.360,-1.182,-0.107,143
8831,7.273,3.344,0.000,-5.210,-1.191,-0.116,143
8832,7.276,3.344,0.000,-5.052,-1.201,-0.115,143
8833,7.280,3.343,0.000,-4.886,-1.212,-0.108,143
8834,7.284,3.343,0.000,-4.717,-1.222,-0.107,143
8835,7.287,3.343,0.000,-4.547,-1.233,-0.102,143
8836,7.291,3.342,0.000,-4.377,-1.244,-0.091,143
8837,7.295,3.342,0.000,-4.208,-1.253,-0.109,143
8838,7.298,3.342,0.000,-4.040,-1.267,-0.066,143
8839,7.302,3.342,0.000,-3.874,-1.275,-0.099,143
8840,7.306,3.341,0.000,-3.706,-1.286,-0.089,143
8841,7.309,3.341,0.000,-3.538,-1.298,-0.071,143
8842,7.313,3.341,0.000,-3.370,-1.308,-0.073,143
8843,7.317,3.341,0.000,-3.208,-1.319,-0.080,143
8844,7.321,3.340,0.000,-3.055,-1.330,-0.068,143
8845,7.324,3.340,0.000,-2.901,-1.340,-0.075,143
8846,7.328,3.340,0.000,-2.748,-1.351,-0.074,143
8847,7.332,3.340,0.000,-2.596,-1.362,-0.067,143
8848,7.338,3.340,0.000,-2.446,-1.384,-0.063,143
8849,7.344,3.339,0.000,-2.300,-1.405,-0.062,143
8850,7.349,3.339,0.000,-2.174,-1.423,-0.044,143
8851,7.355,3.339,0.000,-2.084,-1.442,-0.044,143
8852,7.360,3.339,0.000,-2.024,-1.459,-0.062,143
8853,7.365,3.339,0.000,-2.009,-1.476,-0.051,143
8854,7.370,3.338,0.000,-2.016,-1.493,-0.040,143
8855,7.375,3.338,0.000,-2.042,-1.509,-0.049,143
8856,7.380,3.338,0.000,-2.100,-1.525,-0.057,143
8857,7.385,3.338,0.000,-2.184,-1.541,-0.044,143
8858,7.389,3.338,0.000,-2.277,-1.555,-0.068,143
8859,7.394,3.338,0.000,-2.390,-1.570,-0.068,143
8860,7.398,3.337,0.000,-2.527,-1.584,-0.074,143
8861,7.403,3.337,0.000,-2.684,-1.598,-0.083,143
8862,7.407,3.337,0.000,-2.857,-1.611,-0.087,143
8863,7.411,3.337,0.000,-3.045,-1.625,-0.091,143
8864,7.415,3.336,0.000,-3.246,-1.638,-0.098,143
8865,7.420,3.336,0.000,-3.456,-1.652,-0.092,143
8866,7.424,3.336,0.000,-3.667,-1.663,-0.124,143
8867,7.428,3.336,0.000,-3.877,-1.676,-0.119,143
8868,7.432,3.335,0.000,-4.085,-1.689,-0.120,143
8869,7.436,3.335,0.000,-4.288,-1.701,-0.132,143
8870,7.440,3.335,0.000,-4.482,-1.713,-0.142,143
8871,7.443,3.334,0.000,-4.663,-1.725,-0.146,143
8872,7.448,3.334,0.000,-4.836,-1.738,-0.144,143
8873,7.451,3.334,0.000,-5.024,-1.749,-0.157,143
8874,7.455,3.334,0.000,-5.210,-1.760,-0.175,143
8875,7.459,3.333,0.000,-5.401,-1.772,-0.173,143
8876,7.463,3.333,0.000,-5.585,-1.785,-0.156,143
8877,7.466,3.332,0.000,-5.760,-1.792,-0.207,143
8878,7.470,3.332,0.000,-5.927,-1.808,-0.160,143
8879,7.474,3.332,0.000,-6.093,-1.816,-0.203,143
8880,7.478,3.331,0.000,-6.248,-1.829,-0.191,143
8881,7.482,3.331,0.000,-6.382,-1.840,-0.205,143
8882,7.485,3.330,0.000,-6.493,-1.851,-0.212,118
8883,7.489,3.330,0.000,-6.566,-1.862,-0.214,118
8884,7.493,3.330,0.000,-6.601,-1.872,-0.222,118
8885,7.496,3.329,0.000,-6.588,-1.884,-0.225,118
8886,7.500,3.329,0.000,-6.527,-1.896,-0.223,118
8887,7.504,3.329,0.000,-6.422,-1.908,-0.219,118
8888,7.507,3.328,0.000,-6.277,-1.920,-0.216,118
8889,7.511,3.328,0.000,-6.103,-1.934,-0.194,118
8890,7.515,3.327,0.000,-5.932,-1.945,-0.217,118
8891,7.519,3.327,0.000,-5.761,-1.961,-0.177,143
8892,7.523,3.327,0.000,-5.595,-1.971,-0.194,143
8893,7.526,3.326,0.000,-5.429,-1.984,-0.188,143
8894,7.530,3.326,0.000,-5.259,-1.996,-0.190,143
8895,7.534,3.326,0.000,-5.051,-2.008,-0.182,143
8896,7.537,3.325,0.000,-4.804,-2.021,-0.175,143
8897,7.541,3.325,0.000,-4.520,-2.034,-0.167,143
8898,7.545,3.325,0.000,-4.203,-2.046,-0.156,143
8899,7.548,3.325,0.000,-3.861,-2.060,-0.128,143
8900,7.552,3.324,0.000,-3.515,-2.072,-0.141,143
8901,7.556,3.324,0.000,-3.163,-2.085,-0.126,143
8902,7.560,3.324,0.000,-2.796,-2.099,-0.090,143
8903,7.563,3.324,0.000,-2.418,-2.112,-0.087,143
8904,7.567,3.324,0.000,-2.031,-2.124,-0.080,143
8905,7.571,3.324,0.000,-1.632,-2.138,-0.046,143
8906,7.575,3.324,0.000,-1.225,-2.150,-0.052,143
8907,7.578,3.323,0.000,-0.819,-2.162,-0.017,143
8908,7.582,3.323,0.000,-0.404,-2.174,-0.033,143
8909,7.586,3.323,0.000,0.011,-2.186,0.020,143
8910,7.590,3.323,0.000,0.423,-2.199,-0.012,143
8911,7.593,3.324,0.000,0.832,-2.210,0.044,143
8912,7.597,3.324,0.000,1.237,-2.222,0.032,143
8913,7.601,3.324,0.000,1.639,-2.185,0.072,143
8914,7.605,3.324,0.000,2.030,-2.137,0.087,143
8915,7.608,3.324,0.000,2.417,-2.091,0.071,143
8916,7.612,3.324,0.000,2.799,-2.044,0.093,143
8917,7.615,3.324,0.000,3.171,-1.995,0.125,143
8918,7.619,3.325,0.000,3.536,-1.951,0.098,143
8919,7.623,3.325,0.000,3.900,-1.902,0.158,143
8920,7.626,3.325,0.000,4.260,-1.859,0.126,143
8921,7.630,3.325,0.000,4.612,-1.813,0.146,143
8922,7.633,3.326,0.000,4.951,-1.768,0.152,143
8923,7.637,3.326,0.000,5.270,-1.724,0.152,118
8924,7.641,3.326,0.000,5.569,-1.681,0.157,118
8925,7.644,3.327,0.000,5.844,-1.638,0.163,118
8926,7.648,3.327,0.000,6.094,-1.595,0.166,118
8927,7.651,3.328,0.000,6.319,-1.553,0.166,118
8928,7.655,3.328,0.000,6.518,-1.512,0.173,118
8929,7.658,3.328,0.000,6.705,-1.472,0.158,118
8930,7.662,3.329,0.000,6.894,-1.429,0.179,118
8931,7.665,3.329,0.000,7.090,-1.391,0.162,118
8932,7.669,3.330,0.000,7.267,-1.347,0.186,118
8933,7.672,3.330,0.000,7.447,-1.309,0.167,118
8934,7.676,3.331,0.000,7.603,-1.271,0.164,118
8935,7.679,3.331,0.000,7.734,-1.231,0.172,118
8936,7.683,3.332,0.000,7.857,-1.194,0.162,118
8937,7.686,3.332,0.000,7.968,-1.155,0.163,118
8938,7.689,3.333,0.000,8.058,-1.117,0.164,118
8939,7.693,3.333,0.000,8.136,-1.082,0.154,118
8940,7.696,3.334,0.000,8.213,-1.044,0.157,118
8941,7.700,3.334,0.000,8.272,-1.010,0.136,118
8942,7.703,3.334,0.000,8.325,-0.969,0.166,118
8943,7.706,3.335,0.000,8.376,-0.941,0.102,118
8944,7.710,3.335,0.000,8.427,-0.895,0.168,118
8945,7.713,3.336,0.000,8.478,-0.865,0.123,118
8946,7.716,3.336,0.000,8.525,-0.834,0.089,118
8947,7.719,3.337,0.000,8.568,-0.789,0.148,118
8948,7.722,3.337,0.000,8.622,-0.760,0.101,118
8949,7.725,3.338,0.000,8.679,-0.724,0.109,118
8950,7.728,3.338,0.000,8.718,-0.690,0.108,118
8951,7.732,3.339,0.000,8.719,-0.656,0.109,118
8952,7.735,3.339,0.000,8.704,-0.626,0.088,118
8953,7.738,3.340,0.000,8.690,-0.594,0.078,118
8954,7.741,3.340,0.000,8.657,-0.560,0.080,118
8955,7.744,3.341,0.000,8.599,-0.527,0.077,118
8956,7.747,3.341,0.000,8.517,-0.494,0.069,118
8957,7.750,3.342,0.000,8.420,-0.462,0.058,118
8958,7.753,3.342,0.000,8.309,-0.427,0.073,118
8959,7.756,3.342,0.000,8.197,-0.399,0.043,143
8960,7.759,3.343,0.000,8.091,-0.367,0.042,143
8961,7.763,3.343,0.000,7.999,-0.335,0.048,143
8962,7.766,3.344,0.000,7.917,-0.305,0.040,143
8963,7.769,3.344,0.000,7.820,-0.276,0.030,143
8964,7.772,3.345,0.000,7.711,-0.247,0.027,143
8965,7.776,3.345,0.000,7.594,-0.217,0.024,143
8966,7.779,3.346,0.000,7.468,-0.187,0.023,143
8967,7.782,3.346,0.000,7.342,-0.158,0.012,143
8968,7.785,3.346,0.000,7.216,-0.127,0.024,143
8969,7.788,3.347,0.000,7.091,-0.098,0.019,143
8970,7.791,3.347,0.000,6.966,-0.071,-0.003,143
8971,7.794,3.348,0.000,6.841,-0.039,0.022,143
8972,7.797,3.348,0.000,6.718,-0.016,-0.026,143
8973,7.800,3.348,0.000,6.595,0.016,0.013,143
8974,7.803,3.349,0.000,6.472,0.039,-0.024,143
8975,7.807,3.349,0.000,6.368,0.067,-0.004,143
8976,7.810,3.349,0.000,6.266,0.094,-0.003,143
8977,7.813,3.350,0.000,6.162,0.119,-0.020,143
8978,7.816,3.350,0.000,6.058,0.148,0.001,143
8979,7.819,3.350,0.000,5.943,0.172,-0.014,143
8980,7.823,3.351,0.000,5.823,0.197,-0.037,143
8981,7.826,3.351,0.000,5.704,0.225,-0.016,143
8982,7.829,3.351,0.000,5.584,0.249,-0.035,143
8983,7.832,3.352,0.000,5.463,0.277,-0.007,143
8984,7.835,3.352,0.000,5.343,0.298,-0.055,143
8985,7.838,3.352,0.000,5.223,0.325,-0.016,143
8986,7.842,3.353,0.000,5.109,0.347,-0.049,143
8987,7.845,3.353,0.000,5.013,0.372,-0.024,143
8988,7.848,3.353,0.000,4.922,0.393,-0.049,143
8989,7.852,3.353,0.000,4.842,0.417,-0.041,143
8990,7.855,3.354,0.000,4.764,0.441,-0.035,143
8991,7.858,3.354,0.000,4.687,0.464,-0.038,143
8992,7.861,3.354,0.000,4.609,0.487,-0.044,143
8993,7.865,3.354,0.000,4.528,0.511,-0.037,143
8994,7.868,3.355,0.000,4.448,0.533,-0.039,143
8995,7.871,3.355,0.000,4.369,0.555,-0.044,143
8996,7.874,3.355,0.000,4.286,0.577,-0.048,143
8997,7.878,3.355,0.000,4.199,0.598,-0.050,143
8998,7.881,3.356,0.000,4.111,0.619,-0.046,143
8999,7.885,3.356,0.000,4.022,0.639,-0.046,143
9000,7.888,3.356,0.000,3.934,0.658,-0.061,143
9001,7.892,3.356,0.000,3.850,0.680,-0.031,143
9002,7.895,3.357,0.000,3.762,0.697,-0.066,143
9003,7.899,3.357,0.000,3.678,0.717,-0.045,143
9004,7.902,3.357,0.000,3.595,0.736,-0.047,143
9005,7.906,3.357,0.000,3.507,0.756,-0.036,143
9006,7.909,3.358,0.000,3.418,0.773,-0.067,118
9007,7.913,3.358,0.000,3.331,0.795,-0.021,118
9008,7.916,3.358,0.000,3.243,0.810,-0.067,143
9009,7.920,3.358,0.000,3.156,0.829,-0.043,143
9010,7.923,3.358,0.000,3.071,0.847,-0.048,143
9011,7.927,3.359,0.000,2.986,0.864,-0.052,143
9012,7.931,3.359,0.000,2.903,0.882,-0.043,143
9013,7.934,3.359,0.000,2.824,0.899,-0.049,143
9014,7.938,3.359,0.000,2.749,0.917,-0.040,143
9015,7.942,3.359,0.000,2.681,0.934,-0.032,143
9016,7.945,3.359,0.000,2.609,0.950,-0.046,143
9017,7.949,3.360,0.000,2.533,0.966,-0.056,143
9018,7.953,3.360,0.000,2.460,0.982,-0.046,143
9019,7.956,3.360,0.000,2.387,0.999,-0.034,143
9020,7.960,3.360,0.000,2.314,1.015,-0.038,143
9021,7.964,3.360,0.000,2.239,1.030,-0.056,143
9022,7.967,3.360,0.000,2.164,1.047,-0.028,143
9023,7.971,3.360,0.000,2.090,1.062,-0.054,143
9024,7.974,3.361,0.000,2.016,1.077,-0.043,143
9025,7.978,3.361,0.000,1.943,1.092,-0.034,143
9026,7.982,3.361,0.000,1.872,1.108,-0.024,143
9027,7.986,3.361,0.000,1.801,1.122,-0.046,143
9028,7.989,3.361,0.000,1.732,1.137,-0.018,143
9029,7.993,3.361,0.000,1.664,1.150,-0.055,143
9030,7.996,3.361,0.000,1.597,1.166,-0.021,143
9031,8.000,3.361,0.000,1.532,1.180,-0.042,143
9032,8.004,3.361,0.000,1.469,1.194,-0.038,143
9033,8.007,3.362,0.000,1.411,1.208,-0.027,143
9034,8.011,3.362,0.000,1.361,1.222,-0.030,143
9035,8.015,3.362,0.000,1.314,1.235,-0.031,143
9036,8.018,3.362,0.000,1.267,1.248,-0.035,143
9037,8.022,3.362,0.000,1.223,1.262,-0.025,118
9038,8.026,3.362,0.000,1.188,1.275,-0.027,118
9039,8.029,3.362,0.000,1.156,1.288,-0.020,118
9040,8.033,3.362,0.000,1.124,1.301,-0.029,118
9041,8.037,3.362,0.000,1.094,1.313,-0.016,118
9042,8.040,3.362,0.000,1.066,1.325,-0.037,118
9043,8.044,3.362,0.000,1.038,1.338,-0.033,118
9044,8.047,3.362,0.000,1.005,1.351,-0.020,118
9045,8.051,3.362,0.000,0.967,1.362,-0.031,118
9046,8.055,3.363,0.000,0.934,1.375,-0.018,118
9047,8.059,3.363,0.000,0.901,1.387,-0.024,118
9048,8.062,3.363,0.000,0.867,1.398,-0.024,118
9049,8.066,3.363,0.000,0.828,1.410,-0.022,118
9050,8.070,3.363,0.000,0.789,1.421,-0.035,118
9051,8.073,3.363,0.000,0.744,1.433,-0.019,118
9052,8.077,3.363,0.000,0.697,1.444,-0.006,118
9053,8.081,3.363,0.000,0.651,1.456,-0.007,118
9054,8.084,3.363,0.000,0.604,1.467,-0.020,118
9055,8.088,3.363,0.000,0.558,1.478,-0.023,118
9056,8.092,3.363,0.000,0.513,1.489,-0.018,118
9057,8.095,3.363,0.000,0.469,1.500,-0.013,118
9058,8.099,3.363,0.000,0.423,1.510,-0.011,118
9059,8.103,3.363,0.000,0.373,1.521,-0.015,118
9060,8.107,3.363,0.000,0.325,1.531,-0.003,118
9061,8.110,3.363,0.000,0.274,1.541,-0.011,118
9062,8.114,3.363,0.000,0.224,1.552,-0.009,118
9063,8.118,3.363,0.000,0.175,1.562,-0.003,118
9064,8.121,3.363,0.000,0.125,1.572,-0.017,118
9065,8.125,3.363,0.000,0.076,1.583,0.015,118
9066,8.129,3.363,0.000,0.028,1.593,-0.010,118
9067,8.132,3.363,0.000,-0.020,1.603,-0.011,118
9068,8.136,3.363,0.000,-0.067,1.613,0.021,118
9069,8.139,3.363,0.000,-0.112,1.623,0.005,118
9070,8.143,3.363,0.000,-0.154,1.633,0.008,118
9071,8.147,3.363,0.000,-0.192,1.642,0.001,118
9072,8.150,3.363,0.000,-0.226,1.652,0.000,118
9073,8.154,3.363,0.000,-0.258,1.661,0.012,118
9074,8.158,3.363,0.000,-0.291,1.670,0.017,118
9075,8.161,3.363,0.000,-0.323,1.679,0.001,118
9076,8.165,3.363,0.000,-0.354,1.688,0.026,118
9077,8.168,3.363,0.000,-0.383,1.698,0.016,118
9078,8.172,3.363,0.000,-0.411,1.707,-0.006,118
9079,8.176,3.363,0.000,-0.437,1.717,0.020,118
9080,8.179,3.363,0.000,-0.463,1.726,0.025,118
9081,8.183,3.363,0.000,-0.482,1.735,-0.001,118
9082,8.186,3.363,0.000,-0.500,1.744,0.036,118
9083,8.190,3.363,0.000,-0.516,1.753,0.009,118
9084,8.194,3.363,0.000,-0.524,1.762,0.008,118
9085,8.197,3.363,0.000,-0.519,1.770,0.011,118
9086,8.201,3.363,0.000,-0.506,1.778,0.010,118
9087,8.204,3.363,0.000,-0.489,1.787,0.024,118
9088,8.208,3.363,0.000,-0.463,1.795,-0.000,143
9089,8.211,3.363,0.000,-0.433,1.804,0.020,143
9090,8.215,3.363,0.000,-0.399,1.812,0.017,143
9091,8.218,3.363,0.000,-0.361,1.821,0.017,143
9092,8.222,3.363,0.000,-0.319,1.829,-0.002,143
9093,8.225,3.363,0.000,-0.260,1.837,-0.002,143
9094,8.229,3.363,0.000,-0.180,1.845,0.003,143
9095,8.232,3.363,0.000,-0.077,1.854,0.010,143
9096,8.236,3.363,0.000,0.036,1.861,-0.021,143
9097,8.239,3.363,0.000,0.150,1.869,0.003,143
9098,8.243,3.363,0.000,0.268,1.877,-0.022,143
9099,8.247,3.363,0.000,0.399,1.884,-0.012,143
9100,8.250,3.363,0.000,0.537,1.893,-0.017,143
9101,8.253,3.363,0.000,0.677,1.900,-0.034,143
9102,8.257,3.363,0.000,0.836,1.909,-0.035,143
9103,8.260,3.363,0.000,1.005,1.918,-0.025,143
9104,8.263,3.363,0.000,1.192,1.926,-0.045,143
9105,8.266,3.363,0.000,1.394,1.934,-0.050,143
9106,8.270,3.363,0.000,1.613,1.941,-0.060,143
9107,8.273,3.363,0.000,1.846,1.948,-0.069,143
9108,8.277,3.363,0.000,2.091,1.956,-0.058,143
9109,8.280,3.363,0.000,2.342,1.962,-0.075,143
9110,8.284,3.363,0.000,2.602,1.968,-0.088,143
9111,8.287,3.364,0.000,2.872,1.975,-0.094,143
9112,8.290,3.364,0.000,3.146,1.981,-0.110,143
9113,8.294,3.364,0.000,3.424,1.988,-0.128,143
9114,8.297,3.364,0.000,3.709,1.995,-0.137,143
9115,8.300,3.364,0.000,4.003,2.002,-0.144,143
9116,8.303,3.365,0.000,4.305,2.009,-0.156,143
9117,8.307,3.365,0.000,4.615,2.015,-0.168,143
9118,8.310,3.365,0.000,4.933,2.021,-0.180,143
9119,8.313,3.365,0.000,5.258,2.026,-0.192,143
9120,8.317,3.366,0.000,5.590,2.032,-0.192,143
9121,8.320,3.366,0.000,5.929,2.035,-0.229,143
9122,8.323,3.366,0.000,6.245,2.043,-0.214,143
9123,8.327,3.367,0.000,6.537,2.045,-0.249,143
9124,8.330,3.367,0.000,6.846,2.052,-0.240,143
9125,8.333,3.368,0.000,7.157,2.057,-0.253,143
9126,8.337,3.368,0.000,7.465,2.060,-0.282,143
9127,8.340,3.368,0.000,7.781,2.066,-0.285,143
9128,8.343,3.369,0.000,8.105,2.071,-0.295,143
9129,8.346,3.369,0.000,8.425,2.074,-0.319,143
9130,8.349,3.370,0.000,8.742,2.082,-0.304,143
9131,8.353,3.370,0.000,9.055,2.081,-0.342,143
9132,8.356,3.371,0.000,9.364,2.084,-0.356,143
9133,8.360,3.371,0.000,9.661,2.090,-0.352,143
9134,8.363,3.372,0.000,9.956,2.090,-0.378,143
9135,8.366,3.373,0.000,10.253,2.099,-0.360,143
9136,8.370,3.373,0.000,10.543,2.093,-0.423,143
9137,8.373,3.374,0.000,10.821,2.108,-0.377,143
9138,8.376,3.374,0.000,11.078,2.105,-0.425,143
9139,8.379,3.375,0.000,11.324,2.115,-0.404,143
9140,8.384,3.376,0.000,11.576,2.104,-0.441,143
9141,8.389,3.377,0.000,11.891,2.100,-0.443,143
9142,8.394,3.378,0.000,12.173,2.096,-0.451,118
9143,8.400,3.379,0.000,12.288,2.093,-0.448,118
9144,8.405,3.380,0.000,12.060,2.091,-0.442,143
9145,8.410,3.381,0.000,11.606,2.089,-0.431,143
9146,8.415,3.382,0.000,11.091,2.089,-0.408,143
9147,8.421,3.383,0.000,10.460,2.090,-0.378,143
9148,8.426,3.383,0.000,9.678,2.092,-0.349,143
9149,8.431,3.384,0.000,8.827,2.091,-0.336,143
9150,8.435,3.385,0.000,7.999,2.094,-0.300,143
9151,8.440,3.386,0.000,7.156,2.100,-0.253,143
9152,8.444,3.386,0.000,6.308,2.100,-0.246,143
9153,8.449,3.387,0.000,5.480,2.104,-0.204,143
9154,8.453,3.387,0.000,4.658,2.106,-0.170,143
9155,8.457,3.387,0.000,3.847,2.107,-0.155,143
9156,8.462,3.388,0.000,3.032,2.110,-0.118,143
9157,8.466,3.388,0.000,2.217,2.112,-0.084,143
9158,8.470,3.388,0.000,1.409,2.113,-0.050,143
9159,8.474,3.388,0.000,0.610,2.115,-0.016,143
9160,8.478,3.388,0.000,-0.176,2.116,0.007,143
9161,8.482,3.388,0.000,-0.945,2.116,0.051,143
9162,8.486,3.388,0.000,-1.708,2.117,0.062,143
9163,8.490,3.388,0.000,-2.454,2.117,0.086,143
9164,8.494,3.388,0.000,-3.185,2.117,0.122,143
9165,8.498,3.387,0.000,-3.893,2.118,0.129,143
9166,8.502,3.387,0.000,-4.584,2.116,0.174,143
9167,8.506,3.387,0.000,-5.252,2.117,0.189,143
9168,8.509,3.387,0.000,-5.878,2.117,0.207,143
9169,8.513,3.386,0.000,-6.447,2.116,0.232,143
9170,8.516,3.386,0.000,-6.952,2.116,0.262,143
9171,8.520,3.385,0.000,-7.423,2.119,0.265,143
9172,8.523,3.385,0.000,-7.865,2.120,0.282,143
9173,8.526,3.385,0.000,-8.233,2.121,0.309,143
9174,8.530,3.384,0.000,-8.529,2.123,0.317,143
9175,8.533,3.384,0.000,-8.761,2.124,0.339,143
9176,8.536,3.383,0.000,-8.981,2.131,0.317,143
9177,8.539,3.383,0.000,-9.188,2.130,0.353,143
9178,8.542,3.382,0.000,-9.401,2.136,0.337,143
9179,8.546,3.382,0.000,-9.594,2.137,0.353,143
9180,8.549,3.381,0.000,-9.697,2.137,0.364,143
9181,8.552,3.381,0.000,-9.695,2.141,0.362,143
9182,8.555,3.380,0.000,-9.593,2.144,0.365,143
9183,8.558,3.380,0.000,-9.461,2.150,0.344,143
9184,8.561,3.379,0.000,-9.330,2.153,0.363,143
9185,8.564,3.379,0.000,-9.199,2.160,0.348,143
9186,8.567,3.378,0.000,-9.017,2.165,0.347,143
9187,8.570,3.378,0.000,-8.768,2.171,0.333,143
9188,8.573,3.377,0.000,-8.469,2.177,0.320,143
9189,8.576,3.377,0.000,-8.141,2.179,0.313,-1
9190,8.580,3.376,0.000,-7.810,2.173,0.311,-1
9191,8.584,3.376,0.000,-7.445,2.170,0.272,143
9192,8.587,3.375,0.000,-7.080,2.165,0.272,143
9193,8.590,3.375,0.000,-6.702,2.162,0.264,143
9194,8.593,3.374,0.000,-6.304,2.160,0.248,143
9195,8.596,3.374,0.000,-5.877,2.159,0.225,143
9196,8.599,3.374,0.000,-5.428,2.157,0.209,143
9197,8.602,3.373,0.000,-4.959,2.155,0.192,143
9198,8.605,3.373,0.000,-4.486,2.152,0.180,143
9199,8.609,3.373,0.000,-4.015,2.151,0.146,143
9200,8.612,3.373,0.000,-3.549,2.147,0.139,-1
9201,8.616,3.372,0.000,-3.073,2.140,0.110,-1
9202,8.621,3.372,0.000,-2.556,2.128,0.099,-1
9203,8.626,3.372,0.000,-1.971,2.119,0.060,-1
9204,8.631,3.372,0.000,-1.372,2.106,0.068,143
9205,8.634,3.372,0.000,-0.780,2.102,0.033,143
9206,8.637,3.372,0.000,-0.191,2.099,0.004,143
9207,8.641,3.372,0.000,0.396,2.094,-0.019,143
9208,8.644,3.372,0.000,0.966,2.090,-0.042,143
9209,8.647,3.372,0.000,1.520,2.085,-0.064,118
9210,8.650,3.372,0.000,2.061,2.081,-0.066,118
9211,8.654,3.372,0.000,2.591,2.074,-0.103,118
9212,8.657,3.372,0.000,3.095,2.070,-0.108,118
9213,8.660,3.372,0.000,3.585,2.063,-0.127,118
9214,8.664,3.373,0.000,4.066,2.056,-0.148,118
9215,8.668,3.373,0.000,4.531,2.050,-0.150,118
9216,8.672,3.373,0.000,4.971,2.041,-0.183,118
9217,8.675,3.374,0.000,5.378,2.036,-0.178,118
9218,8.679,3.374,0.000,5.765,2.027,-0.207,118
9219,8.682,3.374,0.000,6.118,2.022,-0.214,118
9220,8.686,3.374,0.000,6.428,2.017,-0.219,118
9221,8.689,3.375,0.000,6.703,2.008,-0.247,118
9222,8.693,3.375,0.000,6.975,2.005,-0.237,118
9223,8.696,3.376,0.000,7.214,1.999,-0.243,118
9224,8.700,3.376,0.000,7.428,1.989,-0.274,118
9225,8.703,3.377,0.000,7.616,1.984,-0.275,118
9226,8.707,3.377,0.000,7.787,1.978,-0.271,118
9227,8.711,3.378,0.000,7.923,1.970,-0.277,118
9228,8.715,3.378,0.000,8.003,1.963,-0.280,118
9229,8.719,3.379,0.000,8.047,1.957,-0.275,118
9230,8.723,3.379,0.000,8.071,1.950,-0.277,118
9231,8.726,3.380,0.000,8.102,1.943,-0.289,118
9232,8.730,3.380,0.000,8.118,1.939,-0.285,118
9233,8.733,3.381,0.000,8.108,1.938,-0.258,118
9234,8.737,3.381,0.000,8.103,1.932,-0.274,118
9235,8.740,3.382,0.000,8.092,1.927,-0.274,118
9236,8.744,3.382,0.000,8.044,1.923,-0.265,118
9237,8.747,3.383,0.000,7.948,1.917,-0.268,118
9238,8.751,3.383,0.000,7.836,1.913,-0.250,118
9239,8.755,3.384,0.000,7.721,1.904,-0.264,118
9240,8.759,3.385,0.000,7.590,1.898,-0.258,118
9241,8.763,3.385,0.000,7.423,1.892,-0.254,118
9242,8.767,3.386,0.000,7.216,1.887,-0.245,118
9243,8.771,3.386,0.000,6.986,1.885,-0.222,118
9244,8.775,3.387,0.000,6.716,1.879,-0.209,118
9245,8.778,3.387,0.000,6.424,1.873,-0.218,118
9246,8.782,3.387,0.000,6.110,1.869,-0.202,118
9247,8.786,3.388,0.000,5.777,1.864,-0.196,118
9248,8.790,3.388,0.000,5.427,1.859,-0.182,118
9249,8.793,3.389,0.000,5.068,1.855,-0.162,118
9250,8.797,3.389,0.000,4.709,1.849,-0.155,118
9251,8.801,3.389,0.000,4.353,1.842,-0.155,118
9252,8.805,3.389,0.000,4.001,1.836,-0.134,118
9253,8.809,3.390,0.000,3.647,1.831,-0.118,118
9254,8.813,3.390,0.000,3.290,1.825,-0.096,118
9255,8.817,3.390,0.000,2.929,1.818,-0.103,118
9256,8.821,3.390,0.000,2.546,1.815,-0.075,118
9257,8.825,3.391,0.000,2.159,1.809,-0.054,118
9258,8.829,3.391,0.000,1.772,1.801,-0.078,118
9259,8.833,3.391,0.000,1.385,1.796,-0.020,118
9260,8.837,3.391,0.000,0.998,1.789,-0.037,118
9261,8.841,3.391,0.000,0.605,1.783,-0.017,118
9262,8.845,3.391,0.000,0.200,1.776,-0.011,118
9263,8.849,3.391,0.000,-0.221,1.769,-0.002,118
9264,8.853,3.391,0.000,-0.658,1.762,0.014,118
9265,8.857,3.391,0.000,-1.110,1.754,0.047,118
9266,8.862,3.391,0.000,-1.573,1.746,0.048,118
9267,8.866,3.391,0.000,-2.041,1.739,0.057,118
9268,8.870,3.391,0.000,-2.512,1.731,0.076,118
9269,8.874,3.390,0.000,-2.985,1.723,0.086,118
9270,8.878,3.390,0.000,-3.451,1.716,0.089,118
9271,8.882,3.390,0.000,-3.915,1.707,0.117,118
9272,8.886,3.390,0.000,-4.388,1.700,0.134,118
9273,8.890,3.389,0.000,-4.871,1.693,0.142,118
9274,8.894,3.389,0.000,-5.365,1.687,0.148,118
9275,8.897,3.389,0.000,-5.874,1.680,0.168,118
9276,8.901,3.388,0.000,-6.401,1.672,0.185,118
9277,8.905,3.388,0.000,-6.944,1.665,0.197,118
9278,8.909,3.387,0.000,-7.498,1.656,0.219,118
9279,8.913,3.387,0.000,-8.058,1.646,0.239,118
9280,8.917,3.386,0.000,-8.625,1.640,0.236,118
9281,8.921,3.386,0.000,-9.195,1.630,0.259,118
9282,8.925,3.385,0.000,-9.766,1.620,0.276,118
9283,8.928,3.384,0.000,-10.333,1.612,0.288,118
9284,8.932,3.384,0.000,-10.892,1.604,0.302,118
9285,8.935,3.383,0.000,-11.439,1.596,0.317,118
9286,8.939,3.382,0.000,-11.970,1.584,0.347,143
9287,8.942,3.381,0.000,-12.495,1.581,0.336,-1
9288,8.947,3.380,0.000,-13.005,1.561,0.381,-1
9289,8.950,3.379,0.000,-13.513,1.557,0.374,118
9290,8.954,3.378,0.000,-14.018,1.549,0.378,118
9291,8.958,3.377,0.000,-14.525,1.537,0.399,118
9292,8.962,3.376,0.000,-14.988,1.526,0.411,118
9293,8.966,3.375,0.000,-15.387,1.517,0.419,118
9294,8.970,3.374,0.000,-15.749,1.508,0.426,118
9295,8.973,3.373,0.000,-16.068,1.500,0.432,118
9296,8.977,3.372,0.000,-16.379,1.497,0.425,118
9297,8.980,3.371,0.000,-16.675,1.489,0.437,118
9298,8.984,3.370,0.000,-16.928,1.481,0.450,118
9299,8.987,3.369,0.000,-17.136,1.474,0.456,118
9300,8.990,3.368,0.000,-17.321,1.467,0.464,118
9301,8.994,3.367,0.000,-17.519,1.462,0.463,118
9302,8.997,3.366,0.000,-17.710,1.451,0.480,118
9303,9.001,3.365,0.000,-17.878,1.456,0.450,118
9304,9.004,3.364,0.000,-18.042,1.439,0.483,118
9305,9.008,3.362,0.000,-18.219,1.437,0.466,118
9306,9.012,3.361,0.000,-18.442,1.426,0.482,118
9307,9.016,3.360,0.000,-18.615,1.423,0.469,118
9308,9.019,3.358,0.000,-18.762,1.412,0.489,118
9309,9.023,3.357,0.000,-18.967,1.404,0.494,118
9310,9.026,3.356,0.000,-19.121,1.401,0.490,118
9311,9.029,3.355,0.000,-19.189,1.403,0.471,118
9312,9.032,3.353,0.000,-19.224,1.392,0.498,118
9313,9.036,3.352,0.000,-19.182,1.391,0.486,118
9314,9.039,3.351,0.000,-19.093,1.386,0.480,118
9315,9.043,3.349,0.000,-18.997,1.379,0.481,118
9316,9.047,3.348,0.000,-18.810,1.375,0.476,118
9317,9.050,3.347,0.000,-18.560,1.372,0.466,118
9318,9.054,3.346,0.000,-18.276,1.367,0.460,118
9319,9.058,3.344,0.000,-17.976,1.367,0.442,118
9320,9.061,3.343,0.000,-17.676,1.366,0.430,118
9321,9.065,3.342,0.000,-17.366,1.360,0.428,118
9322,9.069,3.341,0.000,-17.043,1.360,0.412,118
9323,9.072,3.340,0.000,-16.740,1.357,0.408,118
9324,9.076,3.339,0.000,-16.443,1.350,0.412,118
9325,9.079,3.338,0.000,-16.143,1.356,0.375,118
9326,9.083,3.337,0.000,-15.843,1.350,0.377,118
9327,9.086,3.336,0.000,-15.547,1.340,0.390,118
9328,9.090,3.335,0.000,-15.250,1.346,0.347,118
9329,9.093,3.334,0.000,-14.949,1.338,0.365,118
9330,9.097,3.333,0.000,-14.703,1.338,0.341,118
9331,9.101,3.332,0.000,-14.460,1.332,0.340,118
9332,9.105,3.330,0.000,-14.219,1.325,0.335,118
9333,9.109,3.330,0.000,-13.984,1.319,0.339,118
9334,9.112,3.329,0.000,-13.826,1.320,0.315,118
9335,9.116,3.328,0.000,-13.686,1.316,0.315,118
9336,9.119,3.327,0.000,-13.552,1.308,0.329,118
9337,9.123,3.326,0.000,-13.418,1.305,0.320,118
9338,9.127,3.325,0.000,-13.285,1.307,0.290,118
9339,9.130,3.324,0.000,-13.155,1.293,0.324,118
9340,9.134,3.323,0.000,-13.027,1.299,0.271,118
9341,9.138,3.323,0.000,-12.900,1.282,0.322,118
9342,9.142,3.322,0.000,-12.774,1.289,0.264,118
9343,9.145,3.321,0.000,-12.648,1.276,0.298,118
9344,9.149,3.320,0.000,-12.523,1.270,0.305,118
9345,9.153,3.319,0.000,-12.399,1.281,0.236,118
9346,9.156,3.319,0.000,-12.276,1.262,0.300,118
9347,9.160,3.318,0.000,-12.153,1.266,0.262,118
9348,9.163,3.317,0.000,-12.031,1.255,0.289,118
9349,9.167,3.316,0.000,-11.933,1.256,0.259,118
9350,9.171,3.315,0.000,-11.854,1.248,0.264,118
9351,9.175,3.315,0.000,-11.772,1.244,0.255,118
9352,9.178,3.314,0.000,-11.698,1.235,0.273,118
9353,9.182,3.313,0.000,-11.652,1.238,0.224,118
9354,9.186,3.312,0.000,-11.611,1.219,0.289,118
9355,9.190,3.312,0.000,-11.568,1.224,0.234,118
9356,9.193,3.311,0.000,-11.520,1.213,0.267,118
9357,9.197,3.310,0.000,-11.478,1.213,0.240,118
9358,9.200,3.309,0.000,-11.452,1.209,0.246,118
9359,9.204,3.309,0.000,-11.415,1.206,0.239,118
9360,9.208,3.308,0.000,-11.358,1.201,0.236,118
9361,9.211,3.307,0.000,-11.297,1.194,0.242,118
9362,9.215,3.306,0.000,-11.246,1.191,0.231,118
9363,9.219,3.306,0.000,-11.179,1.184,0.239,118
9364,9.223,3.305,0.000,-11.105,1.179,0.229,118
9365,9.227,3.304,0.000,-11.013,1.176,0.217,118
9366,9.231,3.303,0.000,-10.914,1.167,0.235,118
9367,9.234,3.303,0.000,-10.832,1.163,0.230,-1
9368,9.238,3.302,0.000,-10.713,1.163,0.212,-1
9369,9.243,3.301,0.000,-10.554,1.150,0.220,-1
9370,9.247,3.300,0.000,-10.279,1.145,0.216,-1
9371,9.251,3.299,0.000,-9.718,1.141,0.202,-1
9372,9.255,3.298,0.000,-8.872,1.139,0.166,-1
9373,9.259,3.298,0.000,-7.900,1.133,0.152,-1
9374,9.257,3.298,0.000,-6.925,1.154,0.158,-1
9375,9.255,3.298,0.000,-6.011,1.178,0.122,-1
9376,9.261,3.297,0.000,-5.101,1.167,0.099,-1
9377,9.267,3.297,0.000,-4.163,1.154,0.084,-1
9378,9.272,3.297,0.000,-3.235,1.143,0.064,-1
9379,9.278,3.296,0.000,-2.320,1.129,0.058,-1
9380,9.283,3.296,0.000,-1.409,1.118,-0.001,-1
9381,9.289,3.296,0.000,-0.501,1.103,0.024,-1
9382,9.295,3.296,0.000,0.402,1.089,-0.027,118
9383,9.293,3.296,0.000,1.276,1.108,-0.025,118
9384,9.292,3.296,0.000,2.170,1.124,-0.042,118
9385,9.294,3.296,0.000,3.069,1.123,-0.051,118
9386,9.296,3.296,0.000,3.984,1.124,-0.081,118
9387,9.299,3.296,0.000,4.887,1.121,-0.088,118
9388,9.303,3.297,0.000,5.700,1.113,-0.120,118
9389,9.307,3.297,0.000,6.377,1.103,-0.123,118
9390,9.313,3.298,0.000,6.909,1.089,-0.135,118
9391,9.318,3.299,0.000,7.225,1.075,-0.143,-1
9392,9.324,3.300,0.000,7.457,1.060,-0.144,-1
9393,9.330,3.300,0.000,7.734,1.044,-0.143,-1
9394,9.335,3.301,0.000,8.046,1.027,-0.153,-1
9395,9.341,3.302,0.000,8.382,1.013,-0.143,-1
9396,9.347,3.303,0.000,8.723,0.999,-0.139,-1
9397,9.353,3.304,0.000,9.057,0.979,-0.157,-1
9398,9.359,3.305,0.000,9.390,0.960,-0.168,-1
9399,9.365,3.306,0.000,9.751,0.945,-0.158,-1
9400,9.371,3.307,0.000,10.140,0.927,-0.174,-1
9401,9.376,3.308,0.000,10.520,0.914,-0.163,-1
9402,9.382,3.309,0.000,10.900,0.893,-0.186,-1
9403,9.388,3.310,0.000,11.257,0.881,-0.171,-1
9404,9.394,3.311,0.000,11.623,0.865,-0.169,-1
9405,9.399,3.313,0.000,11.997,0.844,-0.190,-1
9406,9.405,3.314,0.000,12.363,0.833,-0.168,-1
9407,9.411,3.315,0.000,12.724,0.808,-0.205,-1
9408,9.417,3.316,0.000,13.059,0.797,-0.179,-1
9409,9.423,3.318,0.000,13.388,0.781,-0.177,-1
9410,9.429,3.319,0.000,13.714,0.759,-0.194,118
9411,9.430,3.320,0.000,14.149,0.763,-0.186,118
9412,9.431,3.320,0.000,14.677,0.771,-0.189,118
9413,9.431,3.320,0.000,15.315,0.770,-0.228,118
9414,9.433,3.320,0.000,15.988,0.775,-0.228,118
9415,9.433,3.320,0.000,16.747,0.782,-0.235,118
9416,9.435,3.321,0.000,17.563,0.782,-0.251,118
9417,9.437,3.322,0.000,18.367,0.786,-0.244,114
9418,9.442,3.324,0.000,19.115,0.761,-0.266,114
9419,9.448,3.326,0.000,19.813,0.739,-0.282,114
9420,9.454,3.328,0.000,20.507,0.722,-0.274,118
9421,9.459,3.330,0.000,21.027,0.717,-0.262,118
9422,9.461,3.331,0.000,21.499,0.709,-0.285,118
9423,9.463,3.332,0.000,21.905,0.709,-0.284,118
9424,9.468,3.334,0.000,22.266,0.697,-0.286,118
9425,9.470,3.335,0.000,22.536,0.690,-0.302,118
9426,9.473,3.336,0.000,22.705,0.690,-0.295,114
9427,9.479,3.339,0.000,22.617,0.678,-0.284,114
9428,9.484,3.341,0.000,22.396,0.664,-0.279,118
9429,9.488,3.343,0.000,21.961,0.669,-0.256,118
9430,9.492,3.345,0.000,21.454,0.653,-0.271,118
9431,9.496,3.346,0.000,20.932,0.650,-0.260,118
9432,9.500,3.348,0.000,20.372,0.648,-0.242,-1
9433,9.506,3.350,0.000,19.794,0.637,-0.233,114
9434,9.511,3.352,0.000,19.322,0.624,-0.226,114
9435,9.517,3.354,0.000,18.936,0.612,-0.217,118
9436,9.520,3.356,0.000,18.208,0.610,-0.206,118
9437,9.525,3.357,0.000,16.740,0.609,-0.184,118
9438,9.528,3.359,0.000,15.053,0.604,-0.178,-1
9439,9.534,3.360,0.000,13.363,0.606,-0.120,-1
9440,9.540,3.361,0.000,11.706,0.587,-0.131,-1
9441,9.546,3.362,0.000,10.117,0.575,-0.111,-1
9442,9.552,3.363,0.000,8.748,0.566,-0.079,-1
9443,9.558,3.364,0.000,7.472,0.549,-0.089,-1
9444,9.564,3.365,0.000,6.247,0.537,-0.055,-1
9445,9.569,3.365,0.000,5.074,0.527,-0.043,-1
9446,9.576,3.366,0.000,3.919,0.510,-0.035,-1
9447,9.581,3.366,0.000,2.784,0.497,-0.029,-1
9448,9.587,3.366,0.000,1.737,0.483,-0.016,-1
9449,9.593,3.366,0.000,0.794,0.469,-0.012,-1
9450,9.598,3.366,0.000,-0.051,0.455,-0.007,-1
9451,9.604,3.366,0.000,-0.820,0.440,0.018,-1
9452,9.610,3.366,0.000,-1.537,0.426,0.015,-1
9453,9.615,3.366,0.000,-2.221,0.413,0.027,-1
9454,9.621,3.366,0.000,-2.873,0.397,0.002,-1
9455,9.627,3.366,0.000,-3.501,0.384,0.031,-1
9456,9.632,3.365,0.000,-4.100,0.370,0.010,-1
9457,9.638,3.365,0.000,-4.658,0.355,0.022,-1
9458,9.643,3.364,0.000,-5.142,0.340,0.044,120
9459,9.649,3.364,0.000,-5.595,0.328,0.021,120
9460,9.655,3.363,0.000,-6.077,0.312,0.032,-1
9461,9.660,3.363,0.000,-6.519,0.299,0.049,120
9462,9.665,3.362,0.000,-6.933,0.285,0.030,-1
9463,9.672,3.361,0.000,-7.333,0.270,0.023,120
9464,9.677,3.360,0.000,-7.688,0.253,0.032,120
9465,9.683,3.359,0.000,-8.057,0.237,0.032,118
9466,9.683,3.359,0.000,-8.563,0.250,0.030,118
9467,9.683,3.359,0.000,-9.268,0.255,0.050,118
9468,9.685,3.359,0.000,-9.966,0.262,0.038,118
9469,9.688,3.358,0.000,-10.690,0.259,0.049,118
9470,9.692,3.357,0.000,-11.512,0.249,0.063,118
9471,9.696,3.356,0.000,-12.378,0.243,0.050,114
9472,9.702,3.355,0.000,-13.210,0.227,0.049,114
9473,9.706,3.354,0.000,-13.978,0.219,0.055,118
9474,9.711,3.353,0.000,-14.756,0.208,0.045,118
9475,9.716,3.351,0.000,-15.648,0.195,0.045,118
9476,9.721,3.350,0.000,-16.643,0.173,0.069,118
9477,9.727,3.348,0.000,-17.643,0.171,0.029,118
9478,9.732,3.346,0.000,-18.649,0.147,0.056,118
9479,9.738,3.344,0.000,-19.652,0.136,0.042,118
9480,9.743,3.342,0.000,-20.650,0.116,0.051,118
9481,9.749,3.340,0.000,-21.587,0.106,0.034,118
9482,9.754,3.338,0.000,-22.437,0.091,0.030,118
9483,9.760,3.335,0.000,-23.246,0.069,0.037,118
9484,9.765,3.333,0.000,-24.041,0.051,0.038,118
9485,9.771,3.331,0.000,-24.804,0.039,0.024,118
9486,9.777,3.328,0.000,-25.511,0.034,-0.003,118
9487,9.782,3.325,0.000,-26.202,0.011,0.007,118
9488,9.787,3.323,0.000,-26.841,-0.002,-0.002,118
9489,9.792,3.320,0.000,-27.370,-0.016,-0.009,118
9490,9.798,3.317,0.000,-27.860,-0.032,-0.017,118
9491,9.803,3.314,0.000,-28.331,-0.051,-0.016,-1
9492,9.806,3.313,0.000,-28.728,-0.042,-0.036,-1
9493,9.810,3.311,0.000,-29.038,-0.051,-0.042,-1
9494,9.812,3.309,0.000,-29.300,-0.066,-0.019,-1
9495,9.816,3.308,0.000,-29.538,-0.053,-0.057,-1
9496,9.819,3.306,0.000,-29.759,-0.073,-0.034,-1
9497,9.824,3.303,0.000,-29.980,-0.081,-0.053,-1
9498,9.829,3.300,0.000,-30.171,-0.092,-0.068,-1
9499,9.834,3.297,0.000,-30.448,-0.109,-0.071,-1
9500,9.840,3.294,0.000,-30.768,-0.125,-0.077,-1
9501,9.845,3.291,0.000,-31.095,-0.144,-0.077,-1
9502,9.850,3.287,0.000,-31.420,-0.144,-0.110,-1
9503,9.855,3.284,0.000,-31.735,-0.170,-0.099,-1
9504,9.860,3.281,0.000,-32.047,-0.177,-0.116,-1
9505,9.865,3.278,0.000,-32.436,-0.186,-0.133,-1
9506,9.870,3.275,0.000,-32.801,-0.218,-0.117,-1
9507,9.875,3.271,0.000,-33.150,-0.208,-0.165,-1
9508,9.880,3.268,0.000,-33.495,-0.240,-0.147,-1
9509,9.885,3.265,0.000,-33.831,-0.237,-0.182,-1
9510,9.890,3.261,0.000,-34.145,-0.267,-0.168,-1
9511,9.895,3.258,0.000,-34.393,-0.266,-0.201,-1
9512,9.900,3.254,0.000,-34.621,-0.284,-0.206,-1
9513,9.905,3.251,0.000,-34.775,-0.302,-0.211,-1
9514,9.910,3.248,0.000,-34.845,-0.318,-0.218,-1
9515,9.915,3.244,0.000,-34.895,-0.324,-0.241,-1
9516,9.920,3.241,0.000,-34.935,-0.352,-0.229,-1
9517,9.925,3.237,0.000,-34.978,-0.358,-0.252,-1
9518,9.930,3.234,0.000,-35.022,-0.362,-0.277,-1
9519,9.934,3.231,0.000,-35.069,-0.391,-0.266,-1
9520,9.939,3.227,0.000,-35.114,-0.396,-0.292,-1
9521,9.944,3.224,0.000,-35.158,-0.410,-0.303,-1
9522,9.949,3.220,0.000,-35.187,-0.433,-0.303,-1
9523,9.954,3.217,0.000,-35.192,-0.445,-0.318,-1
9524,9.959,3.213,0.000,-35.166,-0.457,-0.332,-1
9525,9.964,3.210,0.000,-35.126,-0.473,-0.341,-1
9526,9.969,3.206,0.000,-35.081,-0.498,-0.337,-1
9527,9.974,3.203,0.000,-35.053,-0.498,-0.370,-1
9528,9.979,3.199,0.000,-35.043,-0.525,-0.363,-1
9529,9.984,3.196,0.000,-35.027,-0.541,-0.373,-1
9530,9.989,3.192,0.000,-35.004,-0.546,-0.398,-1
9531,9.994,3.189,0.000,-34.980,-0.578,-0.385,-1
9532,9.999,3.185,0.000,-34.956,-0.572,-0.427,-1
9533,10.004,3.182,0.000,-34.918,-0.603,-0.416,-1
9534,10.009,3.178,0.000,-34.871,-0.615,-0.431,-1
9535,10.014,3.175,0.000,-34.805,-0.628,-0.446,-1
9536,10.018,3.171,0.000,-34.750,-0.644,-0.456,-1
9537,10.023,3.168,0.000,-34.716,-0.662,-0.464,-1
9538,10.028,3.165,0.000,-34.695,-0.678,-0.475,-1
9539,10.033,3.161,0.000,-34.681,-0.693,-0.486,-1
9540,10.038,3.158,0.000,-34.669,-0.709,-0.497,-1
9541,10.043,3.154,0.000,-34.660,-0.727,-0.505,-1
9542,10.048,3.151,0.000,-34.649,-0.743,-0.516,-1
9543,10.053,3.148,0.000,-34.641,-0.757,-0.531,-1
9544,10.058,3.144,0.000,-34.636,-0.773,-0.542,-1
9545,10.063,3.141,0.000,-34.633,-0.799,-0.539,-1
9546,10.068,3.137,0.000,-34.629,-0.797,-0.576,-1
9547,10.073,3.134,0.000,-34.631,-0.828,-0.567,-1
9548,10.078,3.130,0.000,-34.637,-0.840,-0.583,-1
9549,10.083,3.127,0.000,-34.613,-0.853,-0.600,-1
9550,10.088,3.124,0.000,-34.591,-0.871,-0.610,-1
9551,10.093,3.120,0.000,-34.581,-0.889,-0.618,-1
9552,10.098,3.117,0.000,-34.578,-0.906,-0.630,-1
9553,10.102,3.113,0.000,-34.578,-0.927,-0.635,-1
9554,10.108,3.110,0.000,-34.600,-0.941,-0.650,-1
9555,10.112,3.106,0.000,-34.631,-0.961,-0.657,-1
9556,10.117,3.103,0.000,-34.617,-0.979,-0.666,-1
9557,10.122,3.100,0.000,-34.603,-0.985,-0.694,-1
9558,10.127,3.096,0.000,-34.592,-1.002,-0.705,-1
9559,10.132,3.093,0.000,-34.584,-1.037,-0.691,-1
9560,10.137,3.089,0.000,-34.574,-1.028,-0.740,-1
9561,10.142,3.086,0.000,-34.556,-1.065,-0.723,-1
9562,10.147,3.083,0.000,-34.531,-1.072,-0.748,-1
9563,10.152,3.079,0.000,-34.477,-1.089,-0.763,-1
9564,10.157,3.076,0.000,-34.422,-1.112,-0.767,-1
9565,10.162,3.072,0.000,-34.377,-1.137,-0.768,-1
9566,10.167,3.069,0.000,-34.366,-1.155,-0.778,-1
9567,10.172,3.065,0.000,-34.339,-1.164,-0.802,-1
9568,10.177,3.062,0.000,-34.319,-1.187,-0.805,-1
9569,10.182,3.058,0.000,-34.320,-1.200,-0.824,-1
9570,10.187,3.055,0.000,-34.307,-1.212,-0.845,-1
9571,10.192,3.052,0.000,-34.285,-1.236,-0.848,-1
9572,10.197,3.048,0.000,-34.257,-1.256,-0.856,-1
9573,10.202,3.045,0.000,-34.256,-1.271,-0.872,-1
9574,10.207,3.041,0.000,-34.271,-1.287,-0.886,-1
9575,10.212,3.038,0.000,-34.293,-1.305,-0.897,-1
9576,10.217,3.035,0.000,-34.316,-1.323,-0.909,-1
9577,10.222,3.031,0.000,-34.340,-1.340,-0.922,-1
9578,10.227,3.028,0.000,-34.361,-1.358,-0.934,-1
9579,10.232,3.024,0.000,-34.381,-1.375,-0.948,-1
9580,10.237,3.021,0.000,-34.399,-1.393,-0.961,-1
9581,10.242,3.018,0.000,-34.417,-1.421,-0.958,-1
9582,10.247,3.014,0.000,-34.495,-1.427,-0.989,-1
9583,10.252,3.011,0.000,-34.577,-1.447,-0.999,-1
9584,10.257,3.007,0.000,-34.652,-1.473,-1.000,-1
9585,10.262,3.004,0.000,-34.726,-1.469,-1.045,-1
9586,10.267,3.001,0.000,-34.804,-1.505,-1.032,-1
9587,10.272,2.997,0.000,-34.937,-1.516,-1.056,-1
9588,10.276,2.994,0.000,-35.038,-1.527,-1.079,-1
9589,10.281,2.990,0.000,-35.109,-1.546,-1.090,-1
9590,10.286,2.987,0.000,-35.182,-1.564,-1.103,-1
9591,10.291,2.983,0.000,-35.271,-1.572,-1.130,-1
9592,10.296,2.980,0.000,-35.323,-1.603,-1.127,-1
9593,10.301,2.976,0.000,-35.297,-1.612,-1.153,-1
9594,10.306,2.972,0.000,-35.316,-1.637,-1.157,-1
9595,10.311,2.969,0.000,-35.370,-1.652,-1.175,-1
9596,10.316,2.966,0.000,-35.374,-1.667,-1.193,-1
9597,10.321,2.962,0.000,-35.345,-1.687,-1.204,-1
9598,10.326,2.959,0.000,-35.302,-1.708,-1.214,-1
9599,10.330,2.955,0.000,-35.258,-1.727,-1.226,-1
9600,10.335,2.952,0.000,-35.213,-1.746,-1.239,-1
9601,10.340,2.948,0.000,-35.171,-1.766,-1.251,-1
9602,10.345,2.945,0.000,-35.133,-1.786,-1.262,-1
9603,10.350,2.941,0.000,-35.096,-1.813,-1.263,-1
9604,10.355,2.938,0.000,-35.060,-1.823,-1.289,-1
9605,10.360,2.934,0.000,-35.022,-1.816,-1.251,-1
9606,10.365,2.931,0.000,-34.983,-1.753,-1.258,118
9607,10.370,2.928,0.000,-34.899,-1.736,-1.198,118
9608,10.373,2.925,0.000,-34.793,-1.682,-1.180,-1
9609,10.371,2.927,0.000,-34.631,-1.612,-1.128,-1
9610,10.370,2.927,0.000,-34.525,-1.573,-1.055,-1
9611,10.368,2.929,0.000,-34.496,-1.484,-1.037,-1
9612,10.368,2.929,0.000,-34.625,-1.431,-0.993,-1
9613,10.365,2.931,0.000,-34.744,-1.358,-0.944,118
9614,10.369,2.928,0.000,-34.831,-1.313,-0.925,118
9615,10.374,2.925,0.000,-34.848,-1.290,-0.886,118
9616,10.378,2.922,0.000,-34.829,-1.253,-0.859,-1
9617,10.376,2.923,0.000,-34.853,-1.172,-0.839,-1
9618,10.375,2.924,0.000,-34.907,-1.137,-0.759,118
9619,10.379,2.921,0.000,-34.911,-1.066,-0.786,118
9620,10.383,2.918,0.000,-34.886,-1.058,-0.720,-1
9621,10.380,2.921,0.000,-34.903,-0.967,-0.701,-1
9622,10.379,2.922,0.000,-34.954,-0.926,-0.638,-1
9623,10.376,2.923,0.000,-35.035,-0.847,-0.617,118
9624,10.380,2.921,0.000,-35.125,-0.835,-0.559,118
9625,10.385,2.917,0.000,-35.238,-0.786,-0.565,-1
9626,10.384,2.918,0.000,-35.371,-0.747,-0.505,-1
9627,10.382,2.920,0.000,-35.523,-0.662,-0.497,-1
9628,10.381,2.920,0.000,-35.736,-0.618,-0.450,118
9629,10.387,2.916,0.000,-35.926,-0.590,-0.435,118
9630,10.390,2.913,0.000,-36.080,-0.561,-0.406,118
9631,10.395,2.910,0.000,-36.223,-0.539,-0.380,-1
9632,10.395,2.910,0.000,-36.423,-0.473,-0.362,-1
9633,10.391,2.913,0.000,-36.746,-0.419,-0.305,-1
9634,10.390,2.914,0.000,-37.234,-0.361,-0.274,118
9635,10.396,2.909,0.000,-37.655,-0.335,-0.264,118
9636,10.399,2.907,0.000,-38.036,-0.304,-0.241,118
9637,10.404,2.903,0.000,-38.231,-0.279,-0.228,-1
9638,10.403,2.904,0.000,-38.316,-0.231,-0.181,-1
9639,10.400,2.906,0.000,-38.478,-0.165,-0.150,-1
9640,10.397,2.908,0.000,-38.719,-0.114,-0.101,-1
9641,10.396,2.909,0.000,-39.095,-0.067,-0.056,-1
9642,10.400,2.905,0.000,-39.416,-0.043,-0.041,-1
9643,10.398,2.908,0.000,-39.537,0.018,-0.004,-1
9644,10.402,2.904,0.000,-39.706,0.023,0.031,-1
9645,10.407,2.900,0.000,-39.770,0.046,0.044,-1
9646,10.412,2.896,0.000,-39.758,0.077,0.047,-1
9647,10.417,2.892,0.000,-39.733,0.083,0.077,-1
9648,10.421,2.888,0.000,-39.703,0.100,0.097,-1
9649,10.426,2.884,0.000,-39.475,0.132,0.097,-1
9650,10.430,2.880,0.000,-39.113,0.147,0.117,-1
9651,10.435,2.877,0.000,-38.742,0.168,0.130,-1
9652,10.440,2.873,0.000,-38.399,0.189,0.141,-1
9653,10.445,2.869,0.000,-38.080,0.207,0.155,-1
9654,10.449,2.865,0.000,-37.789,0.225,0.168,-1
9655,10.454,2.862,0.000,-37.522,0.244,0.181,-1
9656,10.459,2.858,0.000,-37.277,0.262,0.193,-1
9657,10.464,2.854,0.000,-37.052,0.269,0.220,-1
9658,10.469,2.851,0.000,-36.886,0.289,0.227,-1
9659,10.473,2.847,0.000,-36.811,0.310,0.235,-1
9660,10.478,2.844,0.000,-36.711,0.335,0.235,-1
9661,10.483,2.840,0.000,-36.586,0.338,0.264,-1
9662,10.488,2.836,0.000,-36.431,0.372,0.252,-1
9663,10.493,2.833,0.000,-36.258,0.379,0.273,-1
9664,10.498,2.829,0.000,-36.078,0.392,0.287,-1
9665,10.503,2.825,0.000,-35.888,0.401,0.306,-1
9666,10.508,2.822,0.000,-35.708,0.436,0.288,-1
9667,10.507,2.822,0.000,-35.563,0.456,0.340,-1
9668,10.508,2.822,0.000,-35.455,0.508,0.341,-1
9669,10.512,2.818,0.000,-35.376,0.499,0.382,124
9670,10.517,2.815,0.000,-35.341,0.537,0.355,124
9671,10.522,2.812,0.000,-35.351,0.541,0.385,124
9672,10.527,2.808,0.000,-35.406,0.553,0.394,124
9673,10.531,2.805,0.000,-35.525,0.571,0.397,124
9674,10.536,2.801,0.000,-35.733,0.573,0.423,124
9675,10.541,2.798,0.000,-36.094,0.590,0.422,124
9676,10.546,2.794,0.000,-36.583,0.600,0.434,124
9677,10.550,2.791,0.000,-37.499,0.603,0.456,124
9678,10.555,2.787,0.000,-38.756,0.604,0.479,124
9679,10.559,2.783,0.000,-39.899,0.593,0.514,124
9680,10.564,2.780,0.000,-41.032,0.613,0.512,124
9681,10.568,2.776,0.000,-42.123,0.607,0.538,124
9682,10.572,2.772,0.000,-43.226,0.588,0.579,124
9683,10.577,2.768,0.000,-44.312,0.615,0.569,124
9684,10.581,2.763,0.000,-45.361,0.577,0.623,124
9685,10.585,2.759,0.000,-46.360,0.602,0.614,124
9686,10.590,2.754,0.000,-47.322,0.576,0.654,124
9687,10.594,2.750,0.000,-48.236,0.606,0.643,124
9688,10.597,2.746,0.000,-49.084,0.571,0.689,124
9689,10.601,2.741,0.000,-49.879,0.591,0.686,124
9690,10.605,2.736,0.000,-50.549,0.569,0.717,124
9691,10.609,2.732,0.000,-51.239,0.573,0.727,124
9692,10.613,2.727,0.000,-51.898,0.592,0.724,124
9693,10.617,2.722,0.000,-52.499,0.570,0.751,124
9694,10.621,2.717,0.000,-52.851,0.573,0.759,124
9695,10.625,2.712,0.000,-53.017,0.578,0.766,124
9696,10.629,2.707,0.000,-53.074,0.587,0.768,124
9697,10.632,2.702,0.000,-52.958,0.594,0.774,124
9698,10.636,2.697,0.000,-52.765,0.587,0.790,124
9699,10.639,2.693,0.000,-52.475,0.597,0.796,124
9700,10.642,2.688,0.000,-52.190,0.632,0.780,124
9701,10.647,2.683,0.000,-51.889,0.618,0.797,124
9702,10.650,2.679,0.000,-51.582,0.635,0.795,124
9703,10.654,2.673,0.000,-51.378,0.636,0.801,124
9704,10.658,2.669,0.000,-51.173,0.645,0.802,124
9705,10.662,2.664,0.000,-50.966,0.648,0.809,124
9706,10.666,2.659,0.000,-50.764,0.654,0.813,124
9707,10.669,2.655,0.000,-50.570,0.662,0.814,124
9708,10.673,2.650,0.000,-50.383,0.681,0.807,124
9709,10.677,2.646,0.000,-50.198,0.686,0.810,124
9710,10.681,2.641,0.000,-50.020,0.688,0.816,124
9711,10.685,2.636,0.000,-49.856,0.694,0.817,124
9712,10.689,2.632,0.000,-49.701,0.687,0.830,124
9713,10.693,2.627,0.000,-49.552,0.712,0.815,124
9714,10.697,2.623,0.000,-49.405,0.713,0.820,124
9715,10.700,2.618,0.000,-49.183,0.715,0.824,124
9716,10.704,2.613,0.000,-49.008,0.721,0.823,124
9717,10.708,2.609,0.000,-48.877,0.727,0.823,124
9718,10.712,2.604,0.000,-48.765,0.731,0.825,124
9719,10.716,2.600,0.000,-48.661,0.737,0.824,124
9720,10.720,2.595,0.000,-48.560,0.735,0.830,124
9721,10.724,2.591,0.000,-48.462,0.736,0.833,124
9722,10.728,2.586,0.000,-48.367,0.751,0.824,124
9723,10.732,2.582,0.000,-48.271,0.739,0.838,124
9724,10.736,2.577,0.000,-48.175,0.747,0.834,124
9725,10.740,2.573,0.000,-48.088,0.749,0.835,124
9726,10.744,2.568,0.000,-48.034,0.742,0.844,124
9727,10.749,2.564,0.000,-47.916,0.763,0.826,124
9728,10.753,2.559,0.000,-47.883,0.757,0.833,124
9729,10.757,2.555,0.000,-47.857,0.755,0.837,124
9730,10.761,2.550,0.000,-47.808,0.748,0.846,124
9731,10.765,2.546,0.000,-47.740,0.764,0.833,124
9732,10.769,2.541,0.000,-47.648,0.758,0.840,124
9733,10.773,2.537,0.000,-47.547,0.768,0.831,124
9734,10.777,2.532,0.000,-47.419,0.775,0.824,124
9735,10.781,2.528,0.000,-47.280,0.771,0.828,124
9736,10.786,2.523,0.000,-47.131,0.772,0.828,124
9737,10.790,2.519,0.000,-46.977,0.772,0.829,124
9738,10.794,2.515,0.000,-46.824,0.784,0.818,124
9739,10.798,2.510,0.000,-46.668,0.774,0.826,124
9740,10.802,2.506,0.000,-46.495,0.792,0.811,124
9741,10.806,2.502,0.000,-46.318,0.767,0.835,124
9742,10.810,2.497,0.000,-46.158,0.786,0.816,124
9743,10.814,2.493,0.000,-46.014,0.792,0.808,124
9744,10.819,2.488,0.000,-45.868,0.785,0.813,124
9745,10.823,2.484,0.000,-45.697,0.800,0.797,124
9746,10.827,2.480,0.000,-45.518,0.794,0.800,124
9747,10.831,2.475,0.000,-45.374,0.791,0.801,124
9748,10.836,2.471,0.000,-45.307,0.794,0.796,124
9749,10.840,2.467,0.000,-45.280,0.781,0.806,124
9750,10.844,2.462,0.000,-45.268,0.802,0.782,124
9751,10.848,2.458,0.000,-45.245,0.788,0.793,124
9752,10.853,2.454,0.000,-45.213,0.786,0.792,124
9753,10.857,2.450,0.000,-45.148,0.790,0.785,124
9754,10.861,2.445,0.000,-45.147,0.789,0.782,124
9755,10.866,2.441,0.000,-45.203,0.785,0.783,124
9756,10.870,2.437,0.000,-45.284,0.781,0.783,124
9757,10.874,2.432,0.000,-45.377,0.778,0.781,124
9758,10.878,2.428,0.000,-45.475,0.768,0.786,124
9759,10.882,2.425,0.000,-45.623,0.780,0.776,124
9760,10.886,2.420,0.000,-45.774,0.760,0.790,124
9761,10.890,2.416,0.000,-45.906,0.767,0.779,124
9762,10.895,2.411,0.000,-45.971,0.764,0.775,124
9763,10.899,2.407,0.000,-46.000,0.755,0.778,124
9764,10.903,2.403,0.000,-46.053,0.759,0.769,124
9765,10.907,2.398,0.000,-46.106,0.731,0.790,124
9766,10.911,2.394,0.000,-46.165,0.745,0.770,124
9767,10.916,2.390,0.000,-46.237,0.736,0.772,124
9768,10.920,2.385,0.000,-46.342,0.726,0.775,124
9769,10.924,2.381,0.000,-46.469,0.724,0.771,124
9770,10.928,2.376,0.000,-46.601,0.727,0.760,124
9771,10.932,2.372,0.000,-46.685,0.719,0.761,124
9772,10.936,2.368,0.000,-46.766,0.720,0.753,124
9773,10.941,2.363,0.000,-46.852,0.696,0.767,124
9774,10.945,2.359,0.000,-46.946,0.715,0.742,124
9775,10.949,2.354,0.000,-47.088,0.695,0.752,124
9776,10.953,2.350,0.000,-47.165,0.679,0.762,124
9777,10.957,2.346,0.000,-47.247,0.694,0.738,124
9778,10.961,2.341,0.000,-47.329,0.672,0.749,124
9779,10.965,2.337,0.000,-47.424,0.670,0.741,124
9780,10.970,2.332,0.000,-47.526,0.672,0.730,124
9781,10.974,2.328,0.000,-47.647,0.660,0.733,124
9782,10.978,2.323,0.000,-47.794,0.651,0.732,124
9783,10.982,2.319,0.000,-47.961,0.648,0.726,124
9784,10.986,2.314,0.000,-48.140,0.642,0.722,124
9785,10.990,2.310,0.000,-48.328,0.634,0.720,124
9786,10.994,2.305,0.000,-48.521,0.638,0.707,124
9787,10.998,2.301,0.000,-48.809,0.616,0.716,124
9788,11.002,2.296,0.000,-49.074,0.611,0.710,124
9789,11.006,2.291,0.000,-49.318,0.607,0.704,124
9790,11.010,2.287,0.000,-49.508,0.605,0.695,124
9791,11.014,2.282,0.000,-49.706,0.597,0.692,124
9792,11.017,2.278,0.000,-49.910,0.587,0.690,124
9793,11.021,2.273,0.000,-50.121,0.579,0.686,124
9794,11.025,2.269,0.000,-50.337,0.573,0.682,124
9795,11.029,2.264,0.000,-50.555,0.550,0.690,124
9796,11.033,2.259,0.000,-50.774,0.548,0.680,124
9797,11.037,2.255,0.000,-50.992,0.557,0.662,124
9798,11.041,2.250,0.000,-51.189,0.542,0.662,124
9799,11.044,2.245,0.000,-51.366,0.530,0.661,124
9800,11.048,2.240,0.000,-51.563,0.525,0.654,124
9801,11.052,2.236,0.000,-51.774,0.519,0.647,124
9802,11.055,2.231,0.000,-51.987,0.510,0.643,124
9803,11.059,2.226,0.000,-52.200,0.501,0.639,124
9804,11.063,2.222,0.000,-52.410,0.478,0.645,124
9805,11.067,2.217,0.000,-52.639,0.497,0.618,124
9806,11.070,2.212,0.000,-52.867,0.474,0.623,124
9807,11.074,2.207,0.000,-53.090,0.453,0.627,124
9808,11.078,2.202,0.000,-53.330,0.460,0.608,124
9809,11.081,2.197,0.000,-53.576,0.439,0.612,124
9810,11.085,2.192,0.000,-53.836,0.430,0.606,124
9811,11.088,2.187,0.000,-54.069,0.437,0.588,124
9812,11.092,2.183,0.000,-54.276,0.424,0.585,124
9813,11.095,2.178,0.000,-54.457,0.412,0.582,124
9814,11.099,2.173,0.000,-54.623,0.411,0.570,124
9815,11.102,2.168,0.000,-54.769,0.407,0.560,124
9816,11.106,2.163,0.000,-54.908,0.397,0.555,124
9817,11.109,2.158,0.000,-55.045,0.388,0.548,124
9818,11.113,2.153,0.000,-55.181,0.382,0.539,124
9819,11.116,2.148,0.000,-55.316,0.375,0.531,124
9820,11.119,2.144,0.000,-55.451,0.367,0.523,124
9821,11.123,2.139,0.000,-55.586,0.345,0.525,124
9822,11.126,2.134,0.000,-55.730,0.345,0.511,124
9823,11.130,2.129,0.000,-55.886,0.338,0.502,124
9824,11.133,2.124,0.000,-56.032,0.342,0.485,124
9825,11.136,2.119,0.000,-56.175,0.328,0.481,124
9826,11.140,2.114,0.000,-56.315,0.318,0.474,124
9827,11.143,2.109,0.000,-56.454,0.313,0.463,124
9828,11.146,2.104,0.000,-56.593,0.307,0.453,124
9829,11.150,2.099,0.000,-56.732,0.298,0.445,124
9830,11.153,2.094,0.000,-56.873,0.290,0.436,124
9831,11.156,2.089,0.000,-57.016,0.283,0.426,124
9832,11.159,2.084,0.000,-57.161,0.275,0.416,124
9833,11.163,2.079,0.000,-57.306,0.268,0.407,124
9834,11.166,2.074,0.000,-57.453,0.260,0.397,124
9835,11.169,2.069,0.000,-57.601,0.238,0.396,124
9836,11.172,2.064,0.000,-57.677,0.232,0.385,124
9837,11.176,2.059,0.000,-57.775,0.235,0.369,124
9838,11.179,2.053,0.000,-57.897,0.227,0.359,124
9839,11.182,2.048,0.000,-58.041,0.223,0.346,124
9840,11.185,2.043,0.000,-58.191,0.206,0.342,124
9841,11.188,2.038,0.000,-58.383,0.209,0.324,124
9842,11.191,2.033,0.000,-58.575,0.198,0.316,124
9843,11.195,2.028,0.000,-58.753,0.190,0.305,124
9844,11.198,2.023,0.000,-58.925,0.183,0.294,124
9845,11.201,2.018,0.000,-59.092,0.160,0.292,124
9846,11.204,2.013,0.000,-59.267,0.155,0.279,124
9847,11.207,2.007,0.000,-59.373,0.171,0.254,124
9848,11.210,2.002,0.000,-59.450,0.150,0.250,124
9849,11.213,1.997,0.000,-59.536,0.141,0.240,124
9850,11.216,1.992,0.000,-59.651,0.139,0.225,124
9851,11.219,1.987,0.000,-59.795,0.133,0.212,124
9852,11.222,1.982,0.000,-59.959,0.123,0.202,124
9853,11.225,1.976,0.000,-60.135,0.115,0.191,124
9854,11.228,1.971,0.000,-60.317,0.108,0.178,124
9855,11.231,1.966,0.000,-60.502,0.100,0.166,124
9856,11.235,1.960,0.000,-60.686,0.075,0.162,124
9857,11.238,1.955,0.000,-60.877,0.073,0.145,124
9858,11.241,1.950,0.000,-61.071,0.078,0.125,124
9859,11.243,1.944,0.000,-61.181,0.074,0.111,124
9860,11.246,1.939,0.000,-61.304,0.044,0.111,124
9861,11.249,1.934,0.000,-61.440,0.055,0.089,124
9862,11.252,1.929,0.000,-61.597,0.046,0.077,124
9863,11.255,1.923,0.000,-61.772,0.040,0.064,124
9864,11.258,1.918,0.000,-61.957,0.034,0.050,124
9865,11.261,1.913,0.000,-62.146,0.026,0.038,124
9866,11.263,1.908,0.000,-62.336,0.019,0.025,124
9867,11.266,1.902,0.000,-62.524,0.012,0.011,124
9868,11.269,1.897,0.000,-62.711,0.005,-0.002,124
9869,11.272,1.892,0.000,-62.895,-0.002,-0.016,124
9870,11.274,1.886,0.000,-63.075,-0.013,-0.028,124
9871,11.277,1.881,0.000,-63.254,-0.011,-0.046,124
9872,11.280,1.876,0.000,-63.444,-0.031,-0.051,124
9873,11.282,1.871,0.000,-63.646,-0.020,-0.073,124
9874,11.285,1.866,0.000,-63.882,-0.032,-0.083,124
9875,11.288,1.860,0.000,-64.072,-0.046,-0.096,124
9876,11.290,1.854,0.000,-64.222,-0.050,-0.112,124
9877,11.293,1.849,0.000,-64.369,-0.053,-0.128,124
9878,11.296,1.844,0.000,-64.514,-0.061,-0.142,124
9879,11.298,1.838,0.000,-64.656,-0.069,-0.156,124
9880,11.301,1.833,0.000,-64.795,-0.075,-0.171,124
9881,11.303,1.827,0.000,-64.932,-0.081,-0.186,124
9882,11.306,1.822,0.000,-65.066,-0.087,-0.201,124
9883,11.308,1.817,0.000,-65.197,-0.094,-0.216,124
9884,11.311,1.811,0.000,-65.324,-0.104,-0.229,124
9885,11.314,1.805,0.000,-65.454,-0.113,-0.247,124
9886,11.316,1.799,0.000,-65.623,-0.111,-0.267,124
9887,11.319,1.794,0.000,-65.761,-0.126,-0.279,124
9888,11.321,1.788,0.000,-65.868,-0.129,-0.295,124
9889,11.324,1.783,0.000,-65.982,-0.131,-0.313,124
9890,11.326,1.778,0.000,-66.101,-0.138,-0.328,124
9891,11.329,1.772,0.000,-66.228,-0.146,-0.343,124
9892,11.331,1.767,0.000,-66.368,-0.152,-0.359,124
9893,11.334,1.761,0.000,-66.521,-0.157,-0.375,124
9894,11.336,1.756,0.000,-66.690,-0.163,-0.391,124
9895,11.338,1.750,0.000,-66.876,-0.168,-0.408,124
9896,11.341,1.745,0.000,-67.076,-0.174,-0.424,124
9897,11.343,1.739,0.000,-67.288,-0.197,-0.433,124
9898,11.345,1.734,0.000,-67.490,-0.173,-0.459,124
9899,11.347,1.729,0.000,-67.696,-0.212,-0.460,124
9900,11.349,1.724,0.000,-67.900,-0.191,-0.486,124
9901,11.352,1.719,0.000,-68.101,-0.205,-0.497,124
9902,11.354,1.713,0.000,-68.330,-0.209,-0.513,124
9903,11.356,1.708,0.000,-68.551,-0.207,-0.532,124
9904,11.358,1.703,0.000,-68.730,-0.203,-0.550,124
9905,11.360,1.698,0.000,-68.892,-0.225,-0.558,124
9906,11.362,1.693,0.000,-69.036,-0.223,-0.574,124
9907,11.364,1.688,0.000,-69.155,-0.214,-0.593,124
9908,11.366,1.683,0.000,-69.261,-0.240,-0.598,124
9909,11.367,1.678,0.000,-69.378,-0.236,-0.615,124
9910,11.369,1.673,0.000,-69.482,-0.233,-0.631,124
9911,11.371,1.669,0.000,-69.521,-0.240,-0.643,124
9912,11.373,1.664,0.000,-69.493,-0.240,-0.657,124
9913,11.375,1.659,0.000,-69.460,-0.243,-0.670,124
9914,11.376,1.655,0.000,-69.419,-0.250,-0.681,124
9915,11.378,1.650,0.000,-69.371,-0.256,-0.693,124
9916,11.380,1.646,0.000,-69.315,-0.260,-0.705,124
9917,11.381,1.641,0.000,-69.255,-0.266,-0.716,124
9918,11.383,1.637,0.000,-69.186,-0.281,-0.724,124
9919,11.385,1.632,0.000,-69.109,-0.279,-0.737,124
9920,11.387,1.628,0.000,-69.039,-0.291,-0.745,124
9921,11.388,1.624,0.000,-68.961,-0.284,-0.761,124
9922,11.390,1.620,0.000,-68.880,-0.315,-0.761,124
9923,11.391,1.616,0.000,-68.787,-0.297,-0.779,124
9924,11.393,1.612,0.000,-68.684,-0.311,-0.786,124
9925,11.394,1.608,0.000,-68.599,-0.310,-0.797,124
9926,11.396,1.604,0.000,-68.469,-0.309,-0.809,124
9927,11.398,1.600,0.000,-68.342,-0.333,-0.810,124
9928,11.399,1.596,0.000,-68.204,-0.340,-0.817,124
9929,11.401,1.592,0.000,-68.073,-0.338,-0.829,124
9930,11.402,1.589,0.000,-67.955,-0.342,-0.837,124
9931,11.404,1.585,0.000,-67.848,-0.350,-0.844,124
9932,11.405,1.581,0.000,-67.751,-0.355,-0.852,124
9933,11.407,1.578,0.000,-67.654,-0.350,-0.863,124
9934,11.408,1.574,0.000,-67.525,-0.350,-0.873,124
9935,11.410,1.571,0.000,-67.449,-0.358,-0.879,124
9936,11.411,1.567,0.000,-67.376,-0.365,-0.885,124
9937,11.413,1.564,0.000,-67.305,-0.368,-0.893,124
9938,11.414,1.560,0.000,-67.236,-0.371,-0.900,124
9939,11.415,1.557,0.000,-67.167,-0.376,-0.907,124
9940,11.417,1.554,0.000,-67.101,-0.380,-0.914,124
9941,11.418,1.551,0.000,-67.038,-0.384,-0.920,124
9942,11.419,1.547,0.000,-66.979,-0.388,-0.927,124
9943,11.421,1.544,0.000,-66.925,-0.392,-0.934,124
9944,11.422,1.541,0.000,-66.878,-0.396,-0.940,124
9945,11.423,1.538,0.000,-66.838,-0.399,-0.946,124
9946,11.425,1.535,0.000,-66.805,-0.402,-0.953,124
9947,11.426,1.532,0.000,-66.778,-0.418,-0.953,124
9948,11.427,1.529,0.000,-66.755,-0.424,-0.957,124
9949,11.428,1.527,0.000,-66.738,-0.405,-0.971,124
9950,11.430,1.524,0.000,-66.730,-0.415,-0.974,124
9951,11.431,1.521,0.000,-66.736,-0.418,-0.979,124
9952,11.432,1.518,0.000,-66.753,-0.429,-0.981,124
9953,11.433,1.516,0.000,-66.783,-0.433,-0.985,124
9954,11.434,1.513,0.000,-66.825,-0.430,-0.992,124
9955,11.435,1.510,0.000,-66.876,-0.419,-1.003,124
9956,11.437,1.508,0.000,-66.901,-0.430,-1.004,124
9957,11.438,1.505,0.000,-66.886,-0.427,-1.011,124
9958,11.439,1.503,0.000,-66.915,-0.425,-1.017,124
9959,11.440,1.500,0.000,-66.959,-0.442,-1.015,124
9960,11.441,1.498,0.000,-67.041,-0.434,-1.022,124
9961,11.442,1.496,0.000,-67.146,-0.432,-1.027,124
9962,11.443,1.493,0.000,-67.188,-0.436,-1.030,124
9963,11.444,1.491,0.000,-67.220,-0.432,-1.034,124
9964,11.445,1.489,0.000,-67.212,-0.426,-1.040,124
9965,11.446,1.487,0.000,-67.232,-0.435,-1.040,124
9966,11.447,1.484,0.000,-67.335,-0.443,-1.040,124
9967,11.448,1.482,0.000,-67.454,-0.431,-1.048,124
9968,11.449,1.480,0.000,-67.591,-0.441,-1.046,124
9969,11.450,1.478,0.000,-67.734,-0.424,-1.056,124
9970,11.450,1.476,0.000,-67.843,-0.434,-1.053,124
9971,11.451,1.474,0.000,-68.010,-0.434,-1.054,124
9972,11.452,1.472,0.000,-68.210,-0.414,-1.064,124
9973,11.453,1.469,0.000,-68.357,-0.411,-1.068,124
9974,11.454,1.468,0.000,-68.527,-0.417,-1.067,124
9975,11.454,1.466,0.000,-68.743,-0.413,-1.069,124
9976,11.455,1.464,0.000,-69.007,-0.405,-1.073,124
9977,11.456,1.462,0.000,-69.304,-0.400,-1.076,124
9978,11.457,1.460,0.000,-69.625,-0.395,-1.078,124
9979,11.457,1.458,0.000,-69.962,-0.389,-1.081,124
9980,11.458,1.456,0.000,-70.312,-0.382,-1.085,124
9981,11.458,1.455,0.000,-70.669,-0.376,-1.088,124
9982,11.459,1.453,0.000,-71.031,-0.369,-1.090,124
9983,11.460,1.451,0.000,-71.396,-0.362,-1.093,124
9984,11.460,1.449,0.000,-71.762,-0.355,-1.096,124
9985,11.461,1.448,0.000,-72.131,-0.348,-1.099,124
9986,11.461,1.446,0.000,-72.500,-0.342,-1.101,124
9987,11.462,1.445,0.000,-72.870,-0.335,-1.104,124
9988,11.462,1.443,0.000,-73.240,-0.327,-1.106,124
9989,11.463,1.441,0.000,-73.610,-0.335,-1.104,124
9990,11.463,1.440,0.000,-73.992,-0.316,-1.108,124
9991,11.464,1.439,0.000,-74.394,-0.305,-1.111,124
9992,11.464,1.437,0.000,-74.782,-0.317,-1.109,124
9993,11.465,1.435,0.000,-75.151,-0.301,-1.112,124
9994,11.465,1.433,0.000,-75.530,-0.286,-1.116,124
9995,11.465,1.432,0.000,-75.939,-0.284,-1.115,124
9996,11.466,1.430,0.000,-76.327,-0.270,-1.116,124
9997,11.466,1.429,0.000,-76.715,-0.264,-1.114,124
9998,11.466,1.428,0.000,-77.126,-0.266,-1.111,124
9999,11.467,1.427,0.000,-77.525,-0.228,-1.117,124
10000,11.467,1.425,0.000,-77.910,-0.240,-1.112,124
10001,11.467,1.424,0.000,-78.288,-0.237,-1.109,124
10002,11.467,1.422,0.000,-78.663,-0.222,-1.108,124
10003,11.468,1.421,0.000,-79.020,-0.215,-1.106,124
10004,11.468,1.420,0.000,-79.344,-0.203,-1.104,124
10005,11.468,1.419,0.000,-79.623,-0.194,-1.102,124
10006,11.468,1.417,0.000,-79.860,-0.191,-1.099,124
10007,11.468,1.416,0.000,-80.058,-0.188,-1.096,124
10008,11.469,1.415,0.000,-80.218,-0.183,-1.093,124
10009,11.469,1.414,0.000,-80.342,-0.180,-1.090,124
10010,11.469,1.412,0.000,-80.432,-0.178,-1.087,124
10011,11.469,1.411,0.000,-80.490,-0.176,-1.084,124
10012,11.469,1.410,0.000,-80.517,-0.175,-1.080,124
10013,11.470,1.409,0.000,-80.518,-0.174,-1.077,124
10014,11.470,1.408,0.000,-80.499,-0.174,-1.074,124
10015,11.470,1.407,0.000,-80.465,-0.174,-1.070,124
10016,11.470,1.405,0.000,-80.422,-0.175,-1.067,124
10017,11.470,1.404,0.000,-80.377,-0.175,-1.063,124
10018,11.470,1.403,0.000,-80.335,-0.175,-1.060,124
10019,11.471,1.402,0.000,-80.301,-0.175,-1.056,124
10020,11.471,1.401,0.000,-80.279,-0.175,-1.053,124
10021,11.471,1.400,0.000,-80.272,-0.174,-1.050,124
10022,11.471,1.399,0.000,-80.282,-0.174,-1.046,124
10023,11.471,1.398,0.000,-80.307,-0.173,-1.043,124
10024,11.472,1.397,0.000,-80.349,-0.171,-1.040,124
10025,11.472,1.396,0.000,-80.405,-0.170,-1.037,124
10026,11.472,1.395,0.000,-80.474,-0.168,-1.034,124
10027,11.472,1.394,0.000,-80.548,-0.181,-1.030,124
10028,11.472,1.393,0.000,-80.646,-0.180,-1.026,124
10029,11.472,1.392,0.000,-80.751,-0.169,-1.024,124
10030,11.473,1.391,0.000,-80.861,-0.167,-1.020,124
10031,11.473,1.390,0.000,-80.975,-0.168,-1.015,124
10032,11.473,1.389,0.000,-81.091,-0.165,-1.012,124
10033,11.473,1.389,0.000,-81.208,-0.161,-1.008,124
10034,11.473,1.388,0.000,-81.322,-0.158,-1.005,124
10035,11.473,1.387,0.000,-81.431,-0.156,-1.001,124
10036,11.473,1.386,0.000,-81.533,-0.154,-0.998,124
10037,11.474,1.385,0.000,-81.587,-0.153,-0.995,124
10038,11.474,1.384,0.000,-81.596,-0.152,-0.991,124
10039,11.474,1.383,0.000,-81.598,-0.151,-0.987,124
10040,11.474,1.382,0.000,-81.591,-0.151,-0.984,124
10041,11.474,1.382,0.000,-81.575,-0.131,-0.983,124
10042,11.474,1.381,0.000,-81.546,-0.149,-0.976,124
10043,11.474,1.380,0.000,-81.497,-0.140,-0.973,124
10044,11.475,1.379,0.000,-81.437,-0.137,-0.969,124
10045,11.475,1.378,0.000,-81.361,-0.141,-0.963,124
10046,11.475,1.378,0.000,-81.270,-0.143,-0.958,124
10047,11.475,1.377,0.000,-81.162,-0.143,-0.954,124
10048,11.475,1.376,0.000,-81.034,-0.144,-0.949,124
10049,11.475,1.376,0.000,-80.884,-0.146,-0.944,124
10050,11.475,1.375,0.000,-80.711,-0.148,-0.939,124
10051,11.475,1.374,0.000,-80.512,-0.151,-0.934,124
10052,11.475,1.373,0.000,-80.286,-0.154,-0.929,124
10053,11.475,1.373,0.000,-80.032,-0.157,-0.924,124
10054,11.475,1.372,0.000,-79.748,-0.161,-0.919,124
10055,11.476,1.371,0.000,-79.435,-0.165,-0.914,124
10056,11.476,1.371,0.000,-79.093,-0.170,-0.909,124
10057,11.476,1.370,0.000,-78.723,-0.175,-0.904,124
10058,11.476,1.370,0.000,-78.325,-0.180,-0.899,124
10059,11.476,1.369,0.000,-77.904,-0.191,-0.892,124
10060,11.476,1.368,0.000,-77.471,-0.193,-0.887,124
10061,11.476,1.368,0.000,-77.011,-0.196,-0.882,124
10062,11.476,1.367,0.000,-76.529,-0.204,-0.876,124
10063,11.476,1.366,0.000,-76.030,-0.212,-0.870,124
10064,11.477,1.366,0.000,-75.516,-0.218,-0.865,124
10065,11.477,1.365,0.000,-74.992,-0.224,-0.859,124
10066,11.477,1.365,0.000,-74.461,-0.231,-0.853,124
10067,11.477,1.364,0.000,-73.929,-0.239,-0.847,124
10068,11.477,1.364,0.000,-73.400,-0.248,-0.840,124
10069,11.477,1.363,0.000,-72.880,-0.250,-0.836,124
10070,11.478,1.363,0.000,-72.370,-0.278,-0.823,124
10071,11.477,1.362,0.000,-71.818,-0.246,-0.827,124
10072,11.478,1.361,0.000,-71.232,-0.295,-0.808,124
10073,11.478,1.361,0.000,-70.649,-0.279,-0.808,124
10074,11.478,1.360,0.000,-70.078,-0.274,-0.804,124
10075,11.478,1.360,0.000,-69.506,-0.299,-0.791,124
10076,11.478,1.359,0.000,-68.943,-0.305,-0.781,124
10077,11.478,1.359,0.000,-68.474,-0.312,-0.771,124
10078,11.479,1.359,0.000,-68.103,-0.314,-0.764,124
10079,11.479,1.358,0.000,-67.813,-0.314,-0.757,124
10080,11.479,1.358,0.000,-67.590,-0.315,-0.750,124
10081,11.479,1.357,0.000,-67.417,-0.299,-0.750,124
10082,11.479,1.357,0.000,-67.236,-0.313,-0.738,124
10083,11.479,1.356,0.000,-67.013,-0.303,-0.734,124
10084,11.480,1.356,0.000,-66.802,-0.312,-0.723,124
10085,11.480,1.356,0.000,-66.565,-0.312,-0.714,124
10086,11.480,1.355,0.000,-66.351,-0.308,-0.707,124
10087,11.480,1.355,0.000,-66.171,-0.301,-0.702,124
10088,11.481,1.354,0.000,-66.140,-0.324,-0.686,124
10089,11.481,1.354,0.000,-66.103,-0.287,-0.694,124
10090,11.481,1.354,0.000,-66.037,-0.305,-0.677,124
10091,11.481,1.353,0.000,-66.000,-0.298,-0.673,124
10092,11.481,1.353,0.000,-66.018,-0.287,-0.669,124
10093,11.482,1.352,0.000,-66.450,-0.282,-0.663,124
10094,11.482,1.352,0.000,-67.244,-0.272,-0.659,124
10095,11.482,1.352,0.000,-68.303,-0.256,-0.657,124
10096,11.482,1.351,0.000,-69.540,-0.238,-0.656,124
10097,11.483,1.351,0.000,-70.895,-0.220,-0.654,124
10098,11.483,1.351,0.000,-72.329,-0.202,-0.652,124
10099,11.483,1.351,0.000,-73.812,-0.183,-0.649,124
10100,11.483,1.350,0.000,-75.315,-0.181,-0.642,124
10101,11.483,1.350,0.000,-76.805,-0.148,-0.644,124
10102,11.483,1.349,0.000,-78.292,-0.144,-0.638,124
10103,11.483,1.349,0.000,-79.759,-0.105,-0.641,124
10104,11.483,1.348,0.000,-81.229,-0.109,-0.637,124
10105,11.484,1.347,0.000,-82.689,-0.067,-0.635,124
10106,11.484,1.347,0.000,-84.134,-0.069,-0.628,124
10107,11.484,1.347,0.000,-85.564,-0.042,-0.624,124
10108,11.484,1.346,0.000,-86.978,-0.023,-0.618,124
10109,11.484,1.346,0.000,-88.373,-0.034,-0.611,124
10110,11.484,1.346,0.000,-89.748,0.019,-0.605,124
10111,11.484,1.346,0.000,-91.107,0.001,-0.597,124
10112,11.484,1.345,0.000,-92.445,0.022,-0.590,124
10113,11.484,1.345,0.000,-93.755,0.040,-0.582,124
10114,11.484,1.345,0.000,-95.039,0.050,-0.574,124
10115,11.483,1.344,0.000,-96.310,0.074,-0.565,124
10116,11.484,1.344,0.000,-97.525,0.080,-0.557,124
10117,11.484,1.344,0.000,-98.676,0.077,-0.550,124
10118,11.483,1.343,0.000,-99.800,0.094,-0.543,124
10119,11.483,1.343,0.000,-100.916,0.091,-0.536,124
10120,11.483,1.342,0.000,-101.994,0.106,-0.527,124
10121,11.483,1.342,0.000,-102.968,0.116,-0.518,124
10122,11.483,1.341,0.000,-103.822,0.120,-0.512,124
10123,11.483,1.341,0.000,-104.564,0.125,-0.505,124
10124,11.482,1.341,0.000,-105.197,0.129,-0.498,124
10125,11.482,1.340,0.000,-105.759,0.155,-0.484,124
10126,11.482,1.340,0.000,-106.325,0.141,-0.481,124
10127,11.482,1.340,0.000,-106.894,0.145,-0.470,124
10128,11.482,1.340,0.000,-107.435,0.153,-0.460,124
10129,11.482,1.340,0.000,-107.866,0.142,-0.455,124
10130,11.482,1.339,0.000,-108.272,0.147,-0.447,124
10131,11.484,1.344,0.000,-108.749,0.131,-0.419,124
10132,11.486,1.349,0.000,-109.315,0.132,-0.386,124
10133,11.488,1.354,0.000,-109.954,0.129,-0.355,131
10134,11.490,1.358,0.000,-110.574,0.132,-0.324,131
10135,11.491,1.361,0.000,-110.991,0.124,-0.303,131
10136,11.491,1.361,0.000,-111.064,0.120,-0.301,131
10137,11.491,1.360,0.000,-110.593,0.116,-0.300,131
10138,11.493,1.363,0.000,-109.583,0.106,-0.279,131
10139,11.493,1.362,0.000,-107.868,0.087,-0.281,131
10140,11.492,1.360,0.000,-105.920,0.090,-0.284,129
10141,11.492,1.361,0.000,-103.976,0.066,-0.280,129
10142,11.492,1.360,0.000,-102.023,0.074,-0.275,129
10143,11.492,1.359,0.000,-100.048,0.057,-0.275,129
10144,11.492,1.359,0.000,-98.048,0.036,-0.273,129
10145,11.492,1.358,0.000,-96.032,0.037,-0.269,129
10146,11.492,1.356,0.000,-94.002,0.007,-0.275,129
10147,11.492,1.355,0.000,-91.962,0.016,-0.273,129
10148,11.492,1.353,0.000,-89.837,0.007,-0.275,129
10149,11.492,1.351,0.000,-87.604,-0.006,-0.277,129
10150,11.491,1.349,0.000,-85.252,-0.019,-0.280,129
10151,11.492,1.347,0.000,-82.757,-0.031,-0.283,129
10152,11.492,1.344,0.000,-80.081,-0.044,-0.287,129
10153,11.492,1.341,0.000,-77.190,-0.061,-0.291,129
10154,11.493,1.338,0.000,-74.068,-0.079,-0.295,129
10155,11.494,1.335,0.000,-70.773,-0.118,-0.293,129
10156,11.495,1.332,0.000,-67.466,-0.126,-0.300,129
10157,11.497,1.327,0.000,-64.344,-0.150,-0.307,129
10158,11.499,1.324,0.000,-61.395,-0.175,-0.307,131
10159,11.495,1.330,0.000,-58.702,-0.172,-0.269,131
10160,11.492,1.335,0.000,-56.496,-0.147,-0.247,131
10161,11.495,1.331,0.000,-54.277,-0.169,-0.252,131
10162,11.492,1.335,0.000,-52.126,-0.166,-0.217,131
10163,11.489,1.339,0.000,-50.369,-0.150,-0.191,131
10164,11.485,1.343,0.000,-49.382,-0.140,-0.159,131
10165,11.481,1.348,0.000,-48.695,-0.105,-0.144,131
10166,11.477,1.352,0.000,-48.057,-0.113,-0.097,131
10167,11.473,1.357,0.000,-47.428,-0.067,-0.093,131
10168,11.470,1.360,0.000,-46.809,-0.054,-0.067,131
10169,11.465,1.365,0.000,-46.191,-0.031,-0.039,131
10170,11.461,1.369,0.000,-45.596,-0.017,-0.013,131
10171,11.457,1.374,0.000,-44.998,0.009,0.011,131
10172,11.453,1.377,0.000,-44.409,0.040,0.017,131
10173,11.449,1.381,0.000,-43.838,0.050,0.051,131
10174,11.446,1.384,0.000,-43.510,0.072,0.062,131
10175,11.443,1.387,0.000,-43.971,0.091,0.078,131
10176,11.440,1.390,0.000,-45.163,0.105,0.097,131
10177,11.437,1.393,0.000,-46.733,0.118,0.118,131
10178,11.435,1.396,0.000,-48.415,0.130,0.139,131
10179,11.432,1.399,0.000,-50.107,0.141,0.159,131
10180,11.430,1.402,0.000,-51.779,0.149,0.181,131
10181,11.427,1.404,0.000,-53.434,0.152,0.205,131
10182,11.425,1.407,0.000,-55.071,0.159,0.226,131
10183,11.423,1.410,0.000,-56.692,0.152,0.254,131
10184,11.422,1.413,0.000,-58.295,0.191,0.251,131
10185,11.420,1.416,0.000,-59.875,0.151,0.297,131
10186,11.418,1.418,0.000,-61.406,0.190,0.298,131
10187,11.417,1.421,0.000,-62.856,0.156,0.335,131
10188,11.416,1.424,0.000,-64.257,0.188,0.339,131
10189,11.414,1.426,0.000,-65.646,0.139,0.381,131
10190,11.414,1.429,0.000,-67.026,0.179,0.379,131
10191,11.412,1.431,0.000,-68.389,0.138,0.414,131
10192,11.411,1.434,0.000,-69.701,0.172,0.418,131
10193,11.413,1.430,0.000,-70.907,0.149,0.409,131
10194,11.412,1.432,0.000,-72.003,0.140,0.427,131
10195,11.412,1.434,0.000,-73.258,0.137,0.442,131
10196,11.413,1.429,0.000,-74.547,0.122,0.425,131
10197,11.413,1.430,0.000,-75.813,0.115,0.438,131
10198,11.412,1.433,0.000,-77.069,0.082,0.460,131
10199,11.412,1.434,0.000,-78.300,0.114,0.464,131
10200,11.412,1.436,0.000,-79.524,0.063,0.486,131
10201,11.411,1.438,0.000,-80.756,0.096,0.491,131
10202,11.411,1.441,0.000,-81.986,0.050,0.512,131
10203,11.411,1.443,0.000,-83.199,0.072,0.520,131
10204,11.411,1.445,0.000,-84.458,0.059,0.532,131
10205,11.410,1.446,0.000,-85.812,0.044,0.543,131
10206,11.410,1.448,0.000,-87.242,0.031,0.554,131
10207,11.410,1.450,0.000,-88.733,0.018,0.564,131
10208,11.410,1.452,0.000,-90.247,-0.008,0.575,131
10209,11.410,1.453,0.000,-91.758,-0.029,0.582,131
10210,11.411,1.455,0.000,-93.321,-0.038,0.590,131
10211,11.411,1.456,0.000,-94.934,-0.033,0.599,131
10212,11.411,1.458,0.000,-96.549,-0.076,0.602,131
10213,11.411,1.459,0.000,-98.223,-0.068,0.611,131
10214,11.412,1.461,0.000,-99.894,-0.111,0.611,131
10215,11.412,1.462,0.000,-101.566,-0.112,0.618,131
10216,11.412,1.464,0.000,-103.276,-0.137,0.622,131
10217,11.412,1.463,0.000,-105.006,-0.162,0.609,131
10218,11.412,1.464,0.000,-106.876,-0.181,0.610,131
10219,11.412,1.465,0.000,-109.163,-0.205,0.610,131
10220,11.411,1.462,0.000,-111.261,-0.222,0.587,131
10221,11.412,1.463,0.000,-113.133,-0.246,0.584,131
10222,11.412,1.465,0.000,-115.256,-0.276,0.579,131
10223,11.413,1.466,0.000,-117.374,-0.307,0.570,131
10224,11.414,1.467,0.000,-119.754,-0.330,0.565,131
10225,11.415,1.469,0.000,-122.367,-0.338,0.572,131
10226,11.416,1.470,0.000,-124.985,-0.389,0.549,131
10227,11.417,1.472,0.000,-127.599,-0.412,0.542,131
10228,11.418,1.473,0.000,-130.169,-0.453,0.519,131
10229,11.419,1.474,0.000,-132.716,-0.473,0.512,131
10230,11.420,1.476,0.000,-135.231,-0.501,0.495,131
10231,11.422,1.477,0.000,-137.686,-0.541,0.470,131
10232,11.424,1.479,0.000,-140.057,-0.547,0.477,131
10233,11.425,1.480,0.000,-142.424,-0.583,0.443,131
10234,11.427,1.481,0.000,-144.774,-0.595,0.443,131
10235,11.428,1.482,0.000,-147.109,-0.632,0.404,131
10236,11.430,1.483,0.000,-149.434,-0.650,0.387,131
10237,11.432,1.484,0.000,-151.710,-0.669,0.369,131
10238,11.433,1.485,0.000,-153.984,-0.698,0.329,131
10239,11.435,1.486,0.000,-156.262,-0.714,0.316,131
10240,11.437,1.486,0.000,-158.628,-0.732,0.292,131
10241,11.439,1.487,0.000,-160.990,-0.754,0.256,131
10242,11.441,1.488,0.000,-163.251,-0.770,0.237,131
10243,11.443,1.488,0.000,-165.501,-0.786,0.209,131
10244,11.445,1.489,0.000,-167.733,-0.802,0.180,131
10245,11.447,1.489,0.000,-169.942,-0.817,0.139,131
10246,11.450,1.489,0.000,-172.138,-0.831,0.103,131
10247,11.451,1.489,0.000,-174.301,-0.840,0.081,131
10248,11.453,1.490,0.000,-176.434,-0.849,0.051,131
10249,11.456,1.490,0.000,-178.538,-0.859,0.023,131
10250,11.458,1.490,0.000,179.381,-0.866,0.002,131
10251,11.460,1.490,0.000,177.326,-0.873,-0.029,131
10252,11.463,1.489,0.000,175.287,-0.878,-0.075,131
10253,11.465,1.489,0.000,173.263,-0.882,-0.101,131
10254,11.467,1.489,0.000,171.260,-0.882,-0.143,131
10255,11.469,1.489,0.000,169.312,-0.883,-0.175,131
10256,11.472,1.488,0.000,167.414,-0.889,-0.182,131
10257,11.474,1.488,0.000,165.505,-0.887,-0.221,131
10258,11.479,1.486,0.000,163.553,-0.894,-0.264,131
10259,11.481,1.485,0.000,161.606,-0.893,-0.293,131
10260,11.484,1.484,0.000,159.846,-0.893,-0.320,131
10261,11.486,1.483,0.000,158.255,-0.891,-0.348,131
10262,11.489,1.482,0.000,156.810,-0.889,-0.376,131
10263,11.491,1.481,0.000,155.486,-0.887,-0.399,131
10264,11.494,1.480,0.000,154.261,-0.887,-0.421,131
10265,11.497,1.478,0.000,153.117,-0.886,-0.443,131
10266,11.499,1.477,0.000,152.042,-0.885,-0.464,131
10267,11.502,1.476,0.000,151.024,-0.885,-0.484,131
10268,11.504,1.474,0.000,150.057,-0.884,-0.503,131
10269,11.507,1.473,0.000,149.132,-0.884,-0.522,131
10270,11.509,1.471,0.000,148.244,-0.884,-0.541,131
10271,11.512,1.470,0.000,147.390,-0.884,-0.559,131
10272,11.514,1.468,0.000,146.566,-0.885,-0.578,131
10273,11.517,1.466,0.000,145.769,-0.875,-0.610,131
10274,11.520,1.464,0.000,144.982,-0.896,-0.601,131
10275,11.522,1.462,0.000,144.170,-0.879,-0.645,131
10276,11.525,1.460,0.000,143.345,-0.890,-0.651,131
10277,11.527,1.459,0.000,142.641,-0.886,-0.669,131
10278,11.530,1.456,0.000,141.954,-0.882,-0.694,131
10279,11.533,1.454,0.000,141.232,-0.892,-0.700,131
10280,11.536,1.452,0.000,140.467,-0.892,-0.724,131
10281,11.539,1.449,0.000,139.839,-0.889,-0.747,131
10282,11.541,1.447,0.000,139.400,-0.893,-0.761,131
10283,11.544,1.445,0.000,139.064,-0.888,-0.786,131
10284,11.547,1.442,0.000,138.792,-0.900,-0.791,131
10285,11.550,1.440,0.000,138.557,-0.906,-0.802,131
10286,11.552,1.437,0.000,138.364,-0.909,-0.817,131
10287,11.555,1.435,0.000,138.210,-0.929,-0.813,131
10288,11.558,1.432,0.000,138.082,-0.932,-0.830,131
10289,11.561,1.430,0.000,137.985,-0.938,-0.842,131
10290,11.563,1.427,0.000,137.937,-0.949,-0.850,131
10291,11.566,1.425,0.000,137.912,-0.960,-0.858,131
10292,11.569,1.422,0.000,137.914,-0.956,-0.882,131
10293,11.572,1.420,0.000,137.931,-0.986,-0.865,131
10294,11.575,1.417,0.000,137.912,-0.987,-0.886,131
10295,11.578,1.414,0.000,137.873,-0.993,-0.902,131
10296,11.581,1.412,0.000,137.811,-1.009,-0.905,131
10297,11.584,1.409,0.000,137.843,-1.022,-0.912,131
10298,11.587,1.406,0.000,137.959,-1.031,-0.923,131
10299,11.590,1.404,0.000,138.133,-1.044,-0.930,131
10300,11.593,1.401,0.000,138.336,-1.059,-0.935,131
10301,11.596,1.398,0.000,138.554,-1.064,-0.951,131
10302,11.599,1.396,0.000,138.786,-1.084,-0.950,131
10303,11.602,1.393,0.000,139.026,-1.098,-0.957,131
10304,11.605,1.390,0.000,139.248,-1.121,-0.951,131
10305,11.608,1.388,0.000,139.465,-1.125,-0.969,131
10306,11.611,1.385,0.000,139.682,-1.154,-0.957,131
10307,11.614,1.383,0.000,139.863,-1.161,-0.971,131
10308,11.617,1.380,0.000,140.028,-1.162,-0.991,131
10309,11.620,1.377,0.000,140.244,-1.183,-0.989,131
10310,11.623,1.375,0.000,140.497,-1.211,-0.976,131
10311,11.626,1.372,0.000,140.721,-1.213,-0.996,131
10312,11.629,1.370,0.000,140.896,-1.230,-0.997,131
10313,11.632,1.367,0.000,141.013,-1.247,-0.998,131
10314,11.635,1.365,0.000,141.175,-1.259,-1.003,131
10315,11.638,1.363,0.000,141.371,-1.271,-1.010,131
10316,11.641,1.360,0.000,141.581,-1.285,-1.014,131
10317,11.644,1.358,0.000,141.792,-1.295,-1.023,131
10318,11.647,1.355,0.000,142.018,-1.313,-1.023,131
10319,11.650,1.353,0.000,142.293,-1.335,-1.016,131
10320,11.653,1.351,0.000,142.525,-1.344,-1.027,131
10321,11.656,1.348,0.000,142.718,-1.357,-1.031,131
10322,11.659,1.346,0.000,142.899,-1.373,-1.030,131
10323,11.662,1.344,0.000,143.067,-1.387,-1.034,131
10324,11.665,1.342,0.000,143.226,-1.399,-1.039,131
10325,11.668,1.339,0.000,143.379,-1.400,-1.059,131
10326,11.671,1.337,0.000,143.569,-1.420,-1.055,131
10327,11.674,1.335,0.000,143.761,-1.437,-1.054,131
10328,11.677,1.333,0.000,143.902,-1.447,-1.062,131
10329,11.680,1.331,0.000,144.012,-1.459,-1.068,131
10330,11.683,1.328,0.000,144.105,-1.472,-1.072,131
10331,11.686,1.326,0.000,144.188,-1.485,-1.077,131
10332,11.689,1.324,0.000,144.265,-1.496,-1.083,131
10333,11.692,1.322,0.000,144.342,-1.508,-1.089,131
10334,11.695,1.320,0.000,144.421,-1.520,-1.094,131
10335,11.698,1.318,0.000,144.503,-1.533,-1.099,131
10336,11.701,1.316,0.000,144.588,-1.549,-1.098,131
10337,11.704,1.314,0.000,144.660,-1.560,-1.107,131
10338,11.707,1.311,0.000,144.697,-1.575,-1.108,131
10339,11.710,1.309,0.000,144.764,-1.588,-1.111,131
10340,11.715,1.306,0.000,144.915,-1.609,-1.123,131
10341,11.718,1.304,0.000,145.155,-1.623,-1.125,131
10342,11.721,1.302,0.000,145.335,-1.637,-1.126,131
10343,11.723,1.300,0.000,145.484,-1.641,-1.140,131
10344,11.726,1.298,0.000,145.616,-1.665,-1.129,131
10345,11.729,1.296,0.000,145.693,-1.675,-1.136,131
10346,11.732,1.294,0.000,145.783,-1.686,-1.141,131
10347,11.734,1.292,0.000,145.888,-1.688,-1.160,131
10348,11.737,1.291,0.000,146.008,-1.706,-1.155,131
10349,11.740,1.289,0.000,146.132,-1.720,-1.154,131
10350,11.743,1.287,0.000,146.249,-1.733,-1.156,131
10351,11.745,1.285,0.000,146.362,-1.741,-1.166,131
10352,11.748,1.283,0.000,146.471,-1.751,-1.170,131
10353,11.751,1.282,0.000,146.575,-1.765,-1.171,131
10354,11.753,1.280,0.000,146.673,-1.777,-1.173,131
10355,11.756,1.278,0.000,146.764,-1.797,-1.164,131
10356,11.758,1.276,0.000,146.813,-1.795,-1.186,131
10357,11.761,1.275,0.000,146.864,-1.819,-1.171,131
10358,11.764,1.273,0.000,146.898,-1.827,-1.177,131
10359,11.766,1.271,0.000,146.829,-1.830,-1.194,131
10360,11.769,1.270,0.000,146.744,-1.837,-1.202,131
10361,11.771,1.268,0.000,146.746,-1.848,-1.204,131
10362,11.774,1.266,0.000,146.797,-1.856,-1.208,131
10363,11.776,1.265,0.000,146.861,-1.825,-1.201,131
10364,11.779,1.263,0.000,146.933,-1.797,-1.180,131
10365,11.781,1.262,0.000,147.010,-1.773,-1.154,131
10366,11.783,1.260,0.000,147.085,-1.751,-1.126,131
10367,11.786,1.259,0.000,147.155,-1.725,-1.102,131
10368,11.788,1.257,0.000,147.222,-1.696,-1.085,131
10369,11.790,1.256,0.000,147.289,-1.668,-1.066,131
10370,11.793,1.254,0.000,147.355,-1.642,-1.045,131
10371,11.795,1.253,0.000,147.418,-1.615,-1.025,131
10372,11.797,1.251,0.000,147.479,-1.588,-1.006,131
10373,11.799,1.250,0.000,147.538,-1.561,-0.987,131
10374,11.801,1.249,0.000,147.594,-1.535,-0.968,131
10375,11.804,1.247,0.000,147.645,-1.509,-0.949,131
10376,11.806,1.246,0.000,147.693,-1.475,-0.944,131
10377,11.808,1.244,0.000,147.775,-1.451,-0.922,131
10378,11.810,1.243,0.000,147.854,-1.424,-0.905,131
10379,11.812,1.242,0.000,147.915,-1.412,-0.867,131
10380,11.814,1.240,0.000,147.947,-1.383,-0.855,131
10381,11.817,1.239,0.000,147.974,-1.342,-0.864,131
10382,11.819,1.238,0.000,147.995,-1.341,-0.807,131
10383,11.821,1.236,0.000,147.993,-1.296,-0.822,131
10384,11.823,1.235,0.000,147.890,-1.278,-0.797,131
10385,11.825,1.233,0.000,147.806,-1.242,-0.797,131
10386,11.827,1.232,0.000,147.723,-1.232,-0.754,131
10387,11.829,1.231,0.000,147.726,-1.193,-0.755,131
10388,11.830,1.230,0.000,147.741,-1.166,-0.740,131
10389,11.832,1.229,0.000,147.757,-1.140,-0.724,131
10390,11.834,1.228,0.000,147.773,-1.130,-0.682,131
10391,11.836,1.227,0.000,147.755,-1.081,-0.705,131
10392,11.838,1.225,0.000,147.716,-1.081,-0.645,131
10393,11.839,1.224,0.000,147.670,-1.028,-0.671,131
10394,11.842,1.223,0.000,147.625,-1.028,-0.620,131
10395,11.843,1.222,0.000,147.584,-0.971,-0.652,131
10396,11.845,1.221,0.000,147.556,-0.975,-0.590,131
10397,11.847,1.220,0.000,147.530,-0.941,-0.591,131
10398,11.849,1.218,0.000,147.510,-0.891,-0.618,131
10399,11.850,1.217,0.000,147.430,-0.910,-0.533,131
10400,11.852,1.216,0.000,147.290,-0.861,-0.560,131
10401,11.854,1.215,0.000,147.089,-0.830,-0.557,131
10402,11.856,1.214,0.000,146.901,-0.836,-0.497,131
10403,11.858,1.213,0.000,146.726,-0.774,-0.539,131
10404,11.859,1.212,0.000,146.558,-0.777,-0.481,131
10405,11.861,1.211,0.000,146.392,-0.737,-0.492,131
10406,11.862,1.210,0.000,146.241,-0.710,-0.476,131
10407,11.864,1.209,0.000,146.087,-0.699,-0.444,131
10408,11.865,1.208,0.000,145.932,-0.653,-0.458,131
10409,11.867,1.207,0.000,145.774,-0.654,-0.414,131
10410,11.868,1.206,0.000,145.615,-0.607,-0.431,131
10411,11.869,1.205,0.000,145.448,-0.602,-0.385,131
10412,11.871,1.204,0.000,145.248,-0.558,-0.400,131
10413,11.873,1.203,0.000,145.062,-0.551,-0.362,131
10414,11.874,1.202,0.000,144.909,-0.515,-0.364,131
10415,11.876,1.200,0.000,144.768,-0.496,-0.348,131
10416,11.877,1.199,0.000,144.608,-0.482,-0.322,131
10417,11.879,1.198,0.000,144.462,-0.446,-0.325,131
10418,11.880,1.197,0.000,144.311,-0.417,-0.317,131
10419,11.882,1.196,0.000,144.165,-0.415,-0.270,131
10420,11.883,1.195,0.000,143.994,-0.371,-0.283,131
10421,11.885,1.194,0.000,143.832,-0.365,-0.244,131
10422,11.886,1.193,0.000,143.689,-0.330,-0.244,131
10423,11.887,1.192,0.000,143.628,-0.306,-0.226,131
10424,11.888,1.191,0.000,143.643,-0.287,-0.202,131
10425,11.889,1.190,0.000,144.037,-0.265,-0.183,131
10426,11.891,1.189,0.000,144.680,-0.242,-0.166,131
10427,11.892,1.188,0.000,145.413,-0.220,-0.146,131
10428,11.893,1.188,0.000,146.158,-0.199,-0.126,131
10429,11.894,1.187,0.000,146.880,-0.177,-0.108,131
10430,11.895,1.186,0.000,147.563,-0.154,-0.091,131
10431,11.896,1.186,0.000,148.203,-0.131,-0.075,131
10432,11.897,1.185,0.000,148.798,-0.108,-0.059,131
10433,11.898,1.184,0.000,149.348,-0.084,-0.044,131
10434,11.899,1.184,0.000,149.875,-0.053,-0.038,131
10435,11.900,1.183,0.000,150.333,-0.036,-0.014,131
10436,11.901,1.183,0.000,150.765,-0.014,0.003,131
10437,11.902,1.182,0.000,151.157,0.012,0.013,131
10438,11.903,1.181,0.000,151.513,0.036,0.024,131
10439,11.904,1.181,0.000,151.838,0.060,0.038,131
10440,11.905,1.180,0.000,152.130,0.083,0.051,131
10441,11.906,1.180,0.000,152.391,0.107,0.062,131
10442,11.908,1.179,0.000,152.624,0.133,0.068,131
10443,11.909,1.179,0.000,152.855,0.156,0.080,131
10444,11.910,1.178,0.000,153.125,0.182,0.087,131
10445,11.910,1.178,0.000,153.406,0.204,0.112,131
10446,11.912,1.177,0.000,153.647,0.224,0.124,131
10447,11.912,1.177,0.000,153.892,0.259,0.121,131
10448,11.914,1.176,0.000,154.163,0.272,0.148,131
10449,11.914,1.176,0.000,154.381,0.305,0.151,131
10450,11.915,1.176,0.000,154.569,0.332,0.156,131
10451,11.916,1.175,0.000,154.708,0.361,0.160,131
10452,11.917,1.175,0.000,154.817,0.383,0.186,131
10453,11.918,1.174,0.000,154.890,0.413,0.190,131
10454,11.918,1.174,0.000,154.974,0.441,0.199,131
10455,11.919,1.174,0.000,155.059,0.464,0.215,131
10456,11.920,1.173,0.000,155.114,0.481,0.246,131
10457,11.921,1.173,0.000,155.169,0.519,0.233,131
10458,11.922,1.172,0.000,155.224,0.535,0.265,131
10459,11.923,1.172,0.000,155.284,0.569,0.259,131
10460,11.924,1.171,0.000,155.345,0.588,0.281,131
10461,11.925,1.171,0.000,155.410,0.629,0.259,131
10462,11.926,1.170,0.000,155.482,0.637,0.310,131
10463,11.927,1.170,0.000,155.554,0.684,0.278,131
10464,11.928,1.170,0.000,155.619,0.692,0.332,131
10465,11.929,1.169,0.000,155.677,0.735,0.306,131
10466,11.930,1.169,0.000,155.714,0.748,0.349,131
10467,11.931,1.168,0.000,155.732,0.788,0.333,131
10468,11.932,1.168,0.000,155.717,0.803,0.368,131
10469,11.933,1.167,0.000,155.696,0.836,0.368,131
10470,11.933,1.167,0.000,155.640,0.865,0.381,131
10471,11.934,1.167,0.000,155.587,0.889,0.404,131
10472,11.935,1.166,0.000,155.538,0.919,0.414,131
10473,11.935,1.166,0.000,155.465,0.948,0.424,131
10474,11.936,1.166,0.000,155.384,0.975,0.440,131
10475,11.937,1.165,0.000,155.298,1.001,0.456,131
10476,11.938,1.165,0.000,155.210,1.019,0.487,131
10477,11.939,1.164,0.000,155.127,1.054,0.479,131
10478,11.939,1.164,0.000,154.980,1.079,0.501,131
10479,11.940,1.164,0.000,154.842,1.107,0.515,131
10480,11.940,1.164,0.000,154.747,1.135,0.528,131
10481,11.941,1.163,0.000,154.686,1.161,0.543,131
10482,11.942,1.163,0.000,154.646,1.188,0.557,131
10483,11.942,1.163,0.000,154.617,1.207,0.587,131
10484,11.943,1.162,0.000,154.598,1.242,0.585,131
10485,11.943,1.162,0.000,154.596,1.262,0.611,131
10486,11.944,1.162,0.000,154.549,1.290,0.624,131
10487,11.945,1.162,0.000,154.511,1.330,0.611,131
10488,11.945,1.161,0.000,154.461,1.345,0.654,131
10489,11.945,1.161,0.000,154.398,1.377,0.661,131
10490,11.946,1.161,0.000,154.356,1.409,0.665,131
10491,11.946,1.161,0.000,154.315,1.433,0.691,131
10492,11.947,1.161,0.000,154.255,1.468,0.691,131
10493,11.947,1.161,0.000,154.185,1.491,0.721,131
10494,11.947,1.160,0.000,154.110,1.520,0.734,131
10495,11.948,1.160,0.000,154.062,1.551,0.745,131
10496,11.948,1.160,0.000,154.055,1.579,0.761,131
10497,11.949,1.160,0.000,154.066,1.607,0.777,131
10498,11.949,1.159,0.000,154.082,1.636,0.790,131
10499,11.950,1.159,0.000,154.103,1.664,0.804,131
10500,11.950,1.159,0.000,154.125,1.687,0.827,131
10501,11.950,1.159,0.000,154.170,1.723,0.832,131
10502,11.951,1.159,0.000,154.219,1.752,0.845,131
10503,11.951,1.159,0.000,154.268,1.779,0.863,131
10504,11.952,1.158,0.000,154.315,1.812,0.871,131
10505,11.952,1.158,0.000,154.361,1.844,0.881,131
10506,11.952,1.158,0.000,154.404,1.876,0.892,131
10507,11.953,1.158,0.000,154.446,1.905,0.911,131
10508,11.952,1.158,0.000,154.482,1.942,0.923,131
10509,11.953,1.158,0.000,154.482,1.975,0.933,131
10510,11.953,1.158,0.000,154.479,1.998,0.949,131
10511,11.954,1.157,0.000,154.465,1.980,0.938,131
10512,11.954,1.157,0.000,154.443,1.954,0.929,131
10513,11.954,1.157,0.000,154.425,1.929,0.918,131
10514,11.955,1.157,0.000,154.409,1.905,0.906,131
10515,11.955,1.157,0.000,154.400,1.880,0.896,131
10516,11.956,1.157,0.000,154.393,1.850,0.896,131
10517,11.956,1.156,0.000,154.328,1.827,0.885,131
10518,11.956,1.156,0.000,154.286,1.806,0.870,131
10519,11.957,1.156,0.000,154.286,1.782,0.863,131
10520,11.957,1.156,0.000,154.299,1.759,0.855,131
10521,11.958,1.155,0.000,154.313,1.738,0.842,131
10522,11.958,1.155,0.000,154.331,1.717,0.830,131
10523,11.959,1.155,0.000,154.349,1.695,0.820,131
10524,11.959,1.155,0.000,154.361,1.674,0.809,131
10525,11.960,1.155,0.000,154.366,1.653,0.799,131
10526,11.960,1.154,0.000,154.365,1.632,0.789,131
10527,11.960,1.154,0.000,154.357,1.610,0.779,131
10528,11.961,1.154,0.000,154.338,1.589,0.770,131
10529,11.961,1.154,0.000,154.309,1.578,0.741,131
10530,11.962,1.153,0.000,154.293,1.551,0.744,131
10531,11.963,1.153,0.000,154.242,1.530,0.737,131
10532,11.963,1.153,0.000,154.140,1.512,0.726,131
10533,11.963,1.153,0.000,154.034,1.492,0.718,131
10534,11.964,1.152,0.000,153.940,1.471,0.713,131
10535,11.964,1.152,0.000,153.864,1.451,0.707,131
10536,11.965,1.152,0.000,153.813,1.432,0.698,131
10537,11.965,1.152,0.000,153.792,1.414,0.689,131
10538,11.966,1.152,0.000,153.798,1.395,0.681,131
10539,11.966,1.151,0.000,153.822,1.377,0.671,131
10540,11.967,1.151,0.000,153.859,1.360,0.661,131
10541,11.967,1.151,0.000,153.906,1.343,0.651,131
10542,11.968,1.151,0.000,153.962,1.325,0.641,131
10543,11.968,1.150,0.000,154.028,1.309,0.631,131
10544,11.969,1.150,0.000,154.110,1.292,0.621,131
10545,11.970,1.150,0.000,154.213,1.276,0.610,131
10546,11.970,1.150,0.000,154.342,1.260,0.599,131
10547,11.971,1.149,0.000,154.499,1.245,0.588,131
10548,11.971,1.149,0.000,154.680,1.229,0.576,131
10549,11.972,1.149,0.000,154.880,1.213,0.566,131
10550,11.972,1.149,0.000,155.084,1.195,0.561,131
10551,11.973,1.148,0.000,155.294,1.179,0.555,131
10552,11.973,1.148,0.000,155.511,1.169,0.536,131
10553,11.974,1.148,0.000,155.740,1.162,0.509,131
10554,11.974,1.148,0.000,155.956,1.143,0.513,131
10555,11.974,1.148,0.000,156.132,1.137,0.489,131
10556,11.975,1.147,0.000,156.307,1.120,0.487,131
10557,11.975,1.147,0.000,156.481,1.106,0.480,131
10558,11.976,1.147,0.000,156.668,1.095,0.466,131
10559,11.977,1.147,0.000,156.888,1.084,0.455,131
10560,11.977,1.146,0.000,157.134,1.071,0.446,131
10561,11.978,1.146,0.000,157.399,1.059,0.436,131
10562,11.978,1.146,0.000,157.680,1.048,0.424,131
10563,11.979,1.146,0.000,157.973,1.031,0.428,131
10564,11.979,1.146,0.000,158.273,1.026,0.405,131
10565,11.980,1.145,0.000,158.594,1.010,0.408,131
10566,11.980,1.145,0.000,158.916,1.001,0.395,131
10567,11.981,1.145,0.000,159.256,0.993,0.379,131
10568,11.981,1.145,0.000,159.614,0.983,0.370,131
10569,11.981,1.145,0.000,159.981,0.973,0.361,131
10570,11.982,1.144,0.000,160.350,0.964,0.351,131
10571,11.982,1.144,0.000,160.726,0.955,0.339,131
10572,11.983,1.144,0.000,161.109,0.946,0.329,131
10573,11.983,1.144,0.000,161.500,0.937,0.319,131
10574,11.984,1.144,0.000,161.896,0.928,0.309,131
10575,11.984,1.144,0.000,162.297,0.919,0.299,131
10576,11.984,1.143,0.000,162.701,0.910,0.289,131
10577,11.985,1.143,0.000,163.107,0.901,0.279,131
10578,11.985,1.143,0.000,163.515,0.893,0.270,131
10579,11.986,1.143,0.000,163.927,0.884,0.260,131
10580,11.986,1.143,0.000,164.347,0.875,0.251,131
10581,11.986,1.143,0.000,164.777,0.867,0.242,131
10582,11.987,1.143,0.000,165.219,0.859,0.232,131
10583,11.987,1.143,0.000,165.675,0.850,0.223,131
10584,11.987,1.143,0.000,166.143,0.842,0.213,131
10585,11.988,1.143,0.000,166.622,0.834,0.204,131
10586,11.988,1.142,0.000,167.111,0.826,0.195,131
10587,11.988,1.142,0.000,167.608,0.818,0.185,131
10588,11.988,1.142,0.000,168.114,0.810,0.176,131
10589,11.989,1.142,0.000,168.631,0.802,0.167,131
10590,11.989,1.142,0.000,169.159,0.794,0.158,131
10591,11.989,1.142,0.000,169.702,0.787,0.148,131
10592,11.989,1.142,0.000,170.259,0.779,0.139,131
10593,11.990,1.142,0.000,170.831,0.771,0.130,131
10594,11.990,1.142,0.000,171.420,0.764,0.121,131
10595,11.990,1.142,0.000,172.023,0.756,0.111,131
10596,11.990,1.142,0.000,172.641,0.749,0.102,131
10597,11.990,1.142,0.000,173.273,0.742,0.093,131
10598,11.991,1.142,0.000,173.916,0.734,0.084,131
10599,11.991,1.142,0.000,174.572,0.727,0.074,131
10600,11.991,1.142,0.000,175.239,0.720,0.065,131
10601,11.991,1.142,0.000,175.916,0.712,0.056,131
10602,11.991,1.142,0.000,176.605,0.705,0.047,131
10603,11.991,1.142,0.000,177.305,0.698,0.038,131
10604,11.991,1.142,0.000,178.016,0.690,0.029,131
10605,11.991,1.142,0.000,178.712,0.684,0.021,131
10606,11.991,1.142,0.000,179.372,0.677,0.013,131
10607,11.991,1.142,0.000,179.997,0.671,0.005,131
10608,11.991,1.142,0.000,-179.407,0.664,-0.017,131
10609,11.991,1.142,0.000,-178.830,0.657,-0.005,131
10610,11.991,1.142,0.000,-178.270,0.651,-0.016,131
10611,11.991,1.142,0.000,-177.714,0.643,-0.014,131
10612,11.991,1.142,0.000,-177.176,0.637,-0.031,131
10613,11.991,1.142,0.000,-176.667,0.630,-0.031,131
10614,11.991,1.141,0.000,-176.186,0.624,-0.034,131
10615,11.991,1.141,0.000,-175.737,0.617,-0.041,131
10616,11.991,1.141,0.000,-175.318,0.611,-0.046,131
10617,11.991,1.141,0.000,-174.930,0.605,-0.048,131
10618,11.991,1.141,0.000,-174.571,0.598,-0.051,131
10619,11.990,1.141,0.000,-174.241,0.592,-0.054,131
10620,11.990,1.141,0.000,-173.938,0.586,-0.057,131
10621,11.990,1.141,0.000,-173.661,0.580,-0.059,131
10622,11.990,1.141,0.000,-173.410,0.574,-0.061,131
10623,11.990,1.141,0.000,-173.181,0.568,-0.062,131
10624,11.990,1.141,0.000,-172.974,0.561,-0.072,131
10625,11.991,1.141,0.000,-172.772,0.555,-0.071,131
10626,11.991,1.141,0.000,-172.586,0.550,-0.062,131
10627,11.991,1.141,0.000,-172.405,0.543,-0.063,131
10628,11.991,1.141,0.000,-172.241,0.533,-0.081,131
10629,11.991,1.141,0.000,-172.096,0.528,-0.074,131
10630,11.991,1.141,0.000,-171.939,0.524,-0.067,131
10631,11.991,1.141,0.000,-171.788,0.519,-0.067,131
10632,11.991,1.141,0.000,-171.838,0.516,-0.079,131
10633,11.990,1.141,0.000,-172.098,0.515,-0.065,131
10634,11.989,1.141,0.000,-172.465,0.517,-0.067,131
10635,11.990,1.141,0.000,-172.867,0.504,-0.087,131
10636,11.990,1.141,0.000,-173.333,0.511,-0.016,131
10637,11.989,1.141,0.000,-173.827,0.503,-0.075,131
10638,11.991,1.141,0.000,-174.326,0.495,-0.035,131
10639,11.989,1.141,0.000,-174.849,0.502,-0.024,131
10640,11.989,1.141,0.000,-175.397,0.489,-0.088,131
10641,11.990,1.141,0.000,-175.951,0.489,0.000,131
10642,11.988,1.141,0.000,-176.509,0.493,0.003,131
10643,11.989,1.141,0.000,-177.098,0.481,-0.084,131
10644,11.990,1.141,0.000,-177.693,0.475,-0.009,131
10645,11.989,1.141,0.000,-178.288,0.481,0.051,131
10646,11.988,1.141,0.000,-178.882,0.477,-0.043,131
10647,11.989,1.141,0.000,-179.480,0.469,-0.034,131
10648,11.988,1.141,0.000,179.924,0.470,0.063,131
10649,11.987,1.141,0.000,179.330,0.472,-0.005,131
10650,11.988,1.141,0.000,178.715,0.465,-0.058,131
10651,11.988,1.141,0.000,178.104,0.459,0.048,131
10652,11.987,1.141,0.000,177.493,0.461,0.051,131
10653,11.987,1.141,0.000,176.880,0.462,-0.038,131
10654,11.987,1.141,0.000,176.271,0.452,0.035,131
10655,11.986,1.141,0.000,175.661,0.448,0.106,131
10656,11.986,1.141,0.000,175.061,0.455,0.012,131
10657,11.986,1.141,0.000,174.474,0.451,-0.002,131
10658,11.986,1.141,0.000,173.893,0.438,0.108,131
10659,11.985,1.141,0.000,173.317,0.442,0.076,131
10660,11.985,1.141,0.000,172.725,0.449,-0.021,131
10661,11.986,1.141,0.000,172.134,0.434,0.053,131
10662,11.985,1.141,0.000,171.562,0.424,0.127,131
10663,11.985,1.141,0.000,170.991,0.437,0.034,131
10664,11.986,1.141,0.000,170.413,0.435,0.009,131
10665,11.986,1.141,0.000,169.840,0.410,0.132,131
10666,11.985,1.141,0.000,169.271,0.406,0.142,131
10667,11.985,1.141,0.000,168.706,0.427,0.028,131
10668,11.985,1.141,0.000,168.149,0.420,0.047,131
10669,11.985,1.141,0.000,167.589,0.392,0.163,131
10670,11.985,1.141,0.000,167.029,0.399,0.126,131
10671,11.984,1.141,0.000,166.492,0.420,0.031,131
10672,11.984,1.141,0.000,165.965,0.403,0.094,131
10673,11.984,1.141,0.000,165.448,0.384,0.149,131
10674,11.985,1.141,0.000,164.941,0.401,0.071,131
10675,11.984,1.141,0.000,164.443,0.397,0.081,131
10676,11.984,1.141,0.000,163.955,0.376,0.143,131
10677,11.985,1.141,0.000,163.477,0.389,0.086,131
10678,11.984,1.141,0.000,163.007,0.381,0.111,131
10679,11.985,1.141,0.000,162.547,0.363,0.154,131
10680,11.985,1.141,0.000,162.095,0.378,0.099,131
10681,11.984,1.141,0.000,161.653,0.363,0.142,131
10682,11.983,1.141,0.000,161.213,0.372,0.119,131
10683,11.983,1.141,0.000,160.753,0.363,0.138,131
10684,11.983,1.142,0.000,160.278,0.368,0.127,131
10685,11.983,1.142,0.000,159.768,0.357,0.153,131
10686,11.983,1.141,0.000,159.256,0.363,0.129,131
10687,11.984,1.141,0.000,158.718,0.350,0.155,131
10688,11.985,1.141,0.000,158.165,0.348,0.143,131
10689,11.987,1.139,0.000,157.664,0.336,0.136,131
10690,11.988,1.139,0.000,157.243,0.325,0.148,131
10691,11.989,1.139,0.000,156.932,0.329,0.123,131
10692,11.989,1.139,0.000,156.621,0.322,0.137,131
10693,11.989,1.138,0.000,156.330,0.317,0.143,131
10694,11.990,1.138,0.000,156.080,0.315,0.138,131
10695,11.985,1.141,0.000,155.782,0.334,0.158,131
10696,11.980,1.143,0.000,155.409,0.360,0.159,131
10697,11.974,1.146,0.000,154.931,0.384,0.168,131
10698,11.969,1.148,0.000,154.309,0.395,0.205,131
10699,11.964,1.151,0.000,153.687,0.425,0.199,131
10700,11.959,1.153,0.000,152.996,0.444,0.214,131
10701,11.953,1.156,0.000,152.185,0.461,0.238,131
10702,11.948,1.159,0.000,151.289,0.478,0.258,131
10703,11.943,1.162,0.000,150.381,0.492,0.285,131
10704,11.938,1.165,0.000,149.493,0.513,0.300,131
10705,11.933,1.168,0.000,148.651,0.526,0.327,131
10706,11.928,1.171,0.000,147.848,0.549,0.339,131
10707,11.923,1.174,0.000,147.075,0.561,0.368,131
10708,11.918,1.177,0.000,146.212,0.578,0.385,131
10709,11.913,1.181,0.000,145.406,0.590,0.413,131
10710,11.908,1.184,0.000,144.843,0.615,0.420,131
10711,11.904,1.188,0.000,144.340,0.618,0.459,131
10712,11.899,1.191,0.000,143.843,0.644,0.467,131
10713,11.894,1.195,0.000,143.355,0.656,0.493,131
10714,11.889,1.198,0.000,142.908,0.666,0.522,131
10715,11.884,1.202,0.000,142.493,0.690,0.534,131
10716,11.879,1.206,0.000,142.255,0.709,0.550,131
10717,11.875,1.209,0.000,142.177,0.725,0.570,131
10718,11.870,1.213,0.000,142.138,0.751,0.578,131
10719,11.865,1.217,0.000,142.050,0.767,0.600,131
10720,11.860,1.220,0.000,141.972,0.788,0.615,131
10721,11.856,1.224,0.000,141.935,0.804,0.635,131
10722,11.851,1.228,0.000,141.924,0.827,0.648,131
10723,11.846,1.231,0.000,141.933,0.843,0.667,131
10724,11.841,1.235,0.000,142.016,0.869,0.677,131
10725,11.837,1.239,0.000,142.091,0.887,0.696,131
10726,11.832,1.243,0.000,142.177,0.912,0.705,131
10727,11.827,1.247,0.000,142.301,0.929,0.725,131
10728,11.822,1.250,0.000,142.474,0.950,0.740,131
10729,11.818,1.254,0.000,142.664,0.983,0.738,131
10730,11.813,1.257,0.000,142.853,0.993,0.767,131
10731,11.808,1.261,0.000,143.039,1.037,0.751,131
10732,11.803,1.265,0.000,143.236,1.038,0.791,131
10733,11.798,1.268,0.000,143.435,1.079,0.779,131
10734,11.794,1.272,0.000,143.625,1.096,0.801,131
10735,11.789,1.276,0.000,143.813,1.115,0.819,131
10736,11.784,1.279,0.000,143.981,1.143,0.823,131
10737,11.779,1.283,0.000,144.178,1.168,0.832,131
10738,11.774,1.286,0.000,144.406,1.190,0.846,131
10739,11.769,1.290,0.000,144.650,1.214,0.856,131
10740,11.764,1.293,0.000,144.901,1.240,0.864,131
10741,11.759,1.296,0.000,145.155,1.265,0.873,131
10742,11.754,1.300,0.000,145.411,1.290,0.883,131
10743,11.758,1.297,0.000,145.595,1.265,0.884,131
10744,11.753,1.301,0.000,145.730,1.294,0.889,131
10745,11.748,1.304,0.000,145.905,1.320,0.895,131
10746,11.743,1.308,0.000,146.132,1.348,0.901,131
10747,11.738,1.311,0.000,146.367,1.364,0.923,131
10748,11.733,1.314,0.000,146.600,1.399,0.916,131
10749,11.728,1.318,0.000,146.826,1.413,0.942,131
10750,11.723,1.321,0.000,147.062,1.443,0.945,131
10751,11.718,1.324,0.000,147.189,1.470,0.950,131
10752,11.713,1.327,0.000,147.385,1.494,0.961,131
10753,11.708,1.331,0.000,147.650,1.519,0.970,131
10754,11.703,1.334,0.000,147.949,1.547,0.975,131
10755,11.698,1.337,0.000,148.266,1.575,0.979,131
10756,11.693,1.340,0.000,148.593,1.603,0.984,131
10757,11.687,1.343,0.000,148.926,1.632,0.985,131
10758,11.683,1.346,0.000,149.288,1.658,0.987,131
10759,11.678,1.349,0.000,149.704,1.692,0.978,131
10760,11.683,1.346,0.000,149.918,1.675,0.960,131
10761,11.678,1.349,0.000,149.944,1.689,0.985,131
10762,11.673,1.352,0.000,150.103,1.715,0.986,131
10763,11.669,1.354,0.000,150.360,1.737,0.993,131
10764,11.664,1.357,0.000,150.690,1.760,0.996,131
10765,11.660,1.359,0.000,151.065,1.786,0.994,131
10766,11.656,1.361,0.000,151.467,1.811,0.990,131
10767,11.652,1.363,0.000,151.880,1.843,0.974,131
10768,11.649,1.365,0.000,152.270,1.854,0.990,131
10769,11.645,1.367,0.000,152.635,1.878,0.983,131
10770,11.641,1.369,0.000,153.003,1.912,0.956,131
10771,11.638,1.371,0.000,153.372,1.917,0.987,131
10772,11.634,1.373,0.000,153.733,1.953,0.952,131
10773,11.631,1.374,0.000,154.082,1.960,0.974,131
10774,11.627,1.376,0.000,154.455,1.991,0.950,131
10775,11.624,1.377,0.000,154.863,2.010,0.943,131
10776,11.621,1.379,0.000,155.329,2.024,0.939,131
10777,11.618,1.380,0.000,155.881,2.018,0.914,131
10778,11.615,1.381,0.000,156.484,2.008,0.868,131
10779,11.612,1.383,0.000,157.142,1.992,0.838,131
10780,11.610,1.384,0.000,157.867,1.979,0.799,131
10781,11.607,1.385,0.000,158.652,1.965,0.760,131
10782,11.605,1.386,0.000,159.490,1.949,0.723,131
10783,11.602,1.387,0.000,160.380,1.934,0.685,131
10784,11.600,1.388,0.000,161.291,1.920,0.640,131
10785,11.598,1.388,0.000,162.208,1.896,0.624,131
10786,11.595,1.389,0.000,163.130,1.889,0.554,131
10787,11.594,1.389,0.000,164.053,1.857,0.555,131
10788,11.599,1.388,0.000,164.945,1.810,0.482,131
10789,11.598,1.388,0.000,165.830,1.787,0.457,131
10790,11.596,1.389,0.000,166.704,1.772,0.396,131
10791,11.594,1.389,0.000,167.558,1.743,0.396,131
10792,11.592,1.389,0.000,168.406,1.726,0.336,131
10793,11.591,1.390,0.000,169.262,1.698,0.326,131
10794,11.589,1.390,0.000,170.115,1.675,0.288,131
10795,11.588,1.390,0.000,170.990,1.647,0.264,131
10796,11.586,1.390,0.000,171.989,1.621,0.232,131
10797,11.585,1.390,0.000,173.129,1.595,0.194,131
10798,11.584,1.390,0.000,174.308,1.570,0.156,131
10799,11.583,1.391,0.000,175.487,1.542,0.110,131
10800,11.582,1.391,0.000,176.754,1.513,0.079,131
10801,11.581,1.391,0.000,178.120,1.484,0.046,131
10802,11.580,1.391,0.000,179.577,1.455,0.006,131
10803,11.579,1.391,0.000,-178.876,1.424,-0.034,131
10804,11.578,1.391,0.000,-177.234,1.393,-0.069,131
10805,11.578,1.391,0.000,-175.544,1.358,-0.103,131
10806,11.577,1.391,0.000,-173.844,1.329,-0.128,131
10807,11.576,1.390,0.000,-172.131,1.290,-0.199,131
10808,11.575,1.390,0.000,-170.402,1.265,-0.185,131
10809,11.574,1.390,0.000,-168.658,1.222,-0.259,131
10810,11.574,1.390,0.000,-166.928,1.193,-0.255,131
10811,11.572,1.390,0.000,-165.172,1.155,-0.307,131
10812,11.574,1.390,0.000,-163.483,1.109,-0.328,131
10813,11.572,1.389,0.000,-161.789,1.080,-0.338,131
10814,11.573,1.390,0.000,-160.075,1.025,-0.399,131
10815,11.573,1.390,0.000,-158.320,0.999,-0.385,131
10816,11.572,1.389,0.000,-156.448,0.959,-0.412,131
10817,11.572,1.390,0.000,-154.114,0.914,-0.441,131
10818,11.571,1.390,0.000,-151.066,0.867,-0.473,131
10819,11.571,1.389,0.000,-147.137,0.811,-0.516,131
10820,11.570,1.389,0.000,-142.470,0.746,-0.566,131
10821,11.569,1.388,0.000,-137.465,0.676,-0.614,131
10822,11.568,1.387,0.000,-132.456,0.605,-0.654,131
10823,11.567,1.386,0.000,-127.603,0.535,-0.686,131
10824,11.566,1.385,0.000,-122.958,0.467,-0.710,131
10825,11.565,1.384,0.000,-118.435,0.390,-0.733,131
10826,11.565,1.382,0.000,-113.960,0.317,-0.747,131
10827,11.564,1.381,0.000,-109.546,0.260,-0.747,131
10828,11.564,1.380,0.000,-105.321,0.202,-0.745,131
10829,11.564,1.379,0.000,-101.329,0.144,-0.739,131
10830,11.564,1.376,0.000,-97.443,0.104,-0.730,131
10831,11.563,1.374,0.000,-93.601,0.060,-0.719,131
10832,11.563,1.372,0.000,-89.817,-0.005,-0.707,131
10833,11.564,1.370,0.000,-86.106,-0.044,-0.691,131
10834,11.564,1.367,0.000,-82.506,-0.080,-0.673,131
10835,11.565,1.365,0.000,-79.079,-0.120,-0.654,131
10836,11.565,1.362,0.000,-75.887,-0.167,-0.631,131
10837,11.566,1.360,0.000,-72.765,-0.186,-0.610,131
10838,11.567,1.358,0.000,-69.724,-0.224,-0.583,131
10839,11.567,1.356,0.000,-66.960,-0.246,-0.558,131
10840,11.568,1.354,0.000,-64.764,-0.253,-0.538,131
10841,11.569,1.351,0.000,-62.782,-0.266,-0.519,131
10842,11.571,1.349,0.000,-60.953,-0.271,-0.503,131
10843,11.572,1.347,0.000,-59.659,-0.277,-0.488,131
10844,11.574,1.345,0.000,-58.761,-0.281,-0.473,131
10845,11.575,1.342,0.000,-58.112,-0.280,-0.459,131
10846,11.576,1.340,0.000,-57.620,-0.277,-0.448,131
10847,11.578,1.338,0.000,-57.228,-0.281,-0.432,131
10848,11.579,1.336,0.000,-56.882,-0.275,-0.422,131
10849,11.581,1.334,0.000,-56.619,-0.277,-0.408,131
10850,11.582,1.332,0.000,-56.390,-0.273,-0.396,131
10851,11.583,1.330,0.000,-56.198,-0.265,-0.387,131
10852,11.584,1.328,0.000,-56.030,-0.259,-0.378,131
10853,11.586,1.326,0.000,-55.881,-0.255,-0.367,131
10854,11.587,1.324,0.000,-55.748,-0.251,-0.357,131
10855,11.588,1.322,0.000,-55.626,-0.245,-0.349,131
10856,11.590,1.320,0.000,-55.510,-0.240,-0.340,131
10857,11.591,1.318,0.000,-55.391,-0.235,-0.331,131
10858,11.593,1.316,0.000,-55.262,-0.230,-0.322,131
10859,11.594,1.314,0.000,-55.125,-0.209,-0.325,131
10860,11.595,1.312,0.000,-54.994,-0.220,-0.305,131
10861,11.597,1.310,0.000,-54.866,-0.213,-0.298,131
10862,11.598,1.308,0.000,-54.739,-0.210,-0.288,131
10863,11.600,1.306,0.000,-54.618,-0.206,-0.279,131
10864,11.601,1.305,0.000,-54.511,-0.201,-0.272,131
10865,11.602,1.303,0.000,-54.417,-0.195,-0.264,131
10866,11.604,1.301,0.000,-54.332,-0.191,-0.257,131
10867,11.605,1.299,0.000,-54.248,-0.186,-0.249,131
10868,11.607,1.297,0.000,-54.157,-0.182,-0.242,131
10869,11.608,1.295,0.000,-54.052,-0.177,-0.236,131
10870,11.610,1.293,0.000,-53.930,-0.173,-0.229,131
10871,11.611,1.291,0.000,-53.788,-0.169,-0.222,131
10872,11.612,1.289,0.000,-53.626,-0.165,-0.215,131
10873,11.614,1.287,0.000,-53.446,-0.161,-0.209,131
10874,11.615,1.285,0.000,-53.251,-0.158,-0.202,131
10875,11.617,1.283,0.000,-53.048,-0.154,-0.196,131
10876,11.618,1.281,0.000,-52.843,-0.150,-0.189,131
10877,11.620,1.279,0.000,-52.639,-0.146,-0.183,131
10878,11.621,1.277,0.000,-52.439,-0.143,-0.177,131
10879,11.623,1.275,0.000,-52.241,-0.139,-0.171,131
10880,11.624,1.273,0.000,-52.044,-0.136,-0.165,131
10881,11.626,1.271,0.000,-51.848,-0.132,-0.159,131
10882,11.627,1.269,0.000,-51.656,-0.129,-0.154,131
10883,11.629,1.267,0.000,-51.467,-0.125,-0.149,131
10884,11.630,1.265,0.000,-51.281,-0.119,-0.147,131
10885,11.632,1.263,0.000,-51.097,-0.115,-0.143,131
10886,11.633,1.261,0.000,-50.913,-0.099,-0.148,131
10887,11.635,1.259,0.000,-50.689,-0.117,-0.130,131
10888,11.637,1.257,0.000,-50.467,-0.095,-0.139,131
10889,11.639,1.255,0.000,-50.177,-0.105,-0.129,131
10890,11.641,1.252,0.000,-49.911,-0.104,-0.124,131
10891,11.643,1.251,0.000,-49.674,-0.104,-0.117,131
10892,11.644,1.248,0.000,-49.318,-0.103,-0.111,131
10893,11.646,1.246,0.000,-48.853,-0.101,-0.107,131
10894,11.648,1.244,0.000,-48.328,-0.099,-0.103,131
10895,11.650,1.242,0.000,-47.771,-0.097,-0.099,131
10896,11.652,1.240,0.000,-47.198,-0.082,-0.108,131
10897,11.654,1.238,0.000,-46.602,-0.088,-0.097,131
10898,11.656,1.236,0.000,-46.015,-0.087,-0.092,131
10899,11.658,1.234,0.000,-45.419,-0.082,-0.093,131
10900,11.660,1.232,0.000,-44.809,-0.080,-0.090,131
10901,11.662,1.230,0.000,-44.191,-0.081,-0.086,131
10902,11.664,1.228,0.000,-43.568,-0.081,-0.081,131
10903,11.666,1.226,0.000,-42.943,-0.079,-0.080,131
10904,11.668,1.224,0.000,-42.315,-0.077,-0.079,131
10905,11.670,1.222,0.000,-41.687,-0.076,-0.076,131
10906,11.672,1.220,0.000,-41.061,-0.076,-0.073,131
10907,11.675,1.218,0.000,-40.439,-0.075,-0.071,131
10908,11.677,1.216,0.000,-39.820,-0.075,-0.069,131
10909,11.679,1.214,0.000,-39.206,-0.074,-0.067,131
10910,11.682,1.213,0.000,-38.593,-0.071,-0.068,131
10911,11.684,1.211,0.000,-37.987,-0.082,-0.052,131
10912,11.686,1.209,0.000,-37.380,-0.065,-0.071,131
10913,11.689,1.207,0.000,-36.767,-0.074,-0.058,131
10914,11.691,1.205,0.000,-36.156,-0.081,-0.045,131
10915,11.693,1.204,0.000,-35.548,-0.072,-0.054,131
10916,11.696,1.202,0.000,-34.928,-0.073,-0.050,131
10917,11.698,1.200,0.000,-34.318,-0.071,-0.051,131
10918,11.701,1.199,0.000,-33.741,-0.068,-0.052,131
10919,11.703,1.197,0.000,-33.165,-0.072,-0.042,131
10920,11.705,1.195,0.000,-32.504,-0.069,-0.043,131
10921,11.707,1.194,0.000,-31.855,-0.065,-0.041,131
10922,11.710,1.193,0.000,-31.209,-0.060,-0.047,131
10923,11.713,1.191,0.000,-30.637,-0.059,-0.045,131
10924,11.715,1.190,0.000,-30.132,-0.060,-0.040,131
10925,11.718,1.188,0.000,-29.667,-0.059,-0.038,131
10926,11.720,1.187,0.000,-29.221,-0.059,-0.036,131
10927,11.723,1.185,0.000,-28.783,-0.058,-0.035,131
10928,11.725,1.184,0.000,-28.348,-0.054,-0.038,131
10929,11.728,1.182,0.000,-27.917,-0.054,-0.036,131
10930,11.730,1.181,0.000,-27.487,-0.054,-0.033,131
10931,11.733,1.180,0.000,-27.060,-0.053,-0.033,131
10932,11.736,1.179,0.000,-26.634,-0.052,-0.032,131
10933,11.738,1.177,0.000,-26.209,-0.051,-0.031,131
10934,11.741,1.176,0.000,-25.786,-0.050,-0.030,131
10935,11.743,1.175,0.000,-25.365,-0.050,-0.029,131
10936,11.746,1.174,0.000,-24.946,-0.049,-0.028,131
10937,11.748,1.173,0.000,-24.526,-0.048,-0.028,131
10938,11.751,1.171,0.000,-24.106,-0.047,-0.027,131
10939,11.753,1.170,0.000,-23.686,-0.047,-0.026,131
10940,11.756,1.169,0.000,-23.267,-0.054,-0.008,131
10941,11.758,1.168,0.000,-22.836,-0.039,-0.036,131
10942,11.760,1.167,0.000,-22.435,-0.042,-0.022,131
10943,11.762,1.166,0.000,-21.992,-0.043,-0.016,131
10944,11.764,1.165,0.000,-21.543,-0.037,-0.026,131
10945,11.767,1.164,0.000,-21.102,-0.040,-0.010,131
10946,11.769,1.164,0.000,-20.690,-0.031,-0.030,131
10947,11.771,1.163,0.000,-20.317,-0.034,-0.013,131
10948,11.773,1.162,0.000,-19.966,-0.031,-0.015,131
10949,11.776,1.161,0.000,-19.594,-0.029,-0.017,131
10950,11.778,1.160,0.000,-19.203,-0.027,-0.016,131
10951,11.780,1.159,0.000,-18.800,-0.031,0.000,131
10952,11.782,1.159,0.000,-18.386,-0.017,-0.027,131
10953,11.784,1.158,0.000,-17.948,-0.021,-0.006,131
10954,11.786,1.158,0.000,-17.521,-0.019,-0.004,131
10955,11.789,1.157,0.000,-17.091,-0.013,-0.015,131
10956,11.791,1.156,0.000,-16.667,-0.014,-0.002,131
10957,11.793,1.156,0.000,-16.257,-0.005,-0.020,131
10958,11.795,1.155,0.000,-15.841,-0.011,0.005,131
10959,11.797,1.154,0.000,-15.410,-0.002,-0.013,131
10960,11.800,1.154,0.000,-14.981,-0.008,0.019,131
10961,11.802,1.153,0.000,-14.575,0.001,-0.000,131
10962,11.804,1.152,0.000,-14.186,0.002,0.002,131
10963,11.806,1.152,0.000,-13.823,0.005,0.004,131
10964,11.808,1.151,0.000,-13.467,0.010,0.002,131
10965,11.810,1.151,0.000,-13.114,0.013,0.008,131
10966,11.812,1.150,0.000,-12.767,0.016,0.011,131
10967,11.814,1.150,0.000,-12.425,0.020,0.010,131
10968,11.816,1.150,0.000,-12.087,0.024,0.010,131
10969,11.818,1.149,0.000,-11.756,0.028,0.011,131
10970,11.820,1.149,0.000,-11.431,0.032,0.012,131
10971,11.822,1.148,0.000,-11.113,0.036,0.012,131
10972,11.824,1.148,0.000,-10.801,0.043,0.003,131
10973,11.826,1.148,0.000,-10.541,0.045,0.013,131
10974,11.828,1.147,0.000,-10.327,0.050,0.008,131
10975,11.830,1.147,0.000,-10.114,0.052,0.021,131
10976,11.832,1.147,0.000,-9.900,0.057,0.007,131
10977,11.834,1.146,0.000,-9.677,0.057,0.028,131
10978,11.836,1.146,0.000,-9.463,0.066,0.004,131
10979,11.837,1.146,0.000,-9.256,0.068,0.021,131
10980,11.839,1.145,0.000,-9.051,0.078,-0.007,131
10981,11.841,1.145,0.000,-8.851,0.080,0.016,131
10982,11.843,1.145,0.000,-8.654,0.087,0.007,131
10983,11.845,1.145,0.000,-8.456,0.088,0.034,131
10984,11.846,1.144,0.000,-8.263,0.098,0.010,131
10985,11.848,1.144,0.000,-8.070,0.102,0.018,131
10986,11.850,1.144,0.000,-7.874,0.107,0.029,131
10987,11.852,1.144,0.000,-7.694,0.114,0.018,131
10988,11.853,1.143,0.000,-7.521,0.120,0.017,131
10989,11.855,1.143,0.000,-7.342,0.126,0.023,131
10990,11.857,1.143,0.000,-7.160,0.135,0.006,131
10991,11.858,1.143,0.000,-6.963,0.141,0.005,131
10992,11.860,1.143,0.000,-6.764,0.147,0.015,131
10993,11.861,1.142,0.000,-6.567,0.154,0.015,131
10994,11.863,1.142,0.000,-6.372,0.161,0.011,131
10995,11.865,1.142,0.000,-6.177,0.169,0.009,131
10996,11.866,1.142,0.000,-5.985,0.175,0.015,131
10997,11.868,1.142,0.000,-5.797,0.182,0.015,131
10998,11.869,1.142,0.000,-5.612,0.190,0.012,131
10999,11.871,1.141,0.000,-5.430,0.195,0.027,131
11000,11.872,1.141,0.000,-5.254,0.203,0.026,131
11001,11.874,1.141,0.000,-5.081,0.212,0.011,131
11002,11.875,1.141,0.000,-4.929,0.221,0.008,131
11003,11.877,1.141,0.000,-4.782,0.228,0.025,131
11004,11.878,1.141,0.000,-4.638,0.238,0.002,131
11005,11.879,1.141,0.000,-4.499,0.245,0.024,131
11006,11.881,1.141,0.000,-4.366,0.255,0.014,131
11007,11.882,1.140,0.000,-4.249,0.264,0.009,131
11008,11.883,1.140,0.000,-4.136,0.272,0.014,131
11009,11.885,1.140,0.000,-4.028,0.281,0.017,131
11010,11.886,1.140,0.000,-3.924,0.290,0.020,131
11011,11.887,1.140,0.000,-3.823,0.299,0.013,131
11012,11.889,1.140,0.000,-3.725,0.307,0.031,131
11013,11.890,1.140,0.000,-3.628,0.316,0.030,131
11014,11.891,1.140,0.000,-3.538,0.326,0.020,131
11015,11.892,1.140,0.000,-3.454,0.334,0.025,131
11016,11.893,1.140,0.000,-3.374,0.343,0.028,131
11017,11.895,1.140,0.000,-3.299,0.352,0.026,131
11018,11.896,1.140,0.000,-3.228,0.360,0.025,131
11019,11.897,1.139,0.000,-3.162,0.369,0.026,131
11020,11.898,1.139,0.000,-3.099,0.378,0.026,131
11021,11.899,1.139,0.000,-3.041,0.386,0.026,131
11022,11.900,1.139,0.000,-2.987,0.395,0.026,131
11023,11.902,1.139,0.000,-2.936,0.404,0.004,131
11024,11.903,1.139,0.000,-2.888,0.411,0.048,131
11025,11.904,1.139,0.000,-2.843,0.422,0.006,131
11026,11.905,1.139,0.000,-2.799,0.429,0.041,131
11027,11.906,1.139,0.000,-2.754,0.440,0.017,131
11028,11.907,1.139,0.000,-2.709,0.449,0.024,131
11029,11.908,1.139,0.000,-2.662,0.459,0.017,131
11030,11.909,1.139,0.000,-2.619,0.470,0.012,131
11031,11.910,1.139,0.000,-2.580,0.480,0.014,131
11032,11.911,1.139,0.000,-2.545,0.490,0.018,131
11033,11.912,1.139,0.000,-2.514,0.500,0.018,131
11034,11.913,1.139,0.000,-2.485,0.510,0.027,131
11035,11.914,1.139,0.000,-2.456,0.520,0.037,131
11036,11.915,1.139,0.000,-2.434,0.531,0.016,131
11037,11.916,1.139,0.000,-2.416,0.542,0.028,131
11038,11.917,1.139,0.000,-2.403,0.553,0.022,131
11039,11.918,1.139,0.000,-2.396,0.563,0.029,131
11040,11.919,1.138,0.000,-2.390,0.574,0.032,131
11041,11.920,1.138,0.000,-2.384,0.586,0.030,131
11042,11.921,1.138,0.000,-2.377,0.596,0.029,131
11043,11.922,1.138,0.000,-2.369,0.607,0.030,131
11044,11.922,1.138,0.000,-2.361,0.618,0.031,131
11045,11.923,1.138,0.000,-2.352,0.629,0.021,131
11046,11.924,1.138,0.000,-2.342,0.640,0.028,131
11047,11.925,1.138,0.000,-2.332,0.652,0.015,131
11048,11.926,1.138,0.000,-2.321,0.663,0.019,131
11049,11.927,1.138,0.000,-2.310,0.675,0.024,131
11050,11.927,1.138,0.000,-2.300,0.686,0.023,131
11051,11.928,1.138,0.000,-2.289,0.697,0.022,131
11052,11.929,1.138,0.000,-2.278,0.709,0.022,131
11053,11.930,1.138,0.000,-2.267,0.720,0.023,131
11054,11.930,1.138,0.000,-2.257,0.731,0.024,131
11055,11.931,1.138,0.000,-2.246,0.742,0.024,131
11056,11.932,1.138,0.000,-2.236,0.753,0.024,131
11057,11.933,1.138,0.000,-2.226,0.764,0.024,131
11058,11.933,1.138,0.000,-2.217,0.775,0.025,131
11059,11.934,1.138,0.000,-2.209,0.786,0.025,131
11060,11.935,1.138,0.000,-2.203,0.796,0.025,131
11061,11.936,1.138,0.000,-2.198,0.807,0.026,131
11062,11.936,1.138,0.000,-2.195,0.818,0.026,131
11063,11.937,1.138,0.000,-2.193,0.828,0.026,131
11064,11.938,1.138,0.000,-2.194,0.838,0.027,131
11065,11.938,1.138,0.000,-2.196,0.849,0.027,131
11066,11.939,1.138,0.000,-2.201,0.859,0.028,131
11067,11.940,1.138,0.000,-2.208,0.869,0.028,131
11068,11.940,1.138,0.000,-2.218,0.880,0.029,131
11069,11.941,1.138,0.000,-2.230,0.890,0.029,131
11070,11.942,1.138,0.000,-2.244,0.900,0.030,131
11071,11.942,1.138,0.000,-2.260,0.910,0.030,131
11072,11.943,1.138,0.000,-2.277,0.920,0.031,131
11073,11.944,1.137,0.000,-2.297,0.930,0.032,131
11074,11.944,1.137,0.000,-2.318,0.940,0.033,131
11075,11.945,1.137,0.000,-2.341,0.949,0.033,131
11076,11.945,1.137,0.000,-2.364,0.959,0.034,131
11077,11.946,1.137,0.000,-2.389,0.969,0.035,131
11078,11.947,1.137,0.000,-2.414,0.978,0.036,131
11079,11.947,1.137,0.000,-2.439,0.988,0.037,131
11080,11.948,1.137,0.000,-2.465,0.998,0.038,131
11081,11.948,1.137,0.000,-2.490,1.007,0.038,131
11082,11.949,1.137,0.000,-2.515,1.017,0.039,131
11083,11.949,1.137,0.000,-2.540,1.026,0.040,131
11084,11.950,1.137,0.000,-2.563,1.035,0.041,131
11085,11.951,1.137,0.000,-2.585,1.045,0.042,131
11086,11.951,1.137,0.000,-2.605,1.054,0.043,131
11087,11.952,1.137,0.000,-2.623,1.063,0.043,131
11088,11.952,1.137,0.000,-2.638,1.073,0.044,131
11089,11.953,1.137,0.000,-2.651,1.082,0.045,131
11090,11.953,1.137,0.000,-2.661,1.091,0.045,131
11091,11.954,1.137,0.000,-2.668,1.100,0.046,131
11092,11.954,1.137,0.000,-2.671,1.109,0.046,131
11093,11.955,1.137,0.000,-2.672,1.118,0.047,131
11094,11.955,1.137,0.000,-2.669,1.127,0.047,131
11095,11.956,1.137,0.000,-2.662,1.136,0.047,131
11096,11.956,1.137,0.000,-2.651,1.146,0.048,131
11097,11.956,1.137,0.000,-2.636,1.155,0.048,131
11098,11.957,1.137,0.000,-2.616,1.163,0.048,131
11099,11.957,1.137,0.000,-2.593,1.171,0.070,131
11100,11.958,1.137,0.000,-2.570,1.183,0.033,131
11101,11.958,1.137,0.000,-2.546,1.191,0.058,131
11102,11.959,1.137,0.000,-2.521,1.202,0.051,131
11103,11.959,1.137,0.000,-2.484,1.212,0.042,131
11104,11.959,1.137,0.000,-2.442,1.223,0.046,131
11105,11.960,1.137,0.000,-2.396,1.233,0.048,131
11106,11.960,1.137,0.000,-2.346,1.243,0.046,131
11107,11.961,1.137,0.000,-2.291,1.254,0.044,131
11108,11.961,1.137,0.000,-2.232,1.264,0.044,131
11109,11.961,1.137,0.000,-2.168,1.274,0.043,131
11110,11.962,1.137,0.000,-2.101,1.284,0.042,131
11111,11.962,1.137,0.000,-2.030,1.294,0.040,131
11112,11.962,1.137,0.000,-1.954,1.304,0.039,131
11113,11.963,1.137,0.000,-1.875,1.314,0.038,131
11114,11.963,1.137,0.000,-1.792,1.324,0.036,131
11115,11.963,1.137,0.000,-1.706,1.334,0.034,131
11116,11.963,1.137,0.000,-1.616,1.344,0.047,131
11117,11.964,1.137,0.000,-1.524,1.354,0.036,131
11118,11.964,1.137,0.000,-1.425,1.365,0.042,131
11119,11.964,1.137,0.000,-1.322,1.377,0.040,131
11120,11.965,1.137,0.000,-1.214,1.389,0.035,131
11121,11.965,1.137,0.000,-1.100,1.401,0.031,131
11122,11.965,1.137,0.000,-0.981,1.412,0.029,131
11123,11.965,1.137,0.000,-0.861,1.424,0.004,131
11124,11.965,1.137,0.000,-0.753,1.437,0.016,131
11125,11.966,1.137,0.000,-0.650,1.449,0.013,131
11126,11.966,1.137,0.000,-0.548,1.461,0.006,131
11127,11.966,1.137,0.000,-0.447,1.473,0.005,131
11128,11.966,1.137,0.000,-0.346,1.486,0.005,131
11129,11.967,1.137,0.000,-0.246,1.498,0.001,131
11130,11.967,1.137,0.000,-0.145,1.510,-0.002,131
11131,11.967,1.137,0.000,-0.043,1.522,-0.004,131
11132,11.967,1.137,0.000,0.059,1.534,-0.007,131
11133,11.968,1.137,0.000,0.161,1.546,-0.010,131
11134,11.968,1.137,0.000,0.264,1.558,-0.013,131
11135,11.968,1.137,0.000,0.369,1.570,-0.016,131
11136,11.968,1.137,0.000,0.473,1.581,-0.018,131
11137,11.968,1.137,0.000,0.579,1.593,-0.021,131
11138,11.969,1.137,0.000,0.685,1.605,-0.025,131
11139,11.969,1.137,0.000,0.793,1.616,-0.028,131
11140,11.969,1.137,0.000,0.901,1.628,-0.031,131
11141,11.969,1.137,0.000,1.010,1.639,-0.034,131
11142,11.969,1.137,0.000,1.119,1.651,-0.038,131
11143,11.970,1.137,0.000,1.229,1.662,-0.033,131
11144,11.969,1.137,0.000,1.340,1.675,-0.036,131
11145,11.969,1.137,0.000,1.451,1.688,-0.031,131
11146,11.969,1.137,0.000,1.557,1.700,-0.037,131
11147,11.969,1.137,0.000,1.657,1.714,-0.043,131
11148,11.969,1.137,0.000,1.752,1.727,-0.047,131
11149,11.969,1.137,0.000,1.843,1.741,-0.049,131
11150,11.969,1.137,0.000,1.928,1.756,-0.052,131
11151,11.969,1.137,0.000,2.010,1.771,-0.056,131
11152,11.969,1.137,0.000,2.089,1.786,-0.059,131
11153,11.969,1.137,0.000,2.164,1.801,-0.063,131
11154,11.969,1.137,0.000,2.236,1.817,-0.065,131
11155,11.969,1.137,0.000,2.304,1.832,-0.068,131
11156,11.969,1.137,0.000,2.368,1.847,-0.071,131
11157,11.969,1.137,0.000,2.428,1.862,-0.074,131
11158,11.969,1.137,0.000,2.486,1.877,-0.076,131
11159,11.969,1.137,0.000,2.539,1.892,-0.078,131
11160,11.969,1.137,0.000,2.590,1.907,-0.081,131
11161,11.969,1.137,0.000,2.638,1.922,-0.083,131
11162,11.969,1.137,0.000,2.683,1.936,-0.085,131
11163,11.970,1.137,0.000,2.722,1.950,-0.087,131
11164,11.970,1.137,0.000,2.752,1.964,-0.089,131
11165,11.970,1.137,0.000,2.776,1.978,-0.090,131
11166,11.970,1.137,0.000,2.798,1.992,-0.092,131
11167,11.970,1.137,0.000,2.818,2.006,-0.093,131
11168,11.970,1.137,0.000,2.838,2.020,-0.095,131
11169,11.970,1.137,0.000,2.856,2.035,-0.096,131
11170,11.970,1.137,0.000,2.873,2.049,-0.097,131
11171,11.970,1.137,0.000,2.889,2.063,-0.099,131
11172,11.970,1.137,0.000,2.904,2.076,-0.100,131
11173,11.970,1.137,0.000,2.918,2.090,-0.117,131
11174,11.970,1.137,0.000,2.929,2.104,-0.108,131
11175,11.970,1.137,0.000,2.938,2.118,-0.117,131
11176,11.970,1.137,0.000,2.946,2.132,-0.120,131
11177,11.970,1.137,0.000,2.955,2.146,-0.118,131
11178,11.970,1.137,0.000,2.963,2.160,-0.118,131
11179,11.970,1.137,0.000,2.972,2.174,-0.120,131
11180,11.970,1.137,0.000,2.981,2.189,-0.101,131
11181,11.970,1.137,0.000,2.990,2.200,-0.109,131
11182,11.970,1.137,0.000,2.999,2.202,-0.115,131
11183,11.970,1.137,0.000,3.008,2.179,-0.108,131
11184,11.970,1.137,0.000,3.016,2.156,-0.106,131
11185,11.970,1.137,0.000,3.022,2.132,-0.107,131
11186,11.970,1.137,0.000,3.027,2.109,-0.107,131
11187,11.970,1.137,0.000,3.030,2.085,-0.105,131
11188,11.971,1.137,0.000,3.030,2.062,-0.103,131
11189,11.971,1.137,0.000,3.029,2.039,-0.102,131
11190,11.971,1.137,0.000,3.028,2.016,-0.101,131
11191,11.971,1.137,0.000,3.026,1.993,-0.100,131
11192,11.971,1.137,0.000,3.026,1.971,-0.099,131
11193,11.972,1.137,0.000,3.029,1.948,-0.098,131
11194,11.972,1.137,0.000,3.037,1.926,-0.097,131
11195,11.972,1.137,0.000,3.050,1.904,-0.096,131
11196,11.973,1.137,0.000,3.071,1.882,-0.096,131
11197,11.973,1.137,0.000,3.098,1.861,-0.095,131
11198,11.973,1.137,0.000,3.133,1.839,-0.095,131
11199,11.973,1.137,0.000,3.175,1.818,-0.095,131
11200,11.974,1.137,0.000,3.225,1.797,-0.096,131
11201,11.974,1.137,0.000,3.281,1.776,-0.096,131
11202,11.974,1.137,0.000,3.344,1.755,-0.097,131
11203,11.974,1.137,0.000,3.414,1.734,-0.098,131
11204,11.975,1.137,0.000,3.489,1.714,-0.099,131
11205,11.975,1.137,0.000,3.570,1.693,-0.100,131
11206,11.975,1.137,0.000,3.656,1.673,-0.101,131
11207,11.976,1.137,0.000,3.745,1.653,-0.103,131
11208,11.976,1.137,0.000,3.839,1.633,-0.104,131
11209,11.976,1.137,0.000,3.937,1.614,-0.106,131
11210,11.976,1.137,0.000,4.040,1.594,-0.107,131
11211,11.977,1.137,0.000,4.148,1.575,-0.109,131
11212,11.977,1.137,0.000,4.259,1.556,-0.110,131
11213,11.977,1.137,0.000,4.371,1.537,-0.112,131
11214,11.978,1.137,0.000,4.482,1.518,-0.114,131
11215,11.978,1.137,0.000,4.594,1.500,-0.115,131
11216,11.978,1.137,0.000,4.709,1.481,-0.117,131
11217,11.978,1.137,0.000,4.830,1.463,-0.118,131
11218,11.979,1.137,0.000,4.959,1.445,-0.120,131
11219,11.979,1.137,0.000,5.096,1.427,-0.122,131
11220,11.979,1.137,0.000,5.237,1.409,-0.124,131
11221,11.979,1.137,0.000,5.380,1.392,-0.126,131
11222,11.980,1.137,0.000,5.521,1.375,-0.127,131
11223,11.980,1.137,0.000,5.659,1.357,-0.129,131
11224,11.980,1.137,0.000,5.793,1.340,-0.131,131
11225,11.980,1.137,0.000,5.927,1.324,-0.132,131
11226,11.981,1.137,0.000,6.063,1.307,-0.133,131
11227,11.981,1.137,0.000,6.208,1.290,-0.135,131
11228,11.981,1.138,0.000,6.363,1.274,-0.137,131
11229,11.981,1.138,0.000,6.531,1.258,-0.139,131
11230,11.982,1.138,0.000,6.714,1.241,-0.141,131
11231,11.982,1.138,0.000,6.913,1.225,-0.143,131
11232,11.982,1.138,0.000,7.132,1.210,-0.146,131
11233,11.982,1.138,0.000,7.375,1.194,-0.149,131
11234,11.982,1.138,0.000,7.647,1.178,-0.153,131
11235,11.982,1.138,0.000,7.951,1.163,-0.157,131
11236,11.982,1.138,0.000,8.254,1.148,-0.161,131
11237,11.982,1.138,0.000,8.522,1.134,-0.164,131
11238,11.982,1.138,0.000,8.758,1.120,-0.167,131
11239,11.982,1.138,0.000,8.965,1.106,-0.169,131
11240,11.982,1.138,0.000,9.146,1.092,-0.170,131
11241,11.982,1.138,0.000,9.304,1.079,-0.171,131
11242,11.982,1.138,0.000,9.440,1.065,-0.172,131
11243,11.982,1.138,0.000,9.559,1.052,-0.172,131
11244,11.982,1.138,0.000,9.661,1.039,-0.171,131
11245,11.982,1.138,0.000,9.750,1.026,-0.171,131
11246,11.982,1.138,0.000,9.826,1.014,-0.170,131
11247,11.982,1.138,0.000,9.891,1.001,-0.169,131
11248,11.982,1.138,0.000,9.947,0.989,-0.168,131
11249,11.982,1.138,0.000,9.995,0.977,-0.167,131
11250,11.982,1.138,0.000,10.036,0.964,-0.165,131
11251,11.982,1.138,0.000,10.072,0.952,-0.164,131
11252,11.982,1.138,0.000,10.102,0.941,-0.162,131
11253,11.982,1.138,0.000,10.127,0.929,-0.160,131
11254,11.982,1.138,0.000,10.149,0.917,-0.159,131
11255,11.982,1.138,0.000,10.168,0.906,-0.157,131
11256,11.982,1.138,0.000,10.184,0.894,-0.155,131
11257,11.982,1.137,0.000,10.197,0.883,-0.153,131
11258,11.982,1.137,0.000,10.208,0.872,-0.152,131
11259,11.982,1.137,0.000,10.218,0.861,-0.150,131
11260,11.982,1.137,0.000,10.226,0.850,-0.148,131
11261,11.982,1.137,0.000,10.233,0.839,-0.146,131
11262,11.982,1.137,0.000,10.239,0.828,-0.144,131
11263,11.982,1.137,0.000,10.244,0.818,-0.142,131
11264,11.982,1.137,0.000,10.248,0.807,-0.140,131
11265,11.982,1.137,0.000,10.252,0.797,-0.139,131
11266,11.982,1.137,0.000,10.255,0.787,-0.137,131
11267,11.982,1.137,0.000,10.257,0.776,-0.135,131
11268,11.982,1.137,0.000,10.259,0.766,-0.133,131
11269,11.982,1.137,0.000,10.261,0.756,-0.131,131
11270,11.982,1.137,0.000,10.262,0.746,-0.130,131
11271,11.982,1.137,0.000,10.263,0.736,-0.128,131
11272,11.982,1.137,0.000,10.264,0.727,-0.126,131
11273,11.982,1.137,0.000,10.265,0.717,-0.124,131
11274,11.982,1.137,0.000,10.265,0.708,-0.123,131
11275,11.982,1.137,0.000,10.265,0.698,-0.121,131
11276,11.982,1.137,0.000,10.266,0.689,-0.119,131
11277,11.982,1.137,0.000,10.266,0.679,-0.118,131
11278,11.982,1.137,0.000,10.266,0.670,-0.116,131
11279,11.982,1.137,0.000,10.266,0.661,-0.114,131
11280,11.982,1.137,0.000,10.266,0.652,-0.113,131
11281,11.982,1.137,0.000,10.266,0.643,-0.111,131
11282,11.982,1.137,0.000,10.266,0.634,-0.109,131
11283,11.982,1.137,0.000,10.265,0.625,-0.108,131
11284,11.982,1.137,0.000,10.265,0.617,-0.106,131
11285,11.982,1.137,0.000,10.265,0.608,-0.105,131
11286,11.982,1.137,0.000,10.265,0.600,-0.103,131
11287,11.982,1.137,0.000,10.264,0.591,-0.102,131
11288,11.982,1.137,0.000,10.264,0.583,-0.100,131
11289,11.982,1.137,0.000,10.264,0.574,-0.099,131
11290,11.982,1.137,0.000,10.263,0.566,-0.097,131
11291,11.982,1.137,0.000,10.263,0.558,-0.096,131
11292,11.982,1.137,0.000,10.263,0.550,-0.094,131
11293,11.982,1.137,0.000,10.262,0.542,-0.093,131
11294,11.982,1.137,0.000,10.262,0.534,-0.091,131
11295,11.982,1.137,0.000,10.262,0.526,-0.090,131
11296,11.982,1.137,0.000,10.261,0.518,-0.088,131
11297,11.982,1.137,0.000,10.261,0.511,-0.087,131
11298,11.982,1.137,0.000,10.261,0.503,-0.086,131
11299,11.982,1.137,0.000,10.260,0.495,-0.084,131
11300,11.982,1.137,0.000,10.260,0.488,-0.083,131
11301,11.982,1.137,0.000,10.259,0.481,-0.081,131
11302,11.982,1.137,0.000,10.259,0.473,-0.080,131
11303,11.982,1.137,0.000,10.259,0.466,-0.079,131
11304,11.982,1.137,0.000,10.258,0.459,-0.078,131
11305,11.982,1.137,0.000,10.258,0.452,-0.076,131
11306,11.982,1.137,0.000,10.257,0.444,-0.075,131
11307,11.982,1.137,0.000,10.257,0.437,-0.074,131
11308,11.982,1.137,0.000,10.257,0.430,-0.072,131
11309,11.982,1.137,0.000,10.256,0.424,-0.071,131
11310,11.982,1.137,0.000,10.256,0.417,-0.070,131
11311,11.982,1.137,0.000,10.255,0.410,-0.069,131
11312,11.982,1.137,0.000,10.255,0.403,-0.067,131
11313,11.982,1.137,0.000,10.255,0.397,-0.066,131
11314,11.982,1.137,0.000,10.254,0.390,-0.065,131
11315,11.982,1.137,0.000,10.254,0.383,-0.064,131
11316,11.982,1.137,0.000,10.253,0.377,-0.063,131
11317,11.982,1.137,0.000,10.253,0.371,-0.062,131
11318,11.982,1.137,0.000,10.253,0.364,-0.060,131
11319,11.982,1.137,0.000,10.252,0.358,-0.059,131
11320,11.982,1.137,0.000,10.252,0.352,-0.058,131
11321,11.982,1.137,0.000,10.251,0.345,-0.057,131
11322,11.982,1.137,0.000,10.251,0.339,-0.056,131
11323,11.982,1.137,0.000,10.251,0.333,-0.055,131
11324,11.982,1.137,0.000,10.250,0.327,-0.054,131
11325,11.982,1.137,0.000,10.250,0.321,-0.053,131
11326,11.982,1.137,0.000,10.249,0.315,-0.052,131
11327,11.982,1.137,0.000,10.249,0.310,-0.050,131
11328,11.982,1.137,0.000,10.249,0.304,-0.049,131
11329,11.982,1.137,0.000,10.248,0.298,-0.048,131
11330,11.982,1.137,0.000,10.248,0.292,-0.047,131
11331,11.982,1.137,0.000,10.247,0.287,-0.046,131
11332,11.982,1.137,0.000,10.247,0.281,-0.045,131
11333,11.982,1.137,0.000,10.247,0.275,-0.044,131
11334,11.982,1.137,0.000,10.246,0.270,-0.043,131
11335,11.982,1.137,0.000,10.246,0.264,-0.042,131
11336,11.982,1.137,0.000,10.245,0.259,-0.041,131
11337,11.982,1.137,0.000,10.245,0.254,-0.040,131
11338,11.982,1.137,0.000,10.245,0.248,-0.039,131
11339,11.982,1.137,0.000,10.244,0.243,-0.038,131
11340,11.982,1.137,0.000,10.244,0.238,-0.038,131
11341,11.982,1.137,0.000,10.243,0.233,-0.037,131
11342,11.982,1.137,0.000,10.243,0.228,-0.036,131
11343,11.982,1.137,0.000,10.243,0.223,-0.035,131
11344,11.982,1.137,0.000,10.242,0.218,-0.034,131
11345,11.982,1.137,0.000,10.242,0.213,-0.033,131
11346,11.982,1.137,0.000,10.241,0.208,-0.032,131
11347,11.982,1.137,0.000,10.241,0.203,-0.031,131
11348,11.982,1.137,0.000,10.241,0.198,-0.030,131
11349,11.982,1.137,0.000,10.240,0.193,-0.029,131
11350,11.982,1.137,0.000,10.240,0.188,-0.029,131
11351,11.982,1.137,0.000,10.239,0.184,-0.028,131
11352,11.982,1.137,0.000,10.239,0.179,-0.027,131
11353,11.982,1.137,0.000,10.239,0.174,-0.026,131
11354,11.982,1.137,0.000,10.238,0.170,-0.025,131
11355,11.982,1.137,0.000,10.238,0.161,-0.045,131
11356,11.982,1.137,0.000,10.237,0.159,-0.030,131
11357,11.982,1.137,0.000,10.236,0.155,-0.032,131
11358,11.982,1.137,0.000,10.239,0.150,-0.037,131
11359,11.982,1.137,0.000,10.238,0.146,-0.032,131
11360,11.982,1.137,0.000,10.237,0.140,-0.030,131
11361,11.982,1.137,0.000,10.237,0.133,-0.031,131
11362,11.982,1.137,0.000,10.236,0.127,-0.030,131
11363,11.982,1.137,0.000,10.235,0.120,-0.027,131
11364,11.982,1.137,0.000,10.234,0.112,-0.027,131
11365,11.982,1.137,0.000,10.233,0.103,-0.025,131
11366,11.982,1.137,0.000,10.232,0.094,-0.023,131
11367,11.982,1.137,0.000,10.231,0.085,-0.021,131
11368,11.982,1.137,0.000,10.230,0.074,-0.020,131
11369,11.982,1.137,0.000,10.229,0.064,-0.018,131
11370,11.982,1.137,0.000,10.228,0.052,-0.016,131
11371,11.982,1.137,0.000,10.227,0.040,-0.013,131
11372,11.982,1.137,0.000,10.226,0.027,-0.011,131
11373,11.982,1.137,0.000,10.224,0.014,-0.009,131
11374,11.982,1.137,0.000,10.223,0.000,-0.006,131
11375,11.982,1.137,0.000,10.221,-0.014,-0.003,131
11376,11.982,1.137,0.000,10.220,-0.030,-0.001,131
11377,11.982,1.137,0.000,10.218,-0.045,0.002,131
11378,11.982,1.137,0.000,10.216,-0.062,0.005,131
11379,11.982,1.137,0.000,10.214,-0.079,0.008,131
11380,11.982,1.137,0.000,10.212,-0.096,0.012,131
11381,11.982,1.137,0.000,10.209,-0.114,0.015,131
11382,11.982,1.137,0.000,10.206,-0.132,0.018,131
11383,11.982,1.137,0.000,10.204,-0.151,0.022,131
11384,11.982,1.137,0.000,10.200,-0.170,0.025,131
11385,11.982,1.137,0.000,10.196,-0.190,0.029,131
11386,11.982,1.137,0.000,10.191,-0.210,0.032,131
11387,11.982,1.137,0.000,10.186,-0.230,0.036,131
11388,11.981,1.137,0.000,10.180,-0.251,0.040,131
11389,11.981,1.137,0.000,10.174,-0.273,0.043,131
11390,11.981,1.137,0.000,10.166,-0.294,0.047,131
11391,11.981,1.137,0.000,10.159,-0.316,0.051,131
11392,11.981,1.137,0.000,10.151,-0.339,0.055,131
11393,11.981,1.137,0.000,10.142,-0.362,0.059,131
11394,11.981,1.137,0.000,10.132,-0.385,0.063,131
11395,11.982,1.137,0.000,10.131,-0.410,0.068,131
11396,11.982,1.137,0.000,10.142,-0.435,0.072,131
11397,11.982,1.137,0.000,10.159,-0.460,0.076,131
11398,11.982,1.138,0.000,10.181,-0.485,0.081,131
11399,11.983,1.138,0.000,10.208,-0.511,0.085,131
11400,11.983,1.138,0.000,10.241,-0.535,0.090,131
11401,11.983,1.138,0.000,10.279,-0.560,0.095,131
11402,11.983,1.138,0.000,10.322,-0.584,0.101,131
11403,11.984,1.138,0.000,10.376,-0.607,0.106,131
11404,11.984,1.138,0.000,10.473,-0.630,0.111,131
11405,11.984,1.138,0.000,10.583,-0.652,0.116,131
11406,11.984,1.138,0.000,10.677,-0.673,0.121,131
11407,11.984,1.138,0.000,10.756,-0.695,0.127,131
11408,11.984,1.138,0.000,10.823,-0.717,0.131,131
11409,11.984,1.138,0.000,10.879,-0.738,0.136,131
11410,11.984,1.138,0.000,10.927,-0.759,0.141,131
11411,11.984,1.138,0.000,10.991,-0.781,0.146,131
11412,11.984,1.138,0.000,11.097,-0.802,0.152,131
11413,11.984,1.138,0.000,11.213,-0.823,0.158,131
11414,11.984,1.138,0.000,11.310,-0.843,0.163,131
11415,11.984,1.138,0.000,11.392,-0.863,0.168,131
11416,11.984,1.138,0.000,11.459,-0.884,0.174,131
11417,11.984,1.138,0.000,11.552,-0.904,0.179,131
11418,11.984,1.138,0.000,11.707,-0.924,0.186,131
11419,11.985,1.138,0.000,11.926,-0.944,0.194,131
11420,11.985,1.138,0.000,12.157,-0.963,0.202,131
11421,11.985,1.138,0.000,12.347,-0.982,0.209,131
11422,11.985,1.138,0.000,12.501,-1.001,0.216,131
11423,11.985,1.138,0.000,12.626,-1.020,0.223,131
11424,11.985,1.138,0.000,12.727,-1.039,0.229,131
11425,11.985,1.138,0.000,12.808,-1.057,0.235,131
11426,11.985,1.138,0.000,12.874,-1.076,0.240,131
11427,11.985,1.138,0.000,12.926,-1.094,0.246,131
11428,11.985,1.138,0.000,12.969,-1.113,0.251,131
11429,11.985,1.138,0.000,13.002,-1.131,0.256,131
11430,11.985,1.138,0.000,13.029,-1.149,0.260,131
11431,11.985,1.138,0.000,13.051,-1.167,0.265,131
11432,11.985,1.138,0.000,13.068,-1.185,0.270,131
11433,11.985,1.138,0.000,13.082,-1.203,0.274,131
11434,11.985,1.138,0.000,13.093,-1.221,0.278,131
11435,11.985,1.138,0.000,13.101,-1.239,0.283,131
11436,11.985,1.138,0.000,13.108,-1.256,0.287,131
11437,11.985,1.138,0.000,13.114,-1.274,0.291,131
11438,11.985,1.138,0.000,13.118,-1.291,0.295,131
11439,11.985,1.138,0.000,13.121,-1.308,0.299,131
11440,11.985,1.138,0.000,13.124,-1.325,0.303,131
11441,11.985,1.138,0.000,13.126,-1.342,0.307,131
11442,11.985,1.138,0.000,13.180,-1.359,0.313,131
11443,11.985,1.138,0.000,13.340,-1.376,0.321,131
11444,11.985,1.138,0.000,13.533,-1.391,0.329,131
11445,11.985,1.138,0.000,13.692,-1.402,0.357,131
11446,11.985,1.138,0.000,13.853,-1.422,0.348,131
11447,11.985,1.138,0.000,14.022,-1.434,0.369,131
11448,11.985,1.138,0.000,14.187,-1.449,0.375,131
11449,11.985,1.138,0.000,14.346,-1.466,0.378,131
11450,11.985,1.138,0.000,14.502,-1.479,0.389,131
11451,11.985,1.138,0.000,14.652,-1.493,0.398,131
11452,11.985,1.138,0.000,14.799,-1.507,0.403,131
11453,11.985,1.138,0.000,14.942,-1.520,0.411,131
11454,11.985,1.138,0.000,15.080,-1.533,0.419,131
11455,11.985,1.138,0.000,15.205,-1.546,0.426,131
11456,11.985,1.138,0.000,15.299,-1.559,0.432,131
11457,11.985,1.138,0.000,15.370,-1.571,0.437,131
11458,11.985,1.138,0.000,15.423,-1.584,0.443,131
11459,11.985,1.138,0.000,15.463,-1.597,0.447,131
11460,11.985,1.138,0.000,15.493,-1.610,0.452,131
11461,11.985,1.138,0.000,15.515,-1.623,0.456,131
11462,11.985,1.138,0.000,15.532,-1.636,0.460,131
11463,11.985,1.138,0.000,15.544,-1.649,0.464,131
11464,11.985,1.138,0.000,15.554,-1.662,0.468,131
11465,11.985,1.138,0.000,15.560,-1.675,0.472,131
11466,11.985,1.138,0.000,15.565,-1.688,0.476,131
11467,11.985,1.138,0.000,15.569,-1.700,0.479,131
11468,11.985,1.138,0.000,15.572,-1.718,0.463,131
11469,11.986,1.138,0.000,15.586,-1.727,0.485,131
11470,11.986,1.138,0.000,15.617,-1.743,0.476,131
11471,11.986,1.138,0.000,15.646,-1.754,0.482,131
11472,11.986,1.138,0.000,15.676,-1.765,0.492,131
11473,11.985,1.138,0.000,15.704,-1.778,0.493,131
11474,11.985,1.138,0.000,15.731,-1.791,0.496,131
11475,11.985,1.138,0.000,15.758,-1.802,0.503,131
11476,11.985,1.138,0.000,15.784,-1.815,0.507,131
11477,11.985,1.138,0.000,15.810,-1.828,0.510,131
11478,11.985,1.138,0.000,15.835,-1.840,0.515,131
11479,11.985,1.138,0.000,15.859,-1.853,0.520,131
11480,11.985,1.138,0.000,15.883,-1.866,0.524,131
11481,11.985,1.138,0.000,15.906,-1.880,0.529,131
11482,11.985,1.138,0.000,15.928,-1.893,0.534,131
11483,11.985,1.138,0.000,15.950,-1.907,0.539,131
11484,11.985,1.138,0.000,15.972,-1.922,0.544,131
11485,11.985,1.138,0.000,15.993,-1.936,0.549,131
11486,11.985,1.138,0.000,16.014,-1.951,0.554,131
11487,11.985,1.138,0.000,16.034,-1.966,0.559,131
11488,11.985,1.138,0.000,16.053,-1.981,0.564,131
11489,11.985,1.138,0.000,16.072,-1.996,0.569,131
11490,11.985,1.138,0.000,16.091,-2.012,0.574,131
11491,11.985,1.138,0.000,16.109,-2.027,0.580,131
11492,11.985,1.138,0.000,16.127,-2.043,0.585,131
11493,11.985,1.138,0.000,16.144,-2.058,0.590,131
11494,11.985,1.138,0.000,16.159,-2.074,0.595,131
11495,11.985,1.138,0.000,16.171,-2.089,0.600,131
11496,11.985,1.138,0.000,16.179,-2.105,0.605,131
11497,11.986,1.138,0.000,16.209,-2.122,0.610,131
11498,11.986,1.138,0.000,16.245,-2.139,0.617,131
11499,11.986,1.138,0.000,16.384,-2.136,0.624,131
11500,11.986,1.138,0.000,16.748,-2.113,0.631,131
11501,11.987,1.138,0.000,17.351,-2.088,0.646,131
11502,11.987,1.138,0.000,18.004,-2.062,0.664,131
11503,11.987,1.138,0.000,18.463,-2.038,0.675,131
11504,11.987,1.138,0.000,18.776,-2.016,0.680,131
11505,11.987,1.138,0.000,18.988,-1.996,0.681,131
11506,11.987,1.138,0.000,19.130,-1.976,0.679,131
11507,11.987,1.139,0.000,19.224,-1.957,0.677,131
11508,11.987,1.139,0.000,19.286,-1.939,0.673,131
11509,11.987,1.139,0.000,19.327,-1.921,0.668,131
11510,11.987,1.139,0.000,19.354,-1.903,0.663,131
11511,11.987,1.139,0.000,19.372,-1.886,0.657,131
11512,11.987,1.139,0.000,19.383,-1.869,0.652,131
11513,11.987,1.139,0.000,19.391,-1.852,0.646,131
11514,11.987,1.139,0.000,19.396,-1.835,0.640,131
11515,11.987,1.139,0.000,19.399,-1.819,0.634,131
11516,11.987,1.139,0.000,19.400,-1.802,0.629,131
11517,11.987,1.139,0.000,19.401,-1.786,0.623,131
11518,11.987,1.139,0.000,19.402,-1.770,0.618,131
11519,11.987,1.139,0.000,19.402,-1.754,0.612,131
11520,11.987,1.139,0.000,19.402,-1.739,0.606,131
11521,11.987,1.139,0.000,19.402,-1.723,0.601,131
11522,11.987,1.139,0.000,19.402,-1.708,0.596,131
11523,11.987,1.139,0.000,19.401,-1.693,0.590,131
11524,11.987,1.139,0.000,19.401,-1.678,0.585,131
11525,11.987,1.139,0.000,19.401,-1.663,0.580,131
11526,11.987,1.139,0.000,19.400,-1.648,0.575,131
11527,11.987,1.139,0.000,19.400,-1.633,0.569,131
11528,11.987,1.139,0.000,19.399,-1.619,0.564,131
11529,11.987,1.139,0.000,19.399,-1.605,0.559,131
11530,11.987,1.139,0.000,19.398,-1.591,0.554,131
11531,11.987,1.139,0.000,19.398,-1.577,0.549,131
11532,11.987,1.139,0.000,19.398,-1.563,0.544,131
11533,11.987,1.139,0.000,19.397,-1.549,0.540,131
11534,11.987,1.139,0.000,19.397,-1.535,0.535,131
11535,11.987,1.139,0.000,19.396,-1.522,0.530,131
11536,11.987,1.139,0.000,19.396,-1.509,0.525,131
11537,11.987,1.139,0.000,19.395,-1.495,0.521,131
11538,11.987,1.139,0.000,19.395,-1.482,0.516,131
11539,11.987,1.139,0.000,19.395,-1.470,0.512,131
11540,11.987,1.139,0.000,19.394,-1.457,0.507,131
11541,11.987,1.139,0.000,19.394,-1.444,0.503,131
11542,11.987,1.139,0.000,19.393,-1.432,0.498,131
11543,11.987,1.139,0.000,19.393,-1.419,0.494,131
11544,11.987,1.139,0.000,19.393,-1.407,0.489,131
11545,11.987,1.139,0.000,19.392,-1.395,0.485,131
11546,11.987,1.139,0.000,19.392,-1.383,0.481,131
11547,11.987,1.139,0.000,19.391,-1.371,0.477,131
11548,11.987,1.139,0.000,19.391,-1.359,0.473,131
11549,11.987,1.139,0.000,19.391,-1.347,0.468,131
11550,11.987,1.139,0.000,19.390,-1.336,0.464,131
11551,11.987,1.139,0.000,19.390,-1.325,0.460,131
11552,11.987,1.139,0.000,19.390,-1.313,0.456,131
11553,11.987,1.139,0.000,19.389,-1.302,0.452,131
11554,11.987,1.139,0.000,19.389,-1.291,0.449,131
11555,11.987,1.139,0.000,19.388,-1.280,0.445,131
11556,11.987,1.139,0.000,19.388,-1.269,0.441,131
11557,11.987,1.139,0.000,19.388,-1.258,0.437,131
11558,11.987,1.139,0.000,19.387,-1.248,0.433,131
11559,11.987,1.139,0.000,19.387,-1.237,0.430,131
11560,11.987,1.139,0.000,19.387,-1.227,0.426,131
11561,11.987,1.139,0.000,19.386,-1.217,0.422,131
11562,11.987,1.139,0.000,19.386,-1.206,0.419,131
11563,11.987,1.139,0.000,19.385,-1.196,0.415,131
11564,11.987,1.139,0.000,19.385,-1.186,0.412,131
11565,11.987,1.139,0.000,19.385,-1.176,0.408,131
11566,11.987,1.139,0.000,19.384,-1.167,0.405,131
11567,11.987,1.139,0.000,19.384,-1.157,0.401,131
11568,11.987,1.139,0.000,19.384,-1.147,0.398,131
11569,11.987,1.139,0.000,19.383,-1.138,0.395,131
11570,11.987,1.139,0.000,19.383,-1.128,0.391,131
11571,11.987,1.139,0.000,19.383,-1.119,0.388,131
11572,11.987,1.139,0.000,19.382,-1.110,0.385,131
11573,11.987,1.139,0.000,19.382,-1.101,0.382,131
11574,11.987,1.139,0.000,19.381,-1.092,0.378,131
11575,11.987,1.139,0.000,19.381,-1.083,0.375,131
11576,11.987,1.139,0.000,19.381,-1.074,0.372,131
11577,11.987,1.139,0.000,19.380,-1.065,0.369,131
11578,11.987,1.139,0.000,19.150,-1.058,0.362,131
11579,11.987,1.139,0.000,18.464,-1.054,0.346,131
11580,11.986,1.139,0.000,17.463,-1.051,0.325,131
11581,11.986,1.139,0.000,16.232,-1.048,0.299,131
11582,11.986,1.139,0.000,14.811,-1.046,0.271,131
11583,11.986,1.139,0.000,13.231,-1.043,0.240,131
11584,11.985,1.139,0.000,11.527,-1.040,0.207,131
11585,11.985,1.139,0.000,9.740,-1.036,0.172,131
11586,11.984,1.139,0.000,7.907,-1.031,0.138,131
11587,11.984,1.139,0.000,6.057,-1.024,0.103,131
11588,11.983,1.139,0.000,4.207,-1.016,0.069,131
11589,11.982,1.139,0.000,2.369,-1.007,0.036,131
11590,11.981,1.139,0.000,0.549,-0.997,0.004,131
11591,11.981,1.139,0.000,-1.247,-0.985,-0.027,131
11592,11.980,1.139,0.000,-3.015,-0.973,-0.057,131
11593,11.979,1.139,0.000,-4.749,-0.959,-0.085,131
11594,11.978,1.139,0.000,-6.437,-0.945,-0.112,131
11595,11.977,1.139,0.000,-8.063,-0.930,-0.137,131
11596,11.976,1.140,0.000,-9.606,-0.914,-0.160,131
11597,11.975,1.140,0.000,-11.043,-0.898,-0.181,131
11598,11.974,1.140,0.000,-12.348,-0.883,-0.199,131
11599,11.973,1.141,0.000,-13.499,-0.867,-0.214,131
11600,11.972,1.141,0.000,-14.480,-0.852,-0.226,131
11601,11.971,1.141,0.000,-15.281,-0.837,-0.234,131
11602,11.970,1.142,0.000,-15.900,-0.823,-0.240,131
11603,11.969,1.142,0.000,-16.343,-0.810,-0.243,131
11604,11.968,1.143,0.000,-16.623,-0.798,-0.244,131
11605,11.967,1.143,0.000,-16.757,-0.787,-0.243,131
11606,11.966,1.144,0.000,-16.765,-0.776,-0.239,131
11607,11.965,1.144,0.000,-16.665,-0.766,-0.235,131
11608,11.964,1.144,0.000,-16.473,-0.756,-0.229,131
11609,11.963,1.144,0.000,-16.246,-0.755,-0.205,131
11610,11.962,1.145,0.000,-16.016,-0.744,-0.205,131
11611,11.962,1.145,0.000,-15.795,-0.736,-0.209,131
11612,11.961,1.145,0.000,-15.589,-0.728,-0.199,131
11613,11.960,1.145,0.000,-15.289,-0.720,-0.189,131
11614,11.959,1.146,0.000,-14.894,-0.712,-0.183,131
11615,11.957,1.146,0.000,-14.420,-0.703,-0.176,131
11616,11.956,1.146,0.000,-13.883,-0.696,-0.167,131
11617,11.955,1.146,0.000,-13.291,-0.688,-0.157,131
11618,11.954,1.146,0.000,-12.653,-0.680,-0.147,131
11619,11.953,1.147,0.000,-11.976,-0.672,-0.137,131
11620,11.952,1.147,0.000,-11.264,-0.664,-0.127,131
11621,11.951,1.147,0.000,-10.522,-0.656,-0.116,131
11622,11.950,1.147,0.000,-9.754,-0.648,-0.106,131
11623,11.949,1.147,0.000,-8.963,-0.641,-0.096,131
11624,11.948,1.147,0.000,-8.152,-0.632,-0.085,131
11625,11.946,1.148,0.000,-7.323,-0.624,-0.075,131
11626,11.945,1.148,0.000,-6.478,-0.616,-0.065,131
11627,11.944,1.148,0.000,-5.618,-0.608,-0.054,131
11628,11.943,1.148,0.000,-4.746,-0.600,-0.044,131
11629,11.942,1.148,0.000,-3.862,-0.592,-0.035,131
11630,11.941,1.148,0.000,-2.968,-0.583,-0.025,131
11631,11.940,1.148,0.000,-2.066,-0.575,-0.015,131
11632,11.939,1.148,0.000,-1.155,-0.566,-0.006,131
11633,11.938,1.148,0.000,-0.238,-0.558,0.003,131
11634,11.937,1.148,0.000,0.687,-0.549,0.012,131
11635,11.936,1.148,0.000,1.620,-0.540,0.021,131
11636,11.935,1.148,0.000,2.560,-0.532,0.029,131
11637,11.934,1.148,0.000,3.511,-0.523,0.038,131
11638,11.933,1.148,0.000,4.474,-0.514,0.046,131
11639,11.932,1.148,0.000,5.452,-0.505,0.054,131
11640,11.931,1.148,0.000,6.446,-0.496,0.062,131
11641,11.930,1.148,0.000,7.461,-0.488,0.069,131
11642,11.929,1.148,0.000,8.498,-0.478,0.077,131
11643,11.928,1.148,0.000,9.561,-0.469,0.085,131
11644,11.927,1.147,0.000,10.652,-0.460,0.092,131
11645,11.926,1.147,0.000,11.773,-0.451,0.100,131
11646,11.925,1.147,0.000,12.923,-0.442,0.107,131
11647,11.924,1.147,0.000,14.100,-0.432,0.114,131
11648,11.924,1.147,0.000,15.301,-0.422,0.121,131
11649,11.923,1.147,0.000,16.517,-0.413,0.128,131
11650,11.922,1.146,0.000,17.740,-0.403,0.135,131
11651,11.921,1.146,0.000,18.962,-0.393,0.141,131
11652,11.920,1.146,0.000,20.173,-0.383,0.147,131
11653,11.919,1.145,0.000,21.365,-0.373,0.152,131
11654,11.918,1.145,0.000,22.533,-0.364,0.157,131
11655,11.917,1.145,0.000,23.675,-0.354,0.161,131
11656,11.917,1.144,0.000,24.789,-0.344,0.165,131
11657,11.916,1.144,0.000,25.894,-0.344,0.149,131
11658,11.914,1.143,0.000,26.998,-0.326,0.166,131
11659,11.914,1.143,0.000,28.083,-0.320,0.171,131
11660,11.914,1.143,0.000,29.213,-0.317,0.167,131
11661,11.913,1.142,0.000,30.290,-0.309,0.171,131
11662,11.913,1.142,0.000,31.315,-0.299,0.177,131
11663,11.912,1.142,0.000,32.308,-0.292,0.180,131
11664,11.911,1.141,0.000,33.270,-0.286,0.181,131
11665,11.911,1.141,0.000,34.200,-0.279,0.183,131
11666,11.910,1.141,0.000,35.101,-0.272,0.185,131
11667,11.910,1.140,0.000,35.978,-0.265,0.186,131
11668,11.909,1.140,0.000,36.833,-0.259,0.187,131
11669,11.909,1.139,0.000,37.669,-0.252,0.188,131
11670,11.908,1.139,0.000,38.488,-0.246,0.189,131
11671,11.907,1.139,0.000,39.296,-0.240,0.189,131
11672,11.907,1.138,0.000,40.097,-0.234,0.190,131
11673,11.906,1.138,0.000,40.893,-0.227,0.190,131
11674,11.906,1.137,0.000,41.689,-0.221,0.190,131
11675,11.905,1.137,0.000,42.487,-0.215,0.190,131
11676,11.905,1.136,0.000,43.287,-0.209,0.190,131
11677,11.905,1.136,0.000,44.087,-0.204,0.190,131
11678,11.904,1.135,0.000,44.883,-0.198,0.189,131
11679,11.904,1.135,0.000,45.670,-0.192,0.189,131
11680,11.903,1.135,0.000,46.443,-0.187,0.189,131
11681,11.903,1.134,0.000,47.197,-0.181,0.188,131
11682,11.902,1.134,0.000,47.929,-0.176,0.187,131
11683,11.902,1.133,0.000,48.638,-0.171,0.186,131
11684,11.901,1.133,0.000,49.326,-0.166,0.185,131
11685,11.901,1.132,0.000,50.000,-0.161,0.184,131
11686,11.901,1.132,0.000,50.664,-0.157,0.182,131
11687,11.900,1.131,0.000,51.323,-0.152,0.181,131
11688,11.900,1.131,0.000,51.979,-0.147,0.180,131
11689,11.900,1.130,0.000,52.638,-0.143,0.178,131
11690,11.899,1.130,0.000,53.305,-0.138,0.176,131
11691,11.899,1.129,0.000,53.985,-0.134,0.175,131
11692,11.898,1.129,0.000,54.682,-0.129,0.173,131
11693,11.898,1.128,0.000,55.398,-0.125,0.171,131
11694,11.898,1.128,0.000,56.136,-0.120,0.170,131
11695,11.897,1.127,0.000,56.897,-0.116,0.168,131
11696,11.897,1.127,0.000,57.683,-0.111,0.166,131
11697,11.897,1.126,0.000,58.494,-0.107,0.164,131
11698,11.896,1.126,0.000,59.329,-0.103,0.163,131
11699,11.896,1.125,0.000,60.187,-0.098,0.161,131
11700,11.896,1.125,0.000,61.065,-0.094,0.159,131
11701,11.895,1.124,0.000,61.962,-0.090,0.157,131
11702,11.895,1.124,0.000,62.874,-0.086,0.155,131
11703,11.895,1.123,0.000,63.803,-0.081,0.153,131
11704,11.895,1.123,0.000,64.746,-0.077,0.151,131
11705,11.894,1.122,0.000,65.706,-0.073,0.149,131
11706,11.894,1.122,0.000,66.681,-0.069,0.147,131
11707,11.894,1.121,0.000,67.673,-0.065,0.145,131
11708,11.894,1.121,0.000,68.679,-0.062,0.143,131
11709,11.893,1.120,0.000,69.698,-0.058,0.141,131
11710,11.893,1.120,0.000,70.729,-0.054,0.139,131
11711,11.893,1.119,0.000,71.768,-0.051,0.136,131
11712,11.893,1.119,0.000,72.812,-0.047,0.134,131
11713,11.893,1.118,0.000,73.858,-0.044,0.132,131
11714,11.893,1.118,0.000,74.902,-0.041,0.130,131
11715,11.893,1.117,0.000,75.941,-0.038,0.128,131
11716,11.892,1.117,0.000,76.973,-0.035,0.126,131
11717,11.892,1.117,0.000,77.994,-0.032,0.124,131
11718,11.892,1.116,0.000,79.004,-0.029,0.122,131
11719,11.892,1.116,0.000,80.000,-0.027,0.119,131
11720,11.892,1.116,0.000,80.982,-0.024,0.117,131
11721,11.892,1.115,0.000,81.949,-0.022,0.115,131
11722,11.892,1.115,0.000,82.900,-0.020,0.113,131
11723,11.892,1.115,0.000,83.834,-0.017,0.112,131
11724,11.892,1.114,0.000,84.752,-0.016,0.110,131
11725,11.892,1.114,0.000,85.651,-0.014,0.108,131
11726,11.892,1.114,0.000,86.531,-0.012,0.106,131
11727,11.892,1.114,0.000,87.392,-0.010,0.105,131
11728,11.892,1.113,0.000,88.231,-0.009,0.103,131
11729,11.892,1.113,0.000,89.048,-0.007,0.102,131
11730,11.892,1.113,0.000,89.841,-0.006,0.100,131
11731,11.892,1.113,0.000,90.604,-0.004,0.099,131
11732,11.892,1.113,0.000,91.334,-0.003,0.099,131
11733,11.892,1.113,0.000,92.024,-0.002,0.099,131
11734,11.892,1.113,0.000,92.677,-0.001,0.098,131
11735,11.892,1.113,0.000,93.291,0.000,0.098,131
11736,11.892,1.113,0.000,93.868,0.001,0.097,131
11737,11.892,1.113,0.000,94.407,0.002,0.097,131
11738,11.892,1.114,0.000,94.908,0.003,0.096,131
11739,11.892,1.114,0.000,95.372,0.004,0.096,131
11740,11.892,1.114,0.000,95.799,0.004,0.095,131
11741,11.892,1.114,0.000,96.191,0.005,0.095,131
11742,11.892,1.114,0.000,96.548,0.005,0.094,131
11743,11.892,1.114,0.000,96.872,0.006,0.094,131
11744,11.892,1.114,0.000,97.165,0.006,0.093,131
11745,11.892,1.114,0.000,97.429,0.007,0.093,131
11746,11.892,1.114,0.000,97.665,0.007,0.092,131
11747,11.892,1.114,0.000,97.877,0.007,0.092,131
11748,11.892,1.114,0.000,98.065,0.007,0.091,131
11749,11.891,1.114,0.000,98.231,0.008,0.091,131
11750,11.891,1.114,0.000,98.379,0.008,0.090,131
11751,11.892,1.114,0.000,98.806,0.009,0.089,131
11752,11.893,1.114,0.000,99.778,0.010,0.088,131
11753,11.893,1.114,0.000,101.303,0.012,0.087,131
11754,11.894,1.114,0.000,103.378,0.015,0.086,131
11755,11.894,1.114,0.000,105.993,0.019,0.085,131
11756,11.894,1.114,0.000,109.113,0.023,0.084,131
11757,11.894,1.115,0.000,112.661,0.029,0.083,131
11758,11.894,1.115,0.000,116.511,0.035,0.082,131
11759,11.894,1.116,0.000,120.503,0.041,0.080,131
11760,11.894,1.116,0.000,124.486,0.048,0.079,131
11761,11.893,1.117,0.000,128.351,0.054,0.078,131
11762,11.893,1.117,0.000,132.040,0.061,0.076,131
11763,11.893,1.118,0.000,135.537,0.067,0.074,131
11764,11.892,1.118,0.000,138.841,0.073,0.071,131
11765,11.892,1.118,0.000,141.959,0.079,0.069,131
11766,11.891,1.119,0.000,144.894,0.084,0.066,131
11767,11.890,1.119,0.000,147.655,0.090,0.063,131
11768,11.890,1.120,0.000,150.253,0.095,0.060,131
11769,11.889,1.120,0.000,152.707,0.099,0.057,131
11770,11.889,1.120,0.000,155.042,0.104,0.054,131
11771,11.888,1.120,0.000,157.276,0.108,0.051,131
11772,11.888,1.121,0.000,159.417,0.112,0.048,131
11773,11.887,1.121,0.000,161.472,0.116,0.045,131
11774,11.887,1.121,0.000,163.449,0.120,0.041,131
11775,11.886,1.121,0.000,165.357,0.124,0.038,131
11776,11.885,1.122,0.000,167.206,0.127,0.034,131
11777,11.885,1.122,0.000,169.004,0.131,0.031,131
11778,11.884,1.122,0.000,170.760,0.134,0.027,131
11779,11.884,1.122,0.000,172.482,0.137,0.024,131
11780,11.883,1.122,0.000,174.174,0.140,0.020,131
11781,11.883,1.122,0.000,175.839,0.143,0.016,131
11782,11.882,1.122,0.000,177.480,0.146,0.012,131
11783,11.881,1.122,0.000,179.097,0.148,0.008,131
11784,11.881,1.122,0.000,-179.308,0.151,0.004,131
11785,11.880,1.122,0.000,-177.735,0.153,-0.001,131
11786,11.880,1.122,0.000,-176.183,0.156,-0.005,131
11787,11.879,1.122,0.000,-174.650,0.158,-0.009,131
11788,11.879,1.122,0.000,-173.133,0.160,-0.014,131
11789,11.878,1.122,0.000,-171.629,0.161,-0.018,131
11790,11.877,1.122,0.000,-170.128,0.163,-0.023,131
11791,11.877,1.122,0.000,-168.620,0.165,-0.028,131
11792,11.876,1.122,0.000,-167.092,0.166,-0.032,131
11793,11.876,1.122,0.000,-165.531,0.167,-0.038,131
11794,11.875,1.122,0.000,-163.921,0.168,-0.043,131
11795,11.875,1.121,0.000,-162.250,0.169,-0.048,131
11796,11.874,1.121,0.000,-160.511,0.169,-0.054,131
11797,11.874,1.121,0.000,-158.698,0.169,-0.060,131
11798,11.873,1.121,0.000,-156.815,0.169,-0.067,131
11799,11.873,1.121,0.000,-154.871,0.169,-0.073,131
11800,11.872,1.121,0.000,-152.878,0.168,-0.080,131
11801,11.872,1.120,0.000,-150.852,0.168,-0.087,131
11802,11.871,1.120,0.000,-148.807,0.167,-0.095,131
11803,11.871,1.120,0.000,-146.759,0.165,-0.102,131
11804,11.870,1.119,0.000,-144.720,0.164,-0.109,131
11805,11.870,1.119,0.000,-142.699,0.162,-0.116,131
11806,11.869,1.119,0.000,-140.703,0.159,-0.124,131
11807,11.869,1.118,0.000,-138.739,0.157,-0.131,131
11808,11.868,1.118,0.000,-136.810,0.155,-0.138,131
11809,11.868,1.117,0.000,-134.918,0.152,-0.145,131
11810,11.868,1.117,0.000,-133.065,0.149,-0.151,131
11811,11.867,1.116,0.000,-131.250,0.146,-0.158,131
11812,11.867,1.116,0.000,-129.472,0.142,-0.165,131
11813,11.866,1.115,0.000,-127.729,0.139,-0.171,131
11814,11.866,1.115,0.000,-126.019,0.135,-0.177,131
11815,11.866,1.114,0.000,-124.338,0.132,-0.183,131
11816,11.865,1.114,0.000,-122.684,0.128,-0.189,131
11817,11.865,1.113,0.000,-121.051,0.124,-0.195,131
11818,11.865,1.113,0.000,-119.437,0.120,-0.201,131
11819,11.864,1.112,0.000,-117.837,0.115,-0.206,131
11820,11.864,1.112,0.000,-116.249,0.111,-0.212,131
11821,11.864,1.111,0.000,-114.670,0.106,-0.217,131
11822,11.863,1.111,0.000,-113.098,0.101,-0.223,131
11823,11.863,1.110,0.000,-111.530,0.096,-0.228,131
11824,11.863,1.109,0.000,-109.964,0.090,-0.233,131
11825,11.863,1.109,0.000,-108.400,0.085,-0.238,131
11826,11.863,1.108,0.000,-106.843,0.079,-0.242,131
11827,11.863,1.108,0.000,-105.300,0.073,-0.247,131
11828,11.862,1.107,0.000,-103.778,0.067,-0.251,131
11829,11.862,1.107,0.000,-102.283,0.061,-0.256,131
11830,11.862,1.106,0.000,-100.820,0.055,-0.260,131
11831,11.862,1.105,0.000,-99.395,0.049,-0.263,131
11832,11.862,1.105,0.000,-98.007,0.043,-0.267,131
11833,11.862,1.104,0.000,-96.660,0.037,-0.270,131
11834,11.862,1.104,0.000,-95.350,0.031,-0.274,131
11835,11.862,1.103,0.000,-94.076,0.025,-0.277,131
11836,11.862,1.103,0.000,-92.837,0.019,-0.279,131
11837,11.862,1.102,0.000,-91.629,0.013,-0.282,131
11838,11.862,1.102,0.000,-90.448,0.008,-0.284,131
11839,11.862,1.101,0.000,-89.292,0.002,-0.287,131
11840,11.862,1.101,0.000,-88.157,-0.004,-0.289,131
11841,11.862,1.100,0.000,-87.044,-0.010,-0.291,131
11842,11.862,1.100,0.000,-85.952,-0.015,-0.292,131
11843,11.862,1.099,0.000,-84.885,-0.021,-0.294,131
11844,11.862,1.099,0.000,-83.852,-0.026,-0.296,131
11845,11.862,1.098,0.000,-82.861,-0.032,-0.297,131
11846,11.862,1.098,0.000,-81.929,-0.037,-0.299,131
11847,11.862,1.098,0.000,-81.072,-0.042,-0.300,131
11848,11.862,1.097,0.000,-80.309,-0.046,-0.301,131
11849,11.862,1.097,0.000,-79.658,-0.050,-0.303,131
11850,11.863,1.096,0.000,-79.137,-0.053,-0.304,131
11851,11.863,1.096,0.000,-78.759,-0.055,-0.306,131
11852,11.863,1.096,0.000,-78.531,-0.057,-0.307,131
11853,11.863,1.095,0.000,-78.455,-0.058,-0.309,131
11854,11.863,1.095,0.000,-78.525,-0.058,-0.311,131
11855,11.864,1.095,0.000,-78.731,-0.057,-0.312,131
11856,11.864,1.094,0.000,-79.057,-0.055,-0.314,131
11857,11.864,1.094,0.000,-79.488,-0.053,-0.316,131
11858,11.864,1.094,0.000,-80.005,-0.051,-0.318,131
11859,11.864,1.094,0.000,-80.590,-0.048,-0.320,131
11860,11.864,1.093,0.000,-81.224,-0.044,-0.322,131
11861,11.864,1.093,0.000,-81.889,-0.041,-0.324,131
11862,11.864,1.093,0.000,-82.571,-0.037,-0.326,131
11863,11.864,1.093,0.000,-83.253,-0.033,-0.328,131
11864,11.864,1.092,0.000,-83.922,-0.030,-0.330,131
11865,11.864,1.092,0.000,-84.565,-0.026,-0.332,131
11866,11.864,1.092,0.000,-85.173,-0.023,-0.334,131
11867,11.864,1.091,0.000,-85.737,-0.020,-0.336,131
11868,11.864,1.091,0.000,-86.250,-0.017,-0.338,131
11869,11.864,1.091,0.000,-86.707,-0.014,-0.340,131
11870,11.864,1.090,0.000,-87.103,-0.012,-0.342,131
11871,11.864,1.090,0.000,-87.435,-0.010,-0.345,131
11872,11.864,1.089,0.000,-87.700,-0.009,-0.347,131
11873,11.864,1.089,0.000,-87.894,-0.007,-0.349,131
11874,11.864,1.088,0.000,-88.017,-0.007,-0.352,131
11875,11.864,1.088,0.000,-88.067,-0.007,-0.354,131
11876,11.864,1.087,0.000,-88.042,-0.007,-0.357,131
11877,11.864,1.087,0.000,-87.941,-0.008,-0.360,131
11878,11.864,1.086,0.000,-87.763,-0.009,-0.363,131
11879,11.864,1.085,0.000,-87.506,-0.011,-0.366,131
11880,11.864,1.085,0.000,-87.167,-0.013,-0.369,131
11881,11.864,1.084,0.000,-86.745,-0.016,-0.372,131
11882,11.864,1.083,0.000,-86.235,-0.019,-0.375,131
11883,11.864,1.083,0.000,-85.632,-0.023,-0.378,131
11884,11.864,1.082,0.000,-84.931,-0.028,-0.381,131
11885,11.864,1.081,0.000,-84.127,-0.034,-0.384,131
11886,11.864,1.081,0.000,-83.212,-0.041,-0.387,131
11887,11.864,1.080,0.000,-82.178,-0.048,-0.389,131
11888,11.864,1.079,0.000,-81.018,-0.056,-0.392,131
11889,11.864,1.078,0.000,-79.725,-0.066,-0.394,131
11890,11.864,1.078,0.000,-78.291,-0.076,-0.395,131
11891,11.864,1.077,0.000,-76.712,-0.088,-0.396,131
11892,11.864,1.076,0.000,-74.992,-0.101,-0.397,131
11893,11.864,1.076,0.000,-73.180,-0.134,-0.389,131
11894,11.864,1.075,0.000,-71.400,-0.133,-0.393,131
11895,11.864,1.075,0.000,-69.582,-0.148,-0.391,131
11896,11.865,1.074,0.000,-67.640,-0.167,-0.387,131
11897,11.865,1.074,0.000,-65.622,-0.182,-0.384,131
11898,11.865,1.074,0.000,-63.573,-0.194,-0.381,131
11899,11.865,1.073,0.000,-61.530,-0.209,-0.376,131
11900,11.865,1.073,0.000,-59.521,-0.225,-0.370,131
11901,11.866,1.072,0.000,-57.560,-0.239,-0.365,131
11902,11.866,1.072,0.000,-55.648,-0.252,-0.359,131
11903,11.866,1.072,0.000,-53.783,-0.265,-0.353,131
11904,11.866,1.071,0.000,-51.957,-0.278,-0.347,131
11905,11.867,1.071,0.000,-50.167,-0.291,-0.340,131
11906,11.867,1.071,0.000,-48.404,-0.303,-0.333,131
11907,11.867,1.070,0.000,-46.662,-0.315,-0.326,131
11908,11.868,1.070,0.000,-44.936,-0.326,-0.318,131
11909,11.868,1.070,0.000,-43.221,-0.338,-0.310,131
11910,11.868,1.070,0.000,-41.513,-0.349,-0.302,131
11911,11.868,1.069,0.000,-39.810,-0.360,-0.293,131
11912,11.869,1.069,0.000,-38.111,-0.370,-0.284,131
11913,11.870,1.068,0.000,-36.419,-0.368,-0.296,131
11914,11.870,1.068,0.000,-34.749,-0.395,-0.261,131
11915,11.870,1.068,0.000,-33.153,-0.401,-0.254,131
11916,11.870,1.068,0.000,-31.532,-0.408,-0.247,131
11917,11.870,1.068,0.000,-29.839,-0.418,-0.234,131
11918,11.871,1.068,0.000,-28.119,-0.428,-0.221,131
11919,11.871,1.067,0.000,-26.384,-0.436,-0.210,131
11920,11.871,1.067,0.000,-24.636,-0.444,-0.198,131
11921,11.872,1.067,0.000,-22.878,-0.452,-0.185,131
11922,11.872,1.067,0.000,-21.112,-0.459,-0.171,131
11923,11.872,1.067,0.000,-19.333,-0.466,-0.158,131
11924,11.872,1.067,0.000,-17.532,-0.473,-0.144,131
11925,11.873,1.067,0.000,-15.703,-0.479,-0.129,131
11926,11.873,1.067,0.000,-13.840,-0.485,-0.114,131
11927,11.873,1.067,0.000,-11.941,-0.490,-0.098,131
11928,11.873,1.066,0.000,-10.005,-0.495,-0.082,131
11929,11.873,1.066,0.000,-8.033,-0.499,-0.065,131
11930,11.874,1.066,0.000,-6.030,-0.503,-0.048,131
11931,11.874,1.066,0.000,-4.002,-0.506,-0.030,131
11932,11.874,1.066,0.000,-1.956,-0.508,-0.012,131
11933,11.874,1.066,0.000,0.105,-0.510,0.006,131
11934,11.874,1.066,0.000,2.182,-0.511,0.025,131
11935,11.874,1.066,0.000,4.285,-0.511,0.044,131
11936,11.874,1.066,0.000,6.432,-0.510,0.063,131
11937,11.874,1.067,0.000,8.654,-0.509,0.083,131
11938,11.875,1.067,0.000,10.991,-0.507,0.104,131
11939,11.875,1.067,0.000,13.491,-0.503,0.126,131
11940,11.875,1.067,0.000,16.204,-0.498,0.150,131
11941,11.875,1.067,0.000,19.174,-0.491,0.176,131
11942,11.875,1.068,0.000,22.426,-0.481,0.204,131
11943,11.875,1.068,0.000,25.966,-0.468,0.234,131
11944,11.875,1.068,0.000,29.774,-0.453,0.265,131
11945,11.875,1.068,0.000,33.806,-0.433,0.297,131
11946,11.874,1.068,0.000,38.003,-0.411,0.328,131
11947,11.874,1.068,0.000,42.306,-0.385,0.358,131
11948,11.874,1.068,0.000,46.666,-0.357,0.387,131
11949,11.874,1.068,0.000,51.046,-0.327,0.413,131
11950,11.874,1.067,0.000,55.417,-0.295,0.437,131
11951,11.875,1.068,0.000,59.701,-0.273,0.456,131
11952,11.875,1.069,0.000,63.898,-0.247,0.474,131
11953,11.875,1.069,0.000,68.044,-0.206,0.495,131
11954,11.875,1.070,0.000,72.213,-0.167,0.512,131
11955,11.875,1.070,0.000,76.408,-0.132,0.524,131
11956,11.876,1.071,0.000,80.599,-0.095,0.535,131
11957,11.876,1.072,0.000,84.767,-0.055,0.543,131
11958,11.876,1.072,0.000,88.901,-0.015,0.548,131
11959,11.876,1.073,0.000,92.996,0.023,0.550,131
11960,11.876,1.073,0.000,97.055,0.062,0.549,131
11961,11.875,1.074,0.000,101.082,0.101,0.546,131
11962,11.875,1.074,0.000,105.089,0.140,0.540,131
11963,11.875,1.075,0.000,109.096,0.178,0.531,131
11964,11.875,1.076,0.000,113.132,0.216,0.519,131
11965,11.875,1.076,0.000,117.226,0.253,0.504,131
11966,11.875,1.076,0.000,121.396,0.291,0.486,131
11967,11.874,1.077,0.000,125.641,0.327,0.465,131
11968,11.874,1.077,0.000,129.941,0.362,0.441,131
11969,11.874,1.078,0.000,134.269,0.396,0.414,131
11970,11.873,1.078,0.000,138.595,0.428,0.385,131
11971,11.873,1.078,0.000,142.890,0.458,0.353,131
11972,11.872,1.079,0.000,147.131,0.485,0.320,131
11973,11.872,1.079,0.000,151.301,0.509,0.285,131
11974,11.871,1.079,0.000,155.390,0.530,0.249,131
11975,11.871,1.079,0.000,159.396,0.549,0.212,131
11976,11.870,1.080,0.000,163.323,0.565,0.175,131
11977,11.870,1.080,0.000,167.180,0.578,0.137,131
11978,11.869,1.080,0.000,170.975,0.588,0.099,131
11979,11.869,1.080,0.000,174.717,0.596,0.061,131
11980,11.868,1.080,0.000,178.411,0.601,0.022,131
11981,11.868,1.080,0.000,-177.939,0.604,-0.016,131
11982,11.867,1.080,0.000,-174.334,0.604,-0.054,131
11983,11.867,1.080,0.000,-170.776,0.602,-0.092,131
11984,11.866,1.080,0.000,-167.272,0.598,-0.129,131
11985,11.866,1.079,0.000,-163.828,0.591,-0.166,131
11986,11.865,1.079,0.000,-160.449,0.583,-0.201,131
11987,11.865,1.079,0.000,-157.133,0.573,-0.236,131
11988,11.864,1.079,0.000,-153.874,0.560,-0.269,131
11989,11.864,1.079,0.000,-150.662,0.547,-0.301,131
11990,11.863,1.078,0.000,-147.483,0.531,-0.332,131
11991,11.863,1.078,0.000,-144.324,0.514,-0.362,131
11992,11.863,1.078,0.000,-141.175,0.495,-0.391,131
11993,11.862,1.078,0.000,-138.030,0.474,-0.419,131
11994,11.862,1.077,0.000,-134.883,0.452,-0.446,131
11995,11.862,1.077,0.000,-131.732,0.428,-0.472,131
11996,11.862,1.077,0.000,-128.572,0.403,-0.497,131
11997,11.861,1.076,0.000,-125.406,0.376,-0.520,131
11998,11.861,1.076,0.000,-122.230,0.348,-0.542,131
11999,11.861,1.075,0.000,-119.037,0.318,-0.562,131
12000,11.861,1.075,0.000,-115.823,0.287,-0.581,131
12001,11.861,1.075,0.000,-112.592,0.255,-0.599,131
12002,11.861,1.074,0.000,-109.347,0.221,-0.614,131
12003,11.860,1.074,0.000,-106.090,0.187,-0.628,131
12004,11.860,1.074,0.000,-102.821,0.151,-0.639,131
12005,11.860,1.073,0.000,-99.540,0.115,-0.649,131
12006,11.860,1.073,0.000,-96.453,0.079,-0.656,131
12007,11.860,1.073,0.000,-93.662,0.048,-0.662,131
12008,11.860,1.072,0.000,-91.059,0.018,-0.665,131
12009,11.860,1.072,0.000,-88.599,-0.011,-0.667,131
12010,11.860,1.072,0.000,-86.273,-0.038,-0.668,131
12011,11.860,1.071,0.000,-84.101,-0.064,-0.668,131
12012,11.860,1.071,0.000,-82.114,-0.087,-0.667,131
12013,11.860,1.071,0.000,-80.345,-0.108,-0.665,131
12014,11.861,1.071,0.000,-78.818,-0.126,-0.664,131
12015,11.861,1.071,0.000,-77.538,-0.141,-0.663,131
12016,11.861,1.070,0.000,-76.496,-0.153,-0.662,131
12017,11.861,1.070,0.000,-75.670,-0.163,-0.661,131
12018,11.862,1.070,0.000,-75.030,-0.171,-0.660,131
12019,11.862,1.070,0.000,-74.542,-0.177,-0.660,131
12020,11.862,1.070,0.000,-74.176,-0.181,-0.660,131
12021,11.862,1.070,0.000,-73.904,-0.185,-0.660,131
12022,11.862,1.070,0.000,-73.705,-0.187,-0.660,131
12023,11.862,1.070,0.000,-73.558,-0.189,-0.660,131
12024,11.862,1.070,0.000,-73.452,-0.191,-0.661,131
12025,11.862,1.070,0.000,-73.375,-0.192,-0.661,131
12026,11.862,1.070,0.000,-73.319,-0.193,-0.662,131
12027,11.862,1.070,0.000,-73.279,-0.193,-0.663,131
12028,11.862,1.070,0.000,-73.251,-0.194,-0.663,131
12029,11.862,1.070,0.000,-73.230,-0.195,-0.664,131
12030,11.862,1.070,0.000,-73.215,-0.195,-0.665,131
12031,11.862,1.070,0.000,-73.204,-0.195,-0.666,131
12032,11.862,1.070,0.000,-73.197,-0.196,-0.667,131
12033,11.862,1.070,0.000,-73.192,-0.196,-0.667,131
12034,11.862,1.070,0.000,-73.188,-0.196,-0.668,131
12035,11.863,1.070,0.000,-73.542,-0.192,-0.670,131
12036,11.862,1.070,0.000,-74.240,-0.184,-0.672,131
12037,11.862,1.070,0.000,-74.766,-0.178,-0.674,131
12038,11.863,1.070,0.000,-75.515,-0.169,-0.678,131
12039,11.863,1.070,0.000,-76.823,-0.154,-0.683,131
12040,11.863,1.071,0.000,-78.219,-0.138,-0.686,131
12041,11.863,1.071,0.000,-79.563,-0.121,-0.690,131
12042,11.863,1.071,0.000,-80.898,-0.106,-0.693,131
12043,11.863,1.071,0.000,-82.183,-0.090,-0.695,131
12044,11.863,1.071,0.000,-83.443,-0.075,-0.697,131
12045,11.863,1.072,0.000,-84.585,-0.061,-0.699,131
12046,11.862,1.072,0.000,-85.635,-0.048,-0.700,131
12047,11.862,1.072,0.000,-86.670,-0.035,-0.701,131
12048,11.862,1.072,0.000,-87.694,-0.024,-0.702,131
12049,11.862,1.072,0.000,-88.678,-0.027,-0.704,131
12050,11.862,1.072,0.000,-89.647,-0.014,-0.706,131
12051,11.862,1.072,0.000,-90.614,0.007,-0.707,131
12052,11.862,1.072,0.000,-91.609,0.016,-0.708,131
12053,11.862,1.072,0.000,-92.621,0.025,-0.709,131
12054,11.862,1.072,0.000,-93.646,0.039,-0.710,131
12055,11.862,1.072,0.000,-94.639,0.053,-0.711,131
12056,11.862,1.072,0.000,-95.561,0.064,-0.712,131
12057,11.862,1.072,0.000,-96.456,0.085,-0.711,131
12058,11.862,1.072,0.000,-97.348,0.093,-0.711,131
12059,11.862,1.072,0.000,-98.215,0.116,-0.710,131
12060,11.862,1.072,0.000,-99.075,0.118,-0.709,131
12061,11.862,1.073,0.000,-99.922,0.127,-0.707,131
12062,11.863,1.073,0.000,-100.701,0.140,-0.705,131
12063,11.863,1.073,0.000,-101.360,0.148,-0.703,131
12064,11.863,1.073,0.000,-101.910,0.153,-0.702,131
12065,11.863,1.073,0.000,-102.362,0.159,-0.701,131
12066,11.863,1.073,0.000,-102.730,0.164,-0.700,131
12067,11.863,1.073,0.000,-103.027,0.168,-0.700,131
12068,11.863,1.073,0.000,-103.266,0.168,-0.700,131
12069,11.863,1.073,0.000,-103.485,0.160,-0.702,131
12070,11.863,1.073,0.000,-103.735,0.161,-0.704,131
12071,11.863,1.073,0.000,-103.978,0.173,-0.701,131
12072,11.863,1.073,0.000,-104.225,0.171,-0.702,131
12073,11.863,1.073,0.000,-104.464,0.172,-0.702,131
12074,11.863,1.073,0.000,-104.689,0.180,-0.702,131
12075,11.863,1.073,0.000,-104.867,0.182,-0.703,131
12076,11.863,1.073,0.000,-105.003,0.183,-0.704,131
12077,11.863,1.073,0.000,-105.105,0.184,-0.705,131
12078,11.863,1.073,0.000,-105.186,0.206,-0.700,131
12079,11.863,1.073,0.000,-105.264,0.193,-0.705,131
12080,11.863,1.073,0.000,-105.337,0.199,-0.704,131
12081,11.863,1.073,0.000,-105.342,0.202,-0.707,131
12082,11.863,1.073,0.000,-105.339,0.200,-0.709,131
12083,11.863,1.074,0.000,-105.419,0.200,-0.707,131
12084,11.863,1.074,0.000,-105.786,0.206,-0.707,131
12085,11.863,1.074,0.000,-106.351,0.213,-0.706,131
12086,11.862,1.074,0.000,-107.067,0.222,-0.705,131
12087,11.862,1.074,0.000,-108.253,0.237,-0.701,131
12088,11.862,1.074,0.000,-109.781,0.245,-0.700,131
12089,11.862,1.075,0.000,-111.355,0.283,-0.682,131
12090,11.863,1.075,0.000,-112.916,0.282,-0.683,131
12091,11.863,1.076,0.000,-114.495,0.321,-0.664,131
12092,11.863,1.076,0.000,-116.111,0.325,-0.663,131
12093,11.863,1.076,0.000,-117.777,0.346,-0.656,131
12094,11.863,1.076,0.000,-119.486,0.372,-0.643,131
12095,11.863,1.076,0.000,-121.487,0.389,-0.635,131
12096,11.863,1.076,0.000,-123.494,0.411,-0.623,131
12097,11.863,1.077,0.000,-125.510,0.423,-0.615,131
12098,11.863,1.077,0.000,-127.547,0.451,-0.597,131
12099,11.863,1.077,0.000,-129.611,0.476,-0.579,131
12100,11.863,1.077,0.000,-131.673,0.496,-0.565,131
12101,11.863,1.077,0.000,-133.532,0.514,-0.551,131
12102,11.863,1.077,0.000,-135.115,0.531,-0.537,131
12103,11.863,1.077,0.000,-136.469,0.545,-0.525,131
12104,11.863,1.077,0.000,-137.608,0.556,-0.515,131
12105,11.863,1.077,0.000,-138.550,0.566,-0.507,131
12106,11.863,1.077,0.000,-139.379,0.574,-0.499,131
12107,11.863,1.077,0.000,-140.178,0.581,-0.492,131
12108,11.864,1.077,0.000,-140.973,0.588,-0.484,131
12109,11.864,1.077,0.000,-141.724,0.595,-0.477,131
12110,11.864,1.078,0.000,-142.391,0.602,-0.470,131
12111,11.864,1.078,0.000,-142.972,0.607,-0.465,131
12112,11.864,1.078,0.000,-143.474,0.611,-0.460,131
12113,11.865,1.078,0.000,-143.904,0.615,-0.455,131
12114,11.865,1.078,0.000,-144.277,0.619,-0.452,131
12115,11.865,1.078,0.000,-144.617,0.635,-0.429,131
12116,11.865,1.078,0.000,-144.948,0.629,-0.439,131
12117,11.866,1.079,0.000,-145.270,0.633,-0.436,131
12118,11.866,1.079,0.000,-145.564,0.641,-0.428,131
12119,11.866,1.079,0.000,-145.833,0.643,-0.429,131
12120,11.866,1.079,0.000,-146.080,0.637,-0.440,131
12121,11.866,1.079,0.000,-146.318,0.654,-0.421,131
12122,11.867,1.080,0.000,-146.549,0.651,-0.429,131
12123,11.867,1.079,0.000,-146.767,0.663,-0.422,131
12124,11.867,1.080,0.000,-146.994,0.661,-0.433,131
12125,11.867,1.080,0.000,-147.261,0.677,-0.419,131
12126,11.867,1.079,0.000,-147.479,0.680,-0.427,131
12127,11.867,1.080,0.000,-147.413,0.681,-0.433,131
12128,11.867,1.080,0.000,-146.975,0.683,-0.438,131
12129,11.868,1.080,0.000,-146.330,0.683,-0.447,131
12130,11.868,1.080,0.000,-145.566,0.680,-0.459,131
12131,11.868,1.081,0.000,-144.751,0.677,-0.472,131
12132,11.868,1.081,0.000,-143.927,0.675,-0.485,131
12133,11.869,1.081,0.000,-143.080,0.671,-0.497,131
12134,11.869,1.081,0.000,-142.186,0.667,-0.511,131
12135,11.869,1.081,0.000,-141.286,0.663,-0.525,131
12136,11.869,1.081,0.000,-140.484,0.660,-0.537,131
12137,11.869,1.081,0.000,-139.940,0.659,-0.547,131
12138,11.869,1.081,0.000,-139.792,0.662,-0.553,131
12139,11.869,1.081,0.000,-140.026,0.669,-0.554,131
12140,11.869,1.081,0.000,-140.499,0.677,-0.551,131
12141,11.869,1.081,0.000,-141.166,0.688,-0.547,131
12142,11.869,1.081,0.000,-142.145,0.702,-0.538,131
12143,11.869,1.081,0.000,-143.601,0.720,-0.524,131
12144,11.870,1.081,0.000,-145.610,0.742,-0.501,131
12145,11.870,1.081,0.000,-148.097,0.768,-0.471,131
12146,11.870,1.081,0.000,-150.918,0.794,-0.435,131
12147,11.870,1.081,0.000,-153.932,0.820,-0.395,131
12148,11.871,1.082,0.000,-157.031,0.844,-0.352,131
12149,11.871,1.082,0.000,-160.146,0.865,-0.307,131
12150,11.872,1.082,0.000,-163.232,0.884,-0.261,131
12151,11.872,1.082,0.000,-166.266,0.900,-0.214,131
12152,11.873,1.082,0.000,-169.238,0.913,-0.168,131
12153,11.873,1.083,0.000,-172.148,0.923,-0.122,131
12154,11.874,1.083,0.000,-174.997,0.931,-0.076,131
12155,11.875,1.083,0.000,-177.792,0.937,-0.031,131
12156,11.875,1.083,0.000,179.464,0.940,0.014,131
12157,11.876,1.083,0.000,176.774,0.941,0.058,131
12158,11.877,1.083,0.000,174.151,0.940,0.102,131
12159,11.877,1.082,0.000,171.618,0.937,0.143,131
12160,11.878,1.082,0.000,169.215,0.932,0.183,131
12161,11.879,1.082,0.000,166.985,0.926,0.220,131
12162,11.880,1.082,0.000,164.972,0.919,0.252,131
12163,11.880,1.081,0.000,163.211,0.913,0.281,131
12164,11.881,1.081,0.000,161.716,0.907,0.305,131
12165,11.882,1.080,0.000,160.485,0.902,0.325,131
12166,11.883,1.080,0.000,159.499,0.898,0.342,131
12167,11.883,1.080,0.000,158.728,0.897,0.350,131
12168,11.883,1.080,0.000,158.048,0.901,0.357,131
12169,11.884,1.080,0.000,157.575,0.902,0.362,131
12170,11.884,1.079,0.000,157.226,0.901,0.373,131
12171,11.885,1.079,0.000,157.007,0.902,0.379,131
12172,11.885,1.079,0.000,156.889,0.905,0.381,131
12173,11.886,1.079,0.000,156.857,0.908,0.382,131
12174,11.886,1.079,0.000,156.896,0.911,0.383,131
12175,11.887,1.079,0.000,156.998,0.915,0.383,131
12176,11.887,1.078,0.000,157.164,0.919,0.381,131
12177,11.888,1.078,0.000,157.399,0.924,0.379,131
12178,11.888,1.078,0.000,157.710,0.929,0.375,131
12179,11.889,1.078,0.000,158.106,0.935,0.370,131
12180,11.889,1.078,0.000,158.591,0.940,0.367,131
12181,11.889,1.078,0.000,159.097,0.946,0.364,131
12182,11.890,1.078,0.000,159.631,0.950,0.367,131
12183,11.890,1.077,0.000,160.113,0.961,0.350,131
12184,11.890,1.077,0.000,160.718,0.968,0.341,131
12185,11.891,1.077,0.000,161.574,0.976,0.332,131
12186,11.891,1.077,0.000,162.637,0.986,0.315,131
12187,11.891,1.076,0.000,163.889,0.998,0.293,131
12188,11.891,1.076,0.000,165.333,1.009,0.269,131
12189,11.891,1.076,0.000,166.981,1.021,0.242,131
12190,11.892,1.076,0.000,168.839,1.035,0.198,131
12191,11.891,1.076,0.000,170.712,1.046,0.182,131
12192,11.892,1.076,0.000,172.547,1.056,0.133,131
12193,11.891,1.076,0.000,174.365,1.065,0.123,131
12194,11.891,1.076,0.000,176.187,1.075,0.074,131
12195,11.889,1.076,0.000,177.933,1.092,0.038,131
12196,11.889,1.076,0.000,179.567,1.094,0.025,131
12197,11.890,1.076,0.000,-178.924,1.097,-0.016,131
12198,11.888,1.076,0.000,-177.554,1.109,-0.047,131
12199,11.890,1.076,0.000,-176.284,1.108,-0.053,131
12200,11.889,1.076,0.000,-175.119,1.112,-0.100,131
12201,11.888,1.076,0.000,-174.040,1.121,-0.101,131
12202,11.890,1.076,0.000,-173.034,1.117,-0.131,131
12203,11.888,1.076,0.000,-172.126,1.126,-0.155,131
12204,11.889,1.075,0.000,-171.292,1.127,-0.154,131
12205,11.888,1.075,0.000,-170.535,1.131,-0.196,131
12206,11.888,1.076,0.000,-169.828,1.138,-0.185,131
12207,11.889,1.076,0.000,-169.172,1.133,-0.215,131
12208,11.888,1.075,0.000,-168.614,1.146,-0.222,131
12209,11.889,1.075,0.000,-168.082,1.145,-0.230,131
12210,11.887,1.075,0.000,-167.651,1.155,-0.256,131
12211,11.888,1.075,0.000,-167.248,1.159,-0.240,131
12212,11.888,1.075,0.000,-166.910,1.157,-0.277,131
12213,11.887,1.075,0.000,-166.644,1.171,-0.269,131
12214,11.887,1.074,0.000,-166.434,1.177,-0.270,131
12215,11.886,1.074,0.000,-166.310,1.180,-0.288,131
12216,11.885,1.074,0.000,-166.283,1.194,-0.291,131
12217,11.884,1.073,0.000,-166.337,1.205,-0.283,131
12218,11.884,1.073,0.000,-166.519,1.210,-0.283,131
12219,11.883,1.073,0.000,-167.032,1.220,-0.286,131
12220,11.883,1.073,0.000,-167.709,1.231,-0.267,131
12221,11.883,1.072,0.000,-168.439,1.240,-0.269,131
12222,11.882,1.072,0.000,-169.187,1.253,-0.247,131
12223,11.882,1.072,0.000,-169.987,1.263,-0.221,131
12224,11.883,1.073,0.000,-170.825,1.266,-0.209,131
12225,11.882,1.073,0.000,-171.779,1.278,-0.194,131
12226,11.882,1.073,0.000,-173.111,1.289,-0.161,131
12227,11.882,1.074,0.000,-174.821,1.300,-0.122,131
12228,11.882,1.074,0.000,-176.830,1.309,-0.078,131
12229,11.882,1.074,0.000,-179.046,1.317,-0.028,131
12230,11.881,1.074,0.000,178.578,1.323,0.027,131
12231,11.881,1.074,0.000,176.046,1.327,0.086,131
12232,11.881,1.074,0.000,173.316,1.327,0.150,131
12233,11.881,1.073,0.000,170.301,1.323,0.221,131
12234,11.881,1.073,0.000,166.889,1.313,0.300,131
12235,11.880,1.072,0.000,162.964,1.295,0.391,131
12236,11.880,1.072,0.000,158.462,1.266,0.494,131
12237,11.880,1.072,0.000,153.425,1.224,0.606,131
12238,11.879,1.072,0.000,148.030,1.168,0.723,131
12239,11.879,1.073,0.000,142.531,1.101,0.837,131
12240,11.878,1.074,0.000,137.159,1.024,0.942,131
12241,11.877,1.074,0.000,132.048,0.943,1.037,131
12242,11.877,1.075,0.000,127.098,0.846,1.129,131
12243,11.877,1.075,0.000,122.243,0.747,1.208,131
12244,11.877,1.075,0.000,117.448,0.654,1.269,131
12245,11.877,1.076,0.000,112.954,0.558,1.322,131
12246,11.877,1.076,0.000,108.866,0.461,1.366,131
12247,11.877,1.076,0.000,105.073,0.371,1.402,131
12248,11.877,1.077,0.000,101.509,0.286,1.429,131
12249,11.877,1.077,0.000,98.127,0.202,1.452,131
12250,11.877,1.077,0.000,94.890,0.120,1.469,131
12251,11.877,1.078,0.000,91.768,0.040,1.481,131
12252,11.877,1.078,0.000,88.750,-0.038,1.489,131
12253,11.877,1.079,0.000,85.847,-0.114,1.494,131
12254,11.877,1.079,0.000,83.109,-0.186,1.494,131
12255,11.877,1.079,0.000,80.627,-0.252,1.493,131
12256,11.877,1.080,0.000,78.523,-0.308,1.490,131
12257,11.876,1.080,0.000,76.918,-0.351,1.488,131
12258,11.876,1.081,0.000,75.907,-0.379,1.488,131
12259,11.875,1.081,0.000,75.531,-0.391,1.493,131
12260,11.875,1.081,0.000,75.775,-0.386,1.501,131
12261,11.875,1.082,0.000,76.580,-0.367,1.514,131
12262,11.874,1.082,0.000,77.860,-0.335,1.529,131
12263,11.874,1.083,0.000,79.517,-0.292,1.546,131
12264,11.874,1.084,0.000,81.462,-0.240,1.563,131
12265,11.874,1.084,0.000,83.613,-0.182,1.579,131
12266,11.874,1.085,0.000,85.905,-0.120,1.593,131
12267,11.874,1.085,0.000,88.291,-0.053,1.605,131
12268,11.874,1.086,0.000,90.741,0.015,1.614,131
12269,11.874,1.087,0.000,93.249,0.087,1.620,131
12270,11.874,1.087,0.000,95.829,0.160,1.623,131
12271,11.874,1.088,0.000,98.510,0.237,1.622,131
12272,11.874,1.089,0.000,101.329,0.318,1.616,131
12273,11.874,1.090,0.000,104.323,0.405,1.606,131
12274,11.874,1.090,0.000,107.510,0.496,1.589,131
12275,11.873,1.091,0.000,110.881,0.592,1.566,131
12276,11.873,1.092,0.000,114.395,0.690,1.535,131
12277,11.873,1.093,0.000,117.980,0.790,1.498,131
12278,11.872,1.094,0.000,121.555,0.887,1.454,131
12279,11.871,1.095,0.000,125.050,0.980,1.406,131
12280,11.871,1.096,0.000,128.417,1.067,1.354,131
12281,11.870,1.097,0.000,131.634,1.148,1.300,131
12282,11.869,1.097,0.000,134.697,1.224,1.244,131
12283,11.868,1.098,0.000,137.611,1.293,1.187,131
12284,11.867,1.099,0.000,140.383,1.357,1.130,131
12285,11.866,1.100,0.000,143.020,1.416,1.073,131
12286,11.865,1.100,0.000,145.531,1.470,1.016,131
12287,11.864,1.101,0.000,147.919,1.520,0.959,131
12288,11.863,1.102,0.000,150.192,1.566,0.903,131
12289,11.862,1.102,0.000,152.354,1.609,0.849,131
12290,11.861,1.103,0.000,154.410,1.647,0.795,131
12291,11.860,1.103,0.000,156.361,1.683,0.742,131
12292,11.859,1.104,0.000,158.213,1.716,0.691,131
12293,11.858,1.104,0.000,159.966,1.746,0.642,131
12294,11.858,1.104,0.000,161.667,1.775,0.582,131
12295,11.856,1.105,0.000,163.345,1.803,0.528,131
12296,11.855,1.105,0.000,164.952,1.824,0.495,131
12297,11.854,1.105,0.000,166.515,1.849,0.432,131
12298,11.853,1.105,0.000,168.063,1.866,0.386,131
12299,11.853,1.105,0.000,169.521,1.882,0.345,131
12300,11.852,1.105,0.000,170.877,1.897,0.300,131
12301,11.852,1.105,0.000,172.145,1.910,0.257,131
12302,11.851,1.105,0.000,173.332,1.922,0.219,131
12303,11.850,1.105,0.000,174.449,1.933,0.183,131
12304,11.850,1.105,0.000,175.500,1.943,0.148,131
12305,11.849,1.105,0.000,176.494,1.952,0.114,131
12306,11.848,1.105,0.000,177.437,1.960,0.098,131
12307,11.848,1.105,0.000,178.345,1.969,0.056,131
12308,11.847,1.105,0.000,179.217,1.975,0.039,131
12309,11.846,1.105,0.000,-179.937,1.982,0.005,131
12310,11.845,1.105,0.000,-179.140,1.987,-0.027,131
12311,11.845,1.105,0.000,-178.399,1.992,-0.051,131
12312,11.844,1.105,0.000,-177.717,1.997,-0.073,131
12313,11.844,1.105,0.000,-177.097,2.002,-0.096,131
12314,11.843,1.105,0.000,-176.544,2.006,-0.116,131
12315,11.843,1.105,0.000,-176.066,2.010,-0.133,131
12316,11.842,1.105,0.000,-175.668,2.014,-0.147,131
12317,11.842,1.104,0.000,-175.356,2.018,-0.158,131
12318,11.841,1.104,0.000,-175.139,2.022,-0.167,131
12319,11.841,1.104,0.000,-175.024,2.026,-0.171,131
12320,11.840,1.104,0.000,-175.020,2.031,-0.171,131
12321,11.840,1.104,0.000,-175.137,2.035,-0.168,131
12322,11.840,1.104,0.000,-175.387,2.040,-0.159,131
12323,11.840,1.104,0.000,-175.781,2.046,-0.145,131
12324,11.839,1.103,0.000,-176.330,2.051,-0.126,131
12325,11.839,1.103,0.000,-177.041,2.056,-0.101,131
12326,11.839,1.103,0.000,-177.919,2.061,-0.069,131
12327,11.839,1.103,0.000,-178.963,2.066,-0.032,131
12328,11.839,1.103,0.000,179.829,2.070,0.012,131
12329,11.839,1.103,0.000,178.455,2.073,0.061,131
12330,11.839,1.103,0.000,176.903,2.074,0.118,131
12331,11.838,1.103,0.000,175.178,2.075,0.159,131
12332,11.839,1.103,0.000,173.428,2.069,0.241,131
12333,11.839,1.103,0.000,171.644,2.064,0.297,131
12334,11.838,1.103,0.000,169.826,2.061,0.356,131
12335,11.837,1.103,0.000,167.946,2.053,0.431,131
12336,11.837,1.103,0.000,165.971,2.039,0.508,131
12337,11.837,1.103,0.000,163.687,2.021,0.587,131
12338,11.837,1.103,0.000,160.838,1.995,0.685,131
12339,11.836,1.103,0.000,157.241,1.951,0.812,131
12340,11.836,1.102,0.000,152.886,1.887,0.961,131
12341,11.836,1.103,0.000,147.902,1.800,1.123,131
12342,11.835,1.103,0.000,142.593,1.694,1.288,131
12343,11.835,1.103,0.000,137.225,1.571,1.445,131
12344,11.834,1.104,0.000,131.960,1.436,1.589,131
12345,11.834,1.105,0.000,126.857,1.294,1.716,131
12346,11.833,1.106,0.000,121.919,1.145,1.827,131
12347,11.833,1.106,0.000,117.129,0.992,1.924,131
12348,11.832,1.107,0.000,112.471,0.836,2.005,131
12349,11.832,1.108,0.000,107.934,0.677,2.073,131
12350,11.832,1.109,0.000,103.507,0.517,2.127,131
12351,11.832,1.110,0.000,99.177,0.356,2.168,131
12352,11.832,1.111,0.000,94.930,0.195,2.197,131
12353,11.832,1.112,0.000,90.756,0.035,2.200,131
12354,11.832,1.114,0.000,86.650,-0.123,2.187,131
12355,11.832,1.115,0.000,82.619,-0.275,2.164,131
12356,11.832,1.116,0.000,78.695,-0.421,2.131,131
12357,11.833,1.117,0.000,74.921,-0.558,2.091,131
12358,11.833,1.118,0.000,71.347,-0.685,2.044,131
12359,11.834,1.119,0.000,68.004,-0.799,1.993,131
12360,11.834,1.120,0.000,64.895,-0.903,1.939,131
12361,11.835,1.121,0.000,61.986,-0.996,1.883,131
12362,11.835,1.122,0.000,59.220,-1.081,1.825,131
12363,11.836,1.122,0.000,56.533,-1.161,1.765,131
12364,11.836,1.123,0.000,53.873,-1.236,1.702,131
12365,11.837,1.124,0.000,51.207,-1.315,1.631,131
12366,11.837,1.124,0.000,48.614,-1.380,1.567,131
12367,11.837,1.124,0.000,46.015,-1.454,1.480,131
12368,11.838,1.125,0.000,43.546,-1.494,1.428,131
12369,11.837,1.124,0.000,41.114,-1.556,1.340,131
12370,11.838,1.125,0.000,38.787,-1.594,1.283,131
12371,11.839,1.126,0.000,36.507,-1.642,1.209,131
12372,11.840,1.126,0.000,34.314,-1.684,1.137,131
12373,11.840,1.126,0.000,32.138,-1.710,1.077,131
12374,11.841,1.127,0.000,29.968,-1.754,0.990,131
12375,11.841,1.127,0.000,27.820,-1.772,0.943,131
12376,11.842,1.127,0.000,25.696,-1.807,0.853,131
12377,11.842,1.127,0.000,23.670,-1.826,0.793,131
12378,11.842,1.127,0.000,21.715,-1.841,0.733,131
12379,11.842,1.127,0.000,20.034,-1.852,0.669,131
12380,11.842,1.127,0.000,18.881,-1.855,0.626,131
12381,11.842,1.127,0.000,18.099,-1.852,0.599,131
12382,11.842,1.126,0.000,17.563,-1.846,0.580,131
12383,11.842,1.126,0.000,17.187,-1.840,0.564,131
12384,11.842,1.126,0.000,16.921,-1.833,0.552,131
12385,11.841,1.126,0.000,16.718,-1.824,0.542,131
12386,11.841,1.126,0.000,16.536,-1.816,0.533,131
12387,11.841,1.126,0.000,16.356,-1.807,0.525,131
12388,11.841,1.126,0.000,16.173,-1.798,0.516,131
12389,11.840,1.126,0.000,15.988,-1.789,0.507,131
12390,11.840,1.126,0.000,15.807,-1.780,0.498,131
12391,11.840,1.126,0.000,15.637,-1.771,0.490,131
12392,11.839,1.125,0.000,15.476,-1.757,0.502,131
12393,11.839,1.125,0.000,15.322,-1.758,0.463,131
12394,11.839,1.125,0.000,15.181,-1.742,0.478,131
12395,11.838,1.125,0.000,15.041,-1.739,0.450,131
12396,11.838,1.125,0.000,14.932,-1.724,0.472,131
12397,11.838,1.125,0.000,14.857,-1.717,0.455,131
12398,11.837,1.125,0.000,14.799,-1.708,0.455,131
12399,11.837,1.125,0.000,14.701,-1.699,0.453,131
12400,11.836,1.124,0.000,14.561,-1.691,0.445,131
12401,11.836,1.124,0.000,14.362,-1.684,0.436,131
12402,11.835,1.124,0.000,14.100,-1.677,0.426,131
12403,11.835,1.124,0.000,13.775,-1.671,0.415,131
12404,11.834,1.124,0.000,13.392,-1.665,0.402,131
12405,11.834,1.124,0.000,12.956,-1.659,0.387,131
12406,11.833,1.123,0.000,12.482,-1.653,0.371,131
12407,11.833,1.123,0.000,11.989,-1.648,0.355,131
12408,11.833,1.123,0.000,11.496,-1.642,0.340,131
12409,11.832,1.123,0.000,11.019,-1.637,0.324,131
12410,11.832,1.123,0.000,10.568,-1.631,0.310,131
12411,11.831,1.123,0.000,10.146,-1.625,0.296,131
12412,11.831,1.123,0.000,9.757,-1.619,0.284,131
12413,11.830,1.123,0.000,9.401,-1.613,0.273,131
12414,11.830,1.123,0.000,9.083,-1.607,0.262,131
12415,11.830,1.123,0.000,8.811,-1.601,0.254,131
12416,11.829,1.123,0.000,8.593,-1.595,0.246,131
12417,11.829,1.123,0.000,8.437,-1.589,0.241,131
12418,11.829,1.123,0.000,8.346,-1.582,0.238,131
12419,11.828,1.123,0.000,8.324,-1.576,0.236,131
12420,11.828,1.123,0.000,8.367,-1.569,0.236,131
12421,11.828,1.123,0.000,8.472,-1.563,0.238,131
12422,11.828,1.123,0.000,8.633,-1.556,0.242,131
12423,11.828,1.123,0.000,8.848,-1.549,0.247,131
12424,11.827,1.123,0.000,9.115,-1.542,0.253,131
12425,11.827,1.123,0.000,9.393,-1.536,0.260,131
12426,11.827,1.123,0.000,9.633,-1.529,0.265,131
12427,11.827,1.123,0.000,9.841,-1.524,0.270,131
12428,11.827,1.123,0.000,10.019,-1.518,0.274,131
12429,11.827,1.123,0.000,10.353,-1.511,0.281,131
12430,11.827,1.124,0.000,11.009,-1.503,0.298,131
12431,11.827,1.124,0.000,11.952,-1.494,0.321,131
12432,11.827,1.124,0.000,13.000,-1.485,0.336,131
12433,11.827,1.124,0.000,14.067,-1.478,0.357,131
12434,11.828,1.124,0.000,15.175,-1.463,0.395,131
12435,11.827,1.124,0.000,16.459,-1.449,0.425,131
12436,11.827,1.124,0.000,17.989,-1.433,0.458,131
12437,11.827,1.123,0.000,19.721,-1.413,0.500,131
12438,11.827,1.123,0.000,21.631,-1.391,0.546,131
12439,11.827,1.123,0.000,23.687,-1.366,0.594,131
12440,11.827,1.123,0.000,25.847,-1.339,0.642,131
12441,11.827,1.123,0.000,28.078,-1.309,0.692,131
12442,11.827,1.123,0.000,30.376,-1.276,0.742,131
12443,11.827,1.123,0.000,32.755,-1.241,0.792,131
12444,11.827,1.123,0.000,35.224,-1.201,0.843,131
12445,11.826,1.123,0.000,37.664,-1.153,0.897,131
12446,11.826,1.122,0.000,40.097,-1.104,0.947,131
12447,11.826,1.122,0.000,42.499,-1.066,0.983,131
12448,11.825,1.122,0.000,44.746,-1.026,1.019,131
12449,11.825,1.121,0.000,46.738,-0.983,1.052,131
12450,11.825,1.121,0.000,48.293,-0.951,1.077,131
12451,11.824,1.121,0.000,49.991,-0.917,1.100,131
12452,11.824,1.121,0.000,51.354,-0.889,1.120,131
12453,11.825,1.121,0.000,53.503,-0.847,1.149,131
12454,11.825,1.121,0.000,55.783,-0.806,1.177,131
12455,11.825,1.121,0.000,58.013,-0.768,1.198,131
12456,11.825,1.121,0.000,60.249,-0.700,1.236,131
12457,11.825,1.121,0.000,62.348,-0.653,1.256,131
12458,11.824,1.121,0.000,63.875,-0.616,1.268,131
12459,11.824,1.120,0.000,64.830,-0.592,1.273,131
12460,11.824,1.120,0.000,65.381,-0.578,1.275,131
12461,11.823,1.120,0.000,65.619,-0.571,1.273,131
12462,11.823,1.120,0.000,65.672,-0.569,1.271,131
12463,11.823,1.120,0.000,65.694,-0.567,1.268,131
12464,11.823,1.120,0.000,65.706,-0.566,1.266,131
12465,11.823,1.120,0.000,65.713,-0.564,1.264,131
12466,11.823,1.120,0.000,65.717,-0.563,1.261,131
12467,11.823,1.119,0.000,65.384,-0.569,1.253,131
12468,11.823,1.119,0.000,64.371,-0.589,1.239,131
12469,11.823,1.119,0.000,63.250,-0.624,1.220,131
12470,11.823,1.120,0.000,62.267,-0.635,1.215,131
12471,11.823,1.120,0.000,61.290,-0.671,1.195,131
12472,11.823,1.120,0.000,60.237,-0.683,1.184,131
12473,11.823,1.119,0.000,59.114,-0.702,1.170,131
12474,11.823,1.119,0.000,57.940,-0.723,1.154,131
12475,11.823,1.119,0.000,56.769,-0.743,1.142,131
12476,11.823,1.119,0.000,55.591,-0.759,1.128,131
12477,11.823,1.119,0.000,54.405,-0.789,1.105,131
12478,11.823,1.119,0.000,53.334,-0.807,1.090,131
12479,11.823,1.119,0.000,52.626,-0.817,1.081,131
12480,11.823,1.119,0.000,52.267,-0.824,1.075,131
12481,11.823,1.119,0.000,52.182,-0.825,1.071,131
12482,11.823,1.119,0.000,52.319,-0.822,1.072,131
12483,11.823,1.119,0.000,52.660,-0.814,1.076,131
12484,11.823,1.118,0.000,53.183,-0.803,1.082,131
12485,11.823,1.118,0.000,53.867,-0.789,1.090,131
12486,11.822,1.118,0.000,54.698,-0.772,1.099,131
12487,11.822,1.118,0.000,55.670,-0.754,1.109,131
12488,11.822,1.118,0.000,56.672,-0.740,1.119,131
12489,11.822,1.118,0.000,57.644,-0.727,1.125,131
12490,11.822,1.118,0.000,58.769,-0.697,1.141,131
12491,11.822,1.117,0.000,60.063,-0.669,1.156,131
12492,11.822,1.117,0.000,61.468,-0.642,1.169,131
12493,11.822,1.117,0.000,62.864,-0.614,1.183,131
12494,11.822,1.117,0.000,64.187,-0.585,1.196,131
12495,11.822,1.117,0.000,65.395,-0.559,1.208,131
12496,11.822,1.117,0.000,66.443,-0.536,1.216,131
12497,11.822,1.117,0.000,67.302,-0.518,1.223,131
12498,11.822,1.117,0.000,67.964,-0.503,1.229,131
12499,11.822,1.117,0.000,68.437,-0.493,1.232,131
12500,11.822,1.116,0.000,68.739,-0.486,1.233,131
12501,11.822,1.116,0.000,68.901,-0.482,1.234,131
12502,11.822,1.116,0.000,68.955,-0.480,1.233,131
12503,11.822,1.116,0.000,68.935,-0.480,1.232,131
12504,11.822,1.116,0.000,68.876,-0.481,1.230,131
12505,11.822,1.115,0.000,68.810,-0.482,1.228,131
12506,11.822,1.115,0.000,68.759,-0.483,1.226,131
12507,11.821,1.115,0.000,68.734,-0.483,1.225,131
12508,11.821,1.115,0.000,68.739,-0.482,1.224,131
12509,11.821,1.115,0.000,68.768,-0.481,1.223,131
12510,11.821,1.114,0.000,68.810,-0.480,1.222,131
12511,11.821,1.114,0.000,68.847,-0.479,1.222,131
12512,11.821,1.114,0.000,68.870,-0.478,1.222,131
12513,11.821,1.114,0.000,68.884,-0.478,1.222,131
12514,11.821,1.114,0.000,68.894,-0.457,1.230,131
12515,11.821,1.115,0.000,68.879,-0.471,1.226,131
12516,11.821,1.115,0.000,68.850,-0.472,1.227,131
12517,11.821,1.115,0.000,68.808,-0.466,1.229,131
12518,11.821,1.115,0.000,68.768,-0.470,1.227,131
12519,11.821,1.115,0.000,68.729,-0.472,1.225,131
12520,11.821,1.115,0.000,68.690,-0.470,1.224,131
12521,11.821,1.115,0.000,68.653,-0.470,1.222,131
12522,11.821,1.115,0.000,68.616,-0.471,1.219,131
12523,11.821,1.115,0.000,68.580,-0.485,1.211,131
12524,11.821,1.115,0.000,68.528,-0.475,1.211,131
12525,11.821,1.115,0.000,68.436,-0.484,1.205,131
12526,11.821,1.115,0.000,68.373,-0.486,1.202,131
12527,11.821,1.115,0.000,68.317,-0.482,1.201,131
12528,11.821,1.115,0.000,68.261,-0.484,1.199,131
12529,11.821,1.115,0.000,68.207,-0.486,1.197,131
12530,11.821,1.115,0.000,68.154,-0.486,1.196,131
12531,11.821,1.115,0.000,68.102,-0.487,1.195,131
12532,11.821,1.115,0.000,68.051,-0.488,1.194,131
12533,11.821,1.115,0.000,68.001,-0.489,1.194,131
12534,11.821,1.115,0.000,67.952,-0.490,1.195,131
12535,11.821,1.115,0.000,67.904,-0.492,1.195,131
12536,11.821,1.115,0.000,67.857,-0.474,1.204,131
12537,11.821,1.114,0.000,67.808,-0.488,1.198,131
12538,11.821,1.114,0.000,67.747,-0.487,1.200,131
12539,11.821,1.114,0.000,67.710,-0.485,1.203,131
12540,11.821,1.114,0.000,67.688,-0.487,1.204,131
12541,11.821,1.114,0.000,67.676,-0.490,1.205,131
12542,11.821,1.114,0.000,67.668,-0.490,1.207,131
12543,11.821,1.114,0.000,67.664,-0.491,1.209,131
12544,11.821,1.114,0.000,67.662,-0.492,1.211,131
12545,11.821,1.114,0.000,67.661,-0.493,1.212,131
12546,11.821,1.114,0.000,67.660,-0.493,1.214,131
12547,11.821,1.114,0.000,67.243,-0.503,1.212,131
12548,11.820,1.114,0.000,65.908,-0.531,1.201,131
12549,11.820,1.114,0.000,63.641,-0.579,1.180,131
12550,11.820,1.115,0.000,60.456,-0.644,1.147,131
12551,11.819,1.115,0.000,56.448,-0.724,1.101,131
12552,11.820,1.115,0.000,51.799,-0.813,1.041,131
12553,11.820,1.115,0.000,46.742,-0.904,0.968,131
12554,11.820,1.116,0.000,41.508,-0.991,0.884,131
12555,11.821,1.116,0.000,36.282,-1.072,0.793,131
12556,11.821,1.116,0.000,31.174,-1.143,0.697,131
12557,11.822,1.117,0.000,26.236,-1.203,0.599,131
12558,11.823,1.117,0.000,21.485,-1.254,0.499,131
12559,11.824,1.117,0.000,16.915,-1.296,0.400,131
12560,11.825,1.118,0.000,12.510,-1.329,0.300,131
12561,11.826,1.118,0.000,8.244,-1.354,0.202,131
12562,11.827,1.118,0.000,4.091,-1.372,0.104,131
12563,11.828,1.118,0.000,0.028,-1.383,0.006,131
12564,11.829,1.118,0.000,-3.953,-1.388,-0.090,131
12565,11.830,1.118,0.000,-7.828,-1.386,-0.185,131
12566,11.831,1.117,0.000,-11.543,-1.379,-0.276,131
12567,11.833,1.117,0.000,-15.016,-1.367,-0.361,131
12568,11.834,1.116,0.000,-18.165,-1.353,-0.438,131
12569,11.835,1.116,0.000,-20.959,-1.333,-0.519,131
12570,11.835,1.116,0.000,-23.619,-1.316,-0.572,131
12571,11.837,1.115,0.000,-26.273,-1.290,-0.650,131
12572,11.837,1.115,0.000,-28.792,-1.268,-0.705,131
12573,11.838,1.115,0.000,-30.736,-1.249,-0.746,131
12574,11.838,1.115,0.000,-32.066,-1.234,-0.779,131
12575,11.839,1.114,0.000,-32.957,-1.226,-0.802,131
12576,11.839,1.114,0.000,-33.566,-1.222,-0.818,131
12577,11.840,1.114,0.000,-33.989,-1.221,-0.829,131
12578,11.840,1.114,0.000,-34.270,-1.221,-0.838,131
12579,11.841,1.113,0.000,-34.424,-1.223,-0.845,131
12580,11.841,1.113,0.000,-34.455,-1.227,-0.848,131
12581,11.841,1.113,0.000,-34.428,-1.242,-0.834,131
12582,11.842,1.113,0.000,-34.404,-1.229,-0.861,131
12583,11.842,1.112,0.000,-34.422,-1.243,-0.849,131
12584,11.843,1.112,0.000,-34.440,-1.237,-0.863,131
12585,11.843,1.111,0.000,-34.433,-1.245,-0.863,131
12586,11.844,1.111,0.000,-34.409,-1.253,-0.857,131
12587,11.844,1.111,0.000,-34.284,-1.249,-0.864,131
12588,11.844,1.111,0.000,-34.007,-1.257,-0.857,131
12589,11.844,1.111,0.000,-33.150,-1.272,-0.835,131
12590,11.845,1.111,0.000,-31.690,-1.293,-0.804,131
12591,11.845,1.111,0.000,-29.799,-1.320,-0.763,131
12592,11.845,1.111,0.000,-27.660,-1.360,-0.695,131
12593,11.846,1.110,0.000,-25.514,-1.382,-0.657,131
12594,11.846,1.110,0.000,-23.341,-1.406,-0.606,131
12595,11.846,1.110,0.000,-20.930,-1.434,-0.541,131
12596,11.846,1.110,0.000,-18.016,-1.462,-0.468,131
12597,11.846,1.110,0.000,-14.740,-1.487,-0.386,131
12598,11.846,1.109,0.000,-11.228,-1.509,-0.295,131
12599,11.846,1.109,0.000,-7.585,-1.526,-0.198,131
12600,11.846,1.109,0.000,-3.887,-1.537,-0.099,131
12601,11.846,1.109,0.000,-0.180,-1.541,0.001,131
12602,11.846,1.109,0.000,3.517,-1.539,0.100,131
12603,11.846,1.110,0.000,7.199,-1.531,0.199,131
12604,11.846,1.110,0.000,10.860,-1.517,0.297,131
12605,11.845,1.110,0.000,14.474,-1.497,0.392,131
12606,11.845,1.110,0.000,17.984,-1.472,0.483,131
12607,11.845,1.109,0.000,21.316,-1.443,0.569,131
12608,11.845,1.109,0.000,24.401,-1.413,0.642,131
12609,11.846,1.110,0.000,27.391,-1.384,0.713,131
12610,11.846,1.110,0.000,30.390,-1.352,0.776,131
12611,11.846,1.110,0.000,33.352,-1.307,0.856,131
12612,11.847,1.111,0.000,36.086,-1.269,0.922,131
12613,11.848,1.111,0.000,38.272,-1.240,0.970,131
12614,11.849,1.112,0.000,39.491,-1.223,0.999,131
12615,11.849,1.113,0.000,39.760,-1.221,1.009,131
12616,11.850,1.113,0.000,39.148,-1.235,0.999,131
12617,11.850,1.113,0.000,37.812,-1.262,0.972,131
12618,11.850,1.114,0.000,35.874,-1.297,0.931,131
12619,11.850,1.114,0.000,33.462,-1.338,0.878,131
12620,11.851,1.114,0.000,30.713,-1.381,0.814,131
12621,11.851,1.114,0.000,27.755,-1.424,0.743,131
12622,11.851,1.114,0.000,24.688,-1.464,0.667,131
12623,11.851,1.114,0.000,21.583,-1.501,0.588,131
12624,11.851,1.114,0.000,18.483,-1.533,0.507,131
12625,11.851,1.114,0.000,15.417,-1.561,0.425,131
12626,11.851,1.114,0.000,12.402,-1.584,0.343,131
12627,11.852,1.114,0.000,9.447,-1.603,0.261,131
12628,11.852,1.114,0.000,6.552,-1.618,0.180,131
12629,11.852,1.114,0.000,3.717,-1.628,0.100,131
12630,11.852,1.114,0.000,0.938,-1.635,0.021,131
12631,11.853,1.114,0.000,-1.786,-1.638,-0.056,131
12632,11.853,1.114,0.000,-4.446,-1.637,-0.133,131
12633,11.853,1.114,0.000,-7.020,-1.634,-0.207,131
12634,11.854,1.114,0.000,-9.468,-1.627,-0.277,131
12635,11.854,1.114,0.000,-11.738,-1.619,-0.342,131
12636,11.854,1.114,0.000,-13.771,-1.609,-0.400,131
12637,11.855,1.115,0.000,-15.512,-1.600,-0.450,131
12638,11.855,1.115,0.000,-16.916,-1.591,-0.490,131
12639,11.855,1.115,0.000,-17.956,-1.586,-0.519,131
12640,11.855,1.115,0.000,-18.611,-1.583,-0.539,131
12641,11.856,1.115,0.000,-18.873,-1.584,-0.547,131
12642,11.856,1.115,0.000,-18.730,-1.588,-0.544,131
12643,11.856,1.116,0.000,-18.166,-1.597,-0.530,131
12644,11.856,1.116,0.000,-17.165,-1.609,-0.503,131
12645,11.857,1.116,0.000,-15.714,-1.624,-0.462,131
12646,11.857,1.116,0.000,-13.821,-1.641,-0.409,131
12647,11.857,1.117,0.000,-11.519,-1.659,-0.344,131
12648,11.858,1.117,0.000,-8.871,-1.676,-0.267,131
12649,11.858,1.117,0.000,-5.959,-1.691,-0.182,131
12650,11.858,1.117,0.000,-2.869,-1.702,-0.091,131
12651,11.858,1.118,0.000,0.337,-1.707,0.005,131
12652,11.859,1.118,0.000,3.643,-1.707,0.103,131
12653,11.859,1.117,0.000,7.088,-1.701,0.206,131
12654,11.859,1.117,0.000,10.774,-1.687,0.315,131
12655,11.859,1.117,0.000,14.836,-1.663,0.435,131
12656,11.860,1.116,0.000,19.404,-1.626,0.567,131
12657,11.860,1.116,0.000,24.533,-1.572,0.711,131
12658,11.860,1.116,0.000,30.158,-1.498,0.864,131
12659,11.861,1.117,0.000,36.095,-1.404,1.017,131
12660,11.861,1.117,0.000,42.118,-1.294,1.163,131
12661,11.862,1.118,0.000,48.049,-1.171,1.295,131
12662,11.862,1.118,0.000,53.805,-1.040,1.411,131
12663,11.863,1.119,0.000,59.365,-0.902,1.511,131
12664,11.863,1.120,0.000,64.740,-0.759,1.596,131
12665,11.863,1.121,0.000,69.948,-0.614,1.665,131
12666,11.864,1.122,0.000,75.009,-0.467,1.721,131
12667,11.864,1.123,0.000,79.944,-0.318,1.763,131
12668,11.864,1.125,0.000,84.775,-0.169,1.792,131
12669,11.864,1.126,0.000,89.521,-0.021,1.809,131
12670,11.864,1.127,0.000,94.190,0.127,1.813,131
12671,11.864,1.129,0.000,98.769,0.273,1.807,131
12672,11.863,1.130,0.000,103.218,0.415,1.790,131
12673,11.863,1.132,0.000,107.481,0.550,1.764,131
12674,11.862,1.133,0.000,111.505,0.676,1.730,131
12675,11.861,1.134,0.000,115.260,0.793,1.692,131
12676,11.860,1.136,0.000,118.751,0.899,1.650,131
12677,11.860,1.137,0.000,122.007,0.997,1.605,131
12678,11.859,1.138,0.000,125.070,1.087,1.558,131
12679,11.858,1.140,0.000,127.978,1.171,1.509,131
12680,11.857,1.141,0.000,130.758,1.250,1.458,131
12681,11.856,1.142,0.000,133.432,1.323,1.405,131
12682,11.855,1.143,0.000,136.014,1.392,1.351,131
12683,11.853,1.144,0.000,138.516,1.457,1.296,131
12684,11.852,1.145,0.000,140.951,1.519,1.239,131
12685,11.851,1.146,0.000,143.331,1.577,1.180,131
12686,11.850,1.147,0.000,145.663,1.631,1.121,131
12687,11.849,1.147,0.000,147.958,1.683,1.059,131
12688,11.848,1.148,0.000,150.228,1.732,0.997,131
12689,11.847,1.148,0.000,152.496,1.778,0.931,131
12690,11.845,1.149,0.000,154.796,1.822,0.863,131
12691,11.844,1.149,0.000,157.161,1.863,0.791,131
12692,11.843,1.150,0.000,159.614,1.903,0.713,131
12693,11.842,1.150,0.000,162.165,1.940,0.630,131
12694,11.841,1.150,0.000,164.806,1.975,0.542,131
12695,11.841,1.150,0.000,167.526,2.005,0.449,131
12696,11.840,1.150,0.000,170.309,2.032,0.352,131
12697,11.839,1.150,0.000,173.145,2.053,0.252,131
12698,11.838,1.150,0.000,176.020,2.070,0.149,131
12699,11.838,1.150,0.000,178.924,2.081,0.044,131
12700,11.837,1.150,0.000,-178.145,2.087,-0.062,131
12701,11.836,1.150,0.000,-175.174,2.086,-0.171,131
12702,11.836,1.150,0.000,-172.117,2.080,-0.282,131
12703,11.835,1.150,0.000,-168.891,2.066,-0.400,131
12704,11.835,1.151,0.000,-165.382,2.042,-0.527,131
12705,11.835,1.151,0.000,-161.453,2.006,-0.667,131
12706,11.835,1.151,0.000,-156.987,1.952,-0.823,131
12707,11.834,1.151,0.000,-151.932,1.876,-0.994,131
12708,11.834,1.151,0.000,-146.338,1.774,-1.175,131
12709,11.834,1.151,0.000,-140.350,1.646,-1.357,131
12710,11.833,1.150,0.000,-134.151,1.494,-1.531,131
12711,11.833,1.150,0.000,-127.890,1.323,-1.690,131
12712,11.833,1.149,0.000,-121.657,1.135,-1.829,131
12713,11.833,1.149,0.000,-115.492,0.935,-1.947,131
12714,11.832,1.148,0.000,-109.407,0.725,-2.042,131
12715,11.832,1.147,0.000,-103.403,0.510,-2.114,131
12716,11.832,1.147,0.000,-97.480,0.290,-2.163,131
12717,11.832,1.146,0.000,-91.633,0.068,-2.189,131
12718,11.832,1.145,0.000,-85.863,-0.153,-2.193,131
12719,11.833,1.144,0.000,-80.172,-0.371,-2.175,131
12720,11.833,1.143,0.000,-74.583,-0.584,-2.136,131
12721,11.833,1.143,0.000,-69.087,-0.787,-2.037,131
12722,11.833,1.143,0.000,-63.777,-0.957,-1.922,131
12723,11.833,1.143,0.000,-58.725,-1.100,-1.801,131
12724,11.833,1.143,0.000,-53.937,-1.225,-1.675,131
12725,11.833,1.142,0.000,-49.395,-1.333,-1.546,131
12726,11.834,1.142,0.000,-45.069,-1.422,-1.417,131
12727,11.834,1.142,0.000,-40.930,-1.496,-1.289,131
12728,11.835,1.142,0.000,-36.955,-1.555,-1.165,131
12729,11.836,1.141,0.000,-33.076,-1.603,-1.047,131
12730,11.837,1.140,0.000,-29.214,-1.641,-0.929,131
12731,11.838,1.139,0.000,-25.428,-1.688,-0.778,131
12732,11.839,1.139,0.000,-21.708,-1.699,-0.684,131
12733,11.840,1.139,0.000,-18.066,-1.717,-0.546,131
12734,11.841,1.139,0.000,-14.490,-1.712,-0.466,131
12735,11.842,1.139,0.000,-10.973,-1.716,-0.324,131
12736,11.843,1.138,0.000,-7.511,-1.704,-0.234,131
12737,11.844,1.138,0.000,-4.092,-1.686,-0.134,131
12738,11.845,1.138,0.000,-0.720,-1.667,-0.018,131
12739,11.846,1.138,0.000,2.593,-1.640,0.067,131
12740,11.848,1.138,0.000,5.822,-1.609,0.154,131
12741,11.849,1.139,0.000,8.933,-1.574,0.242,131
12742,11.850,1.139,0.000,11.873,-1.536,0.319,131
12743,11.851,1.140,0.000,14.587,-1.496,0.384,131
12744,11.852,1.140,0.000,17.031,-1.456,0.440,131
12745,11.853,1.141,0.000,19.180,-1.416,0.487,131
12746,11.854,1.141,0.000,21.038,-1.378,0.524,131
12747,11.855,1.142,0.000,22.633,-1.341,0.553,131
12748,11.856,1.142,0.000,24.084,-1.297,0.593,131
12749,11.857,1.143,0.000,25.450,-1.264,0.611,131
12750,11.857,1.143,0.000,26.697,-1.231,0.621,131
12751,11.858,1.143,0.000,27.784,-1.196,0.635,131
12752,11.858,1.143,0.000,28.749,-1.163,0.646,131
12753,11.859,1.143,0.000,29.622,-1.132,0.651,131
12754,11.859,1.144,0.000,30.424,-1.103,0.653,131
12755,11.860,1.144,0.000,31.163,-1.074,0.655,131
12756,11.860,1.144,0.000,31.841,-1.046,0.656,131
12757,11.861,1.144,0.000,32.477,-1.030,0.634,131
12758,11.861,1.145,0.000,33.101,-0.995,0.647,131
12759,11.861,1.145,0.000,33.711,-0.970,0.642,131
12760,11.862,1.145,0.000,34.307,-0.946,0.634,131
12761,11.862,1.145,0.000,34.894,-0.918,0.634,131
12762,11.863,1.146,0.000,35.592,-0.890,0.632,131
12763,11.863,1.146,0.000,36.504,-0.861,0.630,131
12764,11.863,1.146,0.000,37.663,-0.829,0.633,131
12765,11.863,1.146,0.000,39.110,-0.794,0.639,131
12766,11.864,1.146,0.000,40.911,-0.755,0.648,131
12767,11.864,1.146,0.000,43.144,-0.712,0.660,131
12768,11.864,1.146,0.000,45.837,-0.656,0.682,131
12769,11.864,1.147,0.000,48.576,-0.614,0.692,131
12770,11.864,1.147,0.000,51.221,-0.555,0.710,131
12771,11.864,1.146,0.000,53.909,-0.508,0.714,131
12772,11.864,1.146,0.000,56.638,-0.467,0.714,131
12773,11.864,1.147,0.000,59.871,-0.415,0.723,131
12774,11.864,1.146,0.000,63.837,-0.352,0.731,131
12775,11.865,1.146,0.000,68.467,-0.284,0.737,131
12776,11.865,1.146,0.000,73.441,-0.214,0.738,131
12777,11.865,1.146,0.000,78.544,-0.143,0.733,131
12778,11.865,1.146,0.000,83.670,-0.074,0.721,131
12779,11.865,1.145,0.000,88.766,-0.010,0.704,131
12780,11.865,1.145,0.000,93.812,0.051,0.681,131
12781,11.865,1.145,0.000,98.801,0.107,0.654,131
12782,11.865,1.145,0.000,103.717,0.158,0.622,131
12783,11.865,1.144,0.000,108.518,0.203,0.588,131
12784,11.865,1.144,0.000,113.138,0.242,0.552,131
12785,11.865,1.144,0.000,117.504,0.275,0.515,131
12786,11.865,1.144,0.000,121.561,0.301,0.479,131
12787,11.865,1.144,0.000,125.286,0.321,0.444,131
12788,11.865,1.144,0.000,128.685,0.336,0.410,131
12789,11.865,1.145,0.000,131.785,0.346,0.379,131
12790,11.865,1.145,0.000,134.621,0.353,0.350,131
12791,11.865,1.145,0.000,137.228,0.357,0.323,131
12792,11.864,1.145,0.000,139.634,0.358,0.297,131
12793,11.864,1.145,0.000,141.866,0.358,0.274,131
12794,11.863,1.146,0.000,143.943,0.355,0.252,131
12795,11.863,1.146,0.000,145.878,0.352,0.232,131
12796,11.863,1.146,0.000,147.685,0.347,0.213,131
12797,11.862,1.146,0.000,149.375,0.341,0.196,131
12798,11.862,1.147,0.000,150.959,0.334,0.179,131
12799,11.861,1.147,0.000,152.449,0.327,0.164,131
12800,11.860,1.147,0.000,153.852,0.319,0.151,131
12801,11.860,1.148,0.000,155.176,0.310,0.138,131
12802,11.859,1.148,0.000,156.430,0.302,0.126,131
12803,11.859,1.148,0.000,157.619,0.292,0.114,131
12804,11.858,1.148,0.000,158.752,0.283,0.104,131
12805,11.857,1.148,0.000,159.835,0.273,0.094,131
12806,11.857,1.149,0.000,160.879,0.263,0.085,131
12807,11.856,1.149,0.000,161.892,0.253,0.077,131
12808,11.856,1.149,0.000,162.883,0.243,0.069,131
12809,11.855,1.149,0.000,163.862,0.230,0.069,131
12810,11.854,1.149,0.000,164.822,0.219,0.062,131
12811,11.854,1.150,0.000,165.770,0.206,0.066,131
12812,11.853,1.150,0.000,166.695,0.197,0.051,131
12813,11.852,1.150,0.000,167.604,0.186,0.043,131
12814,11.852,1.150,0.000,168.522,0.174,0.042,131
12815,11.851,1.150,0.000,169.455,0.162,0.037,131
12816,11.850,1.150,0.000,170.398,0.151,0.031,131
12817,11.850,1.150,0.000,171.347,0.139,0.026,131
12818,11.849,1.150,0.000,172.300,0.127,0.023,131
12819,11.849,1.150,0.000,173.253,0.116,0.019,131
12820,11.848,1.150,0.000,174.202,0.104,0.016,131
12821,11.848,1.150,0.000,175.145,0.092,0.013,131
12822,11.847,1.150,0.000,176.081,0.080,0.011,131
12823,11.847,1.151,0.000,177.008,0.068,0.009,131
12824,11.846,1.151,0.000,177.925,0.056,0.007,131
12825,11.846,1.151,0.000,178.831,0.045,0.006,131
12826,11.845,1.151,0.000,179.726,0.033,0.006,131
12827,11.845,1.151,0.000,-179.391,0.021,0.005,131
12828,11.844,1.151,0.000,-178.520,0.009,0.005,131
12829,11.844,1.151,0.000,-177.661,-0.002,0.005,131
12830,11.844,1.150,0.000,-176.813,-0.014,0.006,131
12831,11.843,1.150,0.000,-175.974,-0.025,0.007,131
12832,11.843,1.150,0.000,-175.142,-0.036,0.009,131
12833,11.843,1.150,0.000,-174.314,-0.048,0.010,131
12834,11.842,1.150,0.000,-173.487,-0.059,0.012,131
12835,11.842,1.150,0.000,-172.662,-0.070,0.014,131
12836,11.841,1.150,0.000,-171.839,-0.081,0.017,131
12837,11.841,1.150,0.000,-171.018,-0.091,0.020,131
12838,11.841,1.150,0.000,-170.198,-0.102,0.023,131
12839,11.840,1.150,0.000,-169.371,-0.112,0.027,131
12840,11.840,1.150,0.000,-168.524,-0.122,0.030,131
12841,11.840,1.150,0.000,-167.638,-0.133,0.035,131
12842,11.840,1.150,0.000,-166.689,-0.143,0.039,131
12843,11.839,1.150,0.000,-165.645,-0.152,0.045,131
12844,11.839,1.150,0.000,-164.472,-0.162,0.051,131
12845,11.839,1.150,0.000,-163.129,-0.171,0.057,131
12846,11.839,1.150,0.000,-161.640,-0.187,0.045,131
12847,11.839,1.150,0.000,-160.129,-0.191,0.069,131
12848,11.838,1.150,0.000,-158.587,-0.198,0.076,131
12849,11.838,1.150,0.000,-156.836,-0.208,0.081,131
12850,11.838,1.150,0.000,-154.640,-0.214,0.093,131
12851,11.838,1.149,0.000,-152.051,-0.217,0.110,131
12852,11.838,1.149,0.000,-149.175,-0.220,0.126,131
12853,11.838,1.149,0.000,-146.136,-0.223,0.143,131
12854,11.838,1.149,0.000,-143.041,-0.223,0.161,131
12855,11.838,1.149,0.000,-139.966,-0.222,0.180,131
12856,11.839,1.150,0.000,-136.964,-0.221,0.199,131
12857,11.839,1.150,0.000,-134.073,-0.218,0.217,131
12858,11.839,1.150,0.000,-131.314,-0.214,0.235,131
12859,11.839,1.150,0.000,-128.697,-0.210,0.253,131
12860,11.839,1.150,0.000,-126.220,-0.205,0.270,131
12861,11.839,1.150,0.000,-123.879,-0.199,0.287,131
12862,11.839,1.150,0.000,-121.623,-0.178,0.314,131
12863,11.839,1.150,0.000,-119.441,-0.175,0.327,131
12864,11.839,1.150,0.000,-117.363,-0.173,0.336,131
12865,11.838,1.149,0.000,-115.414,-0.172,0.345,131
12866,11.838,1.149,0.000,-113.483,-0.157,0.362,131
12867,11.838,1.149,0.000,-111.551,-0.163,0.366,131
12868,11.838,1.148,0.000,-109.584,-0.132,0.387,131
12869,11.838,1.147,0.000,-107.616,-0.134,0.392,131
12870,11.838,1.147,0.000,-105.783,-0.124,0.404,131
12871,11.838,1.147,0.000,-104.278,-0.110,0.418,131
12872,11.838,1.147,0.000,-103.156,-0.104,0.429,131
12873,11.839,1.147,0.000,-102.443,-0.103,0.440,131
12874,11.839,1.147,0.000,-102.143,-0.103,0.450,131
12875,11.839,1.147,0.000,-102.249,-0.105,0.459,131
12876,11.840,1.147,0.000,-102.756,-0.111,0.467,131
12877,11.840,1.147,0.000,-103.661,-0.121,0.473,131
12878,11.840,1.146,0.000,-104.957,-0.134,0.479,131
12879,11.840,1.146,0.000,-106.624,-0.150,0.483,131
12880,11.841,1.146,0.000,-108.627,-0.169,0.485,131
12881,11.841,1.145,0.000,-110.903,-0.191,0.485,131
12882,11.840,1.145,0.000,-113.361,-0.214,0.483,131
12883,11.840,1.145,0.000,-115.888,-0.238,0.479,131
12884,11.840,1.144,0.000,-118.365,-0.262,0.474,131
12885,11.840,1.143,0.000,-120.688,-0.284,0.468,131
12886,11.839,1.143,0.000,-122.777,-0.304,0.462,131
12887,11.839,1.142,0.000,-124.588,-0.321,0.457,131
12888,11.838,1.142,0.000,-126.105,-0.337,0.452,131
12889,11.838,1.141,0.000,-127.330,-0.349,0.449,131
12890,11.837,1.141,0.000,-128.278,-0.360,0.448,131
12891,11.837,1.140,0.000,-128.966,-0.369,0.448,131
12892,11.837,1.140,0.000,-129.410,-0.376,0.449,131
12893,11.836,1.139,0.000,-129.624,-0.381,0.452,131
12894,11.836,1.139,0.000,-129.617,-0.384,0.456,131
12895,11.835,1.138,0.000,-129.395,-0.386,0.461,131
12896,11.835,1.138,0.000,-128.960,-0.386,0.468,131
12897,11.835,1.138,0.000,-128.321,-0.384,0.477,131
12898,11.834,1.137,0.000,-127.496,-0.380,0.487,131
12899,11.834,1.137,0.000,-126.514,-0.375,0.497,131
12900,11.834,1.136,0.000,-125.407,-0.368,0.509,131
12901,11.833,1.136,0.000,-124.208,-0.361,0.521,131
12902,11.833,1.136,0.000,-122.946,-0.352,0.533,131
12903,11.833,1.135,0.000,-121.644,-0.343,0.546,131
12904,11.833,1.135,0.000,-120.315,-0.333,0.558,131
12905,11.832,1.134,0.000,-118.969,-0.322,0.571,131
12906,11.832,1.134,0.000,-117.614,-0.311,0.583,131
12907,11.832,1.134,0.000,-116.256,-0.300,0.596,131
12908,11.832,1.134,0.000,-114.901,-0.288,0.608,131
12909,11.832,1.133,0.000,-113.550,-0.276,0.619,131
12910,11.832,1.133,0.000,-112.203,-0.263,0.631,131
12911,11.831,1.133,0.000,-110.860,-0.250,0.642,131
12912,11.831,1.132,0.000,-109.522,-0.237,0.653,131
12913,11.831,1.132,0.000,-108.192,-0.224,0.664,131
12914,11.831,1.132,0.000,-106.874,-0.210,0.674,131
12915,11.831,1.132,0.000,-105.573,-0.196,0.685,131
12916,11.831,1.131,0.000,-104.296,-0.175,0.697,131
12917,11.831,1.131,0.000,-103.047,-0.161,0.705,131
12918,11.831,1.131,0.000,-101.861,-0.138,0.717,131
12919,11.831,1.131,0.000,-100.722,-0.131,0.723,131
12920,11.831,1.130,0.000,-99.645,-0.121,0.730,131
12921,11.830,1.130,0.000,-98.672,-0.107,0.739,131
12922,11.830,1.130,0.000,-97.819,-0.096,0.746,131
12923,11.830,1.130,0.000,-97.060,-0.088,0.753,131
12924,11.830,1.130,0.000,-96.376,-0.080,0.760,131
12925,11.830,1.130,0.000,-95.754,-0.072,0.767,131
12926,11.830,1.130,0.000,-95.184,-0.065,0.774,131
12927,11.830,1.130,0.000,-94.659,-0.058,0.780,131
12928,11.830,1.130,0.000,-94.094,-0.051,0.788,131
12929,11.830,1.130,0.000,-93.420,-0.042,0.796,131
12930,11.830,1.130,0.000,-92.637,-0.032,0.803,131
12931,11.830,1.131,0.000,-91.760,-0.038,0.811,131
12932,11.830,1.131,0.000,-90.849,-0.008,0.818,131
12933,11.830,1.131,0.000,-89.912,-0.010,0.824,131
12934,11.830,1.132,0.000,-88.957,0.003,0.834,131
12935,11.830,1.132,0.000,-87.968,0.031,0.840,131
12936,11.830,1.132,0.000,-86.943,0.039,0.846,131
12937,11.830,1.133,0.000,-85.882,0.050,0.855,131
12938,11.830,1.134,0.000,-84.760,0.075,0.862,131
12939,11.830,1.134,0.000,-83.521,0.095,0.869,131
12940,11.831,1.135,0.000,-82.112,0.115,0.875,131
12941,11.831,1.135,0.000,-80.511,0.141,0.880,131
12942,11.831,1.136,0.000,-78.697,0.171,0.883,131
12943,11.831,1.137,0.000,-76.655,0.205,0.885,131
12944,11.831,1.137,0.000,-74.399,0.255,0.881,131
12945,11.830,1.138,0.000,-72.135,0.280,0.883,131
12946,11.830,1.139,0.000,-69.896,0.330,0.877,131
12947,11.830,1.139,0.000,-67.659,0.368,0.871,131
12948,11.829,1.140,0.000,-65.250,0.404,0.866,131
12949,11.829,1.141,0.000,-62.578,0.448,0.855,131
12950,11.828,1.141,0.000,-59.769,0.495,0.839,131
12951,11.828,1.142,0.000,-56.931,0.542,0.820,131
12952,11.828,1.142,0.000,-54.135,0.586,0.801,131
12953,11.827,1.143,0.000,-51.423,0.628,0.779,131
12954,11.827,1.143,0.000,-48.816,0.669,0.756,131
12955,11.827,1.144,0.000,-46.324,0.708,0.733,131
12956,11.826,1.144,0.000,-43.950,0.744,0.710,131
12957,11.826,1.145,0.000,-41.690,0.778,0.686,131
12958,11.825,1.145,0.000,-39.530,0.810,0.662,131
12959,11.824,1.145,0.000,-37.460,0.841,0.638,131
12960,11.824,1.146,0.000,-35.469,0.870,0.613,131
12961,11.823,1.146,0.000,-33.549,0.898,0.589,131
12962,11.823,1.147,0.000,-31.698,0.924,0.564,131
12963,11.822,1.147,0.000,-29.913,0.949,0.540,131
12964,11.821,1.147,0.000,-28.195,0.973,0.516,131
12965,11.820,1.148,0.000,-26.542,0.996,0.491,131
12966,11.820,1.148,0.000,-24.952,1.017,0.467,131
12967,11.819,1.148,0.000,-23.424,1.038,0.444,131
12968,11.818,1.149,0.000,-21.954,1.058,0.420,131
12969,11.817,1.149,0.000,-20.535,1.074,0.405,131
12970,11.816,1.150,0.000,-19.153,1.094,0.381,131
12971,11.815,1.150,0.000,-17.826,1.109,0.369,131
12972,11.814,1.150,0.000,-16.523,1.127,0.341,131
12973,11.813,1.151,0.000,-15.259,1.145,0.315,131
12974,11.812,1.151,0.000,-14.033,1.160,0.295,131
12975,11.811,1.151,0.000,-12.837,1.175,0.274,131
12976,11.810,1.151,0.000,-11.668,1.190,0.251,131
12977,11.808,1.152,0.000,-10.521,1.204,0.229,131
12978,11.807,1.152,0.000,-9.395,1.217,0.207,131
12979,11.806,1.152,0.000,-8.287,1.230,0.185,131
12980,11.805,1.152,0.000,-7.195,1.243,0.162,131
12981,11.804,1.152,0.000,-6.119,1.255,0.140,131
12982,11.803,1.152,0.000,-5.057,1.266,0.117,131
12983,11.802,1.153,0.000,-4.007,1.278,0.095,131
12984,11.801,1.153,0.000,-2.970,1.288,0.072,131
12985,11.800,1.153,0.000,-1.945,1.299,0.049,131
12986,11.799,1.153,0.000,-0.930,1.308,0.027,131
12987,11.798,1.153,0.000,0.073,1.318,0.004,131
12988,11.797,1.153,0.000,1.064,1.327,-0.019,131
12989,11.795,1.153,0.000,2.043,1.335,-0.042,131
12990,11.794,1.153,0.000,3.010,1.343,-0.065,131
12991,11.793,1.152,0.000,3.964,1.351,-0.088,131
12992,11.792,1.152,0.000,4.907,1.358,-0.111,131
12993,11.791,1.152,0.000,5.840,1.365,-0.134,131
12994,11.790,1.152,0.000,6.765,1.371,-0.157,131
12995,11.789,1.152,0.000,7.687,1.377,-0.180,131
12996,11.788,1.152,0.000,8.613,1.382,-0.204,131
12997,11.787,1.152,0.000,9.551,1.387,-0.228,131
12998,11.786,1.152,0.000,10.515,1.391,-0.253,131
12999,11.785,1.151,0.000,11.518,1.395,-0.279,131
13000,11.785,1.151,0.000,12.579,1.397,-0.306,131
