1,2.900,-1.000,0.000,0.000,0.000,0.000,1
2,2.900,-1.000,0.153,0.000,0.000,0.000,1
3,2.900,-1.000,0.473,0.000,0.000,0.000,1
4,2.900,-1.000,0.808,0.000,0.000,0.000,1
5,2.900,-1.000,1.088,0.000,0.000,0.000,1
6,2.900,-1.000,1.290,0.000,0.000,0.000,1
7,2.900,-1.000,1.420,0.000,0.000,0.000,1
8,2.900,-1.000,1.493,0.000,0.000,0.000,1
9,2.900,-1.000,1.522,0.000,0.000,0.000,1
10,2.900,-1.000,1.534,0.000,0.000,0.000,1
11,2.900,-1.000,1.533,0.000,0.000,0.000,1
12,2.900,-1.000,1.527,0.000,0.000,0.000,1
13,2.900,-1.000,1.519,0.000,0.000,0.000,1
14,2.900,-1.000,1.512,0.000,0.000,0.000,1
15,2.900,-1.000,1.506,0.000,0.000,0.000,1
16,2.900,-1.000,1.503,0.000,0.000,0.000,1
17,2.900,-1.000,1.501,0.000,0.000,0.000,1
18,2.900,-1.000,1.500,0.000,0.000,0.000,10.0
19,2.900,-1.000,1.499,0.000,0.000,0.000,10.0
20,2.900,-1.000,1.499,0.000,0.000,0.000,10.0
21,2.900,-1.000,1.498,0.000,0.005,-0.006,10.0
22,2.900,-1.000,1.498,0.000,0.010,-0.012,10.0
23,2.900,-1.000,1.498,0.000,0.013,-0.016,10.0
24,2.900,-1.000,1.497,0.000,0.012,-0.015,10.0
25,2.900,-1.000,1.497,0.000,0.008,-0.011,10.0
26,2.900,-0.999,1.497,0.000,0.004,-0.005,10.0
27,2.901,-0.999,1.496,0.000,0.001,-0.001,10.0
28,2.901,-0.999,1.496,0.000,0.000,0.001,10.0
29,2.901,-0.999,1.496,0.000,0.002,-0.001,10.0
30,2.901,-0.999,1.496,0.000,0.006,-0.005,10.0
31,2.901,-0.998,1.495,0.000,0.009,-0.009,10.0
32,2.902,-0.998,1.495,0.000,0.156,-0.139,10.0
33,2.902,-0.997,1.495,0.000,0.249,-0.222,10.0
34,2.904,-0.996,1.495,0.000,0.249,-0.221,10.0
35,2.906,-0.993,1.495,0.000,0.170,-0.148,10.0
36,2.909,-0.991,1.495,0.000,-0.054,-0.147,10.0
37,2.912,-0.987,1.495,0.000,-0.249,-0.102,10.0
38,2.914,-0.984,1.495,0.000,-0.353,-0.016,10.0
39,2.915,-0.980,1.495,0.000,-0.303,0.212,10.0
40,2.915,-0.977,1.495,0.000,-0.331,0.359,14.0
41,2.914,-0.975,1.495,0.000,-0.292,0.375,14.0
42,2.912,-0.975,1.495,0.000,-0.193,0.286,14.0
43,2.909,-0.975,1.495,0.000,-0.078,0.145,14.0
44,2.906,-0.976,1.495,0.000,0.169,-0.008,14.0
45,2.903,-0.977,1.495,0.000,0.173,-0.097,14.0
46,2.901,-0.977,1.495,0.000,0.096,-0.124,14.0
47,2.899,-0.978,1.495,0.000,0.004,-0.101,14.0
48,2.897,-0.978,1.495,0.000,-0.069,-0.050,14.0
49,2.895,-0.977,1.495,0.000,-0.105,0.005,14.0
50,2.893,-0.977,1.495,0.000,-0.101,0.046,14.0
51,2.890,-0.977,1.495,0.000,-0.068,0.063,14.0
52,2.887,-0.977,1.495,0.000,-0.023,0.057,14.0
53,2.884,-0.977,1.495,0.000,0.017,0.037,14.0
54,2.881,-0.978,1.495,0.000,0.042,0.011,14.0
55,2.878,-0.978,1.495,0.000,0.049,-0.010,14.0
56,2.875,-0.979,1.495,0.000,0.041,-0.022,14.0
57,2.872,-0.979,1.495,0.000,0.025,-0.024,14.0
58,2.870,-0.979,1.495,0.000,0.009,-0.018,14.0
59,2.867,-0.979,1.495,0.000,-0.003,-0.008,14.0
60,2.865,-0.980,1.495,0.000,-0.008,0.002,14.0
61,2.862,-0.980,1.495,0.000,-0.006,0.008,14.0
62,2.860,-0.980,1.495,0.000,-0.000,0.010,14.0
63,2.857,-0.980,1.495,0.000,0.007,0.008,14.0
64,2.855,-0.980,1.495,0.000,0.014,0.004,14.0
65,2.852,-0.981,1.495,0.000,0.017,-0.000,14.0
66,2.850,-0.981,1.495,0.000,0.017,-0.004,14.0
67,2.847,-0.981,1.495,0.000,0.015,-0.005,14.0
68,2.845,-0.982,1.495,0.000,0.012,-0.005,14.0
69,2.843,-0.982,1.495,0.000,0.009,-0.004,14.0
70,2.841,-0.982,1.495,0.000,0.007,-0.002,14.0
71,2.838,-0.982,1.495,0.000,0.007,-0.000,14.0
72,2.836,-0.982,1.495,0.000,0.007,0.001,14.0
73,2.834,-0.983,1.495,0.000,0.008,0.001,14.0
74,2.832,-0.983,1.495,0.000,0.009,0.000,14.0
75,2.829,-0.983,1.495,0.000,0.010,-0.000,14.0
76,2.827,-0.983,1.495,0.000,0.010,-0.001,14.0
77,2.825,-0.984,1.495,0.000,0.010,-0.001,14.0
78,2.823,-0.984,1.495,0.000,0.010,-0.002,14.0
79,2.821,-0.984,1.495,0.000,0.009,-0.002,14.0
80,2.819,-0.984,1.495,0.000,0.008,-0.001,14.0
81,2.817,-0.984,1.495,0.000,0.008,-0.001,14.0
82,2.815,-0.985,1.495,0.000,0.008,-0.001,14.0
83,2.813,-0.985,1.495,0.000,0.008,-0.001,14.0
84,2.811,-0.985,1.495,0.000,0.008,-0.001,14.0
85,2.809,-0.985,1.495,0.000,0.008,-0.001,14.0
86,2.807,-0.985,1.495,0.000,0.008,-0.001,14.0
87,2.806,-0.986,1.495,0.000,0.008,-0.001,14.0
88,2.804,-0.986,1.495,0.000,0.008,-0.001,14.0
89,2.802,-0.986,1.495,0.000,0.008,-0.001,14.0
90,2.800,-0.986,1.495,0.000,0.008,-0.001,14.0
91,2.799,-0.986,1.495,0.000,0.007,-0.001,14.0
92,2.797,-0.987,1.495,0.000,0.007,-0.001,14.0
93,2.795,-0.987,1.495,0.000,0.007,-0.001,14.0
94,2.793,-0.987,1.495,0.000,0.007,-0.001,14.0
95,2.792,-0.987,1.495,0.000,0.007,-0.001,14.0
96,2.790,-0.987,1.495,0.000,0.007,-0.001,14.0
97,2.788,-0.987,1.495,0.000,0.007,-0.001,14.0
98,2.787,-0.988,1.495,0.000,0.007,-0.001,14.0
99,2.785,-0.988,1.495,0.000,0.007,-0.001,14.0
100,2.784,-0.988,1.495,0.000,0.007,-0.001,14.0
101,2.782,-0.988,1.495,0.000,0.007,-0.001,14.0
102,2.781,-0.988,1.495,0.000,0.007,-0.001,14.0
103,2.779,-0.988,1.495,0.000,0.006,-0.001,14.0
104,2.778,-0.988,1.495,0.000,0.006,-0.001,14.0
105,2.776,-0.989,1.495,0.000,0.006,-0.001,14.0
106,2.775,-0.989,1.495,0.000,0.006,-0.001,14.0
107,2.773,-0.989,1.495,0.000,0.006,-0.001,14.0
108,2.772,-0.989,1.495,0.000,0.006,-0.001,14.0
109,2.771,-0.989,1.495,0.000,0.006,-0.001,14.0
110,2.769,-0.989,1.495,0.000,0.006,-0.001,14.0
111,2.768,-0.989,1.495,0.000,0.006,-0.001,14.0
112,2.767,-0.990,1.495,0.000,0.006,-0.001,14.0
113,2.765,-0.990,1.495,0.000,0.006,-0.001,14.0
114,2.764,-0.990,1.495,0.000,0.006,-0.001,14.0
115,2.763,-0.990,1.495,0.000,0.005,-0.001,14.0
116,2.762,-0.990,1.495,0.000,0.005,-0.001,14.0
117,2.760,-0.990,1.495,0.000,0.005,-0.001,14.0
118,2.759,-0.990,1.495,0.000,0.005,-0.001,14.0
119,2.758,-0.991,1.495,0.000,0.005,-0.001,14.0
120,2.757,-0.991,1.495,0.000,0.005,-0.001,14.0
121,2.755,-0.991,1.495,0.000,0.005,-0.001,14.0
122,2.754,-0.991,1.495,0.000,0.005,-0.001,14.0
123,2.753,-0.991,1.495,0.000,0.005,-0.001,14.0
124,2.752,-0.991,1.495,0.000,0.005,-0.001,14.0
125,2.751,-0.991,1.495,0.000,0.005,-0.000,14.0
126,2.750,-0.991,1.495,0.000,0.005,-0.000,14.0
127,2.749,-0.991,1.495,0.000,0.005,-0.000,14.0
128,2.748,-0.992,1.495,0.000,0.005,-0.000,14.0
129,2.747,-0.992,1.495,0.000,0.005,-0.000,14.0
130,2.746,-0.992,1.495,0.000,0.005,-0.000,14.0
131,2.745,-0.992,1.495,0.000,0.004,-0.000,14.0
132,2.743,-0.992,1.495,0.000,0.004,-0.000,14.0
133,2.742,-0.992,1.495,0.000,0.004,-0.000,14.0
134,2.741,-0.992,1.495,0.000,0.004,-0.000,14.0
135,2.741,-0.992,1.495,0.000,0.004,-0.000,14.0
136,2.740,-0.992,1.495,0.000,0.004,-0.000,14.0
137,2.739,-0.993,1.494,0.000,0.004,-0.000,14.0
138,2.738,-0.993,1.494,0.000,0.004,-0.000,14.0
139,2.737,-0.993,1.494,0.000,0.004,-0.000,14.0
140,2.736,-0.993,1.494,0.000,0.004,-0.000,14.0
141,2.735,-0.993,1.494,0.000,0.004,-0.000,14.0
142,2.734,-0.993,1.494,0.000,0.004,-0.000,14.0
143,2.733,-0.993,1.494,0.000,0.004,-0.000,14.0
144,2.732,-0.993,1.494,0.000,0.004,-0.000,14.0
145,2.731,-0.993,1.494,0.000,0.004,-0.000,14.0
146,2.731,-0.993,1.494,0.000,0.004,-0.000,14.0
147,2.730,-0.993,1.494,0.000,0.004,-0.000,14.0
148,2.729,-0.994,1.494,0.000,0.004,-0.000,14.0
149,2.728,-0.994,1.494,0.000,0.004,-0.000,14.0
150,2.727,-0.994,1.494,0.000,0.003,-0.000,14.0
151,2.726,-0.994,1.494,0.000,0.003,-0.000,14.0
152,2.726,-0.994,1.494,0.000,0.003,-0.000,14.0
153,2.725,-0.994,1.494,0.000,0.003,-0.000,14.0
154,2.724,-0.994,1.494,0.000,0.003,-0.000,14.0
155,2.723,-0.994,1.494,0.000,0.003,-0.000,14.0
156,2.723,-0.994,1.494,0.000,0.003,-0.000,14.0
157,2.722,-0.994,1.494,0.000,0.003,-0.000,14.0
158,2.721,-0.994,1.494,0.000,0.003,-0.000,14.0
159,2.720,-0.994,1.494,0.000,0.003,-0.000,14.0
160,2.720,-0.994,1.494,0.000,0.003,-0.000,14.0
161,2.719,-0.995,1.494,0.000,0.003,-0.000,14.0
162,2.718,-0.995,1.494,0.000,0.003,-0.000,14.0
163,2.718,-0.995,1.494,0.000,0.003,-0.000,14.0
164,2.717,-0.995,1.494,0.000,0.003,-0.000,14.0
165,2.716,-0.995,1.494,0.000,0.003,-0.000,14.0
166,2.716,-0.995,1.494,0.000,0.003,-0.000,14.0
167,2.715,-0.995,1.494,0.000,0.003,-0.000,14.0
168,2.714,-0.995,1.494,0.000,0.003,-0.000,14.0
169,2.714,-0.995,1.494,0.000,0.003,-0.000,14.0
170,2.713,-0.995,1.494,0.000,0.003,-0.000,14.0
171,2.713,-0.995,1.494,0.000,0.003,-0.000,14.0
172,2.712,-0.995,1.494,0.000,0.003,-0.000,14.0
173,2.711,-0.995,1.494,0.000,0.003,-0.000,14.0
174,2.711,-0.995,1.494,0.000,0.003,-0.000,14.0
175,2.710,-0.995,1.494,0.000,0.002,-0.000,14.0
176,2.710,-0.996,1.494,0.000,0.002,-0.000,14.0
177,2.709,-0.996,1.494,0.000,0.002,-0.000,14.0
178,2.709,-0.996,1.494,0.000,0.002,-0.000,14.0
179,2.708,-0.996,1.494,0.000,0.002,-0.000,14.0
180,2.707,-0.996,1.494,0.000,0.002,-0.000,14.0
181,2.707,-0.996,1.494,0.000,0.002,-0.000,14.0
182,2.706,-0.996,1.494,0.000,0.002,-0.000,14.0
183,2.706,-0.996,1.494,0.000,0.002,-0.000,14.0
184,2.705,-0.996,1.494,0.000,0.002,-0.000,14.0
185,2.705,-0.996,1.494,0.000,0.002,-0.000,14.0
186,2.704,-0.996,1.494,0.000,0.002,-0.000,14.0
187,2.704,-0.996,1.494,0.000,0.002,-0.000,14.0
188,2.703,-0.996,1.494,0.000,0.002,-0.000,14.0
189,2.703,-0.996,1.494,0.000,0.002,-0.000,14.0
190,2.702,-0.996,1.494,0.000,0.002,-0.000,14.0
191,2.702,-0.996,1.494,0.000,0.002,-0.000,14.0
192,2.702,-0.996,1.494,0.000,0.002,-0.000,14.0
193,2.701,-0.996,1.494,0.000,0.002,-0.000,14.0
194,2.701,-0.996,1.494,0.000,0.002,-0.000,14.0
195,2.700,-0.997,1.494,0.000,0.002,-0.000,14.0
196,2.700,-0.997,1.494,0.000,0.002,-0.000,14.0
197,2.699,-0.997,1.494,0.000,0.002,-0.000,14.0
198,2.699,-0.997,1.494,0.000,0.002,-0.000,14.0
199,2.698,-0.997,1.494,0.000,0.002,-0.000,14.0
200,2.698,-0.997,1.494,0.000,0.002,-0.000,14.0
201,2.698,-0.997,1.494,0.000,0.002,-0.000,14.0
202,2.697,-0.997,1.494,0.000,0.002,-0.000,14.0
203,2.697,-0.997,1.494,0.000,0.002,-0.000,14.0
204,2.696,-0.997,1.494,0.000,0.002,-0.000,14.0
205,2.696,-0.997,1.494,0.000,0.002,-0.000,14.0
206,2.696,-0.997,1.494,0.000,0.002,-0.000,14.0
207,2.695,-0.997,1.494,0.000,0.002,-0.000,14.0
208,2.695,-0.997,1.494,0.000,0.002,-0.000,14.0
209,2.695,-0.997,1.494,0.000,0.002,-0.000,14.0
210,2.694,-0.997,1.494,0.000,0.002,-0.000,14.0
211,2.694,-0.997,1.494,0.000,0.002,-0.000,14.0
212,2.693,-0.997,1.494,0.000,0.002,-0.000,14.0
213,2.693,-0.997,1.494,0.000,0.002,-0.000,14.0
214,2.693,-0.997,1.494,0.000,0.001,-0.000,14.0
215,2.692,-0.997,1.494,0.000,0.001,-0.000,14.0
216,2.692,-0.997,1.494,0.000,0.001,-0.000,14.0
217,2.692,-0.997,1.494,0.000,0.001,-0.000,14.0
218,2.691,-0.997,1.494,0.000,0.001,-0.000,14.0
219,2.691,-0.997,1.494,0.000,0.001,-0.000,14.0
220,2.691,-0.998,1.494,0.000,0.001,-0.000,14.0
221,2.690,-0.998,1.494,0.000,0.001,-0.000,14.0
222,2.690,-0.998,1.494,0.000,0.001,-0.000,14.0
223,2.690,-0.998,1.494,0.000,0.001,-0.000,14.0
224,2.690,-0.998,1.494,0.000,0.001,-0.000,14.0
225,2.689,-0.998,1.494,0.000,0.001,-0.000,14.0
226,2.689,-0.998,1.494,0.000,0.001,-0.000,14.0
227,2.689,-0.998,1.494,0.000,0.001,-0.000,14.0
228,2.688,-0.998,1.494,0.000,0.001,-0.000,14.0
229,2.688,-0.998,1.494,0.000,0.001,-0.000,14.0
230,2.688,-0.998,1.494,0.000,0.001,-0.000,14.0
231,2.688,-0.998,1.494,0.000,0.001,-0.000,14.0
232,2.687,-0.998,1.494,0.000,0.001,-0.000,14.0
233,2.687,-0.998,1.494,0.000,0.001,-0.000,14.0
234,2.687,-0.998,1.494,0.000,0.001,-0.000,14.0
235,2.686,-0.998,1.494,0.000,0.001,-0.000,14.0
236,2.686,-0.998,1.494,0.000,0.001,-0.000,14.0
237,2.686,-0.998,1.494,0.000,0.001,-0.000,14.0
238,2.686,-0.998,1.494,0.000,0.001,-0.000,14.0
239,2.685,-0.998,1.494,0.000,0.001,-0.000,14.0
240,2.685,-0.998,1.494,0.000,0.001,-0.000,14.0
241,2.685,-0.998,1.494,0.000,0.001,-0.000,14.0
242,2.685,-0.998,1.494,0.000,0.001,-0.000,14.0
243,2.684,-0.998,1.494,0.000,0.001,-0.000,14.0
244,2.684,-0.998,1.494,0.000,0.001,-0.000,14.0
245,2.684,-0.998,1.494,0.000,0.001,-0.000,14.0
246,2.684,-0.998,1.494,0.000,0.001,-0.000,14.0
247,2.684,-0.998,1.494,0.000,0.001,-0.000,14.0
248,2.683,-0.998,1.494,0.000,0.001,-0.000,14.0
249,2.683,-0.998,1.494,0.000,0.001,-0.000,14.0
250,2.683,-0.998,1.494,0.000,0.001,-0.000,14.0
251,2.683,-0.998,1.494,0.000,0.001,-0.000,14.0
252,2.682,-0.998,1.494,0.000,0.001,-0.000,14.0
253,2.682,-0.998,1.494,0.000,0.001,-0.000,14.0
254,2.682,-0.998,1.494,0.000,0.001,-0.000,14.0
255,2.682,-0.998,1.494,0.000,0.001,-0.000,14.0
256,2.682,-0.998,1.494,0.000,0.001,-0.000,14.0
257,2.681,-0.998,1.494,0.000,0.001,-0.000,14.0
258,2.681,-0.998,1.494,0.000,0.001,-0.000,14.0
259,2.681,-0.999,1.494,0.000,0.001,-0.000,14.0
260,2.681,-0.999,1.494,0.000,0.001,-0.000,14.0
261,2.681,-0.999,1.494,0.000,0.001,-0.000,14.0
262,2.681,-0.999,1.494,0.000,0.001,-0.000,14.0
263,2.680,-0.999,1.494,0.000,0.001,-0.000,14.0
264,2.680,-0.999,1.494,0.000,0.001,-0.000,14.0
265,2.680,-0.999,1.494,0.000,0.001,-0.000,14.0
266,2.680,-0.999,1.494,0.000,0.001,-0.000,14.0
267,2.680,-0.999,1.494,0.000,0.001,-0.000,14.0
268,2.679,-0.999,1.494,0.000,0.001,-0.000,14.0
269,2.679,-0.999,1.494,0.000,0.001,-0.000,14.0
270,2.679,-0.999,1.494,0.000,0.001,-0.000,14.0
271,2.679,-0.999,1.494,0.000,0.001,-0.000,14.0
272,2.679,-0.999,1.494,0.000,0.001,-0.000,14.0
273,2.679,-0.999,1.494,0.000,0.001,-0.000,14.0
274,2.678,-0.999,1.494,0.000,0.001,-0.000,14.0
275,2.678,-0.999,1.494,0.000,0.001,-0.000,14.0
276,2.678,-0.999,1.494,0.000,0.001,-0.000,14.0
277,2.678,-0.999,1.494,0.000,0.001,-0.000,14.0
278,2.678,-0.999,1.494,0.000,0.001,-0.000,14.0
279,2.678,-0.999,1.494,0.000,0.001,-0.000,14.0
280,2.678,-0.999,1.494,0.000,0.001,-0.000,14.0
281,2.677,-0.999,1.494,0.000,0.001,-0.000,14.0
282,2.677,-0.999,1.494,0.000,0.001,-0.000,14.0
283,2.677,-0.999,1.494,0.000,0.001,-0.000,14.0
284,2.677,-0.999,1.494,0.000,0.001,-0.000,14.0
285,2.677,-0.999,1.494,0.000,0.001,-0.000,14.0
286,2.677,-0.999,1.494,0.000,0.001,-0.000,14.0
287,2.677,-0.999,1.494,0.000,0.001,-0.000,14.0
288,2.677,-0.999,1.494,0.000,0.001,-0.000,14.0
289,2.676,-0.999,1.494,0.000,0.007,-0.001,14.0
290,2.676,-0.999,1.494,0.000,0.011,-0.001,14.0
291,2.676,-0.999,1.494,0.000,0.011,-0.001,14.0
292,2.676,-0.999,1.494,0.000,0.008,-0.001,14.0
293,2.676,-0.999,1.494,0.000,0.004,-0.000,14.0
294,2.676,-0.999,1.494,0.000,0.001,-0.000,14.0
295,2.676,-0.999,1.494,0.000,-0.002,0.000,14.0
296,2.676,-0.999,1.494,0.000,-0.003,0.000,14.0
297,2.676,-0.999,1.494,0.000,-0.003,0.000,14.0
298,2.676,-0.999,1.494,0.000,-0.001,0.000,14.0
299,2.676,-0.999,1.494,0.000,0.000,-0.000,14.0
300,2.676,-0.999,1.494,0.000,0.001,-0.000,14.0
301,2.676,-0.999,1.494,0.000,0.002,-0.000,14.0
302,2.676,-0.999,1.494,0.000,0.002,-0.000,14.0
303,2.676,-0.999,1.494,0.000,0.001,-0.000,14.0
304,2.676,-0.999,1.494,0.000,0.000,-0.000,14.0
305,2.676,-0.999,1.494,0.000,-0.000,0.000,14.0
306,2.676,-0.999,1.494,0.000,-0.001,0.000,14.0
307,2.676,-0.999,1.494,0.000,-0.001,0.000,14.0
308,2.676,-0.999,1.494,0.000,-0.000,0.000,14.0
309,2.676,-0.999,1.494,0.000,-0.000,0.000,14.0
310,2.676,-0.999,1.494,0.000,0.000,-0.000,14.0
311,2.676,-0.999,1.494,0.000,0.000,-0.000,14.0
312,2.676,-0.999,1.494,0.000,0.000,-0.000,14.0
313,2.676,-0.999,1.494,0.000,0.000,-0.000,14.0
314,2.676,-0.999,1.494,0.000,0.000,-0.000,14.0
315,2.676,-0.999,1.494,0.000,0.000,-0.000,14.0
316,2.676,-0.999,1.494,0.000,-0.000,0.000,14.0
317,2.676,-0.999,1.494,0.000,-0.000,0.000,14.0
318,2.676,-0.999,1.494,0.000,-0.000,0.000,14.0
319,2.676,-0.999,1.494,0.000,-0.000,0.000,14.0
320,2.676,-0.999,1.494,0.000,-0.000,0.000,14.0
321,2.676,-0.999,1.494,0.000,0.000,-0.000,14.0
322,2.676,-0.999,1.494,0.000,0.000,-0.000,14.0
323,2.676,-0.999,1.494,0.000,0.000,-0.000,14.0
324,2.676,-0.999,1.494,0.000,0.000,-0.000,14.0
325,2.676,-0.999,1.494,0.000,0.000,-0.000,14.0
326,2.676,-0.999,1.494,0.000,-0.000,0.000,14.0
327,2.676,-0.999,1.494,0.000,-0.000,0.000,14.0
328,2.676,-0.999,1.494,0.000,-0.000,0.000,14.0
329,2.676,-0.999,1.494,0.000,-0.000,0.000,14.0
330,2.676,-0.999,1.494,0.000,-0.000,0.000,14.0
331,2.676,-0.999,1.494,0.000,-0.000,0.000,14.0
332,2.676,-0.999,1.494,0.000,0.000,-0.000,14.0
333,2.676,-0.999,1.494,0.000,0.000,-0.000,14.0
334,2.676,-0.999,1.494,0.000,0.000,-0.000,14.0
335,2.676,-0.999,1.494,0.000,0.000,-0.000,14.0
336,2.676,-0.999,1.494,0.000,0.000,-0.000,14.0
337,2.676,-0.999,1.494,0.000,-0.000,0.000,14.0
338,2.676,-0.999,1.494,0.000,-0.000,0.000,14.0
339,2.676,-0.999,1.494,0.000,-0.000,0.000,14.0
340,2.676,-0.999,1.494,0.000,-0.000,0.000,14.0
341,2.676,-0.999,1.494,0.000,-0.000,0.000,14.0
342,2.676,-0.999,1.494,0.000,0.000,-0.000,14.0
343,2.676,-0.999,1.494,0.000,0.000,-0.000,14.0
344,2.676,-0.999,1.494,0.000,0.000,-0.000,14.0
345,2.676,-0.999,1.494,0.000,0.000,-0.000,14.0
346,2.676,-0.999,1.494,0.000,0.000,-0.000,14.0
347,2.676,-0.999,1.494,0.000,0.000,-0.000,14.0
348,2.676,-0.999,1.494,0.000,-0.000,0.000,14.0
349,2.676,-0.999,1.494,0.000,-0.000,0.000,14.0
350,2.676,-0.999,1.494,0.000,-0.000,0.000,14.0
351,2.676,-0.999,1.494,0.000,-0.000,0.000,14.0
352,2.676,-0.999,1.494,0.000,-0.000,0.000,14.0
353,2.676,-0.999,1.494,0.000,0.000,-0.000,14.0
354,2.676,-0.999,1.494,0.000,0.000,-0.000,14.0
355,2.676,-0.999,1.494,0.000,0.000,-0.000,14.0
356,2.676,-0.999,1.494,0.000,0.000,-0.000,14.0
357,2.676,-0.999,1.494,0.000,0.000,-0.000,14.0
358,2.676,-0.999,1.494,0.000,-0.000,0.000,14.0
359,2.676,-0.999,1.494,0.000,-0.000,0.000,14.0
360,2.676,-0.999,1.494,0.000,-0.000,0.000,14.0
361,2.676,-0.999,1.494,0.000,-0.000,0.000,14.0
362,2.676,-0.999,1.494,0.000,-0.000,0.000,14.0
363,2.676,-0.999,1.494,0.000,-0.000,0.000,14.0
364,2.676,-0.999,1.494,0.000,0.000,-0.000,14.0
365,2.676,-0.999,1.494,0.000,0.000,-0.000,14.0
366,2.676,-0.999,1.494,0.000,0.000,-0.000,14.0
367,2.676,-0.999,1.494,0.000,0.000,-0.000,14.0
368,2.676,-0.999,1.494,0.000,0.000,-0.000,14.0
369,2.676,-0.999,1.494,0.000,-0.000,0.000,14.0
370,2.676,-0.999,1.494,0.000,-0.000,0.000,14.0
371,2.676,-0.999,1.494,0.000,-0.000,0.000,14.0
372,2.676,-0.999,1.494,0.000,-0.000,0.000,14.0
373,2.676,-0.999,1.494,0.000,-0.000,0.000,14.0
374,2.676,-0.999,1.494,0.000,0.000,-0.000,14.0
375,2.676,-0.999,1.494,0.000,0.000,-0.000,14.0
376,2.676,-0.999,1.494,0.000,0.000,-0.000,14.0
377,2.676,-0.999,1.494,0.000,0.000,-0.000,14.0
378,2.676,-0.999,1.494,0.000,0.000,-0.000,14.0
379,2.676,-0.999,1.494,0.000,0.000,-0.000,14.0
380,2.676,-0.999,1.494,0.000,-0.000,0.000,14.0
381,2.676,-0.999,1.494,0.000,-0.000,0.000,14.0
382,2.676,-0.999,1.494,0.000,-0.000,0.000,14.0
383,2.676,-0.999,1.494,0.000,-0.000,0.000,14.0
384,2.676,-0.999,1.494,0.000,-0.000,0.000,14.0
385,2.676,-0.999,1.494,0.000,0.000,-0.000,14.0
386,2.676,-0.999,1.494,0.000,0.000,-0.000,14.0
387,2.676,-0.999,1.494,0.000,0.000,-0.000,14.0
388,2.676,-0.999,1.494,0.000,0.000,-0.000,14.0
389,2.676,-0.999,1.494,0.000,0.000,-0.000,14.0
390,2.676,-0.999,1.494,0.000,-0.000,0.000,14.0
391,2.676,-0.999,1.494,0.000,-0.000,0.000,14.0
392,2.676,-0.999,1.494,0.000,-0.000,0.000,14.0
393,2.676,-0.999,1.494,0.000,-0.000,0.000,14.0
394,2.676,-0.999,1.494,0.000,-0.000,0.000,14.0
395,2.676,-0.999,1.494,0.000,-0.000,0.000,14.0
396,2.676,-0.999,1.494,0.000,0.000,-0.000,14.0
397,2.676,-0.999,1.494,0.000,0.000,-0.000,14.0
398,2.676,-0.999,1.494,0.000,0.000,-0.000,14.0
399,2.676,-0.999,1.494,0.000,0.000,-0.000,14.0
400,2.676,-0.999,1.494,0.000,0.000,-0.000,14.0
401,2.676,-0.999,1.494,0.000,-0.000,0.000,14.0
402,2.676,-0.999,1.494,0.000,-0.000,0.000,14.0
403,2.676,-0.999,1.494,0.000,-0.000,0.000,14.0
404,2.676,-0.999,1.494,0.000,-0.000,0.000,14.0
405,2.676,-0.999,1.494,0.000,-0.000,0.000,14.0
406,2.676,-0.999,1.494,0.000,-0.123,-0.181,16.0
407,2.676,-0.998,1.494,0.000,-0.203,-0.299,16.0
408,2.675,-0.997,1.494,0.000,-0.211,-0.312,16.0
409,2.673,-0.994,1.495,0.000,-0.163,-0.241,16.0
410,2.670,-0.991,1.495,0.000,-0.086,-0.127,16.0
411,2.668,-0.987,1.495,0.000,-0.011,-0.016,16.0
412,2.665,-0.983,1.495,0.000,0.041,0.061,16.0
413,2.662,-0.979,1.495,0.000,0.062,0.092,16.0
414,2.660,-0.975,1.495,0.000,0.055,0.081,16.0
415,2.658,-0.972,1.495,0.000,0.030,0.044,16.0
416,2.656,-0.969,1.495,0.000,0.001,0.002,16.0
417,2.653,-0.965,1.495,0.000,-0.021,-0.032,16.0
418,2.651,-0.962,1.496,0.000,-0.032,-0.047,16.0
419,2.649,-0.959,1.496,0.000,-0.031,-0.045,16.0
420,2.646,-0.955,1.496,0.000,-0.021,-0.030,16.0
421,2.644,-0.951,1.496,0.000,-0.007,-0.011,16.0
422,2.641,-0.948,1.496,0.000,0.004,0.006,16.0
423,2.639,-0.944,1.496,0.000,0.011,0.017,16.0
424,2.636,-0.940,1.496,0.000,0.013,0.019,16.0
425,2.634,-0.937,1.496,0.000,0.010,0.015,16.0
426,2.631,-0.933,1.496,0.000,0.005,0.008,16.0
427,2.629,-0.929,1.496,0.000,0.000,0.000,16.0
428,2.627,-0.926,1.496,0.000,-0.003,-0.005,16.0
429,2.624,-0.922,1.496,0.000,-0.004,-0.006,16.0
430,2.622,-0.919,1.496,0.000,-0.003,-0.005,16.0
431,2.619,-0.915,1.496,0.000,-0.002,-0.002,16.0
432,2.617,-0.911,1.496,0.000,0.001,0.001,16.0
433,2.614,-0.908,1.496,0.000,0.002,0.004,16.0
434,2.612,-0.904,1.496,0.000,0.003,0.005,16.0
435,2.609,-0.900,1.496,0.000,0.003,0.005,16.0
436,2.607,-0.897,1.496,0.000,0.003,0.004,16.0
437,2.604,-0.893,1.496,0.000,0.002,0.003,16.0
438,2.602,-0.889,1.496,0.000,0.001,0.001,16.0
439,2.599,-0.886,1.496,0.000,0.000,0.001,16.0
440,2.597,-0.882,1.496,0.000,0.000,0.001,16.0
441,2.595,-0.878,1.496,0.000,0.001,0.001,16.0
442,2.592,-0.875,1.496,0.000,-0.000,0.008,16.0
443,2.590,-0.871,1.497,0.000,-0.005,0.030,16.0
444,2.587,-0.868,1.497,0.000,-0.011,0.060,16.0
445,2.585,-0.864,1.497,0.000,-0.019,0.089,16.0
446,2.582,-0.861,1.497,0.000,-0.025,0.107,16.0
447,2.579,-0.859,1.497,0.000,-0.029,0.114,16.0
448,2.576,-0.856,1.497,0.000,-0.030,0.109,16.0
449,2.574,-0.854,1.497,0.000,-0.029,0.095,16.0
450,2.571,-0.853,1.497,0.000,-0.026,0.076,16.0
451,2.567,-0.851,1.497,0.000,-0.022,0.057,16.0
452,2.564,-0.850,1.497,0.000,-0.017,0.039,16.0
453,2.561,-0.849,1.497,0.000,-0.012,0.025,16.0
454,2.558,-0.848,1.497,0.000,-0.007,0.015,16.0
455,2.554,-0.847,1.497,0.000,-0.003,0.007,16.0
456,2.551,-0.847,1.496,0.000,-0.000,0.002,16.0
457,2.548,-0.846,1.496,0.000,0.002,-0.003,16.0
458,2.544,-0.845,1.496,0.000,0.004,-0.006,16.0
459,2.541,-0.844,1.496,0.000,0.004,-0.010,16.0
460,2.538,-0.843,1.496,0.000,0.005,-0.012,16.0
461,2.534,-0.842,1.496,0.000,0.006,-0.015,16.0
462,2.531,-0.841,1.496,0.000,0.006,-0.016,16.0
463,2.528,-0.840,1.496,0.000,0.006,-0.017,16.0
464,2.524,-0.839,1.496,0.000,0.006,-0.017,16.0
465,2.521,-0.838,1.496,0.000,0.006,-0.017,16.0
466,2.518,-0.837,1.496,0.000,0.006,-0.016,16.0
467,2.514,-0.835,1.496,0.000,0.006,-0.015,16.0
468,2.511,-0.834,1.496,0.000,0.006,-0.014,16.0
469,2.508,-0.833,1.496,0.000,0.005,-0.013,16.0
470,2.505,-0.831,1.496,0.000,0.005,-0.012,16.0
471,2.502,-0.830,1.496,0.000,0.004,-0.011,16.0
472,2.498,-0.828,1.496,0.000,0.004,-0.010,16.0
473,2.495,-0.827,1.495,0.000,0.003,-0.009,16.0
474,2.492,-0.825,1.495,0.000,0.003,-0.009,16.0
475,2.489,-0.823,1.495,0.000,0.003,-0.008,16.0
476,2.486,-0.822,1.495,0.000,0.003,-0.008,16.0
477,2.483,-0.820,1.495,0.000,0.003,-0.008,16.0
478,2.479,-0.818,1.495,0.000,0.003,-0.008,16.0
479,2.476,-0.816,1.495,0.000,0.003,-0.008,16.0
480,2.473,-0.815,1.495,0.000,0.003,-0.008,16.0
481,2.470,-0.813,1.495,0.000,0.003,-0.008,16.0
482,2.467,-0.811,1.495,0.000,0.003,-0.008,16.0
483,2.464,-0.809,1.495,0.000,0.003,-0.008,16.0
484,2.460,-0.807,1.494,0.000,0.003,-0.008,16.0
485,2.457,-0.805,1.494,0.000,0.003,-0.009,16.0
486,2.454,-0.803,1.494,0.000,0.003,-0.009,16.0
487,2.451,-0.801,1.494,0.000,0.004,-0.009,16.0
488,2.448,-0.799,1.494,0.000,0.004,-0.010,16.0
489,2.445,-0.797,1.494,0.000,0.004,-0.010,16.0
490,2.442,-0.795,1.494,0.000,0.004,-0.010,16.0
491,2.439,-0.793,1.494,0.000,0.004,-0.010,16.0
492,2.436,-0.791,1.493,0.000,0.005,-0.011,16.0
493,2.432,-0.788,1.493,0.000,0.005,-0.011,16.0
494,2.429,-0.786,1.493,0.000,0.005,-0.011,16.0
495,2.426,-0.784,1.493,0.000,0.005,-0.011,16.0
496,2.423,-0.781,1.493,0.000,0.006,-0.011,16.0
497,2.420,-0.779,1.492,0.000,0.006,-0.011,16.0
498,2.417,-0.777,1.492,0.000,0.006,-0.012,16.0
499,2.414,-0.774,1.492,0.000,0.006,-0.012,16.0
500,2.411,-0.772,1.492,0.000,0.007,-0.012,16.0
501,2.408,-0.769,1.492,0.000,0.007,-0.012,16.0
502,2.405,-0.766,1.491,0.000,0.007,-0.012,16.0
503,2.402,-0.764,1.491,0.000,0.007,-0.012,16.0
504,2.400,-0.761,1.491,0.000,0.008,-0.012,16.0
505,2.397,-0.758,1.491,0.000,0.008,-0.012,16.0
506,2.394,-0.755,1.490,0.000,0.008,-0.012,16.0
507,2.391,-0.752,1.490,0.000,0.009,-0.013,16.0
508,2.388,-0.749,1.490,0.000,0.009,-0.013,16.0
509,2.385,-0.747,1.496,0.000,0.009,-0.013,16.0
510,2.383,-0.744,1.497,0.000,0.010,-0.013,16.0
511,2.380,-0.740,1.498,0.000,0.010,-0.013,16.0
512,2.377,-0.737,1.499,0.000,0.010,-0.012,16.0
513,2.375,-0.734,1.500,0.000,0.010,-0.012,16.0
514,2.372,-0.731,1.500,0.000,0.010,-0.012,16.0
515,2.369,-0.728,1.501,0.000,0.011,-0.012,16.0
516,2.367,-0.724,1.501,0.000,0.012,-0.012,16.0
517,2.364,-0.721,1.502,0.000,0.013,-0.013,16.0
518,2.362,-0.718,1.502,0.000,0.014,-0.013,16.0
519,2.359,-0.714,1.503,0.000,0.015,-0.014,16.0
520,2.357,-0.711,1.503,0.000,0.016,-0.014,16.0
521,2.354,-0.707,1.504,0.000,0.017,-0.014,16.0
522,2.352,-0.703,1.504,0.000,0.018,-0.014,16.0
523,2.350,-0.700,1.504,0.000,0.018,-0.014,16.0
524,2.348,-0.696,1.505,0.000,0.019,-0.014,16.0
525,2.346,-0.692,1.505,0.000,0.019,-0.013,16.0
526,2.344,-0.688,1.505,0.000,0.015,-0.010,16.0
527,2.341,-0.684,1.505,0.000,0.010,-0.005,16.0
528,2.339,-0.681,1.505,0.000,0.005,-0.001,16.0
529,2.338,-0.677,1.506,0.000,0.001,0.002,16.0
530,2.336,-0.673,1.506,0.000,-0.001,0.004,16.0
531,2.334,-0.669,1.506,0.000,-0.001,0.004,16.0
532,2.332,-0.665,1.506,0.000,-0.000,0.003,16.0
533,2.330,-0.661,1.506,0.000,0.001,0.001,16.0
534,2.328,-0.657,1.506,0.000,0.003,0.000,16.0
535,2.326,-0.653,1.506,0.000,0.003,-0.000,16.0
536,2.324,-0.649,1.506,0.000,0.003,0.000,16.0
537,2.322,-0.645,1.507,0.000,0.003,0.001,16.0
538,2.320,-0.641,1.507,0.000,0.002,0.001,16.0
539,2.318,-0.637,1.507,0.000,0.001,0.002,16.0
540,2.316,-0.633,1.507,0.000,0.001,0.002,16.0
541,2.314,-0.630,1.507,0.000,0.000,0.003,16.0
542,2.312,-0.626,1.507,0.000,0.001,0.002,16.0
543,2.310,-0.622,1.507,0.000,0.001,0.002,16.0
544,2.308,-0.618,1.507,0.000,0.001,0.002,16.0
545,2.306,-0.614,1.507,0.000,0.001,0.002,16.0
546,2.304,-0.610,1.507,0.000,0.001,0.002,16.0
547,2.302,-0.606,1.507,0.000,0.001,0.002,16.0
548,2.300,-0.602,1.507,0.000,0.001,0.002,16.0
549,2.298,-0.598,1.507,0.000,0.001,0.002,16.0
550,2.296,-0.594,1.507,0.000,0.001,0.002,16.0
551,2.294,-0.590,1.507,0.000,0.001,0.002,16.0
552,2.292,-0.586,1.507,0.000,0.001,0.002,16.0
553,2.290,-0.582,1.507,0.000,0.001,0.002,16.0
554,2.288,-0.578,1.507,0.000,0.001,0.002,16.0
555,2.286,-0.574,1.507,0.000,0.001,0.002,16.0
556,2.284,-0.570,1.507,0.000,0.001,0.002,16.0
557,2.282,-0.566,1.507,0.000,0.001,0.002,16.0
558,2.280,-0.563,1.507,0.000,0.001,0.002,16.0
559,2.278,-0.559,1.507,0.000,0.001,0.002,16.0
560,2.276,-0.555,1.507,0.000,0.001,0.002,16.0
561,2.274,-0.551,1.507,0.000,0.001,0.002,16.0
562,2.273,-0.547,1.507,0.000,0.001,0.002,16.0
563,2.271,-0.543,1.507,0.000,0.001,0.002,16.0
564,2.269,-0.539,1.507,0.000,0.001,0.002,16.0
565,2.267,-0.535,1.507,0.000,0.001,0.002,16.0
566,2.265,-0.531,1.507,0.000,0.001,0.002,16.0
567,2.263,-0.527,1.507,0.000,0.001,0.002,16.0
568,2.261,-0.523,1.507,0.000,0.001,0.002,16.0
569,2.259,-0.519,1.507,0.000,0.001,0.002,16.0
570,2.257,-0.515,1.507,0.000,0.001,0.002,16.0
571,2.255,-0.511,1.507,0.000,0.001,0.002,16.0
572,2.253,-0.507,1.507,0.000,0.001,0.002,16.0
573,2.251,-0.503,1.507,0.000,0.001,0.002,16.0
574,2.249,-0.499,1.507,0.000,0.001,0.002,16.0
575,2.247,-0.496,1.507,0.000,0.001,0.002,16.0
576,2.245,-0.492,1.507,0.000,0.001,0.002,16.0
577,2.243,-0.488,1.507,0.000,0.001,0.002,16.0
578,2.241,-0.484,1.507,0.000,0.001,0.002,16.0
579,2.239,-0.480,1.507,0.000,0.001,0.002,16.0
580,2.237,-0.476,1.507,0.000,0.001,0.002,16.0
581,2.235,-0.472,1.507,0.000,0.001,0.002,16.0
582,2.233,-0.468,1.507,0.000,0.001,0.002,16.0
583,2.231,-0.464,1.507,0.000,0.001,0.002,16.0
584,2.229,-0.460,1.507,0.000,0.001,0.002,16.0
585,2.227,-0.456,1.507,0.000,0.001,0.002,16.0
586,2.225,-0.452,1.507,0.000,0.001,0.002,16.0
587,2.223,-0.448,1.507,0.000,0.001,0.002,16.0
588,2.221,-0.444,1.507,0.000,0.001,0.002,16.0
589,2.219,-0.440,1.507,0.000,0.001,0.002,16.0
590,2.218,-0.436,1.507,0.000,0.001,0.002,16.0
591,2.216,-0.432,1.507,0.000,0.001,0.002,16.0
592,2.214,-0.429,1.507,0.000,0.001,0.002,16.0
593,2.212,-0.425,1.507,0.000,0.001,0.002,16.0
594,2.210,-0.421,1.507,0.000,0.001,0.002,16.0
595,2.208,-0.417,1.507,0.000,0.001,0.002,16.0
596,2.206,-0.413,1.507,0.000,0.001,0.002,16.0
597,2.204,-0.409,1.507,0.000,0.001,0.002,16.0
598,2.202,-0.405,1.507,0.000,0.001,0.002,16.0
599,2.200,-0.401,1.507,0.000,0.001,0.002,16.0
600,2.198,-0.397,1.507,0.000,0.001,0.002,16.0
601,2.196,-0.393,1.507,0.000,0.001,0.002,16.0
602,2.194,-0.389,1.507,0.000,0.001,0.002,16.0
603,2.192,-0.385,1.507,0.000,0.001,0.002,16.0
604,2.190,-0.381,1.507,0.000,0.001,0.002,16.0
605,2.188,-0.377,1.507,0.000,0.001,0.002,16.0
606,2.186,-0.373,1.507,0.000,0.001,0.002,16.0
607,2.184,-0.369,1.507,0.000,0.001,0.002,16.0
608,2.182,-0.365,1.507,0.000,0.001,0.002,16.0
609,2.180,-0.362,1.507,0.000,0.001,0.002,16.0
610,2.178,-0.358,1.507,0.000,0.001,0.002,16.0
611,2.176,-0.354,1.507,0.000,0.001,0.002,16.0
612,2.174,-0.350,1.507,0.000,0.001,0.002,16.0
613,2.172,-0.346,1.507,0.000,0.001,0.002,16.0
614,2.170,-0.342,1.507,0.000,0.001,0.002,16.0
615,2.168,-0.338,1.507,0.000,0.001,0.002,16.0
616,2.166,-0.334,1.507,0.000,0.001,0.002,16.0
617,2.164,-0.330,1.507,0.000,0.001,0.002,16.0
618,2.162,-0.326,1.507,0.000,0.001,0.002,16.0
619,2.161,-0.322,1.507,0.000,0.001,0.002,16.0
620,2.159,-0.318,1.507,0.000,0.001,0.002,16.0
621,2.157,-0.314,1.507,0.000,0.001,0.002,16.0
622,2.155,-0.310,1.507,0.000,0.001,0.002,16.0
623,2.153,-0.306,1.507,0.000,0.002,0.004,16.0
624,2.151,-0.302,1.507,0.000,0.004,0.008,16.0
625,2.149,-0.298,1.507,0.000,0.006,0.012,16.0
626,2.147,-0.295,1.507,0.000,0.008,0.015,16.0
627,2.145,-0.291,1.507,0.000,0.009,0.017,16.0
628,2.143,-0.287,1.507,0.000,0.009,0.018,16.0
629,2.141,-0.283,1.507,0.000,0.009,0.017,16.0
630,2.139,-0.280,1.507,0.000,0.008,0.016,16.0
631,2.138,-0.276,1.507,0.000,0.007,0.015,16.0
632,2.136,-0.272,1.507,0.000,0.007,0.014,16.0
633,2.134,-0.269,1.507,0.000,0.007,0.013,16.0
634,2.132,-0.265,1.507,0.000,0.007,0.013,16.0
635,2.130,-0.262,1.507,0.000,0.007,0.014,16.0
636,2.129,-0.258,1.507,0.000,0.007,0.014,16.0
637,2.127,-0.255,1.507,0.000,0.007,0.015,16.0
638,2.125,-0.252,1.507,0.000,0.007,0.015,16.0
639,2.124,-0.248,1.507,0.000,0.007,0.015,16.0
640,2.122,-0.245,1.507,0.000,0.007,0.014,16.0
641,2.121,-0.242,1.507,0.000,0.007,0.014,16.0
642,2.119,-0.239,1.507,0.000,0.007,0.013,16.0
643,2.117,-0.236,1.507,0.000,0.007,0.013,16.0
644,2.116,-0.233,1.507,0.000,0.006,0.013,16.0
645,2.114,-0.230,1.507,0.000,0.006,0.013,16.0
646,2.113,-0.227,1.507,0.000,0.006,0.013,16.0
647,2.111,-0.224,1.507,0.000,0.006,0.013,16.0
648,2.110,-0.221,1.507,0.000,0.006,0.013,16.0
649,2.109,-0.218,1.507,0.000,0.006,0.013,16.0
650,2.107,-0.215,1.507,0.000,0.006,0.012,16.0
651,2.106,-0.212,1.507,0.000,0.006,0.012,16.0
652,2.104,-0.209,1.507,0.000,0.006,0.012,16.0
653,2.103,-0.207,1.507,0.000,0.006,0.012,16.0
654,2.102,-0.204,1.507,0.000,0.006,0.012,16.0
655,2.100,-0.201,1.507,0.000,0.006,0.011,16.0
656,2.099,-0.199,1.507,0.000,0.006,0.011,16.0
657,2.098,-0.196,1.507,0.000,0.006,0.011,16.0
658,2.096,-0.193,1.507,0.000,0.006,0.011,16.0
659,2.095,-0.191,1.507,0.000,0.005,0.011,16.0
660,2.094,-0.188,1.507,0.000,0.005,0.011,16.0
661,2.093,-0.186,1.507,0.000,0.005,0.011,16.0
662,2.091,-0.183,1.507,0.000,0.005,0.010,16.0
663,2.090,-0.181,1.507,0.000,0.005,0.010,16.0
664,2.089,-0.179,1.507,0.000,0.005,0.010,16.0
665,2.088,-0.176,1.507,0.000,0.005,0.010,16.0
666,2.087,-0.174,1.507,0.000,0.005,0.010,16.0
667,2.086,-0.172,1.507,0.000,0.005,0.010,16.0
668,2.084,-0.170,1.507,0.000,0.005,0.010,16.0
669,2.083,-0.167,1.506,0.000,0.005,0.010,16.0
670,2.082,-0.165,1.506,0.000,0.005,0.009,16.0
671,2.081,-0.163,1.506,0.000,0.005,0.009,16.0
672,2.080,-0.161,1.506,0.000,0.005,0.009,16.0
673,2.079,-0.159,1.506,0.000,0.005,0.009,16.0
674,2.078,-0.157,1.506,0.000,0.004,0.009,16.0
675,2.077,-0.155,1.506,0.000,0.004,0.009,16.0
676,2.076,-0.153,1.506,0.000,0.004,0.009,16.0
677,2.075,-0.151,1.506,0.000,0.004,0.009,16.0
678,2.074,-0.149,1.506,0.000,0.004,0.008,16.0
679,2.073,-0.147,1.506,0.000,0.004,0.008,16.0
680,2.072,-0.145,1.506,0.000,0.004,0.008,16.0
681,2.071,-0.143,1.506,0.000,0.004,0.008,16.0
682,2.070,-0.141,1.506,0.000,0.004,0.008,16.0
683,2.069,-0.139,1.506,0.000,0.004,0.008,16.0
684,2.068,-0.137,1.506,0.000,0.004,0.008,16.0
685,2.068,-0.136,1.506,0.000,0.004,0.008,16.0
686,2.067,-0.134,1.506,0.000,0.004,0.008,16.0
687,2.066,-0.132,1.506,0.000,0.004,0.008,16.0
688,2.065,-0.130,1.506,0.000,0.004,0.007,16.0
689,2.064,-0.129,1.506,0.000,0.004,0.007,16.0
690,2.063,-0.127,1.506,0.000,0.004,0.007,16.0
691,2.062,-0.125,1.506,0.000,0.004,0.007,16.0
692,2.062,-0.124,1.506,0.000,0.004,0.007,16.0
693,2.061,-0.122,1.506,0.000,0.003,0.007,16.0
694,2.060,-0.120,1.506,0.000,0.003,0.007,16.0
695,2.059,-0.119,1.506,0.000,0.003,0.007,16.0
696,2.058,-0.117,1.506,0.000,0.003,0.007,16.0
697,2.058,-0.116,1.506,0.000,0.003,0.007,16.0
698,2.057,-0.114,1.506,0.000,0.003,0.007,16.0
699,2.056,-0.113,1.506,0.000,0.003,0.006,16.0
700,2.055,-0.111,1.506,0.000,0.003,0.006,16.0
701,2.055,-0.110,1.506,0.000,0.003,0.006,16.0
702,2.054,-0.108,1.506,0.000,0.003,0.006,16.0
703,2.053,-0.107,1.506,0.000,0.003,0.006,16.0
704,2.053,-0.106,1.506,0.000,0.003,0.006,16.0
705,2.052,-0.104,1.506,0.000,0.003,0.006,16.0
706,2.051,-0.103,1.506,0.000,0.003,0.006,16.0
707,2.051,-0.101,1.506,0.000,0.003,0.006,16.0
708,2.050,-0.100,1.506,0.000,0.003,0.006,16.0
709,2.049,-0.099,1.506,0.000,0.003,0.006,16.0
710,2.049,-0.097,1.506,0.000,0.003,0.006,16.0
711,2.048,-0.096,1.506,0.000,0.003,0.005,16.0
712,2.047,-0.095,1.506,0.000,0.003,0.005,16.0
713,2.047,-0.094,1.506,0.000,0.003,0.005,16.0
714,2.046,-0.092,1.506,0.000,0.003,0.005,16.0
715,2.045,-0.091,1.506,0.000,0.003,0.005,16.0
716,2.045,-0.090,1.506,0.000,0.003,0.005,16.0
717,2.044,-0.089,1.506,0.000,0.003,0.005,16.0
718,2.044,-0.088,1.506,0.000,0.002,0.005,16.0
719,2.043,-0.087,1.506,0.000,0.002,0.005,16.0
720,2.043,-0.085,1.506,0.000,0.002,0.005,16.0
721,2.042,-0.084,1.506,0.000,0.002,0.005,16.0
722,2.041,-0.083,1.506,0.000,0.002,0.005,16.0
723,2.041,-0.082,1.506,0.000,0.002,0.005,16.0
724,2.040,-0.081,1.506,0.000,0.002,0.005,16.0
725,2.040,-0.080,1.506,0.000,0.002,0.005,16.0
726,2.039,-0.079,1.506,0.000,0.002,0.005,16.0
727,2.039,-0.078,1.506,0.000,0.002,0.004,16.0
728,2.038,-0.077,1.506,0.000,0.002,0.004,16.0
729,2.038,-0.076,1.506,0.000,0.002,0.004,16.0
730,2.037,-0.075,1.506,0.000,0.002,0.004,16.0
731,2.037,-0.074,1.506,0.000,0.002,0.004,16.0
732,2.036,-0.073,1.506,0.000,0.002,0.004,16.0
733,2.036,-0.072,1.506,0.000,0.002,0.004,16.0
734,2.035,-0.071,1.506,0.000,0.002,0.004,16.0
735,2.035,-0.070,1.506,0.000,0.002,0.004,16.0
736,2.034,-0.069,1.506,0.000,0.002,0.004,16.0
737,2.034,-0.068,1.506,0.000,0.002,0.004,16.0
738,2.034,-0.067,1.506,0.000,0.002,0.004,16.0
739,2.033,-0.067,1.506,0.000,0.002,0.004,16.0
740,2.033,-0.066,1.506,0.000,0.002,0.004,16.0
741,2.032,-0.065,1.506,0.000,0.002,0.004,16.0
742,2.032,-0.064,1.506,0.000,0.002,0.004,16.0
743,2.031,-0.063,1.506,0.000,0.002,0.004,16.0
744,2.031,-0.062,1.506,0.000,0.002,0.004,16.0
745,2.031,-0.061,1.506,0.000,0.002,0.004,16.0
746,2.030,-0.061,1.506,0.000,0.002,0.003,16.0
747,2.030,-0.060,1.506,0.000,0.002,0.003,16.0
748,2.029,-0.059,1.506,0.000,0.002,0.003,16.0
749,2.029,-0.058,1.506,0.000,0.002,0.003,16.0
750,2.029,-0.058,1.506,0.000,0.002,0.003,16.0
751,2.028,-0.057,1.506,0.000,0.002,0.003,16.0
752,2.028,-0.056,1.506,0.000,0.002,0.003,16.0
753,2.028,-0.055,1.506,0.000,0.002,0.003,16.0
754,2.027,-0.055,1.506,0.000,0.002,0.003,16.0
755,2.027,-0.054,1.506,0.000,0.002,0.003,16.0
756,2.027,-0.053,1.506,0.000,0.002,0.003,16.0
757,2.026,-0.052,1.506,0.000,0.001,0.003,16.0
758,2.026,-0.052,1.506,0.000,0.001,0.003,16.0
759,2.025,-0.051,1.506,0.000,0.001,0.003,16.0
760,2.025,-0.050,1.506,0.000,0.001,0.003,16.0
761,2.025,-0.050,1.506,0.000,0.001,0.003,16.0
762,2.024,-0.049,1.506,0.000,0.001,0.003,16.0
763,2.024,-0.048,1.506,0.000,0.001,0.003,16.0
764,2.024,-0.048,1.506,0.000,0.001,0.003,16.0
765,2.024,-0.047,1.506,0.000,0.001,0.003,16.0
766,2.023,-0.047,1.506,0.000,0.001,0.003,16.0
767,2.023,-0.046,1.506,0.000,0.001,0.003,16.0
768,2.023,-0.045,1.506,0.000,0.001,0.003,16.0
769,2.022,-0.045,1.506,0.000,0.001,0.003,16.0
770,2.022,-0.044,1.506,0.000,0.001,0.003,16.0
771,2.022,-0.044,1.506,0.000,0.001,0.002,16.0
772,2.021,-0.043,1.506,0.000,0.001,0.002,16.0
773,2.021,-0.043,1.506,0.000,0.001,0.002,16.0
774,2.021,-0.042,1.506,0.000,0.001,0.002,16.0
775,2.021,-0.041,1.506,0.000,0.001,0.002,16.0
776,2.020,-0.041,1.506,0.000,0.001,0.002,16.0
777,2.020,-0.040,1.506,0.000,0.001,0.002,16.0
778,2.020,-0.040,1.506,0.000,0.001,0.002,16.0
779,2.020,-0.039,1.506,0.000,0.001,0.002,16.0
780,2.019,-0.039,1.506,0.000,0.001,0.002,16.0
781,2.019,-0.038,1.506,0.000,0.001,0.002,16.0
782,2.019,-0.038,1.506,0.000,0.001,0.002,16.0
783,2.019,-0.037,1.506,0.000,0.001,0.002,16.0
784,2.018,-0.037,1.506,0.000,0.001,0.002,16.0
785,2.018,-0.036,1.506,0.000,0.001,0.002,16.0
786,2.018,-0.036,1.506,0.000,0.001,0.002,16.0
787,2.018,-0.035,1.506,0.000,0.001,0.002,16.0
788,2.017,-0.035,1.506,0.000,0.001,0.002,16.0
789,2.017,-0.034,1.506,0.000,0.001,0.002,16.0
790,2.017,-0.034,1.506,0.000,0.001,0.002,16.0
791,2.017,-0.034,1.506,0.000,0.001,0.002,16.0
792,2.016,-0.033,1.506,0.000,0.001,0.002,16.0
793,2.016,-0.033,1.506,0.000,0.001,0.002,16.0
794,2.016,-0.032,1.506,0.000,0.001,0.002,16.0
795,2.016,-0.032,1.506,0.000,0.001,0.002,16.0
796,2.016,-0.031,1.506,0.000,0.001,0.002,16.0
797,2.015,-0.031,1.506,0.000,0.001,0.002,16.0
798,2.015,-0.031,1.506,0.000,0.001,0.002,16.0
799,2.015,-0.030,1.506,0.000,0.001,0.002,16.0
800,2.015,-0.030,1.506,0.000,0.001,0.002,16.0
801,2.015,-0.029,1.506,0.000,0.001,0.002,16.0
802,2.014,-0.029,1.506,0.000,0.001,0.002,16.0
803,2.014,-0.029,1.506,0.000,0.001,0.002,16.0
804,2.014,-0.028,1.506,0.000,0.001,0.002,16.0
805,2.014,-0.028,1.506,0.000,0.001,0.002,16.0
806,2.014,-0.028,1.506,0.000,0.001,0.002,16.0
807,2.014,-0.027,1.506,0.000,0.001,0.002,16.0
808,2.013,-0.027,1.506,0.000,0.001,0.002,16.0
809,2.013,-0.026,1.506,0.000,0.001,0.002,16.0
810,2.013,-0.026,1.506,0.000,0.001,0.001,16.0
811,2.013,-0.026,1.506,0.000,0.001,0.001,16.0
812,2.013,-0.025,1.506,0.000,0.001,0.001,16.0
813,2.013,-0.025,1.506,0.000,0.001,0.001,16.0
814,2.012,-0.025,1.506,0.000,0.001,0.001,16.0
815,2.012,-0.024,1.506,0.000,0.001,0.001,16.0
816,2.012,-0.024,1.506,0.000,0.001,0.001,16.0
817,2.012,-0.024,1.506,0.000,0.001,0.001,16.0
818,2.012,-0.023,1.506,0.000,0.001,0.001,16.0
819,2.012,-0.023,1.506,0.000,0.001,0.001,16.0
820,2.011,-0.023,1.506,0.000,0.001,0.001,16.0
821,2.011,-0.023,1.506,0.000,0.001,0.001,16.0
822,2.011,-0.022,1.506,0.000,0.001,0.001,16.0
823,2.011,-0.022,1.506,0.000,0.001,0.001,16.0
824,2.011,-0.022,1.506,0.000,0.001,0.001,16.0
825,2.011,-0.021,1.506,0.000,0.001,0.001,16.0
826,2.011,-0.021,1.506,0.000,0.001,0.001,16.0
827,2.010,-0.021,1.506,0.000,0.001,0.001,16.0
828,2.010,-0.021,1.506,0.000,0.001,0.001,16.0
829,2.010,-0.020,1.506,0.000,0.001,0.001,16.0
830,2.010,-0.020,1.506,0.000,0.001,0.001,16.0
831,2.010,-0.020,1.506,0.000,0.001,0.001,16.0
832,2.010,-0.020,1.506,0.000,0.001,0.001,16.0
833,2.010,-0.019,1.506,0.000,0.001,0.001,16.0
834,2.009,-0.019,1.506,0.000,0.001,0.001,16.0
835,2.009,-0.019,1.506,0.000,0.001,0.001,16.0
836,2.009,-0.019,1.506,0.000,0.001,0.001,16.0
837,2.009,-0.018,1.506,0.000,0.001,0.001,16.0
838,2.009,-0.018,1.506,0.000,0.001,0.001,16.0
839,2.009,-0.018,1.506,0.000,0.001,0.001,16.0
840,2.009,-0.018,1.506,0.000,0.001,0.001,16.0
841,2.009,-0.017,1.506,0.000,0.000,0.001,16.0
842,2.009,-0.017,1.506,0.000,0.000,0.001,16.0
843,2.008,-0.017,1.506,0.000,0.000,0.001,16.0
844,2.008,-0.017,1.506,0.000,0.000,0.001,16.0
845,2.008,-0.016,1.506,0.000,0.000,0.001,16.0
846,2.008,-0.016,1.506,0.000,0.000,0.001,16.0
847,2.008,-0.016,1.506,0.000,0.000,0.001,16.0
848,2.008,-0.016,1.506,0.000,0.000,0.001,16.0
849,2.008,-0.016,1.506,0.000,0.000,0.001,16.0
850,2.008,-0.015,1.506,0.000,0.000,0.001,16.0
851,2.008,-0.015,1.506,0.000,0.000,0.001,16.0
852,2.007,-0.015,1.506,0.000,0.000,0.001,16.0
853,2.007,-0.015,1.506,0.000,0.000,0.001,16.0
854,2.007,-0.015,1.506,0.000,0.000,0.001,16.0
855,2.007,-0.014,1.506,0.000,0.000,0.001,16.0
856,2.007,-0.014,1.506,0.000,0.000,0.001,16.0
857,2.007,-0.014,1.506,0.000,0.000,0.001,16.0
858,2.007,-0.014,1.506,0.000,0.000,0.001,16.0
859,2.007,-0.014,1.506,0.000,0.000,0.001,16.0
860,2.007,-0.014,1.506,0.000,0.000,0.001,16.0
861,2.007,-0.013,1.506,0.000,0.000,0.001,16.0
862,2.007,-0.013,1.506,0.000,0.000,0.001,16.0
863,2.006,-0.013,1.506,0.000,0.000,0.001,16.0
864,2.006,-0.013,1.506,0.000,0.000,0.001,16.0
865,2.006,-0.013,1.506,0.000,0.000,0.001,16.0
866,2.006,-0.012,1.506,0.000,0.000,0.001,16.0
867,2.006,-0.012,1.506,0.000,0.000,0.001,16.0
868,2.006,-0.012,1.506,0.000,0.000,0.001,16.0
869,2.006,-0.012,1.506,0.000,0.000,0.001,16.0
870,2.006,-0.012,1.506,0.000,0.000,0.001,16.0
871,2.006,-0.012,1.506,0.000,0.000,0.001,16.0
872,2.006,-0.012,1.506,0.000,0.000,0.001,16.0
873,2.006,-0.011,1.506,0.000,0.000,0.001,16.0
874,2.006,-0.011,1.506,0.000,0.000,0.001,16.0
875,2.006,-0.011,1.506,0.000,0.000,0.001,16.0
876,2.005,-0.011,1.506,0.000,0.000,0.001,16.0
877,2.005,-0.011,1.506,0.000,0.000,0.001,16.0
878,2.005,-0.011,1.506,0.000,0.000,0.001,16.0
879,2.005,-0.011,1.506,0.000,0.000,0.001,16.0
880,2.005,-0.010,1.506,0.000,0.000,0.001,16.0
881,2.005,-0.010,1.506,0.000,0.000,0.001,16.0
882,2.005,-0.010,1.506,0.000,0.000,0.001,16.0
883,2.005,-0.010,1.506,0.000,0.000,0.001,16.0
884,2.005,-0.010,1.506,0.000,0.000,0.001,16.0
885,2.005,-0.010,1.506,0.000,0.000,0.001,16.0
886,2.005,-0.010,1.506,0.000,0.000,0.001,16.0
887,2.005,-0.009,1.506,0.000,0.000,0.001,16.0
888,2.005,-0.009,1.506,0.000,0.000,0.001,16.0
889,2.005,-0.009,1.506,0.000,0.000,0.001,16.0
890,2.005,-0.009,1.506,0.000,0.000,0.001,16.0
891,2.004,-0.009,1.506,0.000,0.000,0.001,16.0
892,2.004,-0.009,1.506,0.000,0.000,0.001,16.0
893,2.004,-0.009,1.506,0.000,0.003,0.006,16.0
894,2.004,-0.009,1.506,0.000,0.005,0.010,16.0
895,2.004,-0.009,1.506,0.000,0.005,0.010,16.0
896,2.004,-0.009,1.506,0.000,0.004,0.008,16.0
897,2.004,-0.009,1.506,0.000,0.002,0.004,16.0
898,2.004,-0.009,1.506,0.000,0.000,0.001,16.0
899,2.004,-0.009,1.506,0.000,-0.001,-0.002,16.0
900,2.004,-0.009,1.506,0.000,-0.001,-0.003,16.0
901,2.004,-0.009,1.506,0.000,-0.001,-0.002,16.0
902,2.004,-0.009,1.506,0.000,-0.001,-0.001,16.0
903,2.004,-0.009,1.506,0.000,0.000,0.000,16.0
904,2.004,-0.009,1.506,0.000,0.001,0.001,16.0
905,2.004,-0.009,1.506,0.000,0.001,0.002,16.0
906,2.004,-0.009,1.506,0.000,0.001,0.001,16.0
907,2.004,-0.009,1.506,0.000,0.000,0.001,16.0
908,2.004,-0.009,1.506,0.000,0.000,0.000,16.0
909,2.004,-0.009,1.506,0.000,-0.000,-0.000,16.0
910,2.004,-0.009,1.506,0.000,-0.000,-0.000,16.0
911,2.004,-0.009,1.506,0.000,-0.000,-0.001,16.0
912,2.004,-0.009,1.506,0.000,-0.000,-0.000,16.0
913,2.004,-0.009,1.506,0.000,-0.000,-0.000,16.0
914,2.004,-0.009,1.506,0.000,0.000,0.000,16.0
915,2.004,-0.009,1.506,0.000,0.000,0.000,16.0
916,2.004,-0.009,1.506,0.000,0.000,0.000,16.0
917,2.004,-0.009,1.506,0.000,0.000,0.000,16.0
918,2.004,-0.009,1.506,0.000,0.000,0.000,16.0
919,2.004,-0.009,1.506,0.000,0.000,0.000,16.0
920,2.004,-0.009,1.506,0.000,-0.000,-0.000,16.0
921,2.004,-0.009,1.506,0.000,-0.000,-0.000,16.0
922,2.004,-0.009,1.506,0.000,-0.000,-0.000,16.0
923,2.004,-0.009,1.506,0.000,-0.000,-0.000,16.0
924,2.004,-0.009,1.506,0.000,-0.000,-0.000,16.0
925,2.004,-0.009,1.506,0.000,0.000,0.000,16.0
926,2.004,-0.009,1.506,0.000,0.000,0.000,16.0
927,2.004,-0.009,1.506,0.000,0.000,0.000,16.0
928,2.004,-0.009,1.506,0.000,0.000,0.000,16.0
929,2.004,-0.009,1.506,0.000,0.000,0.000,16.0
930,2.004,-0.009,1.506,0.000,-0.000,-0.000,16.0
931,2.004,-0.009,1.506,0.000,-0.000,-0.000,16.0
932,2.004,-0.009,1.506,0.000,-0.000,-0.000,16.0
933,2.004,-0.009,1.506,0.000,-0.000,-0.000,16.0
934,2.004,-0.009,1.506,0.000,-0.000,-0.000,16.0
935,2.004,-0.009,1.506,0.000,-0.000,-0.000,16.0
936,2.004,-0.009,1.506,0.000,0.000,0.000,16.0
937,2.004,-0.009,1.506,0.000,0.000,0.000,16.0
938,2.004,-0.009,1.506,0.000,0.000,0.000,16.0
939,2.004,-0.009,1.506,0.000,0.000,0.000,16.0
940,2.004,-0.009,1.506,0.000,0.000,0.000,16.0
941,2.004,-0.009,1.506,0.000,-0.000,-0.000,16.0
942,2.004,-0.009,1.506,0.000,-0.000,-0.000,16.0
943,2.004,-0.009,1.506,0.000,-0.000,-0.000,16.0
944,2.004,-0.009,1.506,0.000,-0.000,-0.000,16.0
945,2.004,-0.009,1.506,0.000,-0.000,-0.000,16.0
946,2.004,-0.009,1.506,0.000,0.000,0.000,16.0
947,2.004,-0.009,1.506,0.000,0.000,0.000,16.0
948,2.004,-0.009,1.506,0.000,0.000,0.000,16.0
949,2.004,-0.009,1.506,0.000,0.000,0.000,16.0
950,2.004,-0.009,1.506,0.000,0.000,0.000,16.0
951,2.004,-0.009,1.506,0.000,0.000,0.000,16.0
952,2.004,-0.009,1.506,0.000,-0.000,-0.000,16.0
953,2.004,-0.009,1.506,0.000,-0.000,-0.000,16.0
954,2.004,-0.009,1.506,0.000,-0.000,-0.000,16.0
955,2.004,-0.009,1.506,0.000,-0.000,-0.000,16.0
956,2.004,-0.009,1.506,0.000,-0.000,-0.000,16.0
957,2.004,-0.009,1.506,0.000,0.000,0.000,16.0
958,2.004,-0.009,1.506,0.000,0.000,0.000,16.0
959,2.004,-0.009,1.506,0.000,0.000,0.000,16.0
960,2.004,-0.009,1.506,0.000,0.000,0.000,16.0
961,2.004,-0.009,1.506,0.000,0.000,0.000,16.0
962,2.004,-0.009,1.506,0.000,-0.000,-0.000,16.0
963,2.004,-0.009,1.506,0.000,-0.000,-0.000,16.0
964,2.004,-0.009,1.506,0.000,-0.000,-0.000,16.0
965,2.004,-0.009,1.506,0.000,-0.000,-0.000,16.0
966,2.004,-0.009,1.506,0.000,-0.000,-0.000,16.0
967,2.004,-0.009,1.506,0.000,-0.000,-0.000,16.0
968,2.004,-0.009,1.506,0.000,0.000,0.000,16.0
969,2.004,-0.009,1.506,0.000,0.000,0.000,16.0
970,2.004,-0.009,1.506,0.000,0.000,0.000,16.0
971,2.004,-0.009,1.506,0.000,0.000,0.000,16.0
972,2.004,-0.009,1.506,0.000,0.000,0.000,16.0
973,2.004,-0.009,1.506,0.000,-0.000,-0.000,16.0
974,2.004,-0.009,1.506,0.000,-0.000,-0.000,16.0
975,2.004,-0.009,1.506,0.000,-0.000,-0.000,16.0
976,2.004,-0.009,1.506,0.000,-0.000,-0.000,16.0
977,2.004,-0.009,1.506,0.000,-0.000,-0.000,16.0
978,2.004,-0.009,1.506,0.000,0.000,0.000,16.0
979,2.004,-0.009,1.506,0.000,0.000,0.000,16.0
980,2.004,-0.009,1.506,0.000,0.000,0.000,16.0
981,2.004,-0.009,1.506,0.000,0.000,0.000,16.0
982,2.004,-0.009,1.506,0.000,0.000,0.000,16.0
983,2.004,-0.009,1.506,0.000,0.000,0.000,16.0
984,2.004,-0.009,1.506,0.000,-0.000,-0.000,16.0
985,2.004,-0.009,1.506,0.000,-0.000,-0.000,16.0
986,2.004,-0.009,1.506,0.000,-0.000,-0.000,16.0
987,2.004,-0.009,1.506,0.000,-0.000,-0.000,16.0
988,2.004,-0.009,1.506,0.000,-0.000,-0.000,16.0
989,2.004,-0.009,1.506,0.000,0.000,0.000,16.0
990,2.004,-0.009,1.506,0.000,0.000,0.000,16.0
991,2.004,-0.009,1.506,0.000,0.000,0.000,16.0
992,2.004,-0.009,1.506,0.000,0.000,0.000,16.0
993,2.004,-0.009,1.506,0.000,0.000,0.000,16.0
994,2.004,-0.009,1.506,0.000,-0.000,-0.000,16.0
995,2.004,-0.009,1.506,0.000,-0.000,-0.000,16.0
996,2.004,-0.009,1.506,0.000,-0.000,-0.000,16.0
997,2.004,-0.009,1.506,0.000,-0.000,-0.000,16.0
998,2.004,-0.009,1.506,0.000,-0.000,-0.000,16.0
999,2.004,-0.009,1.506,0.000,-0.000,-0.000,16.0
1000,2.004,-0.009,1.506,0.000,0.000,0.000,16.0
