1,1.900,-1.100,0.000,0.000,0.000,0.000,1
2,1.900,-1.100,0.260,0.000,0.000,0.000,1
3,1.900,-1.100,1.005,0.000,0.000,0.000,1
4,1.900,-1.100,1.899,0.000,0.000,0.000,1
5,1.900,-1.100,2.694,0.000,0.000,0.000,1
6,1.900,-1.100,3.319,0.000,0.000,0.000,1
7,1.900,-1.100,3.770,0.000,0.000,0.000,1
8,1.900,-1.100,4.049,0.000,0.000,0.000,1
9,1.900,-1.100,4.170,0.000,0.000,0.000,1
10,1.900,-1.100,4.192,0.000,0.000,0.000,1
11,1.900,-1.100,4.166,0.000,0.000,0.000,1
12,1.900,-1.100,4.123,0.000,0.000,0.000,1
13,1.900,-1.100,4.081,0.000,0.000,0.000,1
14,1.900,-1.100,4.047,0.000,0.000,0.000,1
15,1.900,-1.100,4.023,0.000,0.000,0.000,1
16,1.900,-1.100,4.008,0.000,0.000,0.000,1
17,1.900,-1.100,4.004,0.000,0.000,0.000,1
18,1.900,-1.100,4.002,0.000,0.000,0.000,1
19,1.900,-1.100,3.999,0.000,0.000,0.000,1
20,1.900,-1.100,3.997,0.000,0.000,0.000,1
21,1.900,-1.100,3.995,0.000,0.000,0.000,1
22,1.900,-1.100,3.993,0.000,0.000,0.000,1
23,1.900,-1.100,3.992,0.000,0.000,0.000,11
24,1.900,-1.100,3.990,0.000,-0.216,0.036,11
25,1.899,-1.100,3.989,0.000,-0.141,-0.195,11
26,1.898,-1.100,3.994,0.000,-0.016,-0.360,11
27,1.897,-1.098,3.995,0.000,-0.117,-0.259,11
28,1.895,-1.095,3.995,0.000,0.002,-0.226,11
29,1.894,-1.092,3.995,0.000,0.117,-0.165,11
30,1.892,-1.088,3.995,0.000,0.050,-0.049,13
31,1.891,-1.084,3.996,0.000,-0.068,0.387,13
32,1.890,-1.081,3.996,0.000,-0.146,0.659,13
33,1.888,-1.080,3.996,0.000,-0.167,0.686,13
34,1.886,-1.081,3.996,0.000,-0.137,0.521,13
35,1.883,-1.085,3.996,0.000,-0.079,0.262,13
36,1.880,-1.089,3.996,0.000,-0.018,0.012,13
37,1.876,-1.094,3.997,0.000,0.028,-0.158,13
38,1.873,-1.098,3.997,0.000,0.049,-0.222,13
39,1.870,-1.101,3.997,0.000,0.047,-0.191,13
40,1.867,-1.103,3.997,0.000,0.029,-0.103,13
41,1.864,-1.106,3.997,0.000,0.006,-0.003,13
42,1.862,-1.108,3.997,0.000,-0.013,0.074,13
43,1.859,-1.110,3.998,0.000,-0.023,0.110,13
44,1.856,-1.113,3.998,0.000,-0.024,0.104,13
45,1.853,-1.116,3.998,0.000,-0.017,0.070,13
46,1.850,-1.120,3.998,0.000,-0.007,0.025,13
47,1.847,-1.123,3.998,0.000,0.003,-0.014,13
48,1.844,-1.127,3.998,0.000,0.009,-0.037,13
49,1.841,-1.130,3.998,0.000,0.011,-0.042,13
50,1.838,-1.133,3.998,0.000,0.009,-0.032,13
51,1.835,-1.136,3.998,0.000,0.005,-0.015,13
52,1.832,-1.139,3.999,0.000,0.001,0.002,13
53,1.829,-1.143,3.999,0.000,-0.001,0.013,13
54,1.826,-1.146,3.999,0.000,-0.003,0.017,13
55,1.823,-1.149,3.999,0.000,-0.002,0.015,13
56,1.820,-1.152,3.999,0.000,-0.001,0.008,13
57,1.817,-1.155,3.999,0.000,0.001,0.000,13
58,1.814,-1.159,3.999,0.000,0.002,-0.006,13
59,1.811,-1.162,3.999,0.000,0.003,-0.009,13
60,1.808,-1.165,3.999,0.000,0.003,-0.009,13
61,1.805,-1.168,3.999,0.000,0.003,-0.006,13
62,1.802,-1.172,3.999,0.000,0.002,-0.003,13
63,1.799,-1.175,3.999,0.000,0.001,-0.000,13
64,1.796,-1.178,3.999,0.000,0.001,0.001,13
65,1.793,-1.181,3.999,0.000,0.001,0.001,13
66,1.790,-1.185,3.999,0.000,0.001,0.001,13
67,1.787,-1.188,3.999,0.000,0.001,-0.001,13
68,1.784,-1.191,3.999,0.000,0.002,-0.002,13
69,1.781,-1.194,3.999,0.000,0.002,-0.003,13
70,1.778,-1.198,3.999,0.000,0.002,-0.003,13
71,1.776,-1.201,4.000,0.000,0.002,-0.003,13
72,1.773,-1.204,4.000,0.000,0.002,-0.002,13
73,1.770,-1.207,4.000,0.000,0.002,-0.002,13
74,1.767,-1.211,4.000,0.000,0.002,-0.001,13
75,1.764,-1.214,4.000,0.000,0.001,-0.001,13
76,1.761,-1.217,4.000,0.000,0.001,-0.001,13
77,1.758,-1.220,4.000,0.000,0.002,-0.001,13
78,1.755,-1.223,4.000,0.000,0.002,-0.002,13
79,1.752,-1.227,4.000,0.000,0.002,-0.002,13
80,1.749,-1.230,4.000,0.000,0.002,-0.002,13
81,1.746,-1.233,4.000,0.000,0.002,-0.002,13
82,1.743,-1.236,4.000,0.000,0.002,-0.002,13
83,1.740,-1.240,4.000,0.000,0.002,-0.002,13
84,1.737,-1.243,4.000,0.000,0.002,-0.002,13
85,1.734,-1.246,4.000,0.000,0.002,-0.002,13
86,1.731,-1.249,4.000,0.000,0.004,-0.004,13
87,1.728,-1.253,4.000,0.000,0.007,-0.007,13
88,1.725,-1.256,4.000,0.000,0.010,-0.011,13
89,1.722,-1.259,4.000,0.000,0.012,-0.013,13
90,1.719,-1.262,4.000,0.000,0.013,-0.015,13
91,1.716,-1.265,4.000,0.000,0.013,-0.015,13
92,1.713,-1.268,4.000,0.000,0.013,-0.014,13
93,1.711,-1.271,4.000,0.000,0.012,-0.013,13
94,1.708,-1.274,4.000,0.000,0.011,-0.012,13
95,1.705,-1.277,4.000,0.000,0.010,-0.011,13
96,1.702,-1.280,4.000,0.000,0.010,-0.011,13
97,1.700,-1.283,4.000,0.000,0.010,-0.011,13
98,1.697,-1.286,4.000,0.000,0.011,-0.012,13
99,1.695,-1.289,4.000,0.000,0.011,-0.012,13
100,1.692,-1.291,4.000,0.000,0.011,-0.012,13
101,1.690,-1.294,4.000,0.000,0.011,-0.012,13
102,1.687,-1.297,4.000,0.000,0.011,-0.012,13
103,1.685,-1.299,4.000,0.000,0.011,-0.012,13
104,1.682,-1.302,4.000,0.000,0.010,-0.011,13
105,1.680,-1.305,4.000,0.000,0.010,-0.011,13
106,1.677,-1.307,4.000,0.000,0.010,-0.011,13
107,1.675,-1.310,4.000,0.000,0.010,-0.011,13
108,1.673,-1.312,4.000,0.000,0.010,-0.011,13
109,1.671,-1.315,4.000,0.000,0.010,-0.011,13
110,1.668,-1.317,4.000,0.000,0.010,-0.010,13
111,1.666,-1.320,4.000,0.000,0.010,-0.010,13
112,1.664,-1.322,4.000,0.000,0.009,-0.010,13
113,1.662,-1.324,4.000,0.000,0.009,-0.010,13
114,1.660,-1.327,4.000,0.000,0.009,-0.010,13
115,1.658,-1.329,4.000,0.000,0.009,-0.010,13
116,1.656,-1.331,4.000,0.000,0.009,-0.010,13
117,1.654,-1.333,4.000,0.000,0.009,-0.009,13
118,1.652,-1.335,4.000,0.000,0.009,-0.009,13
119,1.650,-1.338,4.000,0.000,0.009,-0.009,13
120,1.648,-1.340,4.000,0.000,0.008,-0.009,13
121,1.646,-1.342,4.000,0.000,0.008,-0.009,13
122,1.644,-1.344,4.000,0.000,0.008,-0.009,13
123,1.642,-1.346,4.000,0.000,0.008,-0.009,13
124,1.640,-1.348,4.000,0.000,0.008,-0.009,13
125,1.638,-1.350,4.000,0.000,0.008,-0.009,13
126,1.636,-1.352,4.000,0.000,0.008,-0.008,13
127,1.635,-1.354,4.000,0.000,0.008,-0.008,13
128,1.633,-1.356,4.000,0.000,0.008,-0.008,13
129,1.631,-1.358,4.000,0.000,0.007,-0.008,13
130,1.629,-1.360,4.000,0.000,0.007,-0.008,13
131,1.628,-1.361,4.000,0.000,0.007,-0.008,13
132,1.626,-1.363,4.000,0.000,0.007,-0.008,13
133,1.624,-1.365,3.999,0.000,0.007,-0.008,13
134,1.623,-1.367,3.999,0.000,0.007,-0.008,13
135,1.621,-1.368,3.999,0.000,0.007,-0.008,13
136,1.620,-1.370,3.999,0.000,0.007,-0.007,13
137,1.618,-1.372,3.999,0.000,0.007,-0.007,13
138,1.616,-1.374,3.999,0.000,0.007,-0.007,13
139,1.615,-1.375,3.999,0.000,0.007,-0.007,13
140,1.613,-1.377,3.999,0.000,0.006,-0.007,13
141,1.612,-1.378,3.999,0.000,0.006,-0.007,13
142,1.610,-1.380,3.999,0.000,0.006,-0.007,13
143,1.609,-1.382,3.999,0.000,0.006,-0.007,13
144,1.608,-1.383,3.999,0.000,0.006,-0.007,13
145,1.606,-1.385,3.999,0.000,0.006,-0.007,13
146,1.605,-1.386,3.999,0.000,0.006,-0.007,13
147,1.603,-1.388,3.999,0.000,0.006,-0.006,13
148,1.602,-1.389,3.999,0.000,0.006,-0.006,13
149,1.601,-1.391,3.999,0.000,0.006,-0.006,13
150,1.599,-1.392,3.999,0.000,0.006,-0.006,13
151,1.598,-1.393,3.999,0.000,0.006,-0.006,13
152,1.597,-1.395,3.999,0.000,0.006,-0.006,13
153,1.596,-1.396,3.999,0.000,0.005,-0.006,13
154,1.594,-1.398,3.999,0.000,0.005,-0.006,13
155,1.593,-1.399,3.999,0.000,0.005,-0.006,13
156,1.592,-1.400,3.999,0.000,0.005,-0.006,13
157,1.591,-1.402,3.999,0.000,0.005,-0.006,13
158,1.589,-1.403,3.999,0.000,0.005,-0.006,13
159,1.588,-1.404,3.999,0.000,0.005,-0.005,13
160,1.587,-1.405,3.999,0.000,0.005,-0.005,13
161,1.586,-1.407,3.999,0.000,0.005,-0.005,13
162,1.585,-1.408,3.999,0.000,0.005,-0.005,13
163,1.584,-1.409,3.999,0.000,0.005,-0.005,13
164,1.583,-1.410,3.999,0.000,0.005,-0.005,13
165,1.582,-1.411,3.999,0.000,0.005,-0.005,13
166,1.581,-1.413,3.999,0.000,0.005,-0.005,13
167,1.579,-1.414,3.999,0.000,0.005,-0.005,13
168,1.578,-1.415,3.999,0.000,0.004,-0.005,13
169,1.577,-1.416,3.999,0.000,0.004,-0.005,13
170,1.576,-1.417,3.999,0.000,0.004,-0.005,13
171,1.575,-1.418,3.999,0.000,0.004,-0.005,13
172,1.574,-1.419,3.999,0.000,0.004,-0.005,13
173,1.573,-1.420,3.999,0.000,0.004,-0.005,13
174,1.572,-1.421,3.999,0.000,0.004,-0.004,13
175,1.572,-1.422,3.999,0.000,0.004,-0.004,13
176,1.571,-1.423,3.999,0.000,0.004,-0.004,13
177,1.570,-1.424,3.999,0.000,0.004,-0.004,13
178,1.569,-1.425,3.999,0.000,0.004,-0.004,13
179,1.568,-1.426,3.999,0.000,0.004,-0.004,13
180,1.567,-1.427,3.999,0.000,0.004,-0.004,13
181,1.566,-1.428,3.999,0.000,0.004,-0.004,13
182,1.565,-1.429,3.999,0.000,0.004,-0.004,13
183,1.564,-1.430,3.999,0.000,0.004,-0.004,13
184,1.564,-1.431,3.999,0.000,0.004,-0.004,13
185,1.563,-1.432,3.999,0.000,0.004,-0.004,13
186,1.562,-1.433,3.999,0.000,0.004,-0.004,13
187,1.561,-1.434,3.999,0.000,0.003,-0.004,13
188,1.560,-1.435,3.999,0.000,0.003,-0.004,13
189,1.559,-1.435,3.999,0.000,0.003,-0.004,13
190,1.559,-1.436,3.999,0.000,0.003,-0.004,13
191,1.558,-1.437,3.999,0.000,0.003,-0.004,13
192,1.557,-1.438,3.999,0.000,0.003,-0.004,13
193,1.556,-1.439,3.999,0.000,0.003,-0.004,13
194,1.556,-1.440,3.999,0.000,0.003,-0.003,13
195,1.555,-1.440,3.999,0.000,0.003,-0.003,13
196,1.554,-1.441,3.999,0.000,0.003,-0.003,13
197,1.554,-1.442,3.999,0.000,0.003,-0.003,13
198,1.553,-1.443,3.999,0.000,0.003,-0.003,13
199,1.552,-1.443,3.999,0.000,0.003,-0.003,13
200,1.551,-1.444,3.999,0.000,0.003,-0.003,13
201,1.551,-1.445,3.999,0.000,0.003,-0.003,13
202,1.550,-1.446,3.999,0.000,0.003,-0.003,13
203,1.549,-1.446,3.999,0.000,0.003,-0.003,13
204,1.549,-1.447,3.999,0.000,0.003,-0.003,13
205,1.548,-1.448,3.999,0.000,0.003,-0.003,13
206,1.548,-1.448,3.999,0.000,0.003,-0.003,13
207,1.547,-1.449,3.999,0.000,0.003,-0.003,13
208,1.546,-1.450,3.999,0.000,0.003,-0.003,13
209,1.546,-1.450,3.999,0.000,0.003,-0.003,13
210,1.545,-1.451,3.999,0.000,0.003,-0.003,13
211,1.545,-1.452,3.999,0.000,0.003,-0.003,13
212,1.544,-1.452,3.999,0.000,0.003,-0.003,13
213,1.543,-1.453,3.999,0.000,0.002,-0.003,13
214,1.543,-1.454,3.999,0.000,0.002,-0.003,13
215,1.542,-1.454,3.999,0.000,0.002,-0.003,13
216,1.542,-1.455,3.999,0.000,0.002,-0.003,13
217,1.541,-1.455,3.999,0.000,0.002,-0.003,13
218,1.541,-1.456,3.999,0.000,0.002,-0.003,13
219,1.540,-1.457,3.999,0.000,0.002,-0.002,13
220,1.540,-1.457,3.999,0.000,0.002,-0.002,13
221,1.539,-1.458,3.999,0.000,0.002,-0.002,13
222,1.539,-1.458,3.999,0.000,0.002,-0.002,13
223,1.538,-1.459,3.999,0.000,0.002,-0.002,13
224,1.538,-1.459,3.999,0.000,0.002,-0.002,13
225,1.537,-1.460,3.999,0.000,0.002,-0.002,13
226,1.537,-1.460,3.999,0.000,0.002,-0.002,13
227,1.536,-1.461,3.999,0.000,0.002,-0.002,13
228,1.536,-1.461,3.999,0.000,0.002,-0.002,13
229,1.535,-1.462,3.999,0.000,0.002,-0.002,13
230,1.535,-1.462,3.999,0.000,0.002,-0.002,13
231,1.534,-1.463,3.999,0.000,0.002,-0.002,13
232,1.534,-1.463,3.999,0.000,0.002,-0.002,13
233,1.533,-1.464,3.999,0.000,0.002,-0.002,13
234,1.533,-1.464,3.999,0.000,0.002,-0.002,13
235,1.532,-1.465,3.999,0.000,0.002,-0.002,13
236,1.532,-1.465,3.999,0.000,0.002,-0.002,13
237,1.532,-1.466,3.999,0.000,0.002,-0.002,13
238,1.531,-1.466,3.999,0.000,0.002,-0.002,13
239,1.531,-1.467,3.999,0.000,0.002,-0.002,13
240,1.530,-1.467,3.999,0.000,0.002,-0.002,13
241,1.530,-1.467,3.999,0.000,0.002,-0.002,13
242,1.530,-1.468,3.999,0.000,0.002,-0.002,13
243,1.529,-1.468,3.999,0.000,0.002,-0.002,13
244,1.529,-1.469,3.999,0.000,0.002,-0.002,13
245,1.528,-1.469,3.999,0.000,0.002,-0.002,13
246,1.528,-1.470,3.999,0.000,0.002,-0.002,13
247,1.528,-1.470,3.999,0.000,0.002,-0.002,13
248,1.527,-1.470,3.999,0.000,0.002,-0.002,13
249,1.527,-1.471,3.999,0.000,0.002,-0.002,13
250,1.527,-1.471,3.999,0.000,0.002,-0.002,13
251,1.526,-1.471,3.999,0.000,0.002,-0.002,13
252,1.526,-1.472,3.999,0.000,0.001,-0.002,13
253,1.526,-1.472,3.999,0.000,0.001,-0.002,13
254,1.525,-1.473,3.999,0.000,0.001,-0.002,13
255,1.525,-1.473,3.999,0.000,0.001,-0.002,13
256,1.525,-1.473,3.999,0.000,0.001,-0.002,13
257,1.524,-1.474,3.999,0.000,0.001,-0.002,13
258,1.524,-1.474,3.999,0.000,0.001,-0.001,13
259,1.524,-1.474,3.999,0.000,0.001,-0.001,13
260,1.523,-1.475,3.999,0.000,0.001,-0.001,13
261,1.523,-1.475,3.999,0.000,0.001,-0.001,13
262,1.523,-1.475,3.999,0.000,0.001,-0.001,13
263,1.522,-1.476,3.999,0.000,0.001,-0.001,13
264,1.522,-1.476,3.999,0.000,0.001,-0.001,13
265,1.522,-1.476,3.999,0.000,0.001,-0.001,13
266,1.522,-1.477,3.999,0.000,0.001,-0.001,13
267,1.521,-1.477,3.999,0.000,0.001,-0.001,13
268,1.521,-1.477,3.999,0.000,0.001,-0.001,13
269,1.521,-1.477,3.999,0.000,0.001,-0.001,13
270,1.520,-1.478,3.999,0.000,0.001,-0.001,13
271,1.520,-1.478,3.999,0.000,0.001,-0.001,13
272,1.520,-1.478,3.999,0.000,0.001,-0.001,13
273,1.520,-1.479,3.999,0.000,0.001,-0.001,13
274,1.519,-1.479,3.999,0.000,0.001,-0.001,13
275,1.519,-1.479,3.999,0.000,0.001,-0.001,13
276,1.519,-1.479,3.999,0.000,0.001,-0.001,13
277,1.519,-1.480,3.999,0.000,0.001,-0.001,13
278,1.518,-1.480,3.999,0.000,0.001,-0.001,13
279,1.518,-1.480,3.999,0.000,0.001,-0.001,13
280,1.518,-1.481,3.999,0.000,0.001,-0.001,13
281,1.518,-1.481,3.999,0.000,0.001,-0.001,13
282,1.517,-1.481,3.999,0.000,0.001,-0.001,13
283,1.517,-1.481,3.999,0.000,0.001,-0.001,13
284,1.517,-1.482,3.999,0.000,0.001,-0.001,13
285,1.517,-1.482,3.999,0.000,0.001,-0.001,13
286,1.517,-1.482,3.999,0.000,0.001,-0.001,13
287,1.516,-1.482,3.999,0.000,0.001,-0.001,13
288,1.516,-1.482,3.999,0.000,0.001,-0.001,13
289,1.516,-1.483,3.999,0.000,0.001,-0.001,13
290,1.516,-1.483,3.999,0.000,0.001,-0.001,13
291,1.516,-1.483,3.999,0.000,0.001,-0.001,13
292,1.515,-1.483,3.999,0.000,0.001,-0.001,13
293,1.515,-1.484,3.999,0.000,0.001,-0.001,13
294,1.515,-1.484,3.999,0.000,0.001,-0.001,13
295,1.515,-1.484,3.999,0.000,0.001,-0.001,13
296,1.515,-1.484,3.999,0.000,0.001,-0.001,13
297,1.514,-1.484,3.999,0.000,0.001,-0.001,13
298,1.514,-1.485,3.999,0.000,0.001,-0.001,13
299,1.514,-1.485,3.999,0.000,0.001,-0.001,13
300,1.514,-1.485,3.999,0.000,0.001,-0.001,13
301,1.514,-1.485,3.999,0.000,0.001,-0.001,13
302,1.513,-1.485,3.999,0.000,0.001,-0.001,13
303,1.513,-1.486,3.999,0.000,0.001,-0.001,13
304,1.513,-1.486,3.999,0.000,0.001,-0.001,13
305,1.513,-1.486,3.999,0.000,0.001,-0.001,13
306,1.513,-1.486,3.999,0.000,0.001,-0.001,13
307,1.513,-1.486,3.999,0.000,0.001,-0.001,13
308,1.512,-1.487,3.999,0.000,0.001,-0.001,13
309,1.512,-1.487,3.999,0.000,0.001,-0.001,13
310,1.512,-1.487,3.999,0.000,0.001,-0.001,13
311,1.512,-1.487,3.999,0.000,0.001,-0.001,13
312,1.512,-1.487,3.999,0.000,0.001,-0.001,13
313,1.512,-1.487,3.999,0.000,0.001,-0.001,13
314,1.511,-1.488,3.999,0.000,0.001,-0.001,13
315,1.511,-1.488,3.999,0.000,0.001,-0.001,13
316,1.511,-1.488,3.999,0.000,0.001,-0.001,13
317,1.511,-1.488,3.999,0.000,0.001,-0.001,13
318,1.511,-1.488,3.999,0.000,0.001,-0.001,13
319,1.511,-1.488,3.999,0.000,0.001,-0.001,13
320,1.511,-1.489,3.999,0.000,0.001,-0.001,13
321,1.510,-1.489,3.999,0.000,0.001,-0.001,13
322,1.510,-1.489,3.999,0.000,0.001,-0.001,13
323,1.510,-1.489,3.999,0.000,0.001,-0.001,13
324,1.510,-1.489,3.999,0.000,0.001,-0.001,13
325,1.510,-1.489,3.999,0.000,0.001,-0.001,13
326,1.510,-1.489,3.999,0.000,0.001,-0.001,13
327,1.510,-1.490,3.999,0.000,0.001,-0.001,13
328,1.510,-1.490,3.999,0.000,0.001,-0.001,13
329,1.509,-1.490,3.999,0.000,0.001,-0.001,13
330,1.509,-1.490,3.999,0.000,0.001,-0.001,13
331,1.509,-1.490,3.999,0.000,0.001,-0.001,13
332,1.509,-1.490,3.999,0.000,0.001,-0.001,13
333,1.509,-1.490,3.999,0.000,0.001,-0.001,13
334,1.509,-1.490,3.999,0.000,0.001,-0.001,13
335,1.509,-1.491,3.999,0.000,0.000,-0.001,13
336,1.509,-1.491,3.999,0.000,0.000,-0.001,13
337,1.508,-1.491,3.999,0.000,0.000,-0.001,13
338,1.508,-1.491,3.999,0.000,0.000,-0.001,13
339,1.508,-1.491,3.999,0.000,0.000,-0.001,13
340,1.508,-1.491,3.999,0.000,0.000,-0.001,13
341,1.508,-1.491,3.999,0.000,0.000,-0.000,13
342,1.508,-1.491,3.999,0.000,0.000,-0.000,13
343,1.508,-1.492,3.999,0.000,0.000,-0.000,13
344,1.508,-1.492,3.999,0.000,0.000,-0.000,13
345,1.508,-1.492,3.999,0.000,0.000,-0.000,13
346,1.508,-1.492,3.999,0.000,0.000,-0.000,13
347,1.507,-1.492,3.999,0.000,0.000,-0.000,13
348,1.507,-1.492,3.999,0.000,0.000,-0.000,13
349,1.507,-1.492,3.999,0.000,0.000,-0.000,13
350,1.507,-1.492,3.999,0.000,0.000,-0.000,13
351,1.507,-1.492,3.999,0.000,0.000,-0.000,13
352,1.507,-1.492,3.999,0.000,0.000,-0.000,13
353,1.507,-1.493,3.999,0.000,0.000,-0.000,13
354,1.507,-1.493,3.999,0.000,0.000,-0.000,13
355,1.507,-1.493,3.999,0.000,0.005,-0.005,13
356,1.507,-1.493,3.999,0.000,0.007,-0.008,13
357,1.507,-1.493,3.999,0.000,0.008,-0.008,13
358,1.507,-1.493,3.999,0.000,0.006,-0.006,13
359,1.507,-1.493,3.999,0.000,0.003,-0.003,13
360,1.507,-1.493,3.999,0.000,0.000,-0.000,13
361,1.507,-1.493,3.999,0.000,-0.001,0.002,13
362,1.507,-1.493,3.999,0.000,-0.002,0.002,13
363,1.507,-1.493,3.999,0.000,-0.002,0.002,13
364,1.507,-1.493,3.999,0.000,-0.001,0.001,13
365,1.507,-1.493,3.999,0.000,0.000,-0.000,13
366,1.507,-1.493,3.999,0.000,0.001,-0.001,13
367,1.507,-1.493,3.999,0.000,0.001,-0.001,13
368,1.507,-1.493,3.999,0.000,0.001,-0.001,13
369,1.507,-1.493,3.999,0.000,0.001,-0.001,13
370,1.507,-1.493,3.999,0.000,0.000,-0.000,13
371,1.507,-1.493,3.999,0.000,-0.000,0.000,13
372,1.507,-1.493,3.999,0.000,-0.000,0.000,13
373,1.507,-1.493,3.999,0.000,-0.000,0.000,13
374,1.507,-1.493,3.999,0.000,-0.000,0.000,13
375,1.507,-1.493,3.999,0.000,-0.000,0.000,13
376,1.507,-1.493,3.999,0.000,0.000,-0.000,13
377,1.507,-1.493,3.999,0.000,0.000,-0.000,13
378,1.507,-1.493,3.999,0.000,0.000,-0.000,13
379,1.507,-1.493,3.999,0.000,0.000,-0.000,13
380,1.507,-1.493,3.999,0.000,0.000,-0.000,13
381,1.507,-1.493,3.999,0.000,0.000,-0.000,13
382,1.507,-1.493,3.999,0.000,-0.000,0.000,13
383,1.507,-1.493,3.999,0.000,-0.000,0.000,13
384,1.507,-1.493,3.999,0.000,-0.000,0.000,13
385,1.507,-1.493,3.999,0.000,-0.000,0.000,13
386,1.507,-1.493,3.999,0.000,-0.000,0.000,13
387,1.507,-1.493,3.999,0.000,0.000,-0.000,13
388,1.507,-1.493,3.999,0.000,0.000,-0.000,13
389,1.507,-1.493,3.999,0.000,0.000,-0.000,13
390,1.507,-1.493,3.999,0.000,0.000,-0.000,13
391,1.507,-1.493,3.999,0.000,0.000,-0.000,13
392,1.507,-1.493,3.999,0.000,-0.000,0.000,13
393,1.507,-1.493,3.999,0.000,-0.000,0.000,13
394,1.507,-1.493,3.999,0.000,-0.000,0.000,13
395,1.507,-1.493,3.999,0.000,-0.000,0.000,13
396,1.507,-1.493,3.999,0.000,-0.000,0.000,13
397,1.507,-1.493,3.999,0.000,-0.000,0.000,13
398,1.507,-1.493,3.999,0.000,0.000,-0.000,13
399,1.507,-1.493,3.999,0.000,0.000,-0.000,13
400,1.507,-1.493,3.999,0.000,0.000,-0.000,13
401,1.507,-1.493,3.999,0.000,0.000,-0.000,13
402,1.507,-1.493,3.999,0.000,0.000,-0.000,13
403,1.507,-1.493,3.999,0.000,-0.000,0.000,13
404,1.507,-1.493,3.999,0.000,-0.000,0.000,13
405,1.507,-1.493,3.999,0.000,-0.000,0.000,3
406,1.506,-1.493,3.999,0.000,-0.009,0.001,3
407,1.506,-1.493,3.999,0.000,-0.015,0.002,3
408,1.506,-1.493,3.999,0.000,-0.016,0.002,3
409,1.506,-1.493,3.999,0.000,-0.012,0.001,3
410,1.506,-1.493,3.999,0.000,-0.006,0.001,3
411,1.506,-1.493,3.999,0.000,-0.000,0.000,3
412,1.506,-1.493,3.999,0.000,0.004,-0.000,3
413,1.505,-1.493,3.999,0.000,0.005,-0.001,3
414,1.505,-1.493,3.999,0.000,0.005,-0.001,3
415,1.505,-1.493,3.999,0.000,0.003,-0.000,3
416,1.505,-1.493,3.999,0.000,0.001,-0.000,3
417,1.505,-1.493,3.999,0.000,-0.001,0.000,12
418,1.505,-1.493,3.999,0.000,-0.213,0.001,12
419,1.504,-1.493,3.999,0.000,-0.350,0.001,12
420,1.502,-1.493,3.999,0.000,-0.364,0.001,12
421,1.499,-1.493,3.999,0.000,-0.280,0.001,12
422,1.494,-1.493,3.999,0.000,-0.148,0.000,12
423,1.490,-1.493,3.999,0.000,-0.018,-0.000,12
424,1.485,-1.493,3.999,0.000,0.072,-0.000,12
425,1.480,-1.493,3.999,0.000,0.107,-0.000,12
426,1.476,-1.493,3.999,0.000,0.094,-0.000,12
427,1.472,-1.493,3.999,0.000,0.052,-0.000,12
428,1.468,-1.493,3.999,0.000,0.002,0.000,12
429,1.464,-1.493,3.999,0.000,-0.037,0.000,12
430,1.460,-1.493,4.000,0.000,-0.055,0.000,12
431,1.456,-1.494,4.000,0.000,-0.053,0.000,12
432,1.451,-1.494,4.000,0.000,-0.035,0.000,12
433,1.447,-1.494,4.000,0.000,-0.012,0.000,12
434,1.442,-1.494,4.000,0.000,0.008,-0.000,12
435,1.438,-1.494,4.000,0.000,0.020,-0.000,12
436,1.433,-1.494,4.000,0.000,0.022,-0.000,12
437,1.429,-1.494,4.000,0.000,0.018,-0.000,12
438,1.425,-1.494,4.000,0.000,0.009,-0.000,12
439,1.420,-1.494,4.000,0.000,0.001,-0.000,12
440,1.416,-1.494,4.000,0.000,-0.005,0.000,12
441,1.412,-1.494,4.000,0.000,-0.007,0.000,12
442,1.407,-1.494,4.000,0.000,-0.006,0.000,12
443,1.403,-1.494,4.000,0.000,-0.003,-0.000,12
444,1.398,-1.494,4.000,0.000,0.001,-0.000,12
445,1.394,-1.494,4.000,0.000,0.004,-0.000,12
446,1.390,-1.494,4.000,0.000,0.006,-0.000,12
447,1.385,-1.494,4.000,0.000,0.006,-0.000,12
448,1.381,-1.494,4.000,0.000,0.005,-0.000,12
449,1.376,-1.494,4.000,0.000,0.003,-0.000,12
450,1.372,-1.494,4.001,0.000,0.002,-0.000,12
451,1.368,-1.494,4.001,0.000,0.001,-0.000,12
452,1.363,-1.494,4.001,0.000,0.001,-0.000,12
453,1.359,-1.494,4.001,0.000,0.001,-0.000,12
454,1.354,-1.494,4.001,0.000,0.002,-0.000,12
455,1.350,-1.494,4.001,0.000,0.002,-0.000,12
456,1.346,-1.494,4.001,0.000,0.003,-0.000,12
457,1.341,-1.494,4.001,0.000,0.003,-0.000,12
458,1.337,-1.494,4.001,0.000,0.003,-0.000,12
459,1.332,-1.494,4.001,0.000,0.003,-0.000,12
460,1.328,-1.494,4.001,0.000,0.002,-0.000,12
461,1.324,-1.494,4.001,0.000,0.002,-0.000,12
462,1.319,-1.494,4.001,0.000,0.002,-0.000,12
463,1.315,-1.494,4.001,0.000,0.002,-0.000,12
464,1.310,-1.495,4.001,0.000,0.002,-0.000,12
465,1.306,-1.495,4.001,0.000,0.002,-0.000,12
466,1.302,-1.495,4.001,0.000,0.002,-0.000,12
467,1.297,-1.495,4.001,0.000,0.002,-0.000,12
468,1.293,-1.495,4.001,0.000,0.002,-0.000,12
469,1.289,-1.495,4.001,0.000,0.440,-0.001,12
470,1.286,-1.495,4.001,0.000,0.725,-0.002,12
471,1.285,-1.495,4.001,0.000,0.671,0.001,13
472,1.287,-1.495,4.001,0.000,0.444,0.003,13
473,1.290,-1.495,4.001,0.000,0.163,0.004,13
474,1.294,-1.495,4.001,0.000,-0.074,0.004,13
475,1.298,-1.495,4.001,0.000,-0.212,0.003,13
476,1.301,-1.495,4.001,0.000,-0.238,0.001,13
477,1.303,-1.495,4.001,0.000,-0.178,-0.001,13
478,1.305,-1.495,4.001,0.000,-0.076,-0.002,13
479,1.306,-1.495,4.001,0.000,0.024,-0.002,13
480,1.308,-1.495,4.002,0.000,0.091,-0.001,13
481,1.310,-1.495,4.002,0.000,0.112,-0.001,13
482,1.312,-1.495,4.002,0.000,0.093,-0.000,13
483,1.314,-1.495,4.002,0.000,0.050,0.000,13
484,1.317,-1.495,4.002,0.000,0.003,0.001,13
485,1.319,-1.495,4.002,0.000,-0.034,0.000,13
486,1.322,-1.496,4.002,0.000,-0.052,0.000,13
487,1.324,-1.496,4.002,0.000,-0.051,-0.000,13
488,1.327,-1.496,4.002,0.000,-0.037,-0.000,13
489,1.329,-1.496,4.002,0.000,-0.018,-0.001,13
490,1.331,-1.496,4.002,0.000,-0.001,-0.000,13
491,1.333,-1.496,4.002,0.000,0.009,-0.000,13
492,1.335,-1.496,4.002,0.000,0.011,-0.000,13
493,1.337,-1.496,4.002,0.000,0.007,-0.000,13
494,1.339,-1.496,4.002,0.000,-0.001,-0.000,13
495,1.341,-1.496,4.002,0.000,-0.009,-0.000,13
496,1.344,-1.496,4.002,0.000,-0.015,-0.000,13
497,1.346,-1.496,4.002,0.000,-0.017,-0.000,13
498,1.348,-1.496,4.002,0.000,-0.016,-0.000,13
499,1.350,-1.496,4.002,0.000,-0.013,-0.000,13
500,1.352,-1.496,4.002,0.000,-0.009,-0.000,13
501,1.354,-1.496,4.002,0.000,-0.006,-0.000,13
502,1.355,-1.496,4.002,0.000,-0.005,-0.000,13
503,1.357,-1.496,4.002,0.000,-0.005,-0.000,13
504,1.359,-1.496,4.003,0.000,-0.006,-0.000,13
505,1.361,-1.497,4.003,0.000,-0.007,-0.000,13
506,1.363,-1.497,4.003,0.000,-0.008,-0.000,13
507,1.365,-1.497,4.003,0.000,-0.009,-0.000,13
508,1.366,-1.497,4.003,0.000,-0.009,-0.000,13
509,1.368,-1.497,4.003,0.000,-0.009,-0.000,13
510,1.370,-1.497,4.003,0.000,-0.008,-0.000,13
511,1.372,-1.497,4.003,0.000,-0.007,-0.000,13
512,1.373,-1.497,4.003,0.000,-0.007,-0.000,13
513,1.375,-1.497,4.003,0.000,-0.007,-0.000,13
514,1.377,-1.497,4.003,0.000,-0.006,-0.000,13
515,1.378,-1.497,4.003,0.000,-0.007,-0.000,13
516,1.380,-1.497,4.003,0.000,-0.007,-0.000,13
517,1.381,-1.497,4.003,0.000,-0.007,-0.000,13
518,1.383,-1.497,4.003,0.000,-0.007,-0.000,13
519,1.384,-1.497,4.003,0.000,-0.007,-0.000,13
520,1.386,-1.497,4.003,0.000,-0.007,-0.000,13
521,1.387,-1.497,4.003,0.000,-0.007,-0.000,13
522,1.389,-1.497,4.003,0.000,-0.006,-0.000,13
523,1.390,-1.497,4.003,0.000,-0.006,-0.000,13
524,1.392,-1.497,4.003,0.000,-0.006,-0.000,13
525,1.393,-1.497,4.003,0.000,-0.006,-0.000,13
526,1.395,-1.497,4.003,0.000,-0.006,-0.000,13
527,1.396,-1.497,4.003,0.000,-0.006,-0.000,13
528,1.397,-1.497,4.003,0.000,-0.006,-0.000,13
529,1.399,-1.497,4.003,0.000,-0.006,-0.000,13
530,1.400,-1.498,4.003,0.000,-0.006,-0.000,13
531,1.401,-1.498,4.003,0.000,-0.006,-0.000,13
532,1.403,-1.498,4.003,0.000,-0.006,-0.000,13
533,1.404,-1.498,4.003,0.000,-0.005,-0.000,13
534,1.405,-1.498,4.003,0.000,-0.005,-0.000,13
535,1.406,-1.498,4.003,0.000,-0.005,-0.000,13
536,1.408,-1.498,4.003,0.000,-0.005,-0.000,13
537,1.409,-1.498,4.003,0.000,-0.005,-0.000,13
538,1.410,-1.498,4.003,0.000,-0.005,-0.000,13
539,1.411,-1.498,4.003,0.000,-0.005,-0.000,13
540,1.412,-1.498,4.003,0.000,-0.005,-0.000,13
541,1.414,-1.498,4.003,0.000,-0.005,-0.000,13
542,1.415,-1.498,4.003,0.000,-0.005,-0.000,13
543,1.416,-1.498,4.003,0.000,-0.005,-0.000,13
544,1.417,-1.498,4.003,0.000,-0.005,-0.000,13
545,1.418,-1.498,4.003,0.000,-0.005,-0.000,13
546,1.419,-1.498,4.003,0.000,-0.005,-0.000,13
547,1.420,-1.498,4.003,0.000,-0.005,-0.000,13
548,1.421,-1.498,4.003,0.000,-0.005,-0.000,13
549,1.422,-1.498,4.003,0.000,-0.004,-0.000,13
550,1.423,-1.498,4.003,0.000,-0.004,-0.000,13
551,1.424,-1.498,4.003,0.000,-0.004,-0.000,13
552,1.425,-1.498,4.003,0.000,-0.004,-0.000,13
553,1.426,-1.498,4.003,0.000,-0.004,-0.000,13
554,1.427,-1.498,4.003,0.000,-0.004,-0.000,13
555,1.428,-1.498,4.003,0.000,-0.004,-0.000,13
556,1.429,-1.498,4.003,0.000,-0.004,-0.000,13
557,1.430,-1.498,4.003,0.000,-0.004,-0.000,13
558,1.431,-1.498,4.003,0.000,-0.004,-0.000,13
559,1.432,-1.498,4.003,0.000,-0.004,-0.000,13
560,1.433,-1.498,4.003,0.000,-0.004,-0.000,13
561,1.434,-1.498,4.003,0.000,-0.004,-0.000,13
562,1.434,-1.498,4.003,0.000,-0.004,-0.000,13
563,1.435,-1.498,4.003,0.000,-0.004,-0.000,13
564,1.436,-1.498,4.003,0.000,-0.004,-0.000,13
565,1.437,-1.498,4.003,0.000,-0.004,-0.000,13
566,1.438,-1.498,4.003,0.000,-0.004,-0.000,13
567,1.439,-1.498,4.003,0.000,-0.004,-0.000,13
568,1.439,-1.498,4.003,0.000,-0.003,-0.000,13
569,1.440,-1.499,4.003,0.000,-0.003,-0.000,13
570,1.441,-1.499,4.003,0.000,-0.003,-0.000,13
571,1.442,-1.499,4.003,0.000,-0.003,-0.000,13
572,1.443,-1.499,4.003,0.000,-0.003,-0.000,13
573,1.443,-1.499,4.003,0.000,-0.003,-0.000,13
574,1.444,-1.499,4.003,0.000,-0.003,-0.000,13
575,1.445,-1.499,4.003,0.000,-0.003,-0.000,13
576,1.445,-1.499,4.003,0.000,-0.003,-0.000,13
577,1.446,-1.499,4.003,0.000,-0.003,-0.000,13
578,1.447,-1.499,4.003,0.000,-0.003,-0.000,13
579,1.448,-1.499,4.003,0.000,-0.003,-0.000,13
580,1.448,-1.499,4.003,0.000,-0.003,-0.000,13
581,1.449,-1.499,4.003,0.000,-0.003,-0.000,13
582,1.450,-1.499,4.003,0.000,-0.003,-0.000,13
583,1.450,-1.499,4.003,0.000,-0.003,-0.000,13
584,1.451,-1.499,4.003,0.000,-0.003,-0.000,13
585,1.452,-1.499,4.003,0.000,-0.003,-0.000,13
586,1.452,-1.499,4.003,0.000,-0.003,-0.000,13
587,1.453,-1.499,4.003,0.000,-0.003,-0.000,13
588,1.453,-1.499,4.003,0.000,-0.003,-0.000,13
589,1.454,-1.499,4.003,0.000,-0.003,-0.000,13
590,1.455,-1.499,4.003,0.000,-0.003,-0.000,13
591,1.455,-1.499,4.003,0.000,-0.003,-0.000,13
592,1.456,-1.499,4.003,0.000,-0.003,-0.000,13
593,1.456,-1.499,4.003,0.000,-0.002,-0.000,13
594,1.457,-1.499,4.003,0.000,-0.002,-0.000,13
595,1.458,-1.499,4.003,0.000,-0.002,-0.000,13
596,1.458,-1.499,4.003,0.000,-0.002,-0.000,13
597,1.459,-1.499,4.003,0.000,-0.002,-0.000,13
598,1.459,-1.499,4.003,0.000,-0.002,-0.000,13
599,1.460,-1.499,4.003,0.000,-0.002,-0.000,13
600,1.460,-1.499,4.003,0.000,-0.002,-0.000,13
601,1.461,-1.499,4.003,0.000,-0.002,-0.000,13
602,1.461,-1.499,4.003,0.000,-0.002,-0.000,13
603,1.462,-1.499,4.003,0.000,-0.002,-0.000,13
604,1.462,-1.499,4.003,0.000,-0.002,-0.000,13
605,1.463,-1.499,4.003,0.000,-0.002,-0.000,13
606,1.463,-1.499,4.003,0.000,-0.002,-0.000,13
607,1.464,-1.499,4.003,0.000,-0.002,-0.000,13
608,1.464,-1.499,4.003,0.000,-0.002,-0.000,13
609,1.465,-1.499,4.003,0.000,-0.002,-0.000,13
610,1.465,-1.499,4.003,0.000,-0.002,-0.000,13
611,1.466,-1.499,4.003,0.000,-0.002,-0.000,13
612,1.466,-1.499,4.003,0.000,-0.002,-0.000,13
613,1.467,-1.499,4.003,0.000,-0.002,-0.000,13
614,1.467,-1.499,4.003,0.000,-0.002,-0.000,13
615,1.467,-1.499,4.003,0.000,-0.002,-0.000,13
616,1.468,-1.499,4.003,0.000,-0.002,-0.000,13
617,1.468,-1.499,4.003,0.000,-0.002,-0.000,13
618,1.469,-1.499,4.003,0.000,-0.002,-0.000,13
619,1.469,-1.499,4.003,0.000,-0.002,-0.000,13
620,1.469,-1.499,4.003,0.000,-0.002,-0.000,13
621,1.470,-1.499,4.003,0.000,-0.002,-0.000,13
622,1.470,-1.499,4.003,0.000,-0.002,-0.000,13
623,1.471,-1.499,4.003,0.000,-0.002,-0.000,13
624,1.471,-1.499,4.003,0.000,-0.002,-0.000,13
625,1.471,-1.499,4.003,0.000,-0.002,-0.000,13
626,1.472,-1.499,4.003,0.000,-0.002,-0.000,13
627,1.472,-1.499,4.003,0.000,-0.002,-0.000,13
628,1.473,-1.499,4.003,0.000,-0.002,-0.000,13
629,1.473,-1.499,4.003,0.000,-0.002,-0.000,13
630,1.473,-1.499,4.003,0.000,-0.002,-0.000,13
631,1.474,-1.499,4.003,0.000,-0.002,-0.000,13
632,1.474,-1.499,4.003,0.000,-0.001,-0.000,13
633,1.474,-1.499,4.003,0.000,-0.001,-0.000,13
634,1.475,-1.499,4.003,0.000,-0.001,-0.000,13
635,1.475,-1.499,4.003,0.000,-0.001,-0.000,13
636,1.475,-1.499,4.003,0.000,-0.001,-0.000,13
637,1.476,-1.499,4.003,0.000,-0.001,-0.000,13
638,1.476,-1.499,4.003,0.000,-0.001,-0.000,13
639,1.476,-1.499,4.003,0.000,-0.001,-0.000,13
640,1.477,-1.499,4.003,0.000,-0.001,-0.000,13
641,1.477,-1.499,4.003,0.000,-0.001,-0.000,13
642,1.477,-1.499,4.003,0.000,-0.001,-0.000,13
643,1.477,-1.499,4.003,0.000,-0.001,-0.000,13
644,1.478,-1.499,4.003,0.000,-0.001,-0.000,13
645,1.478,-1.499,4.003,0.000,-0.001,-0.000,13
646,1.478,-1.499,4.003,0.000,-0.001,-0.000,13
647,1.479,-1.499,4.003,0.000,-0.001,-0.000,13
648,1.479,-1.499,4.003,0.000,-0.001,-0.000,13
649,1.479,-1.499,4.003,0.000,-0.001,-0.000,13
650,1.479,-1.499,4.003,0.000,-0.001,-0.000,13
651,1.480,-1.499,4.003,0.000,-0.001,-0.000,13
652,1.480,-1.500,4.003,0.000,-0.001,-0.000,13
653,1.480,-1.500,4.003,0.000,-0.001,-0.000,13
654,1.480,-1.500,4.003,0.000,-0.001,-0.000,13
655,1.481,-1.500,4.003,0.000,-0.001,-0.000,13
656,1.481,-1.500,4.003,0.000,-0.001,-0.000,13
657,1.481,-1.500,4.003,0.000,-0.001,-0.000,13
658,1.481,-1.500,4.003,0.000,-0.001,-0.000,13
659,1.482,-1.500,4.003,0.000,-0.001,-0.000,13
660,1.482,-1.500,4.003,0.000,-0.001,-0.000,13
661,1.482,-1.500,4.003,0.000,-0.001,-0.000,13
662,1.482,-1.500,4.003,0.000,-0.001,-0.000,13
663,1.483,-1.500,4.003,0.000,-0.001,-0.000,13
664,1.483,-1.500,4.003,0.000,-0.001,-0.000,13
665,1.483,-1.500,4.003,0.000,-0.001,-0.000,13
666,1.483,-1.500,4.003,0.000,-0.001,-0.000,13
667,1.484,-1.500,4.003,0.000,-0.001,-0.000,13
668,1.484,-1.500,4.003,0.000,-0.001,-0.000,13
669,1.484,-1.500,4.003,0.000,-0.001,-0.000,13
670,1.484,-1.500,4.003,0.000,-0.001,-0.000,13
671,1.484,-1.500,4.003,0.000,-0.001,-0.000,13
672,1.485,-1.500,4.003,0.000,-0.001,-0.000,13
673,1.485,-1.500,4.003,0.000,-0.001,-0.000,13
674,1.485,-1.500,4.003,0.000,-0.001,-0.000,13
675,1.485,-1.500,4.003,0.000,-0.001,-0.000,13
676,1.485,-1.500,4.003,0.000,-0.001,-0.000,13
677,1.486,-1.500,4.003,0.000,-0.001,-0.000,13
678,1.486,-1.500,4.003,0.000,-0.001,-0.000,13
679,1.486,-1.500,4.003,0.000,-0.001,-0.000,13
680,1.486,-1.500,4.003,0.000,-0.001,-0.000,13
681,1.486,-1.500,4.003,0.000,-0.001,-0.000,13
682,1.487,-1.500,4.003,0.000,-0.001,-0.000,13
683,1.487,-1.500,4.003,0.000,-0.001,-0.000,13
684,1.487,-1.500,4.003,0.000,-0.001,-0.000,13
685,1.487,-1.500,4.003,0.000,-0.001,-0.000,13
686,1.487,-1.500,4.003,0.000,-0.001,-0.000,13
687,1.487,-1.500,4.003,0.000,-0.001,-0.000,13
688,1.488,-1.500,4.003,0.000,-0.001,-0.000,13
689,1.488,-1.500,4.003,0.000,-0.001,-0.000,13
690,1.488,-1.500,4.003,0.000,-0.001,-0.000,13
691,1.488,-1.500,4.003,0.000,-0.001,-0.000,13
692,1.488,-1.500,4.003,0.000,-0.001,-0.000,13
693,1.488,-1.500,4.003,0.000,-0.001,-0.000,13
694,1.488,-1.500,4.003,0.000,-0.001,-0.000,13
695,1.489,-1.500,4.003,0.000,-0.001,-0.000,13
696,1.489,-1.500,4.003,0.000,-0.001,-0.000,13
697,1.489,-1.500,4.003,0.000,-0.001,-0.000,13
698,1.489,-1.500,4.003,0.000,-0.001,-0.000,13
699,1.489,-1.500,4.003,0.000,-0.001,-0.000,13
700,1.489,-1.500,4.003,0.000,-0.001,-0.000,13
701,1.489,-1.500,4.003,0.000,-0.001,-0.000,13
702,1.490,-1.500,4.003,0.000,-0.001,-0.000,13
703,1.490,-1.500,4.003,0.000,-0.001,-0.000,13
704,1.490,-1.500,4.003,0.000,-0.001,-0.000,13
705,1.490,-1.500,4.003,0.000,-0.001,-0.000,13
706,1.490,-1.500,4.003,0.000,-0.007,-0.000,13
707,1.490,-1.500,4.003,0.000,-0.011,-0.000,13
708,1.490,-1.500,4.003,0.000,-0.011,-0.000,13
709,1.490,-1.500,4.003,0.000,-0.008,-0.000,13
710,1.490,-1.500,4.003,0.000,-0.004,-0.000,13
711,1.490,-1.500,4.003,0.000,-0.001,-0.000,13
712,1.490,-1.500,4.003,0.000,0.002,0.000,13
713,1.490,-1.500,4.003,0.000,0.003,0.000,13
714,1.490,-1.500,4.003,0.000,0.003,0.000,13
715,1.490,-1.500,4.003,0.000,0.001,0.000,13
716,1.490,-1.500,4.003,0.000,-0.000,-0.000,13
717,1.490,-1.500,4.003,0.000,-0.001,-0.000,13
718,1.490,-1.500,4.003,0.000,-0.002,-0.000,13
719,1.490,-1.500,4.003,0.000,-0.002,-0.000,13
720,1.490,-1.500,4.003,0.000,-0.001,-0.000,13
721,1.490,-1.500,4.003,0.000,-0.000,-0.000,13
722,1.490,-1.500,4.003,0.000,0.000,0.000,13
723,1.490,-1.500,4.003,0.000,0.001,0.000,13
724,1.490,-1.500,4.003,0.000,0.001,0.000,13
725,1.490,-1.500,4.003,0.000,0.000,0.000,13
726,1.490,-1.500,4.003,0.000,0.000,0.000,13
727,1.490,-1.500,4.003,0.000,-0.000,-0.000,13
728,1.490,-1.500,4.003,0.000,-0.000,-0.000,13
729,1.490,-1.500,4.003,0.000,-0.000,-0.000,13
730,1.490,-1.500,4.003,0.000,-0.000,-0.000,13
731,1.490,-1.500,4.003,0.000,-0.000,-0.000,13
732,1.490,-1.500,4.003,0.000,-0.000,-0.000,13
733,1.490,-1.500,4.003,0.000,0.000,0.000,13
734,1.490,-1.500,4.003,0.000,0.000,0.000,13
735,1.490,-1.500,4.003,0.000,0.000,0.000,13
736,1.490,-1.500,4.003,0.000,0.000,0.000,13
737,1.490,-1.500,4.003,0.000,0.000,0.000,13
738,1.490,-1.500,4.003,0.000,-0.000,-0.000,13
739,1.490,-1.500,4.003,0.000,-0.000,-0.000,13
740,1.490,-1.500,4.003,0.000,-0.000,-0.000,13
741,1.490,-1.500,4.003,0.000,-0.000,-0.000,13
742,1.490,-1.500,4.003,0.000,-0.000,-0.000,13
743,1.490,-1.500,4.003,0.000,0.000,0.000,13
744,1.490,-1.500,4.003,0.000,0.000,0.000,13
745,1.490,-1.500,4.003,0.000,0.000,0.000,13
746,1.490,-1.500,4.003,0.000,0.000,0.000,13
747,1.490,-1.500,4.003,0.000,0.000,0.000,13
748,1.490,-1.500,4.003,0.000,0.000,0.000,13
749,1.490,-1.500,4.003,0.000,-0.000,-0.000,13
750,1.490,-1.500,4.003,0.000,-0.000,-0.000,13
751,1.490,-1.500,4.003,0.000,-0.000,-0.000,13
752,1.490,-1.500,4.003,0.000,-0.000,-0.000,13
753,1.490,-1.500,4.003,0.000,-0.000,-0.000,13
754,1.490,-1.500,4.003,0.000,0.000,0.000,13
755,1.490,-1.500,4.003,0.000,0.000,0.000,13
756,1.490,-1.500,4.003,0.000,0.000,0.000,13
757,1.490,-1.500,4.003,0.000,0.000,0.000,13
758,1.490,-1.500,4.003,0.000,0.000,0.000,13
759,1.490,-1.500,4.003,0.000,-0.000,-0.000,13
760,1.490,-1.500,4.003,0.000,-0.000,-0.000,13
761,1.490,-1.500,4.003,0.000,-0.000,-0.000,13
762,1.490,-1.500,4.003,0.000,-0.000,-0.000,13
763,1.490,-1.500,4.003,0.000,-0.000,-0.000,13
764,1.490,-1.500,4.003,0.000,-0.000,-0.000,13
765,1.490,-1.500,4.003,0.000,0.000,0.000,13
766,1.490,-1.500,4.003,0.000,0.000,0.000,13
767,1.490,-1.500,4.003,0.000,0.000,0.000,13
768,1.490,-1.500,4.003,0.000,0.000,0.000,13
769,1.490,-1.500,4.003,0.000,0.000,0.000,13
770,1.490,-1.500,4.003,0.000,-0.000,-0.000,13
771,1.490,-1.500,4.003,0.000,-0.000,-0.000,13
772,1.490,-1.500,4.003,0.000,-0.000,-0.000,13
773,1.490,-1.500,4.003,0.000,-0.000,-0.000,13
774,1.490,-1.500,4.003,0.000,-0.000,-0.000,13
775,1.490,-1.500,4.003,0.000,0.000,0.000,13
776,1.490,-1.500,4.003,0.000,0.000,0.000,13
777,1.490,-1.500,4.003,0.000,0.000,0.000,13
778,1.490,-1.500,4.003,0.000,0.000,0.000,13
779,1.490,-1.500,4.003,0.000,0.000,0.000,13
780,1.490,-1.500,4.003,0.000,0.000,0.000,13
781,1.490,-1.500,4.003,0.000,-0.000,-0.000,13
782,1.490,-1.500,4.003,0.000,-0.000,-0.000,13
783,1.490,-1.500,4.003,0.000,-0.000,-0.000,13
784,1.490,-1.500,4.003,0.000,-0.000,-0.000,13
785,1.490,-1.500,4.003,0.000,-0.000,-0.000,13
786,1.490,-1.500,4.003,0.000,0.000,0.000,13
787,1.490,-1.500,4.003,0.000,0.000,0.000,13
788,1.490,-1.500,4.003,0.000,0.000,0.000,13
789,1.490,-1.500,4.003,0.000,0.000,0.000,13
790,1.490,-1.500,4.003,0.000,0.000,0.000,13
791,1.490,-1.500,4.003,0.000,-0.000,-0.000,13
792,1.490,-1.500,4.003,0.000,-0.000,-0.000,13
793,1.490,-1.500,4.003,0.000,-0.000,-0.000,13
794,1.490,-1.500,4.003,0.000,-0.000,-0.000,13
795,1.490,-1.500,4.003,0.000,-0.000,-0.000,13
796,1.490,-1.500,4.003,0.000,-0.000,-0.000,13
797,1.490,-1.500,4.003,0.000,0.000,0.000,13
798,1.490,-1.500,4.003,0.000,0.000,0.000,13
799,1.490,-1.500,4.003,0.000,0.000,0.000,13
800,1.490,-1.500,4.003,0.000,0.000,0.000,13
801,1.490,-1.500,4.003,0.000,0.000,0.000,13
802,1.490,-1.500,4.003,0.000,-0.000,-0.000,13
803,1.490,-1.500,4.003,0.000,-0.000,-0.000,13
804,1.490,-1.500,4.003,0.000,-0.000,-0.000,13
805,1.490,-1.500,4.003,0.000,-0.000,-0.000,13
806,1.490,-1.500,4.003,0.000,-0.000,-0.000,13
807,1.490,-1.500,4.003,0.000,0.000,0.000,13
808,1.490,-1.500,4.003,0.000,0.000,0.000,13
809,1.490,-1.500,4.003,0.000,0.000,0.000,13
810,1.490,-1.500,4.003,0.000,0.000,0.000,13
811,1.490,-1.500,4.003,0.000,0.000,0.000,13
812,1.490,-1.500,4.003,0.000,0.000,0.000,13
813,1.490,-1.500,4.003,0.000,-0.000,-0.000,13
814,1.490,-1.500,4.003,0.000,-0.000,-0.000,13
815,1.490,-1.500,4.003,0.000,-0.000,-0.000,13
816,1.490,-1.500,4.003,0.000,-0.000,-0.000,13
817,1.490,-1.500,4.003,0.000,-0.000,-0.000,13
818,1.490,-1.500,4.003,0.000,0.000,0.000,13
819,1.490,-1.500,4.003,0.000,0.000,0.000,13
820,1.490,-1.500,4.003,0.000,0.000,0.000,13
821,1.490,-1.500,4.003,0.000,0.000,0.000,13
822,1.490,-1.500,4.003,0.000,0.000,0.000,13
823,1.490,-1.500,4.003,0.000,-0.000,-0.000,13
824,1.490,-1.500,4.003,0.000,-0.000,-0.000,13
825,1.490,-1.500,4.003,0.000,-0.000,-0.000,13
826,1.490,-1.500,4.003,0.000,-0.000,-0.000,13
827,1.490,-1.500,4.003,0.000,-0.000,-0.000,13
828,1.490,-1.500,4.003,0.000,-0.000,-0.000,13
829,1.490,-1.500,4.003,0.000,0.000,0.000,13
830,1.490,-1.500,4.003,0.000,0.000,0.000,13
831,1.490,-1.500,4.003,0.000,0.000,0.000,13
832,1.490,-1.500,4.003,0.000,0.000,0.000,13
833,1.490,-1.500,4.003,0.000,0.000,0.000,13
834,1.490,-1.500,4.003,0.000,-0.000,-0.000,13
835,1.490,-1.500,4.003,0.000,-0.000,-0.000,13
836,1.490,-1.500,4.003,0.000,-0.000,-0.000,13
837,1.490,-1.500,4.003,0.000,-0.000,-0.000,13
838,1.490,-1.500,4.003,0.000,-0.000,-0.000,13
839,1.490,-1.500,4.003,0.000,0.000,0.000,13
840,1.490,-1.500,4.003,0.000,0.000,0.000,13
841,1.490,-1.500,4.003,0.000,0.000,0.000,13
842,1.490,-1.500,4.003,0.000,0.000,0.000,13
843,1.490,-1.500,4.003,0.000,0.000,0.000,13
844,1.490,-1.500,4.003,0.000,0.000,0.000,13
845,1.490,-1.500,4.003,0.000,-0.000,-0.000,13
846,1.490,-1.500,4.003,0.000,-0.000,-0.000,13
847,1.490,-1.500,4.003,0.000,-0.000,-0.000,13
848,1.490,-1.500,4.003,0.000,-0.000,-0.000,13
849,1.490,-1.500,4.003,0.000,-0.000,-0.000,13
850,1.490,-1.500,4.003,0.000,0.000,-0.000,13
851,1.490,-1.500,4.003,0.000,0.000,-0.000,13
852,1.490,-1.500,4.003,0.000,0.000,-0.000,13
853,1.490,-1.500,4.003,0.000,0.000,-0.000,13
854,1.490,-1.500,4.003,0.000,0.000,-0.000,13
855,1.490,-1.500,4.003,0.000,-0.000,0.000,13
856,1.490,-1.500,4.003,0.000,-0.000,0.000,13
857,1.490,-1.500,4.003,0.000,-0.000,0.000,13
858,1.490,-1.500,4.003,0.000,-0.000,0.000,13
859,1.490,-1.500,4.003,0.000,-0.000,0.000,13
860,1.490,-1.500,4.003,0.000,-0.000,0.000,13
861,1.490,-1.500,4.003,0.000,0.000,0.000,13
862,1.490,-1.500,4.003,0.000,0.000,0.000,13
863,1.490,-1.500,4.003,0.000,0.000,0.000,13
864,1.490,-1.500,4.003,0.000,0.000,0.000,13
865,1.490,-1.500,4.003,0.000,0.000,0.000,13
866,1.490,-1.500,4.003,0.000,-0.000,0.000,13
867,1.490,-1.500,4.003,0.000,-0.000,0.000,13
868,1.490,-1.500,4.003,0.000,-0.000,0.000,13
869,1.490,-1.500,4.003,0.000,-0.000,0.000,13
870,1.490,-1.500,4.003,0.000,-0.000,-0.000,13
871,1.490,-1.500,4.003,0.000,-0.000,-0.000,13
872,1.490,-1.500,4.003,0.000,-0.000,-0.000,13
873,1.490,-1.500,4.003,0.000,-0.000,-0.000,13
874,1.490,-1.500,4.003,0.000,-0.000,-0.000,13
875,1.490,-1.500,4.003,0.000,-0.000,-0.000,13
876,1.490,-1.500,4.003,0.000,0.000,-0.000,13
877,1.490,-1.500,4.003,0.000,0.000,-0.000,13
878,1.490,-1.500,4.003,0.000,0.000,-0.000,13
879,1.490,-1.500,4.003,0.000,0.000,-0.000,13
880,1.490,-1.500,4.003,0.000,0.000,-0.000,13
881,1.490,-1.500,4.003,0.000,0.000,-0.000,13
882,1.490,-1.500,4.003,0.000,0.000,-0.000,13
883,1.490,-1.500,4.003,0.000,0.000,-0.000,13
884,1.490,-1.500,4.003,0.000,0.000,-0.000,13
885,1.490,-1.500,4.003,0.000,0.000,-0.000,13
886,1.490,-1.500,4.003,0.000,0.000,-0.000,13
887,1.490,-1.500,4.003,0.000,0.000,0.000,13
888,1.490,-1.500,4.003,0.000,-0.000,0.000,13
889,1.490,-1.500,4.003,0.000,-0.000,0.000,13
890,1.490,-1.500,4.003,0.000,-0.000,0.000,13
891,1.490,-1.500,4.003,0.000,-0.000,0.000,13
892,1.490,-1.500,4.003,0.000,-0.000,0.000,13
893,1.490,-1.500,4.003,0.000,-0.000,0.000,13
894,1.490,-1.500,4.003,0.000,-0.000,0.000,13
895,1.490,-1.500,4.003,0.000,-0.000,0.000,13
896,1.490,-1.500,4.003,0.000,-0.000,0.000,13
897,1.490,-1.500,4.003,0.000,-0.000,0.000,13
898,1.490,-1.500,4.003,0.000,-0.000,0.000,13
899,1.490,-1.500,4.003,0.000,-0.000,0.000,13
900,1.490,-1.500,4.003,0.000,-0.000,0.000,13
901,1.490,-1.500,4.003,0.000,-0.000,0.000,13
902,1.490,-1.500,4.003,0.000,0.000,0.000,13
903,1.490,-1.500,4.003,0.000,0.000,0.000,13
904,1.490,-1.500,4.003,0.000,0.000,-0.000,13
905,1.490,-1.500,4.003,0.000,0.000,-0.000,13
906,1.490,-1.500,4.003,0.000,0.000,-0.000,13
907,1.490,-1.500,4.003,0.000,0.000,-0.000,13
908,1.490,-1.500,4.003,0.000,0.000,-0.000,13
909,1.490,-1.500,4.003,0.000,0.000,-0.000,13
910,1.490,-1.500,4.003,0.000,0.000,-0.000,13
911,1.490,-1.500,4.003,0.000,0.000,-0.000,13
912,1.490,-1.500,4.003,0.000,0.000,-0.000,13
913,1.490,-1.500,4.003,0.000,0.000,-0.000,13
914,1.490,-1.500,4.003,0.000,0.000,-0.000,13
915,1.490,-1.500,4.003,0.000,0.000,-0.000,13
916,1.490,-1.500,4.003,0.000,-0.000,-0.000,13
917,1.490,-1.500,4.003,0.000,-0.000,-0.000,13
918,1.490,-1.500,4.003,0.000,-0.000,-0.000,13
919,1.490,-1.500,4.003,0.000,-0.000,-0.000,13
920,1.490,-1.500,4.003,0.000,-0.000,-0.000,13
921,1.490,-1.500,4.003,0.000,-0.000,0.000,13
922,1.490,-1.500,4.003,0.000,-0.000,0.000,13
923,1.490,-1.500,4.003,0.000,-0.000,0.000,13
924,1.490,-1.500,4.003,0.000,-0.000,0.000,13
925,1.490,-1.500,4.003,0.000,-0.000,0.000,13
926,1.490,-1.500,4.003,0.000,-0.000,0.000,13
927,1.490,-1.500,4.003,0.000,-0.000,0.000,13
928,1.490,-1.500,4.003,0.000,-0.000,0.000,13
929,1.490,-1.500,4.003,0.000,-0.000,0.000,13
930,1.490,-1.500,4.003,0.000,0.000,0.000,13
931,1.490,-1.500,4.003,0.000,0.000,0.000,13
932,1.490,-1.500,4.003,0.000,0.000,0.000,13
933,1.490,-1.500,4.003,0.000,0.000,0.000,13
934,1.490,-1.500,4.003,0.000,0.000,0.000,13
935,1.490,-1.500,4.003,0.000,0.000,0.000,13
936,1.490,-1.500,4.003,0.000,0.000,0.000,13
937,1.490,-1.500,4.003,0.000,0.000,0.000,13
938,1.490,-1.500,4.003,0.000,0.000,-0.000,13
939,1.490,-1.500,4.003,0.000,0.000,-0.000,13
940,1.490,-1.500,4.003,0.000,0.000,-0.000,13
941,1.490,-1.500,4.003,0.000,0.000,-0.000,13
942,1.490,-1.500,4.003,0.000,0.000,-0.000,13
943,1.490,-1.500,4.003,0.000,0.000,-0.000,13
944,1.490,-1.500,4.003,0.000,0.000,-0.000,13
945,1.490,-1.500,4.003,0.000,-0.000,-0.000,13
946,1.490,-1.500,4.003,0.000,-0.000,-0.000,13
947,1.490,-1.500,4.003,0.000,-0.000,-0.000,13
948,1.490,-1.500,4.003,0.000,-0.000,-0.000,13
949,1.490,-1.500,4.003,0.000,-0.000,-0.000,13
950,1.490,-1.500,4.003,0.000,-0.000,-0.000,13
951,1.490,-1.500,4.003,0.000,-0.000,-0.000,13
952,1.490,-1.500,4.003,0.000,-0.000,-0.000,13
953,1.490,-1.500,4.003,0.000,-0.000,-0.000,13
954,1.490,-1.500,4.003,0.000,-0.000,-0.000,13
955,1.490,-1.500,4.003,0.000,-0.000,0.000,13
956,1.490,-1.500,4.003,0.000,-0.000,0.000,13
957,1.490,-1.500,4.003,0.000,-0.000,0.000,13
958,1.490,-1.500,4.003,0.000,-0.000,0.000,13
959,1.490,-1.500,4.003,0.000,0.000,0.000,13
960,1.490,-1.500,4.003,0.000,0.000,0.000,13
961,1.490,-1.500,4.003,0.000,0.000,0.000,13
962,1.490,-1.500,4.003,0.000,0.000,0.000,13
963,1.490,-1.500,4.003,0.000,0.000,0.000,13
964,1.490,-1.500,4.003,0.000,0.000,0.000,13
965,1.490,-1.500,4.003,0.000,0.000,0.000,13
966,1.490,-1.500,4.003,0.000,0.000,0.000,13
967,1.490,-1.500,4.003,0.000,0.000,0.000,13
968,1.490,-1.500,4.003,0.000,0.000,0.000,13
969,1.490,-1.500,4.003,0.000,0.000,0.000,13
970,1.490,-1.500,4.003,0.000,0.000,0.000,13
971,1.490,-1.500,4.003,0.000,0.000,0.000,13
972,1.490,-1.500,4.003,0.000,0.000,-0.000,13
973,1.490,-1.500,4.003,0.000,-0.000,-0.000,13
974,1.490,-1.500,4.003,0.000,-0.000,-0.000,13
975,1.490,-1.500,4.003,0.000,-0.000,-0.000,13
976,1.490,-1.500,4.003,0.000,-0.000,-0.000,13
977,1.490,-1.500,4.003,0.000,-0.000,-0.000,13
978,1.490,-1.500,4.003,0.000,-0.000,-0.000,13
979,1.490,-1.500,4.003,0.000,-0.000,-0.000,13
980,1.490,-1.500,4.003,0.000,-0.000,-0.000,13
981,1.490,-1.500,4.003,0.000,-0.000,-0.000,13
982,1.490,-1.500,4.003,0.000,-0.000,-0.000,13
983,1.490,-1.500,4.003,0.000,-0.000,-0.000,13
984,1.490,-1.500,4.003,0.000,-0.000,-0.000,13
985,1.490,-1.500,4.003,0.000,-0.000,-0.000,13
986,1.490,-1.500,4.003,0.000,-0.000,-0.000,13
987,1.490,-1.500,4.003,0.000,0.000,-0.000,13
988,1.490,-1.500,4.003,0.000,0.000,-0.000,13
989,1.490,-1.500,4.003,0.000,0.000,0.000,13
990,1.490,-1.500,4.003,0.000,0.000,0.000,13
991,1.490,-1.500,4.003,0.000,0.000,0.000,13
992,1.490,-1.500,4.003,0.000,0.000,0.000,13
993,1.490,-1.500,4.003,0.000,0.000,0.000,13
994,1.490,-1.500,4.003,0.000,0.000,0.000,13
995,1.490,-1.500,4.003,0.000,0.000,0.000,13
996,1.490,-1.500,4.003,0.000,0.000,0.000,13
997,1.490,-1.500,4.003,0.000,0.000,0.000,13
998,1.490,-1.500,4.003,0.000,0.000,0.000,13
999,1.490,-1.500,4.003,0.000,0.000,0.000,13
1000,1.490,-1.500,4.003,0.000,0.000,0.000,13
