1,-5.080,0.283,0.000,0.000,0.000,0.008,-1
2,-5.080,0.283,0.000,0.000,0.000,0.009,-1
3,-5.080,0.283,0.000,0.000,0.000,0.005,-1
4,-5.080,0.283,0.000,0.000,0.000,0.006,-1
5,-5.080,0.283,0.000,0.000,0.000,0.007,-1
6,-5.080,0.283,0.000,0.000,0.000,0.006,-1
7,-5.080,0.283,0.000,0.000,0.000,0.006,-1
8,-5.080,0.283,0.000,0.000,0.000,0.007,-1
9,-5.080,0.283,0.000,0.000,0.000,0.006,4
10,-5.082,0.283,0.000,-0.102,0.006,0.005,4
11,-5.083,0.283,0.000,-0.380,0.010,-0.018,4
12,-5.083,0.283,0.000,-0.714,0.013,0.002,4
13,-5.083,0.283,0.000,-1.111,0.011,-0.004,-1
14,-5.077,0.282,0.000,-1.560,-0.016,-0.012,-1
15,-5.070,0.282,0.000,-2.096,-0.044,-0.008,-1
16,-5.070,0.282,0.000,-2.652,-0.046,-0.005,-1
17,-5.070,0.282,0.000,-3.168,-0.046,-0.007,-1
18,-5.061,0.282,0.000,-3.604,-0.085,-0.012,25
19,-5.054,0.281,0.000,-3.911,-0.120,-0.014,25
20,-5.046,0.281,0.000,-4.079,-0.151,-0.016,25
21,-5.040,0.281,0.000,-4.104,-0.180,-0.018,25
22,-5.040,0.281,0.000,-4.061,-0.181,-0.018,25
23,-5.040,0.281,0.000,-4.022,-0.182,-0.018,4
24,-5.041,0.280,0.000,-4.128,-0.176,-0.018,4
25,-5.042,0.280,0.000,-4.521,-0.172,-0.019,4
26,-5.043,0.280,0.000,-5.215,-0.167,-0.021,3
27,-5.041,0.279,0.000,-6.211,-0.177,-0.025,3
28,-5.038,0.279,0.000,-7.514,-0.187,-0.030,3
29,-5.036,0.278,0.000,-9.150,-0.197,-0.037,3
30,-5.034,0.277,0.000,-11.150,-0.207,-0.046,3
31,-5.031,0.276,0.000,-13.542,-0.217,-0.058,3
32,-5.028,0.275,0.000,-16.336,-0.226,-0.072,3
33,-5.026,0.274,0.000,-19.506,-0.234,-0.089,3
34,-5.023,0.273,0.000,-22.975,-0.241,-0.108,3
35,-5.020,0.271,0.000,-26.617,-0.247,-0.130,3
36,-5.017,0.270,0.000,-30.278,-0.251,-0.153,3
37,-5.014,0.268,0.000,-33.819,-0.255,-0.177,3
38,-5.010,0.266,0.000,-37.144,-0.258,-0.202,3
39,-5.007,0.263,0.000,-40.208,-0.261,-0.228,3
40,-5.004,0.260,0.000,-43.006,-0.264,-0.253,3
41,-5.001,0.257,0.000,-45.554,-0.266,-0.279,3
42,-4.997,0.254,0.000,-47.875,-0.269,-0.305,3
43,-4.994,0.250,0.000,-49.992,-0.271,-0.331,3
44,-4.991,0.246,0.000,-51.928,-0.273,-0.357,3
45,-4.988,0.242,0.000,-53.732,-0.290,-0.372,3
46,-4.985,0.238,0.000,-55.416,-0.285,-0.402,3
47,-4.982,0.233,0.000,-56.949,-0.283,-0.432,3
48,-4.979,0.229,0.000,-58.332,-0.288,-0.458,3
49,-4.976,0.224,0.000,-59.590,-0.292,-0.484,3
50,-4.973,0.219,0.000,-60.741,-0.293,-0.511,3
51,-4.971,0.214,0.000,-61.798,-0.294,-0.539,3
52,-4.968,0.209,0.000,-62.771,-0.288,-0.572,3
53,-4.965,0.204,0.000,-63.602,-0.286,-0.599,3
54,-4.963,0.199,0.000,-64.398,-0.291,-0.622,3
55,-4.961,0.194,0.000,-65.145,-0.295,-0.647,3
56,-4.958,0.189,0.000,-65.843,-0.296,-0.672,3
57,-4.956,0.184,0.000,-66.491,-0.297,-0.697,3
58,-4.954,0.179,0.000,-67.091,-0.299,-0.722,3
59,-4.952,0.174,0.000,-67.647,-0.301,-0.747,3
60,-4.950,0.169,0.000,-68.162,-0.303,-0.771,3
61,-4.948,0.164,0.000,-68.638,-0.308,-0.795,3
62,-4.946,0.159,0.000,-69.086,-0.306,-0.821,3
63,-4.944,0.154,0.000,-69.498,-0.309,-0.845,3
64,-4.942,0.149,0.000,-69.877,-0.314,-0.869,3
65,-4.940,0.144,0.000,-70.226,-0.316,-0.893,3
66,-4.939,0.139,0.000,-70.547,-0.318,-0.918,3
67,-4.937,0.133,0.000,-70.844,-0.321,-0.942,3
68,-4.935,0.128,0.000,-71.118,-0.325,-0.966,3
69,-4.933,0.123,0.000,-71.371,-0.328,-0.990,3
70,-4.932,0.118,0.000,-71.605,-0.332,-1.014,3
71,-4.930,0.113,0.000,-71.822,-0.335,-1.038,3
72,-4.928,0.108,0.000,-72.024,-0.339,-1.062,3
73,-4.927,0.103,0.000,-72.211,-0.343,-1.086,3
74,-4.925,0.097,0.000,-72.386,-0.347,-1.110,3
75,-4.923,0.092,0.000,-72.549,-0.351,-1.134,3
76,-4.922,0.087,0.000,-72.702,-0.355,-1.158,3
77,-4.920,0.082,0.000,-72.845,-0.359,-1.182,3
78,-4.919,0.077,0.000,-72.981,-0.382,-1.200,3
79,-4.917,0.072,0.000,-73.088,-0.362,-1.229,3
80,-4.915,0.067,0.000,-73.194,-0.373,-1.251,3
81,-4.914,0.062,0.000,-73.298,-0.379,-1.274,3
82,-4.912,0.056,0.000,-73.399,-0.383,-1.298,3
83,-4.911,0.051,0.000,-73.492,-0.393,-1.318,3
84,-4.909,0.046,0.000,-73.525,-0.406,-1.339,3
85,-4.908,0.041,0.000,-73.571,-0.410,-1.362,3
86,-4.906,0.036,0.000,-73.629,-0.411,-1.386,3
87,-4.905,0.031,0.000,-73.695,-0.417,-1.409,3
88,-4.903,0.026,0.000,-73.766,-0.410,-1.436,3
89,-4.902,0.021,0.000,-73.840,-0.430,-1.455,3
90,-4.900,0.016,0.000,-73.897,-0.440,-1.475,3
91,-4.899,0.011,0.000,-74.002,-0.435,-1.501,3
92,-4.897,0.006,0.000,-74.118,-0.436,-1.525,3
93,-4.896,0.001,0.000,-74.229,-0.427,-1.551,3
94,-4.894,-0.005,0.000,-74.311,-0.442,-1.571,3
95,-4.893,-0.010,0.000,-74.360,-0.455,-1.591,3
96,-4.891,-0.015,0.000,-74.413,-0.447,-1.617,3
97,-4.890,-0.020,0.000,-74.469,-0.446,-1.642,3
98,-4.889,-0.025,0.000,-74.534,-0.458,-1.662,3
99,-4.887,-0.030,0.000,-74.601,-0.479,-1.679,3
100,-4.886,-0.035,0.000,-74.668,-0.445,-1.713,3
101,-4.884,-0.040,0.000,-74.728,-0.480,-1.727,3
102,-4.883,-0.046,0.000,-74.778,-0.470,-1.755,3
103,-4.881,-0.051,0.000,-74.778,-0.472,-1.779,3
104,-4.880,-0.056,0.000,-74.797,-0.484,-1.799,3
105,-4.879,-0.061,0.000,-74.838,-0.491,-1.820,3
106,-4.877,-0.066,0.000,-74.891,-0.488,-1.845,3
107,-4.876,-0.071,0.000,-74.935,-0.503,-1.864,3
108,-4.874,-0.076,0.000,-74.960,-0.504,-1.887,3
109,-4.873,-0.081,0.000,-75.005,-0.514,-1.907,3
110,-4.872,-0.086,0.000,-75.052,-0.514,-1.931,3
111,-4.871,-0.091,0.000,-75.080,-0.507,-1.955,3
112,-4.869,-0.096,0.000,-75.051,-0.519,-1.974,3
113,-4.868,-0.101,0.000,-75.036,-0.530,-1.994,3
114,-4.866,-0.106,0.000,-75.062,-0.534,-2.016,3
115,-4.865,-0.111,0.000,-75.120,-0.535,-2.038,3
116,-4.864,-0.116,0.000,-75.205,-0.538,-2.060,3
117,-4.862,-0.121,0.000,-75.312,-0.541,-2.082,3
118,-4.861,-0.126,0.000,-75.436,-0.542,-2.104,3
119,-4.860,-0.131,0.000,-75.573,-0.542,-2.127,3
120,-4.859,-0.136,0.000,-75.719,-0.542,-2.150,3
121,-4.857,-0.140,0.000,-75.873,-0.542,-2.165,3
122,-4.856,-0.145,0.000,-76.032,-0.526,-2.147,3
123,-4.855,-0.150,0.000,-76.194,-0.516,-2.124,3
124,-4.854,-0.155,0.000,-76.360,-0.506,-2.102,3
125,-4.853,-0.160,0.000,-76.528,-0.493,-2.081,3
126,-4.851,-0.165,0.000,-76.698,-0.481,-2.060,3
127,-4.850,-0.169,0.000,-76.872,-0.470,-2.039,3
128,-4.849,-0.174,0.000,-77.048,-0.459,-2.019,3
129,-4.848,-0.179,0.000,-77.227,-0.448,-1.998,3
130,-4.847,-0.184,0.000,-77.408,-0.437,-1.978,3
131,-4.846,-0.189,0.000,-77.592,-0.426,-1.959,3
132,-4.845,-0.193,0.000,-77.777,-0.415,-1.939,3
133,-4.844,-0.198,0.000,-77.964,-0.404,-1.920,3
134,-4.843,-0.203,0.000,-78.152,-0.393,-1.901,3
135,-4.842,-0.207,0.000,-78.341,-0.383,-1.883,3
136,-4.841,-0.212,0.000,-78.531,-0.373,-1.864,3
137,-4.840,-0.217,0.000,-78.722,-0.363,-1.846,3
138,-4.839,-0.221,0.000,-78.914,-0.353,-1.828,3
139,-4.838,-0.226,0.000,-79.106,-0.343,-1.811,3
140,-4.837,-0.231,0.000,-79.298,-0.334,-1.793,3
141,-4.836,-0.235,0.000,-79.490,-0.324,-1.776,3
142,-4.836,-0.240,0.000,-79.683,-0.315,-1.759,3
143,-4.835,-0.244,0.000,-79.871,-0.306,-1.742,3
144,-4.834,-0.249,0.000,-80.046,-0.297,-1.725,3
145,-4.833,-0.253,0.000,-80.203,-0.290,-1.708,3
146,-4.833,-0.257,0.000,-80.335,-0.283,-1.691,3
147,-4.832,-0.262,0.000,-80.436,-0.277,-1.674,3
148,-4.831,-0.266,0.000,-80.503,-0.272,-1.656,3
149,-4.831,-0.270,0.000,-80.532,-0.268,-1.638,3
150,-4.830,-0.274,0.000,-80.519,-0.265,-1.620,3
151,-4.829,-0.278,0.000,-80.460,-0.264,-1.602,3
152,-4.829,-0.282,0.000,-80.353,-0.264,-1.584,3
153,-4.828,-0.286,0.000,-80.195,-0.265,-1.566,3
154,-4.827,-0.290,0.000,-79.983,-0.268,-1.547,3
155,-4.827,-0.293,0.000,-79.715,-0.272,-1.528,3
156,-4.826,-0.297,0.000,-79.388,-0.277,-1.509,3
157,-4.826,-0.301,0.000,-78.999,-0.284,-1.490,3
158,-4.825,-0.304,0.000,-78.547,-0.292,-1.470,3
159,-4.824,-0.308,0.000,-78.031,-0.302,-1.451,3
160,-4.824,-0.311,0.000,-77.448,-0.313,-1.431,3
161,-4.823,-0.315,0.000,-76.798,-0.325,-1.410,3
162,-4.822,-0.318,0.000,-76.082,-0.339,-1.389,3
163,-4.821,-0.321,0.000,-75.299,-0.353,-1.368,3
164,-4.820,-0.325,0.000,-74.453,-0.369,-1.347,3
165,-4.820,-0.328,0.000,-73.546,-0.386,-1.325,3
166,-4.819,-0.331,0.000,-72.583,-0.403,-1.302,3
167,-4.818,-0.334,0.000,-71.569,-0.421,-1.280,3
168,-4.817,-0.338,0.000,-70.511,-0.439,-1.256,3
169,-4.815,-0.341,0.000,-69.416,-0.457,-1.233,3
170,-4.814,-0.344,0.000,-68.291,-0.476,-1.209,3
171,-4.813,-0.347,0.000,-67.144,-0.494,-1.185,3
172,-4.812,-0.350,0.000,-65.981,-0.512,-1.161,3
173,-4.810,-0.353,0.000,-64.810,-0.529,-1.137,3
174,-4.809,-0.356,0.000,-63.635,-0.545,-1.113,3
175,-4.807,-0.359,0.000,-62.462,-0.561,-1.088,3
176,-4.806,-0.361,0.000,-61.294,-0.577,-1.064,3
177,-4.804,-0.364,0.000,-60.133,-0.591,-1.040,3
178,-4.803,-0.367,0.000,-58.981,-0.605,-1.016,3
179,-4.801,-0.370,0.000,-57.841,-0.617,-0.992,3
180,-4.799,-0.372,0.000,-56.713,-0.629,-0.968,3
181,-4.798,-0.375,0.000,-55.598,-0.641,-0.945,3
182,-4.796,-0.377,0.000,-54.496,-0.651,-0.922,3
183,-4.794,-0.380,0.000,-53.407,-0.661,-0.899,3
184,-4.792,-0.382,0.000,-52.333,-0.670,-0.876,3
185,-4.790,-0.385,0.000,-51.273,-0.678,-0.854,3
186,-4.788,-0.387,0.000,-50.227,-0.686,-0.832,3
187,-4.786,-0.390,0.000,-49.196,-0.693,-0.811,3
188,-4.784,-0.392,0.000,-48.180,-0.699,-0.789,3
189,-4.782,-0.394,0.000,-47.179,-0.705,-0.769,3
190,-4.780,-0.396,0.000,-46.192,-0.710,-0.748,3
191,-4.778,-0.399,0.000,-45.221,-0.715,-0.728,3
192,-4.776,-0.401,0.000,-44.265,-0.719,-0.708,3
193,-4.773,-0.403,0.000,-43.324,-0.723,-0.689,3
194,-4.771,-0.405,0.000,-42.398,-0.726,-0.670,3
195,-4.769,-0.407,0.000,-41.488,-0.729,-0.652,3
196,-4.767,-0.409,0.000,-40.593,-0.731,-0.634,3
197,-4.764,-0.411,0.000,-39.713,-0.733,-0.616,3
198,-4.762,-0.413,0.000,-38.848,-0.735,-0.599,3
199,-4.760,-0.415,0.000,-37.998,-0.736,-0.582,3
200,-4.757,-0.417,0.000,-37.163,-0.737,-0.566,3
201,-4.755,-0.418,0.000,-36.344,-0.738,-0.550,3
202,-4.752,-0.420,0.000,-35.539,-0.738,-0.534,3
203,-4.750,-0.422,0.000,-34.749,-0.738,-0.519,3
204,-4.747,-0.424,0.000,-33.974,-0.738,-0.504,3
205,-4.745,-0.425,0.000,-33.214,-0.738,-0.490,3
206,-4.742,-0.427,0.000,-32.468,-0.737,-0.476,3
207,-4.740,-0.428,0.000,-31.737,-0.737,-0.462,3
208,-4.737,-0.430,0.000,-31.020,-0.736,-0.449,3
209,-4.734,-0.432,0.000,-30.316,-0.735,-0.436,3
210,-4.732,-0.433,0.000,-29.627,-0.734,-0.423,3
211,-4.729,-0.435,0.000,-28.952,-0.732,-0.411,3
212,-4.726,-0.436,0.000,-28.290,-0.731,-0.400,3
213,-4.724,-0.437,0.000,-27.642,-0.729,-0.388,3
214,-4.721,-0.439,0.000,-27.007,-0.728,-0.377,3
215,-4.718,-0.440,0.000,-26.386,-0.726,-0.366,3
216,-4.716,-0.442,0.000,-25.777,-0.724,-0.356,3
217,-4.713,-0.443,0.000,-25.181,-0.723,-0.346,3
218,-4.710,-0.444,0.000,-24.597,-0.721,-0.336,3
219,-4.707,-0.445,0.000,-24.026,-0.719,-0.326,3
220,-4.705,-0.447,0.000,-23.467,-0.717,-0.317,3
221,-4.702,-0.448,0.000,-22.920,-0.715,-0.308,3
222,-4.699,-0.449,0.000,-22.385,-0.714,-0.300,3
223,-4.696,-0.450,0.000,-21.862,-0.712,-0.291,3
224,-4.693,-0.451,0.000,-21.349,-0.710,-0.283,3
225,-4.691,-0.452,0.000,-20.848,-0.708,-0.275,3
226,-4.688,-0.453,0.000,-20.358,-0.706,-0.268,3
227,-4.685,-0.454,0.000,-19.879,-0.705,-0.260,3
228,-4.682,-0.456,0.000,-19.410,-0.703,-0.253,3
229,-4.679,-0.457,0.000,-18.952,-0.701,-0.246,3
230,-4.676,-0.458,0.000,-18.504,-0.700,-0.240,3
231,-4.673,-0.458,0.000,-18.066,-0.698,-0.233,3
232,-4.670,-0.459,0.000,-17.638,-0.697,-0.227,3
233,-4.667,-0.460,0.000,-17.219,-0.695,-0.221,3
234,-4.664,-0.461,0.000,-16.810,-0.694,-0.215,3
235,-4.661,-0.462,0.000,-16.410,-0.693,-0.210,3
236,-4.659,-0.463,0.000,-16.019,-0.691,-0.204,3
237,-4.656,-0.464,0.000,-15.637,-0.690,-0.199,3
238,-4.653,-0.465,0.000,-15.264,-0.689,-0.194,3
239,-4.650,-0.465,0.000,-14.899,-0.688,-0.189,3
240,-4.647,-0.466,0.000,-14.542,-0.688,-0.184,3
241,-4.644,-0.467,0.000,-14.194,-0.687,-0.179,3
242,-4.641,-0.468,0.000,-13.853,-0.686,-0.175,3
243,-4.638,-0.468,0.000,-13.521,-0.686,-0.170,3
244,-4.635,-0.469,0.000,-13.196,-0.685,-0.166,3
245,-4.632,-0.470,0.000,-12.878,-0.685,-0.162,3
246,-4.629,-0.471,0.000,-12.568,-0.685,-0.158,3
247,-4.626,-0.471,0.000,-12.265,-0.684,-0.154,3
248,-4.623,-0.472,0.000,-11.969,-0.684,-0.151,3
249,-4.620,-0.473,0.000,-11.680,-0.684,-0.147,3
250,-4.616,-0.473,0.000,-11.397,-0.685,-0.144,3
251,-4.613,-0.474,0.000,-11.121,-0.685,-0.140,3
252,-4.610,-0.474,0.000,-10.851,-0.685,-0.137,3
253,-4.607,-0.475,0.000,-10.588,-0.686,-0.134,3
254,-4.604,-0.476,0.000,-10.331,-0.686,-0.131,3
255,-4.601,-0.476,0.000,-10.080,-0.687,-0.128,3
256,-4.598,-0.477,0.000,-9.835,-0.688,-0.125,3
257,-4.595,-0.477,0.000,-9.595,-0.689,-0.122,3
258,-4.592,-0.478,0.000,-9.361,-0.690,-0.119,3
259,-4.589,-0.478,0.000,-9.133,-0.691,-0.117,3
260,-4.586,-0.479,0.000,-8.909,-0.692,-0.114,3
261,-4.583,-0.479,0.000,-8.691,-0.696,-0.096,3
262,-4.580,-0.480,0.000,-8.485,-0.698,-0.093,3
263,-4.576,-0.480,0.000,-8.285,-0.698,-0.098,3
264,-4.573,-0.480,0.000,-8.089,-0.699,-0.096,3
265,-4.570,-0.481,0.000,-7.896,-0.701,-0.091,3
266,-4.567,-0.481,0.000,-7.706,-0.702,-0.089,3
267,-4.564,-0.482,0.000,-7.520,-0.702,-0.102,3
268,-4.561,-0.482,0.000,-7.354,-0.703,-0.104,3
269,-4.558,-0.483,0.000,-7.207,-0.705,-0.092,3
270,-4.555,-0.483,0.000,-7.070,-0.707,-0.089,3
271,-4.552,-0.483,0.000,-6.934,-0.709,-0.084,3
272,-4.549,-0.484,0.000,-6.798,-0.711,-0.084,3
273,-4.546,-0.484,0.000,-6.663,-0.711,-0.093,3
274,-4.543,-0.484,0.000,-6.530,-0.715,-0.073,3
275,-4.539,-0.485,0.000,-6.397,-0.717,-0.073,3
276,-4.536,-0.485,0.000,-6.264,-0.718,-0.080,3
277,-4.533,-0.485,0.000,-6.122,-0.719,-0.087,3
278,-4.530,-0.486,0.000,-5.980,-0.721,-0.084,3
279,-4.527,-0.486,0.000,-5.840,-0.725,-0.066,3
280,-4.524,-0.486,0.000,-5.703,-0.726,-0.072,3
281,-4.520,-0.487,0.000,-5.567,-0.728,-0.072,3
282,-4.517,-0.487,0.000,-5.432,-0.732,-0.060,3
283,-4.514,-0.487,0.000,-5.299,-0.733,-0.070,3
284,-4.511,-0.488,0.000,-5.167,-0.737,-0.049,3
285,-4.508,-0.488,0.000,-5.037,-0.736,-0.090,3
286,-4.505,-0.488,0.000,-4.908,-0.741,-0.053,3
287,-4.502,-0.489,0.000,-4.782,-0.743,-0.054,3
288,-4.498,-0.489,0.000,-4.659,-0.745,-0.058,3
289,-4.495,-0.489,0.000,-4.537,-0.747,-0.063,3
290,-4.492,-0.489,0.000,-4.412,-0.751,-0.046,3
291,-4.489,-0.489,0.000,-4.287,-0.753,-0.062,3
292,-4.486,-0.490,0.000,-4.171,-0.757,-0.043,3
293,-4.482,-0.490,0.000,-4.059,-0.758,-0.070,3
294,-4.479,-0.490,0.000,-3.948,-0.761,-0.059,3
295,-4.476,-0.490,0.000,-3.835,-0.765,-0.048,3
296,-4.473,-0.491,0.000,-3.714,-0.767,-0.057,3
297,-4.469,-0.491,0.000,-3.596,-0.769,-0.058,3
298,-4.466,-0.491,0.000,-3.482,-0.772,-0.052,3
299,-4.463,-0.491,0.000,-3.371,-0.776,-0.032,3
300,-4.460,-0.491,0.000,-3.266,-0.779,-0.045,3
301,-4.457,-0.492,0.000,-3.168,-0.782,-0.042,3
302,-4.453,-0.492,0.000,-3.073,-0.784,-0.040,3
303,-4.450,-0.492,0.000,-2.984,-0.789,-0.041,3
304,-4.446,-0.492,0.000,-2.909,-0.795,-0.051,3
305,-4.441,-0.492,0.000,-2.881,-0.803,-0.049,3
306,-4.437,-0.493,0.000,-2.958,-0.814,-0.045,3
307,-4.431,-0.493,0.000,-3.161,-0.826,-0.050,3
308,-4.426,-0.493,0.000,-3.482,-0.840,-0.040,3
309,-4.421,-0.494,0.000,-3.870,-0.849,-0.073,3
310,-4.415,-0.494,0.000,-4.302,-0.863,-0.065,3
311,-4.409,-0.495,0.000,-4.772,-0.880,-0.059,3
312,-4.404,-0.495,0.000,-5.274,-0.890,-0.087,3
313,-4.399,-0.496,0.000,-5.811,-0.903,-0.085,3
314,-4.393,-0.496,0.000,-6.424,-0.917,-0.093,3
315,-4.388,-0.497,0.000,-7.189,-0.928,-0.111,3
316,-4.382,-0.497,0.000,-8.119,-0.939,-0.130,3
317,-4.379,-0.497,0.000,-9.290,-0.939,-0.149,3
318,-4.377,-0.497,0.000,-10.792,-0.934,-0.176,10
319,-4.369,-0.499,0.000,-12.363,-0.955,-0.210,10
320,-4.359,-0.501,0.000,-13.857,-0.980,-0.249,10
321,-4.351,-0.503,0.000,-15.140,-1.001,-0.279,10
322,-4.345,-0.504,0.000,-15.992,-1.015,-0.296,10
323,-4.339,-0.506,0.000,-16.268,-1.031,-0.306,10
324,-4.333,-0.508,0.000,-16.105,-1.055,-0.291,10
325,-4.326,-0.510,0.000,-15.894,-1.074,-0.303,10
326,-4.320,-0.512,0.000,-15.521,-1.090,-0.318,10
327,-4.314,-0.513,0.000,-15.108,-1.115,-0.300,10
328,-4.308,-0.515,0.000,-14.643,-1.133,-0.298,10
329,-4.302,-0.517,0.000,-14.030,-1.154,-0.294,10
330,-4.295,-0.518,0.000,-13.328,-1.177,-0.287,10
331,-4.289,-0.520,0.000,-12.596,-1.203,-0.261,10
332,-4.282,-0.521,0.000,-11.867,-1.228,-0.245,10
333,-4.276,-0.523,0.000,-11.055,-1.250,-0.239,10
334,-4.269,-0.524,0.000,-10.146,-1.274,-0.225,10
335,-4.262,-0.525,0.000,-9.165,-1.299,-0.204,10
336,-4.255,-0.526,0.000,-8.138,-1.324,-0.183,10
337,-4.249,-0.527,0.000,-7.085,-1.349,-0.162,10
338,-4.242,-0.528,0.000,-6.024,-1.372,-0.158,10
339,-4.235,-0.529,0.000,-4.969,-1.400,-0.105,10
340,-4.228,-0.529,0.000,-3.923,-1.422,-0.121,10
341,-4.221,-0.530,0.000,-2.888,-1.449,-0.044,10
342,-4.213,-0.530,0.000,-1.863,-1.472,-0.061,10
343,-4.206,-0.530,0.000,-0.851,-1.497,-0.004,10
344,-4.199,-0.530,0.000,0.149,-1.521,-0.006,10
345,-4.192,-0.530,0.000,1.131,-1.546,0.021,10
346,-4.184,-0.530,0.000,2.089,-1.569,0.053,10
347,-4.177,-0.529,0.000,3.016,-1.593,0.080,10
348,-4.169,-0.529,0.000,3.908,-1.616,0.105,10
349,-4.162,-0.528,0.000,4.759,-1.639,0.130,10
350,-4.155,-0.528,0.000,5.562,-1.662,0.156,10
351,-4.147,-0.527,0.000,6.309,-1.685,0.181,10
352,-4.140,-0.526,0.000,6.992,-1.708,0.204,10
353,-4.133,-0.525,0.000,7.604,-1.730,0.225,10
354,-4.126,-0.524,0.000,8.139,-1.753,0.245,10
355,-4.118,-0.523,0.000,8.591,-1.776,0.263,10
356,-4.111,-0.521,0.000,8.957,-1.800,0.278,10
357,-4.104,-0.520,0.000,9.235,-1.823,0.291,10
358,-4.097,-0.519,0.000,9.425,-1.847,0.301,10
359,-4.090,-0.518,0.000,9.529,-1.871,0.309,10
360,-4.083,-0.516,0.000,9.551,-1.896,0.314,10
361,-4.076,-0.515,0.000,9.495,-1.922,0.316,10
362,-4.069,-0.514,0.000,9.367,-1.947,0.316,10
363,-4.062,-0.513,0.000,9.172,-1.973,0.313,10
364,-4.055,-0.511,0.000,8.918,-2.000,0.308,10
365,-4.048,-0.510,0.000,8.609,-2.027,0.301,10
366,-4.041,-0.509,0.000,8.253,-2.054,0.292,10
367,-4.034,-0.508,0.000,7.855,-2.081,0.282,10
368,-4.027,-0.507,0.000,7.421,-2.109,0.269,10
369,-4.020,-0.506,0.000,6.956,-2.136,0.255,10
370,-4.013,-0.505,0.000,6.465,-2.164,0.240,10
371,-4.006,-0.505,0.000,5.952,-2.192,0.223,10
372,-3.999,-0.504,0.000,5.421,-2.219,0.205,10
373,-3.992,-0.503,0.000,4.875,-2.214,0.185,10
374,-3.985,-0.503,0.000,4.316,-2.186,0.161,10
375,-3.978,-0.502,0.000,3.748,-2.160,0.136,10
376,-3.971,-0.502,0.000,3.172,-2.133,0.112,10
377,-3.964,-0.501,0.000,2.590,-2.106,0.090,10
378,-3.957,-0.501,0.000,2.004,-2.080,0.068,10
379,-3.950,-0.501,0.000,1.414,-2.054,0.045,10
380,-3.943,-0.501,0.000,0.823,-2.028,0.024,8
381,-3.938,-0.501,0.000,0.167,-1.996,0.000,8
382,-3.932,-0.501,0.000,-0.604,-1.965,-0.026,10
383,-3.925,-0.501,0.000,-1.423,-1.940,-0.054,10
384,-3.918,-0.501,0.000,-2.229,-1.915,-0.080,10
385,-3.911,-0.502,0.000,-3.023,-1.890,-0.105,10
386,-3.904,-0.502,0.000,-3.802,-1.866,-0.129,10
387,-3.897,-0.502,0.000,-4.564,-1.842,-0.152,10
388,-3.890,-0.503,0.000,-5.307,-1.818,-0.174,10
389,-3.883,-0.504,0.000,-6.029,-1.794,-0.195,10
390,-3.877,-0.504,0.000,-6.728,-1.771,-0.214,8
391,-3.870,-0.505,0.000,-7.516,-1.744,-0.235,8
392,-3.864,-0.507,0.000,-8.508,-1.717,-0.262,8
393,-3.858,-0.508,0.000,-9.706,-1.688,-0.294,10
394,-3.851,-0.509,0.000,-10.941,-1.663,-0.327,10
395,-3.844,-0.510,0.000,-12.030,-1.638,-0.355,10
396,-3.838,-0.512,0.000,-12.970,-1.615,-0.377,10
397,-3.831,-0.513,0.000,-13.758,-1.593,-0.396,8
398,-3.824,-0.515,0.000,-14.636,-1.569,-0.415,8
399,-3.818,-0.517,0.000,-15.853,-1.543,-0.444,8
400,-3.811,-0.519,0.000,-17.347,-1.515,-0.479,10
401,-3.805,-0.521,0.000,-18.737,-1.487,-0.510,10
402,-3.798,-0.523,0.000,-19.614,-1.464,-0.527,10
403,-3.792,-0.525,0.000,-20.073,-1.445,-0.534,10
404,-3.785,-0.527,0.000,-20.210,-1.430,-0.532,10
405,-3.779,-0.530,0.000,-20.100,-1.417,-0.524,10
406,-3.772,-0.532,0.000,-19.807,-1.407,-0.512,10
407,-3.766,-0.534,0.000,-19.382,-1.398,-0.497,10
408,-3.759,-0.536,0.000,-18.867,-1.390,-0.481,10
409,-3.752,-0.539,0.000,-18.294,-1.383,-0.463,10
410,-3.746,-0.541,0.000,-17.688,-1.376,-0.445,10
411,-3.739,-0.543,0.000,-17.067,-1.370,-0.426,10
412,-3.732,-0.545,0.000,-16.442,-1.364,-0.408,10
413,-3.726,-0.547,0.000,-15.822,-1.358,-0.390,10
414,-3.719,-0.549,0.000,-15.213,-1.352,-0.373,10
415,-3.712,-0.551,0.000,-14.621,-1.347,-0.357,10
416,-3.705,-0.552,0.000,-14.050,-1.341,-0.341,10
417,-3.698,-0.554,0.000,-13.504,-1.335,-0.326,10
418,-3.691,-0.556,0.000,-12.984,-1.330,-0.312,10
419,-3.684,-0.557,0.000,-12.491,-1.325,-0.299,10
420,-3.677,-0.559,0.000,-12.025,-1.320,-0.287,10
421,-3.670,-0.560,0.000,-11.587,-1.315,-0.275,10
422,-3.663,-0.562,0.000,-11.177,-1.310,-0.264,10
423,-3.656,-0.563,0.000,-10.793,-1.306,-0.254,10
424,-3.649,-0.564,0.000,-10.437,-1.301,-0.245,10
425,-3.642,-0.566,0.000,-10.108,-1.297,-0.237,10
426,-3.635,-0.567,0.000,-9.806,-1.293,-0.229,10
427,-3.628,-0.568,0.000,-9.532,-1.289,-0.222,10
428,-3.621,-0.569,0.000,-9.285,-1.286,-0.216,10
429,-3.614,-0.571,0.000,-9.065,-1.283,-0.210,10
430,-3.607,-0.572,0.000,-8.870,-1.280,-0.205,10
431,-3.597,-0.573,0.000,-8.701,-1.290,-0.203,10
432,-3.590,-0.574,0.000,-8.554,-1.287,-0.199,10
433,-3.583,-0.575,0.000,-8.431,-1.285,-0.196,10
434,-3.576,-0.576,0.000,-8.332,-1.283,-0.193,10
435,-3.569,-0.578,0.000,-8.255,-1.281,-0.191,10
436,-3.561,-0.579,0.000,-8.200,-1.280,-0.190,10
437,-3.554,-0.580,0.000,-8.166,-1.279,-0.189,10
438,-3.547,-0.581,0.000,-8.153,-1.278,-0.189,10
439,-3.540,-0.582,0.000,-8.161,-1.277,-0.189,10
440,-3.533,-0.583,0.000,-8.188,-1.277,-0.189,10
441,-3.526,-0.584,0.000,-8.234,-1.277,-0.190,10
442,-3.518,-0.585,0.000,-8.297,-1.277,-0.192,10
443,-3.511,-0.586,0.000,-8.377,-1.278,-0.194,10
444,-3.504,-0.587,0.000,-8.474,-1.278,-0.196,10
445,-3.497,-0.588,0.000,-8.584,-1.279,-0.199,10
446,-3.490,-0.589,0.000,-8.708,-1.281,-0.202,10
447,-3.482,-0.590,0.000,-8.844,-1.282,-0.205,10
448,-3.475,-0.592,0.000,-8.991,-1.284,-0.209,10
449,-3.468,-0.593,0.000,-9.147,-1.286,-0.213,10
450,-3.461,-0.594,0.000,-9.311,-1.288,-0.217,10
451,-3.454,-0.595,0.000,-9.482,-1.291,-0.221,10
452,-3.446,-0.596,0.000,-9.658,-1.294,-0.226,10
453,-3.439,-0.598,0.000,-9.838,-1.297,-0.230,10
454,-3.432,-0.599,0.000,-10.020,-1.300,-0.235,10
455,-3.425,-0.600,0.000,-10.203,-1.303,-0.240,10
456,-3.418,-0.601,0.000,-10.386,-1.307,-0.245,10
457,-3.411,-0.603,0.000,-10.567,-1.311,-0.250,10
458,-3.404,-0.604,0.000,-10.746,-1.315,-0.255,10
459,-3.396,-0.605,0.000,-10.921,-1.319,-0.260,10
460,-3.389,-0.607,0.000,-11.091,-1.324,-0.265,10
461,-3.382,-0.608,0.000,-11.255,-1.328,-0.270,10
462,-3.375,-0.610,0.000,-11.412,-1.333,-0.275,10
463,-3.368,-0.611,0.000,-11.560,-1.338,-0.279,10
464,-3.361,-0.612,0.000,-11.700,-1.343,-0.284,10
465,-3.354,-0.614,0.000,-11.829,-1.349,-0.288,10
466,-3.347,-0.615,0.000,-11.948,-1.355,-0.292,10
467,-3.340,-0.617,0.000,-12.057,-1.360,-0.296,10
468,-3.333,-0.618,0.000,-12.154,-1.367,-0.300,10
469,-3.327,-0.620,0.000,-12.240,-1.373,-0.303,10
470,-3.320,-0.621,0.000,-12.315,-1.380,-0.307,10
471,-3.313,-0.623,0.000,-12.378,-1.386,-0.310,10
472,-3.306,-0.624,0.000,-12.431,-1.393,-0.313,10
473,-3.299,-0.626,0.000,-12.472,-1.400,-0.315,10
474,-3.292,-0.627,0.000,-12.504,-1.408,-0.318,10
475,-3.286,-0.629,0.000,-12.525,-1.415,-0.320,10
476,-3.279,-0.630,0.000,-12.537,-1.423,-0.322,10
477,-3.272,-0.632,0.000,-12.540,-1.431,-0.324,10
478,-3.265,-0.633,0.000,-12.534,-1.439,-0.326,10
479,-3.259,-0.635,0.000,-12.521,-1.448,-0.327,10
480,-3.252,-0.636,0.000,-12.501,-1.456,-0.328,10
481,-3.245,-0.638,0.000,-12.474,-1.465,-0.330,10
482,-3.239,-0.639,0.000,-12.441,-1.474,-0.331,10
483,-3.232,-0.641,0.000,-12.402,-1.483,-0.332,10
484,-3.225,-0.642,0.000,-12.358,-1.492,-0.332,10
485,-3.219,-0.643,0.000,-12.309,-1.501,-0.333,10
486,-3.212,-0.645,0.000,-12.255,-1.511,-0.334,10
487,-3.206,-0.646,0.000,-12.198,-1.521,-0.334,10
488,-3.199,-0.648,0.000,-12.136,-1.530,-0.335,10
489,-3.193,-0.649,0.000,-12.072,-1.540,-0.335,10
490,-3.186,-0.650,0.000,-12.004,-1.550,-0.335,10
491,-3.180,-0.652,0.000,-11.933,-1.560,-0.335,10
492,-3.173,-0.653,0.000,-11.860,-1.571,-0.335,10
493,-3.167,-0.654,0.000,-11.784,-1.581,-0.335,10
494,-3.160,-0.656,0.000,-11.707,-1.592,-0.335,10
495,-3.154,-0.657,0.000,-11.628,-1.602,-0.335,10
496,-3.148,-0.658,0.000,-11.548,-1.613,-0.335,10
497,-3.141,-0.660,0.000,-11.466,-1.624,-0.335,10
498,-3.135,-0.661,0.000,-11.384,-1.635,-0.335,10
499,-3.128,-0.662,0.000,-11.300,-1.646,-0.334,10
500,-3.122,-0.664,0.000,-11.216,-1.657,-0.334,10
501,-3.116,-0.665,0.000,-11.132,-1.668,-0.334,10
502,-3.110,-0.666,0.000,-11.047,-1.680,-0.333,10
503,-3.103,-0.667,0.000,-10.961,-1.691,-0.333,10
504,-3.097,-0.668,0.000,-10.876,-1.703,-0.333,10
505,-3.091,-0.670,0.000,-10.790,-1.714,-0.332,10
506,-3.085,-0.671,0.000,-10.704,-1.726,-0.332,10
507,-3.079,-0.672,0.000,-10.618,-1.738,-0.331,10
508,-3.072,-0.673,0.000,-10.532,-1.750,-0.331,10
509,-3.066,-0.674,0.000,-10.446,-1.762,-0.330,10
510,-3.060,-0.675,0.000,-10.361,-1.774,-0.330,10
511,-3.054,-0.676,0.000,-10.275,-1.786,-0.329,10
512,-3.048,-0.678,0.000,-10.190,-1.798,-0.329,10
513,-3.042,-0.679,0.000,-10.105,-1.810,-0.328,10
514,-3.036,-0.680,0.000,-10.021,-1.823,-0.327,10
515,-3.030,-0.681,0.000,-9.937,-1.835,-0.327,10
516,-3.024,-0.682,0.000,-9.852,-1.847,-0.326,10
517,-3.018,-0.683,0.000,-9.769,-1.860,-0.326,10
518,-3.012,-0.684,0.000,-9.685,-1.873,-0.325,10
519,-3.006,-0.685,0.000,-9.602,-1.885,-0.324,10
520,-3.000,-0.686,0.000,-9.518,-1.898,-0.324,10
521,-2.994,-0.687,0.000,-9.435,-1.911,-0.323,10
522,-2.989,-0.688,0.000,-9.352,-1.924,-0.322,10
523,-2.983,-0.689,0.000,-9.270,-1.937,-0.322,10
524,-2.977,-0.690,0.000,-9.187,-1.950,-0.321,10
525,-2.971,-0.691,0.000,-9.105,-1.963,-0.320,10
526,-2.965,-0.691,0.000,-9.023,-1.976,-0.319,10
527,-2.960,-0.692,0.000,-8.941,-1.990,-0.318,10
528,-2.954,-0.693,0.000,-8.860,-2.003,-0.318,10
529,-2.948,-0.694,0.000,-8.778,-2.016,-0.317,10
530,-2.942,-0.695,0.000,-8.697,-2.030,-0.316,10
531,-2.937,-0.696,0.000,-8.616,-2.043,-0.315,10
532,-2.931,-0.697,0.000,-8.536,-2.057,-0.314,10
533,-2.925,-0.698,0.000,-8.455,-2.070,-0.313,10
534,-2.920,-0.698,0.000,-8.375,-2.084,-0.312,10
535,-2.914,-0.699,0.000,-8.295,-2.098,-0.311,10
536,-2.909,-0.700,0.000,-8.215,-2.112,-0.310,10
537,-2.903,-0.701,0.000,-8.135,-2.125,-0.309,10
538,-2.898,-0.702,0.000,-8.055,-2.142,-0.291,10
539,-2.892,-0.702,0.000,-7.979,-2.152,-0.322,10
540,-2.887,-0.703,0.000,-7.921,-2.167,-0.300,10
541,-2.881,-0.704,0.000,-7.868,-2.181,-0.302,10
542,-2.876,-0.705,0.000,-7.795,-2.194,-0.308,10
543,-2.870,-0.705,0.000,-7.721,-2.207,-0.307,10
544,-2.865,-0.706,0.000,-7.646,-2.202,-0.297,10
545,-2.859,-0.707,0.000,-7.570,-2.173,-0.292,10
546,-2.854,-0.708,0.000,-7.495,-2.145,-0.289,10
547,-2.849,-0.708,0.000,-7.418,-2.117,-0.282,10
548,-2.843,-0.709,0.000,-7.342,-2.090,-0.274,10
549,-2.838,-0.710,0.000,-7.265,-2.062,-0.268,10
550,-2.833,-0.710,0.000,-7.188,-2.035,-0.262,10
551,-2.828,-0.711,0.000,-7.110,-2.009,-0.256,10
552,-2.822,-0.712,0.000,-7.032,-1.982,-0.250,10
553,-2.817,-0.712,0.000,-6.954,-1.959,-0.226,10
554,-2.812,-0.713,0.000,-6.879,-1.931,-0.231,10
555,-2.807,-0.713,0.000,-6.807,-1.904,-0.240,10
556,-2.802,-0.714,0.000,-6.734,-1.882,-0.202,10
557,-2.797,-0.715,0.000,-6.661,-1.854,-0.225,10
558,-2.792,-0.715,0.000,-6.589,-1.832,-0.195,10
559,-2.787,-0.716,0.000,-6.517,-1.803,-0.228,10
560,-2.782,-0.716,0.000,-6.441,-1.782,-0.198,10
561,-2.777,-0.717,0.000,-6.363,-1.757,-0.197,10
562,-2.772,-0.718,0.000,-6.272,-1.732,-0.202,10
563,-2.767,-0.718,0.000,-6.182,-1.709,-0.193,10
564,-2.762,-0.719,0.000,-6.093,-1.687,-0.183,10
565,-2.757,-0.719,0.000,-6.005,-1.664,-0.179,10
566,-2.752,-0.720,0.000,-5.920,-1.641,-0.176,10
567,-2.747,-0.720,0.000,-5.835,-1.619,-0.171,10
568,-2.742,-0.721,0.000,-5.752,-1.597,-0.166,10
569,-2.738,-0.721,0.000,-5.670,-1.575,-0.162,10
570,-2.733,-0.722,0.000,-5.590,-1.554,-0.158,10
571,-2.728,-0.722,0.000,-5.511,-1.533,-0.153,10
572,-2.723,-0.722,0.000,-5.434,-1.512,-0.149,10
573,-2.719,-0.723,0.000,-5.358,-1.492,-0.145,10
574,-2.714,-0.723,0.000,-5.284,-1.472,-0.142,10
575,-2.709,-0.724,0.000,-5.210,-1.452,-0.138,10
576,-2.704,-0.724,0.000,-5.139,-1.432,-0.134,10
577,-2.700,-0.725,0.000,-5.069,-1.413,-0.131,10
578,-2.695,-0.725,0.000,-5.000,-1.394,-0.127,10
579,-2.690,-0.725,0.000,-4.932,-1.375,-0.124,10
580,-2.686,-0.726,0.000,-4.866,-1.357,-0.121,10
581,-2.681,-0.726,0.000,-4.801,-1.339,-0.118,10
582,-2.676,-0.727,0.000,-4.738,-1.321,-0.115,10
583,-2.672,-0.727,0.000,-4.676,-1.303,-0.112,10
584,-2.667,-0.727,0.000,-4.615,-1.286,-0.109,10
585,-2.663,-0.728,0.000,-4.555,-1.269,-0.106,10
586,-2.658,-0.728,0.000,-4.496,-1.252,-0.104,10
587,-2.653,-0.728,0.000,-4.438,-1.235,-0.101,10
588,-2.649,-0.729,0.000,-4.382,-1.219,-0.099,10
589,-2.644,-0.729,0.000,-4.326,-1.203,-0.096,10
590,-2.640,-0.730,0.000,-4.271,-1.187,-0.094,10
591,-2.635,-0.730,0.000,-4.217,-1.172,-0.092,10
592,-2.631,-0.730,0.000,-4.164,-1.157,-0.090,10
593,-2.626,-0.731,0.000,-4.112,-1.142,-0.087,10
594,-2.622,-0.731,0.000,-4.060,-1.127,-0.085,10
595,-2.617,-0.731,0.000,-4.009,-1.113,-0.083,10
596,-2.613,-0.731,0.000,-3.959,-1.098,-0.081,10
597,-2.608,-0.732,0.000,-3.909,-1.084,-0.080,10
598,-2.604,-0.732,0.000,-3.860,-1.071,-0.078,10
599,-2.600,-0.732,0.000,-3.811,-1.057,-0.076,10
600,-2.595,-0.733,0.000,-3.763,-1.044,-0.074,10
601,-2.591,-0.733,0.000,-3.715,-1.031,-0.072,10
602,-2.586,-0.733,0.000,-3.668,-1.018,-0.071,10
603,-2.582,-0.733,0.000,-3.621,-1.006,-0.069,10
604,-2.578,-0.734,0.000,-3.574,-0.993,-0.067,10
605,-2.573,-0.734,0.000,-3.528,-0.981,-0.066,10
606,-2.569,-0.734,0.000,-3.483,-0.970,-0.064,10
607,-2.565,-0.735,0.000,-3.438,-0.958,-0.063,10
608,-2.560,-0.735,0.000,-3.393,-0.947,-0.062,10
609,-2.556,-0.735,0.000,-3.348,-0.935,-0.060,10
610,-2.552,-0.735,0.000,-3.304,-0.925,-0.059,10
611,-2.547,-0.736,0.000,-3.260,-0.914,-0.057,10
612,-2.543,-0.736,0.000,-3.217,-0.903,-0.056,10
613,-2.539,-0.736,0.000,-3.174,-0.893,-0.055,10
614,-2.535,-0.736,0.000,-3.131,-0.883,-0.054,10
615,-2.530,-0.737,0.000,-3.089,-0.873,-0.053,10
616,-2.526,-0.737,0.000,-3.047,-0.864,-0.051,10
617,-2.522,-0.737,0.000,-3.006,-0.854,-0.050,10
618,-2.518,-0.737,0.000,-2.965,-0.845,-0.049,10
619,-2.513,-0.737,0.000,-2.924,-0.836,-0.048,10
620,-2.509,-0.738,0.000,-2.884,-0.827,-0.047,10
621,-2.505,-0.738,0.000,-2.844,-0.819,-0.046,10
622,-2.501,-0.738,0.000,-2.804,-0.810,-0.045,10
623,-2.497,-0.738,0.000,-2.765,-0.802,-0.044,10
624,-2.492,-0.738,0.000,-2.726,-0.794,-0.043,10
625,-2.488,-0.739,0.000,-2.688,-0.787,-0.042,10
626,-2.484,-0.739,0.000,-2.650,-0.779,-0.041,10
627,-2.480,-0.739,0.000,-2.612,-0.772,-0.041,10
628,-2.476,-0.739,0.000,-2.575,-0.764,-0.040,10
629,-2.472,-0.739,0.000,-2.538,-0.757,-0.039,10
630,-2.467,-0.740,0.000,-2.502,-0.751,-0.038,10
631,-2.463,-0.740,0.000,-2.466,-0.744,-0.037,10
632,-2.459,-0.740,0.000,-2.430,-0.738,-0.037,10
633,-2.455,-0.740,0.000,-2.395,-0.731,-0.036,10
634,-2.451,-0.740,0.000,-2.360,-0.725,-0.035,10
635,-2.447,-0.740,0.000,-2.325,-0.719,-0.035,10
636,-2.443,-0.741,0.000,-2.291,-0.714,-0.034,10
637,-2.439,-0.741,0.000,-2.258,-0.708,-0.033,10
638,-2.435,-0.741,0.000,-2.224,-0.703,-0.033,10
639,-2.431,-0.741,0.000,-2.192,-0.697,-0.032,10
640,-2.427,-0.741,0.000,-2.159,-0.692,-0.032,10
641,-2.422,-0.741,0.000,-2.127,-0.688,-0.031,10
642,-2.418,-0.742,0.000,-2.095,-0.683,-0.030,10
643,-2.414,-0.742,0.000,-2.064,-0.678,-0.030,10
644,-2.410,-0.742,0.000,-2.033,-0.674,-0.029,10
645,-2.406,-0.742,0.000,-2.002,-0.670,-0.029,10
646,-2.402,-0.742,0.000,-1.972,-0.666,-0.028,10
647,-2.398,-0.742,0.000,-1.942,-0.662,-0.028,10
648,-2.394,-0.742,0.000,-1.912,-0.658,-0.027,10
649,-2.390,-0.743,0.000,-1.883,-0.655,-0.027,10
650,-2.386,-0.743,0.000,-1.854,-0.652,-0.027,10
651,-2.382,-0.743,0.000,-1.825,-0.648,-0.026,10
652,-2.378,-0.743,0.000,-1.797,-0.645,-0.026,10
653,-2.374,-0.743,0.000,-1.769,-0.642,-0.025,10
654,-2.371,-0.743,0.000,-1.741,-0.640,-0.025,10
655,-2.367,-0.743,0.000,-1.714,-0.637,-0.024,10
656,-2.363,-0.743,0.000,-1.687,-0.635,-0.024,10
657,-2.359,-0.744,0.000,-1.660,-0.632,-0.024,10
658,-2.355,-0.744,0.000,-1.634,-0.630,-0.023,10
659,-2.351,-0.744,0.000,-1.608,-0.628,-0.023,10
660,-2.347,-0.744,0.000,-1.582,-0.626,-0.023,10
661,-2.343,-0.744,0.000,-1.557,-0.625,-0.022,10
662,-2.339,-0.744,0.000,-1.532,-0.623,-0.022,10
663,-2.335,-0.744,0.000,-1.507,-0.622,-0.022,10
664,-2.331,-0.744,0.000,-1.483,-0.620,-0.021,10
665,-2.327,-0.744,0.000,-1.458,-0.619,-0.021,10
666,-2.324,-0.744,0.000,-1.435,-0.618,-0.021,10
667,-2.320,-0.745,0.000,-1.411,-0.617,-0.021,10
668,-2.316,-0.745,0.000,-1.388,-0.617,-0.020,10
669,-2.312,-0.745,0.000,-1.365,-0.616,-0.020,10
670,-2.308,-0.745,0.000,-1.343,-0.616,-0.020,10
671,-2.304,-0.745,0.000,-1.320,-0.615,-0.020,10
672,-2.300,-0.745,0.000,-1.299,-0.615,-0.019,10
673,-2.296,-0.745,0.000,-1.277,-0.615,-0.019,10
674,-2.293,-0.745,0.000,-1.256,-0.615,-0.019,10
675,-2.289,-0.745,0.000,-1.235,-0.615,-0.019,10
676,-2.285,-0.745,0.000,-1.214,-0.616,-0.018,10
677,-2.281,-0.745,0.000,-1.194,-0.616,-0.018,10
678,-2.277,-0.746,0.000,-1.174,-0.617,-0.018,10
679,-2.274,-0.746,0.000,-1.155,-0.617,-0.018,10
680,-2.270,-0.746,0.000,-1.135,-0.618,-0.018,10
681,-2.266,-0.746,0.000,-1.117,-0.619,-0.017,10
682,-2.262,-0.746,0.000,-1.098,-0.620,-0.017,10
683,-2.258,-0.746,0.000,-1.080,-0.622,-0.017,10
684,-2.255,-0.746,0.000,-1.062,-0.623,-0.017,10
685,-2.251,-0.746,0.000,-1.044,-0.624,-0.017,10
686,-2.247,-0.746,0.000,-1.027,-0.626,-0.017,10
687,-2.243,-0.746,0.000,-1.010,-0.628,-0.016,10
688,-2.240,-0.746,0.000,-0.993,-0.629,-0.016,10
689,-2.236,-0.746,0.000,-0.977,-0.631,-0.016,10
690,-2.232,-0.746,0.000,-0.961,-0.633,-0.016,10
691,-2.228,-0.746,0.000,-0.945,-0.635,-0.016,10
692,-2.225,-0.746,0.000,-0.930,-0.638,-0.016,10
693,-2.221,-0.747,0.000,-0.915,-0.640,-0.016,10
694,-2.217,-0.747,0.000,-0.900,-0.643,-0.016,10
695,-2.213,-0.747,0.000,-0.885,-0.645,-0.015,10
696,-2.210,-0.747,0.000,-0.871,-0.648,-0.015,10
697,-2.206,-0.747,0.000,-0.857,-0.651,-0.015,10
698,-2.202,-0.747,0.000,-0.843,-0.654,-0.015,10
699,-2.198,-0.747,0.000,-0.830,-0.657,-0.015,10
700,-2.195,-0.747,0.000,-0.817,-0.660,-0.015,10
701,-2.191,-0.747,0.000,-0.804,-0.663,-0.015,10
702,-2.187,-0.747,0.000,-0.791,-0.666,-0.015,10
703,-2.184,-0.747,0.000,-0.779,-0.670,-0.015,10
704,-2.180,-0.747,0.000,-0.767,-0.673,-0.014,10
705,-2.176,-0.747,0.000,-0.755,-0.677,-0.014,10
706,-2.173,-0.747,0.000,-0.743,-0.681,-0.014,10
707,-2.169,-0.747,0.000,-0.732,-0.685,-0.014,10
708,-2.165,-0.747,0.000,-0.721,-0.689,-0.014,10
709,-2.162,-0.747,0.000,-0.710,-0.693,-0.014,10
710,-2.158,-0.747,0.000,-0.699,-0.697,-0.014,10
711,-2.154,-0.747,0.000,-0.689,-0.701,-0.014,10
712,-2.151,-0.747,0.000,-0.678,-0.705,-0.014,10
713,-2.147,-0.748,0.000,-0.668,-0.710,-0.014,10
714,-2.143,-0.748,0.000,-0.658,-0.714,-0.014,10
715,-2.140,-0.748,0.000,-0.649,-0.719,-0.014,10
716,-2.136,-0.748,0.000,-0.639,-0.723,-0.013,10
717,-2.132,-0.748,0.000,-0.630,-0.728,-0.013,10
718,-2.129,-0.748,0.000,-0.621,-0.733,-0.013,10
719,-2.125,-0.748,0.000,-0.612,-0.738,-0.013,10
720,-2.122,-0.748,0.000,-0.603,-0.743,-0.013,10
721,-2.118,-0.748,0.000,-0.594,-0.748,-0.013,10
722,-2.114,-0.748,0.000,-0.585,-0.753,-0.013,10
723,-2.111,-0.748,0.000,-0.577,-0.759,-0.013,10
724,-2.107,-0.748,0.000,-0.569,-0.764,-0.013,10
725,-2.104,-0.748,0.000,-0.561,-0.769,-0.013,10
726,-2.100,-0.748,0.000,-0.553,-0.775,-0.013,10
727,-2.097,-0.748,0.000,-0.545,-0.780,-0.013,10
728,-2.093,-0.748,0.000,-0.537,-0.786,-0.013,10
729,-2.089,-0.748,0.000,-0.529,-0.792,-0.013,10
730,-2.086,-0.748,0.000,-0.522,-0.798,-0.013,10
731,-2.082,-0.748,0.000,-0.515,-0.804,-0.013,10
732,-2.079,-0.748,0.000,-0.507,-0.810,-0.013,10
733,-2.075,-0.748,0.000,-0.500,-0.816,-0.013,10
734,-2.072,-0.748,0.000,-0.493,-0.822,-0.012,10
735,-2.068,-0.748,0.000,-0.486,-0.828,-0.012,10
736,-2.065,-0.748,0.000,-0.479,-0.835,-0.012,10
737,-2.061,-0.748,0.000,-0.473,-0.841,-0.012,10
738,-2.058,-0.748,0.000,-0.466,-0.848,-0.012,10
739,-2.054,-0.748,0.000,-0.459,-0.854,-0.012,10
740,-2.051,-0.748,0.000,-0.453,-0.861,-0.012,10
741,-2.047,-0.748,0.000,-0.447,-0.867,-0.012,10
742,-2.044,-0.749,0.000,-0.440,-0.874,-0.012,10
743,-2.040,-0.749,0.000,-0.434,-0.881,-0.012,10
744,-2.037,-0.749,0.000,-0.428,-0.888,-0.012,10
745,-2.033,-0.749,0.000,-0.422,-0.895,-0.012,10
746,-2.030,-0.749,0.000,-0.416,-0.902,-0.012,10
747,-2.026,-0.749,0.000,-0.410,-0.910,-0.012,10
748,-2.023,-0.749,0.000,-0.404,-0.917,-0.012,10
749,-2.019,-0.749,0.000,-0.398,-0.924,-0.012,10
750,-2.016,-0.749,0.000,-0.393,-0.932,-0.012,10
751,-2.012,-0.749,0.000,-0.387,-0.939,-0.012,10
752,-2.009,-0.749,0.000,-0.381,-0.947,-0.012,10
753,-2.005,-0.749,0.000,-0.376,-0.954,-0.012,10
754,-2.002,-0.749,0.000,-0.370,-0.962,-0.012,10
755,-1.998,-0.749,0.000,-0.365,-0.970,-0.012,10
756,-1.995,-0.749,0.000,-0.360,-0.978,-0.012,10
757,-1.991,-0.749,0.000,-0.354,-0.986,-0.012,10
758,-1.988,-0.749,0.000,-0.349,-0.994,-0.011,10
759,-1.984,-0.749,0.000,-0.344,-1.002,-0.011,10
760,-1.981,-0.749,0.000,-0.339,-1.010,-0.011,10
761,-1.977,-0.749,0.000,-0.333,-1.018,-0.011,10
762,-1.974,-0.749,0.000,-0.328,-1.026,-0.011,10
763,-1.971,-0.749,0.000,-0.323,-1.035,-0.011,10
764,-1.967,-0.749,0.000,-0.318,-1.043,-0.011,10
765,-1.964,-0.749,0.000,-0.313,-1.052,-0.011,10
766,-1.960,-0.749,0.000,-0.308,-1.060,-0.011,10
767,-1.957,-0.749,0.000,-0.303,-1.069,-0.011,10
768,-1.953,-0.749,0.000,-0.298,-1.078,-0.011,10
769,-1.950,-0.749,0.000,-0.294,-1.087,-0.011,10
770,-1.946,-0.749,0.000,-0.289,-1.095,-0.011,10
771,-1.943,-0.749,0.000,-0.284,-1.104,-0.011,10
772,-1.940,-0.749,0.000,-0.279,-1.113,-0.011,10
773,-1.936,-0.749,0.000,-0.274,-1.122,-0.011,10
774,-1.933,-0.749,0.000,-0.270,-1.132,-0.011,10
775,-1.929,-0.749,0.000,-0.265,-1.141,-0.011,10
776,-1.926,-0.749,0.000,-0.260,-1.150,-0.011,10
777,-1.922,-0.749,0.000,-0.256,-1.159,-0.011,10
778,-1.919,-0.749,0.000,-0.251,-1.169,-0.011,10
779,-1.916,-0.749,0.000,-0.247,-1.178,-0.010,10
780,-1.912,-0.749,0.000,-0.242,-1.188,-0.010,10
781,-1.909,-0.749,0.000,-0.238,-1.197,-0.010,10
782,-1.905,-0.749,0.000,-0.233,-1.207,-0.010,10
783,-1.902,-0.749,0.000,-0.229,-1.217,-0.010,10
784,-1.899,-0.749,0.000,-0.224,-1.227,-0.010,10
785,-1.895,-0.749,0.000,-0.220,-1.236,-0.010,10
786,-1.892,-0.749,0.000,-0.215,-1.246,-0.010,10
787,-1.888,-0.749,0.000,-0.211,-1.256,-0.010,10
788,-1.885,-0.749,0.000,-0.207,-1.266,-0.010,10
789,-1.882,-0.749,0.000,-0.203,-1.277,-0.010,10
790,-1.878,-0.749,0.000,-0.198,-1.287,-0.010,10
791,-1.875,-0.749,0.000,-0.194,-1.297,-0.010,10
792,-1.871,-0.749,0.000,-0.190,-1.307,-0.010,10
793,-1.868,-0.749,0.000,-0.186,-1.318,-0.010,10
794,-1.865,-0.749,0.000,-0.182,-1.328,-0.010,10
795,-1.861,-0.749,0.000,-0.178,-1.339,-0.010,10
796,-1.858,-0.749,0.000,-0.174,-1.349,-0.010,10
797,-1.854,-0.750,0.000,-0.170,-1.360,-0.009,10
798,-1.851,-0.750,0.000,-0.166,-1.370,-0.009,10
799,-1.848,-0.750,0.000,-0.162,-1.381,-0.009,10
800,-1.844,-0.750,0.000,-0.158,-1.392,-0.009,10
801,-1.841,-0.750,0.000,-0.155,-1.403,-0.009,10
802,-1.837,-0.750,0.000,-0.151,-1.414,-0.009,10
803,-1.834,-0.750,0.000,-0.147,-1.425,-0.009,10
804,-1.831,-0.750,0.000,-0.144,-1.436,-0.009,10
805,-1.827,-0.750,0.000,-0.140,-1.447,-0.009,10
806,-1.824,-0.750,0.000,-0.137,-1.458,-0.009,10
807,-1.821,-0.750,0.000,-0.133,-1.469,-0.009,10
808,-1.817,-0.750,0.000,-0.130,-1.480,-0.009,10
809,-1.814,-0.750,0.000,-0.127,-1.492,-0.009,10
810,-1.810,-0.750,0.000,-0.123,-1.503,-0.009,10
811,-1.807,-0.750,0.000,-0.120,-1.515,-0.009,10
812,-1.804,-0.750,0.000,-0.117,-1.526,-0.009,10
813,-1.800,-0.750,0.000,-0.114,-1.538,-0.008,10
814,-1.797,-0.750,0.000,-0.111,-1.549,-0.008,10
815,-1.794,-0.750,0.000,-0.108,-1.561,-0.008,10
816,-1.790,-0.750,0.000,-0.106,-1.573,-0.008,10
817,-1.787,-0.750,0.000,-0.103,-1.585,-0.008,10
818,-1.783,-0.750,0.000,-0.100,-1.596,-0.008,10
819,-1.780,-0.750,0.000,-0.097,-1.608,-0.008,10
820,-1.777,-0.750,0.000,-0.095,-1.620,-0.008,10
821,-1.773,-0.750,0.000,-0.092,-1.632,-0.008,10
822,-1.770,-0.750,0.000,-0.090,-1.644,-0.008,10
823,-1.767,-0.750,0.000,-0.088,-1.657,-0.008,10
824,-1.763,-0.750,0.000,-0.085,-1.669,-0.008,10
825,-1.760,-0.750,0.000,-0.083,-1.681,-0.008,10
826,-1.757,-0.750,0.000,-0.081,-1.693,-0.008,10
827,-1.753,-0.750,0.000,-0.079,-1.706,-0.008,10
828,-1.750,-0.750,0.000,-0.077,-1.718,-0.008,10
829,-1.747,-0.750,0.000,-0.075,-1.731,-0.008,10
830,-1.743,-0.750,0.000,-0.073,-1.743,-0.008,10
831,-1.740,-0.750,0.000,-0.071,-1.756,-0.008,10
832,-1.736,-0.750,0.000,-0.070,-1.768,-0.008,10
833,-1.733,-0.750,0.000,-0.068,-1.781,-0.008,10
834,-1.730,-0.750,0.000,-0.066,-1.794,-0.007,10
835,-1.726,-0.750,0.000,-0.065,-1.807,-0.007,10
836,-1.723,-0.750,0.000,-0.063,-1.819,-0.007,10
837,-1.720,-0.750,0.000,-0.062,-1.832,-0.007,10
838,-1.716,-0.750,0.000,-0.061,-1.845,-0.007,10
839,-1.713,-0.750,0.000,-0.059,-1.858,-0.007,10
840,-1.710,-0.750,0.000,-0.058,-1.871,-0.007,10
841,-1.706,-0.750,0.000,-0.057,-1.885,-0.007,10
842,-1.703,-0.750,0.000,-0.056,-1.898,-0.007,10
843,-1.700,-0.750,0.000,-0.055,-1.911,-0.007,10
844,-1.696,-0.750,0.000,-0.054,-1.924,-0.007,10
845,-1.693,-0.750,0.000,-0.053,-1.938,-0.007,10
846,-1.690,-0.750,0.000,-0.052,-1.951,-0.007,10
847,-1.686,-0.750,0.000,-0.051,-1.964,-0.007,10
848,-1.683,-0.750,0.000,-0.051,-1.978,-0.007,10
849,-1.679,-0.750,0.000,-0.050,-1.991,-0.007,10
850,-1.676,-0.750,0.000,-0.049,-2.005,-0.007,10
851,-1.673,-0.750,0.000,-0.049,-2.019,-0.007,10
852,-1.669,-0.750,0.000,-0.048,-2.032,-0.007,10
853,-1.666,-0.750,0.000,-0.048,-2.046,-0.007,10
854,-1.663,-0.750,0.000,-0.047,-2.060,-0.007,10
855,-1.659,-0.750,0.000,-0.047,-2.074,-0.007,10
856,-1.656,-0.750,0.000,-0.046,-2.088,-0.007,10
857,-1.653,-0.750,0.000,-0.046,-2.102,-0.007,10
858,-1.649,-0.750,0.000,-0.045,-2.116,-0.007,10
859,-1.646,-0.750,0.000,-0.045,-2.130,-0.007,10
860,-1.643,-0.750,0.000,-0.045,-2.144,-0.007,10
861,-1.639,-0.750,0.000,-0.045,-2.158,-0.007,10
862,-1.636,-0.750,0.000,-0.044,-2.172,-0.007,10
863,-1.633,-0.750,0.000,-0.044,-2.186,-0.007,10
864,-1.629,-0.750,0.000,-0.044,-2.201,-0.007,10
865,-1.626,-0.750,0.000,-0.044,-2.215,-0.007,10
866,-1.623,-0.750,0.000,-0.043,-2.229,-0.007,10
867,-1.619,-0.750,0.000,-0.043,-2.221,-0.007,10
868,-1.616,-0.750,0.000,-0.043,-2.205,-0.006,10
869,-1.613,-0.750,0.000,-0.043,-2.189,-0.007,10
870,-1.609,-0.750,0.000,-0.043,-2.174,-0.007,10
871,-1.606,-0.750,0.000,-0.043,-2.158,-0.007,10
872,-1.603,-0.750,0.000,-0.042,-2.143,-0.007,10
873,-1.600,-0.750,0.000,-0.042,-2.128,-0.007,10
874,-1.596,-0.750,0.000,-0.042,-2.114,-0.007,10
875,-1.593,-0.750,0.000,-0.042,-2.099,-0.007,10
876,-1.590,-0.750,0.000,-0.042,-2.085,-0.007,10
877,-1.586,-0.750,0.000,-0.042,-2.071,-0.007,10
878,-1.583,-0.750,0.000,-0.041,-2.057,-0.007,10
879,-1.580,-0.750,0.000,-0.041,-2.044,-0.007,10
880,-1.577,-0.750,0.000,-0.041,-2.031,-0.007,10
881,-1.574,-0.750,0.000,-0.041,-2.018,-0.007,10
882,-1.570,-0.750,0.000,-0.041,-2.005,-0.007,10
883,-1.567,-0.750,0.000,-0.040,-1.993,-0.007,10
884,-1.564,-0.750,0.000,-0.040,-1.980,-0.007,10
885,-1.561,-0.750,0.000,-0.040,-1.968,-0.007,10
886,-1.558,-0.750,0.000,-0.039,-1.956,-0.007,10
887,-1.554,-0.750,0.000,-0.039,-1.945,-0.007,10
888,-1.551,-0.750,0.000,-0.039,-1.934,-0.007,10
889,-1.548,-0.750,0.000,-0.038,-1.923,-0.007,10
890,-1.545,-0.750,0.000,-0.038,-1.912,-0.007,10
891,-1.542,-0.750,0.000,-0.038,-1.901,-0.007,10
892,-1.538,-0.750,0.000,-0.037,-1.891,-0.007,10
893,-1.535,-0.750,0.000,-0.037,-1.881,-0.007,10
894,-1.532,-0.750,0.000,-0.036,-1.871,-0.007,10
895,-1.529,-0.750,0.000,-0.036,-1.861,-0.007,10
896,-1.526,-0.750,0.000,-0.035,-1.852,-0.007,10
897,-1.522,-0.750,0.000,-0.035,-1.842,-0.007,10
898,-1.519,-0.750,0.000,-0.034,-1.833,-0.007,10
899,-1.516,-0.750,0.000,-0.034,-1.825,-0.006,10
900,-1.513,-0.750,0.000,-0.033,-1.816,-0.006,10
901,-1.510,-0.750,0.000,-0.033,-1.808,-0.006,10
902,-1.506,-0.750,0.000,-0.032,-1.800,-0.006,10
903,-1.503,-0.750,0.000,-0.031,-1.792,-0.006,10
904,-1.500,-0.750,0.000,-0.031,-1.784,-0.006,10
905,-1.497,-0.750,0.000,-0.030,-1.777,-0.006,10
906,-1.494,-0.750,0.000,-0.029,-1.770,-0.006,10
907,-1.490,-0.750,0.000,-0.029,-1.763,-0.006,10
908,-1.487,-0.750,0.000,-0.028,-1.756,-0.006,10
909,-1.484,-0.750,0.000,-0.027,-1.749,-0.006,10
910,-1.481,-0.750,0.000,-0.027,-1.743,-0.006,10
911,-1.478,-0.750,0.000,-0.026,-1.737,-0.006,10
912,-1.474,-0.750,0.000,-0.025,-1.731,-0.006,10
913,-1.471,-0.750,0.000,-0.024,-1.725,-0.006,10
914,-1.468,-0.750,0.000,-0.024,-1.720,-0.006,10
915,-1.465,-0.750,0.000,-0.023,-1.714,-0.006,10
916,-1.462,-0.750,0.000,-0.022,-1.709,-0.006,10
917,-1.458,-0.750,0.000,-0.021,-1.704,-0.006,10
918,-1.455,-0.750,0.000,-0.021,-1.699,-0.006,10
919,-1.452,-0.750,0.000,-0.020,-1.695,-0.006,10
920,-1.449,-0.750,0.000,-0.019,-1.691,-0.006,10
921,-1.446,-0.750,0.000,-0.018,-1.686,-0.006,10
922,-1.442,-0.750,0.000,-0.018,-1.682,-0.006,10
923,-1.439,-0.750,0.000,-0.017,-1.679,-0.006,10
924,-1.436,-0.750,0.000,-0.016,-1.675,-0.006,10
925,-1.433,-0.750,0.000,-0.015,-1.672,-0.006,10
926,-1.429,-0.750,0.000,-0.015,-1.669,-0.006,10
927,-1.426,-0.750,0.000,-0.014,-1.666,-0.006,10
928,-1.423,-0.750,0.000,-0.013,-1.663,-0.006,10
929,-1.420,-0.750,0.000,-0.013,-1.660,-0.006,10
930,-1.417,-0.750,0.000,-0.012,-1.658,-0.006,10
931,-1.413,-0.750,0.000,-0.011,-1.655,-0.006,10
932,-1.410,-0.750,0.000,-0.011,-1.653,-0.006,10
933,-1.407,-0.750,0.000,-0.010,-1.651,-0.006,10
934,-1.404,-0.750,0.000,-0.009,-1.649,-0.006,10
935,-1.400,-0.750,0.000,-0.009,-1.648,-0.006,10
936,-1.397,-0.750,0.000,-0.008,-1.646,-0.006,10
937,-1.394,-0.750,0.000,-0.008,-1.645,-0.006,10
938,-1.391,-0.750,0.000,-0.007,-1.644,-0.006,10
939,-1.387,-0.750,0.000,-0.007,-1.643,-0.006,10
940,-1.384,-0.750,0.000,-0.006,-1.642,-0.006,10
941,-1.381,-0.750,0.000,-0.006,-1.642,-0.006,10
942,-1.378,-0.750,0.000,-0.005,-1.641,-0.006,10
943,-1.374,-0.750,0.000,-0.005,-1.641,-0.006,10
944,-1.371,-0.750,0.000,-0.004,-1.641,-0.006,10
945,-1.368,-0.750,0.000,-0.004,-1.641,-0.006,10
946,-1.365,-0.750,0.000,-0.004,-1.641,-0.006,10
947,-1.361,-0.750,0.000,-0.003,-1.641,-0.006,10
948,-1.358,-0.750,0.000,-0.003,-1.642,-0.005,10
949,-1.355,-0.750,0.000,-0.003,-1.642,-0.005,10
950,-1.352,-0.750,0.000,-0.002,-1.643,-0.005,10
951,-1.348,-0.750,0.000,-0.002,-1.644,-0.005,10
952,-1.345,-0.750,0.000,-0.002,-1.645,-0.005,10
953,-1.342,-0.750,0.000,-0.002,-1.646,-0.005,10
954,-1.339,-0.750,0.000,-0.001,-1.648,-0.005,10
955,-1.335,-0.750,0.000,-0.001,-1.649,-0.005,10
956,-1.332,-0.750,0.000,-0.001,-1.651,-0.005,10
957,-1.329,-0.750,0.000,-0.001,-1.653,-0.005,10
958,-1.326,-0.750,0.000,-0.001,-1.655,-0.005,10
959,-1.322,-0.750,0.000,-0.001,-1.657,-0.005,10
960,-1.319,-0.750,0.000,-0.001,-1.659,-0.005,10
961,-1.316,-0.750,0.000,-0.001,-1.662,-0.005,10
962,-1.312,-0.750,0.000,-0.001,-1.664,-0.005,10
963,-1.309,-0.750,0.000,-0.001,-1.667,-0.005,10
964,-1.306,-0.750,0.000,-0.001,-1.670,-0.005,10
965,-1.303,-0.750,0.000,-0.001,-1.672,-0.005,10
966,-1.299,-0.750,0.000,-0.001,-1.676,-0.005,10
967,-1.296,-0.750,0.000,-0.001,-1.679,-0.005,10
968,-1.293,-0.750,0.000,-0.001,-1.682,-0.005,10
969,-1.290,-0.750,0.000,-0.001,-1.686,-0.005,10
970,-1.286,-0.750,0.000,-0.001,-1.689,-0.005,10
971,-1.283,-0.750,0.000,-0.001,-1.693,-0.005,10
972,-1.280,-0.750,0.000,-0.002,-1.697,-0.005,10
973,-1.276,-0.750,0.000,-0.002,-1.701,-0.005,10
974,-1.273,-0.750,0.000,-0.002,-1.705,-0.005,10
975,-1.270,-0.750,0.000,-0.002,-1.709,-0.005,10
976,-1.267,-0.750,0.000,-0.002,-1.713,-0.005,10
977,-1.263,-0.750,0.000,-0.002,-1.718,-0.005,10
978,-1.260,-0.750,0.000,-0.003,-1.722,-0.005,10
979,-1.257,-0.750,0.000,-0.003,-1.727,-0.005,10
980,-1.254,-0.750,0.000,-0.003,-1.732,-0.005,10
981,-1.250,-0.750,0.000,-0.003,-1.737,-0.006,10
982,-1.247,-0.750,0.000,-0.003,-1.742,-0.006,10
983,-1.244,-0.750,0.000,-0.004,-1.747,-0.006,10
984,-1.240,-0.750,0.000,-0.004,-1.752,-0.006,10
985,-1.237,-0.750,0.000,-0.004,-1.758,-0.006,10
986,-1.234,-0.750,0.000,-0.004,-1.763,-0.006,10
987,-1.231,-0.750,0.000,-0.004,-1.769,-0.006,10
988,-1.227,-0.750,0.000,-0.005,-1.775,-0.006,10
989,-1.224,-0.750,0.000,-0.005,-1.781,-0.006,10
990,-1.221,-0.750,0.000,-0.005,-1.787,-0.006,10
991,-1.217,-0.750,0.000,-0.005,-1.793,-0.006,10
992,-1.214,-0.750,0.000,-0.005,-1.799,-0.006,10
993,-1.211,-0.750,0.000,-0.006,-1.805,-0.006,10
994,-1.208,-0.750,0.000,-0.006,-1.812,-0.006,10
995,-1.204,-0.750,0.000,-0.006,-1.818,-0.006,10
996,-1.201,-0.750,0.000,-0.006,-1.825,-0.006,10
997,-1.198,-0.750,0.000,-0.006,-1.832,-0.006,10
998,-1.194,-0.750,0.000,-0.006,-1.839,-0.006,10
999,-1.191,-0.750,0.000,-0.006,-1.846,-0.006,10
1000,-1.188,-0.750,0.000,-0.007,-1.853,-0.006,10
1001,-1.184,-0.750,0.000,-0.007,-1.860,-0.006,10
1002,-1.181,-0.750,0.000,-0.007,-1.867,-0.006,10
1003,-1.178,-0.750,0.000,-0.007,-1.874,-0.006,10
1004,-1.175,-0.750,0.000,-0.007,-1.882,-0.006,10
1005,-1.171,-0.750,0.000,-0.007,-1.890,-0.006,10
1006,-1.168,-0.750,0.000,-0.007,-1.897,-0.006,10
1007,-1.165,-0.750,0.000,-0.007,-1.905,-0.006,10
1008,-1.161,-0.750,0.000,-0.007,-1.913,-0.006,10
1009,-1.158,-0.750,0.000,-0.007,-1.921,-0.006,10
1010,-1.155,-0.750,0.000,-0.007,-1.929,-0.006,10
1011,-1.151,-0.750,0.000,-0.007,-1.937,-0.006,10
1012,-1.148,-0.750,0.000,-0.007,-1.945,-0.006,10
1013,-1.145,-0.750,0.000,-0.007,-1.954,-0.006,10
1014,-1.142,-0.750,0.000,-0.007,-1.962,-0.006,10
1015,-1.138,-0.750,0.000,-0.007,-1.971,-0.006,10
1016,-1.135,-0.750,0.000,-0.007,-1.979,-0.006,10
1017,-1.132,-0.750,0.000,-0.007,-1.988,-0.006,10
1018,-1.128,-0.750,0.000,-0.007,-1.997,-0.006,10
1019,-1.125,-0.750,0.000,-0.007,-2.006,-0.006,10
1020,-1.122,-0.750,0.000,-0.007,-2.015,-0.006,10
1021,-1.118,-0.750,0.000,-0.007,-2.024,-0.006,10
1022,-1.115,-0.750,0.000,-0.007,-2.033,-0.006,10
1023,-1.112,-0.750,0.000,-0.006,-2.042,-0.006,10
1024,-1.109,-0.750,0.000,-0.006,-2.052,-0.006,10
1025,-1.105,-0.750,0.000,-0.006,-2.061,-0.006,10
1026,-1.102,-0.750,0.000,-0.006,-2.071,-0.006,10
1027,-1.099,-0.750,0.000,-0.006,-2.081,-0.006,10
1028,-1.095,-0.750,0.000,-0.006,-2.090,-0.006,10
1029,-1.092,-0.750,0.000,-0.006,-2.100,-0.006,10
1030,-1.089,-0.750,0.000,-0.005,-2.110,-0.006,10
1031,-1.085,-0.750,0.000,-0.005,-2.120,-0.006,10
1032,-1.082,-0.750,0.000,-0.005,-2.130,-0.006,10
1033,-1.079,-0.750,0.000,-0.005,-2.140,-0.006,10
1034,-1.075,-0.750,0.000,-0.005,-2.150,-0.006,10
1035,-1.072,-0.750,0.000,-0.004,-2.161,-0.006,10
1036,-1.069,-0.750,0.000,-0.004,-2.171,-0.006,10
1037,-1.066,-0.750,0.000,-0.004,-2.182,-0.006,10
1038,-1.062,-0.750,0.000,-0.004,-2.192,-0.006,10
1039,-1.059,-0.750,0.000,-0.003,-2.203,-0.006,10
1040,-1.056,-0.750,0.000,-0.003,-2.214,-0.006,10
1041,-1.052,-0.750,0.000,-0.003,-2.224,-0.006,10
1042,-1.049,-0.750,0.000,-0.003,-2.227,-0.004,10
1043,-1.046,-0.750,0.000,-0.003,-2.215,-0.006,10
1044,-1.042,-0.750,0.000,-0.002,-2.203,-0.006,10
1045,-1.039,-0.750,0.000,-0.002,-2.191,-0.005,10
1046,-1.036,-0.750,0.000,-0.002,-2.180,-0.005,10
1047,-1.032,-0.750,0.000,-0.002,-2.169,-0.005,10
1048,-1.029,-0.750,0.000,-0.001,-2.157,-0.006,10
1049,-1.026,-0.750,0.000,-0.001,-2.147,-0.005,10
1050,-1.023,-0.750,0.000,-0.001,-2.136,-0.005,10
1051,-1.019,-0.750,0.000,-0.001,-2.126,-0.005,10
1052,-1.016,-0.750,0.000,-0.000,-2.115,-0.005,10
1053,-1.013,-0.750,0.000,-0.000,-2.105,-0.005,10
1054,-1.010,-0.750,0.000,0.000,-2.096,-0.005,10
1055,-1.006,-0.750,0.000,0.000,-2.086,-0.005,10
1056,-1.003,-0.750,0.000,0.000,-2.077,-0.005,10
1057,-1.000,-0.750,0.000,0.001,-2.068,-0.005,10
1058,-0.997,-0.750,0.000,0.001,-2.059,-0.005,10
1059,-0.994,-0.750,0.000,0.001,-2.050,-0.005,10
1060,-0.990,-0.750,0.000,0.001,-2.042,-0.005,10
1061,-0.987,-0.750,0.000,0.001,-2.033,-0.005,10
1062,-0.984,-0.750,0.000,0.002,-2.025,-0.005,10
1063,-0.981,-0.750,0.000,0.002,-2.018,-0.005,10
1064,-0.977,-0.750,0.000,0.002,-2.010,-0.005,10
1065,-0.974,-0.750,0.000,0.002,-2.003,-0.005,10
1066,-0.971,-0.750,0.000,0.002,-1.996,-0.005,10
1067,-0.968,-0.750,0.000,0.002,-1.989,-0.005,10
1068,-0.965,-0.750,0.000,0.002,-1.982,-0.005,10
1069,-0.961,-0.750,0.000,0.002,-1.975,-0.005,10
1070,-0.958,-0.750,0.000,0.002,-1.969,-0.005,10
1071,-0.955,-0.750,0.000,0.002,-1.963,-0.005,10
1072,-0.952,-0.750,0.000,0.003,-1.957,-0.005,10
1073,-0.949,-0.750,0.000,0.003,-1.951,-0.005,10
1074,-0.945,-0.750,0.000,0.003,-1.946,-0.005,10
1075,-0.942,-0.750,0.000,0.003,-1.941,-0.005,10
1076,-0.939,-0.750,0.000,0.003,-1.935,-0.005,10
1077,-0.936,-0.750,0.000,0.003,-1.931,-0.005,10
1078,-0.932,-0.750,0.000,0.003,-1.926,-0.005,10
1079,-0.929,-0.750,0.000,0.003,-1.921,-0.005,10
1080,-0.926,-0.750,0.000,0.003,-1.917,-0.005,10
1081,-0.923,-0.750,0.000,0.003,-1.913,-0.005,10
1082,-0.920,-0.750,0.000,0.002,-1.909,-0.005,10
1083,-0.916,-0.750,0.000,0.002,-1.905,-0.005,10
1084,-0.913,-0.750,0.000,0.002,-1.902,-0.005,10
1085,-0.910,-0.750,0.000,0.002,-1.899,-0.005,10
1086,-0.907,-0.750,0.000,0.002,-1.895,-0.005,10
1087,-0.903,-0.750,0.000,0.002,-1.892,-0.005,10
1088,-0.900,-0.750,0.000,0.002,-1.890,-0.005,10
1089,-0.897,-0.750,0.000,0.002,-1.887,-0.005,10
1090,-0.894,-0.750,0.000,0.002,-1.885,-0.005,10
1091,-0.891,-0.750,0.000,0.002,-1.882,-0.005,10
1092,-0.887,-0.750,0.000,0.002,-1.880,-0.005,10
1093,-0.884,-0.750,0.000,0.001,-1.878,-0.005,10
1094,-0.881,-0.750,0.000,0.001,-1.877,-0.005,10
1095,-0.878,-0.750,0.000,0.001,-1.875,-0.005,10
1096,-0.874,-0.750,0.000,0.001,-1.874,-0.005,10
1097,-0.871,-0.750,0.000,0.001,-1.873,-0.005,10
1098,-0.868,-0.750,0.000,0.001,-1.872,-0.005,10
1099,-0.865,-0.750,0.000,0.001,-1.871,-0.005,10
1100,-0.861,-0.750,0.000,0.000,-1.870,-0.005,10
1101,-0.858,-0.750,0.000,0.000,-1.870,-0.005,10
1102,-0.855,-0.750,0.000,0.000,-1.869,-0.005,10
1103,-0.852,-0.750,0.000,0.000,-1.869,-0.005,10
1104,-0.848,-0.750,0.000,-0.000,-1.869,-0.005,10
1105,-0.845,-0.750,0.000,-0.000,-1.869,-0.005,10
1106,-0.842,-0.750,0.000,-0.000,-1.870,-0.005,10
1107,-0.839,-0.750,0.000,-0.001,-1.870,-0.005,10
1108,-0.835,-0.750,0.000,-0.001,-1.871,-0.005,10
1109,-0.832,-0.750,0.000,-0.001,-1.872,-0.005,10
1110,-0.829,-0.750,0.000,-0.001,-1.872,-0.005,10
1111,-0.826,-0.750,0.000,-0.001,-1.874,-0.005,10
1112,-0.822,-0.750,0.000,-0.001,-1.875,-0.005,10
1113,-0.819,-0.750,0.000,-0.001,-1.876,-0.005,10
1114,-0.816,-0.750,0.000,-0.001,-1.878,-0.005,10
1115,-0.813,-0.750,0.000,-0.002,-1.879,-0.005,10
1116,-0.809,-0.750,0.000,-0.002,-1.881,-0.005,10
1117,-0.806,-0.750,0.000,-0.002,-1.883,-0.005,10
1118,-0.803,-0.750,0.000,-0.002,-1.885,-0.005,10
1119,-0.800,-0.750,0.000,-0.002,-1.888,-0.005,10
1120,-0.796,-0.750,0.000,-0.002,-1.890,-0.005,10
1121,-0.793,-0.750,0.000,-0.002,-1.893,-0.005,10
1122,-0.790,-0.750,0.000,-0.002,-1.895,-0.005,10
1123,-0.787,-0.750,0.000,-0.002,-1.898,-0.005,10
1124,-0.783,-0.750,0.000,-0.002,-1.901,-0.005,10
1125,-0.780,-0.750,0.000,-0.002,-1.904,-0.005,10
1126,-0.777,-0.750,0.000,-0.002,-1.908,-0.005,10
1127,-0.773,-0.750,0.000,-0.003,-1.911,-0.005,10
1128,-0.770,-0.750,0.000,-0.003,-1.915,-0.005,10
1129,-0.767,-0.750,0.000,-0.003,-1.918,-0.005,10
1130,-0.764,-0.750,0.000,-0.003,-1.922,-0.005,10
1131,-0.760,-0.750,0.000,-0.003,-1.926,-0.005,10
1132,-0.757,-0.750,0.000,-0.003,-1.930,-0.006,10
1133,-0.754,-0.750,0.000,-0.003,-1.934,-0.006,10
1134,-0.751,-0.750,0.000,-0.003,-1.939,-0.006,10
1135,-0.747,-0.750,0.000,-0.003,-1.943,-0.006,10
1136,-0.744,-0.750,0.000,-0.003,-1.948,-0.006,10
1137,-0.741,-0.750,0.000,-0.003,-1.952,-0.006,10
1138,-0.737,-0.750,0.000,-0.003,-1.957,-0.006,10
1139,-0.734,-0.750,0.000,-0.003,-1.962,-0.005,10
1140,-0.731,-0.750,0.000,-0.003,-1.967,-0.005,10
1141,-0.728,-0.750,0.000,-0.003,-1.972,-0.005,10
1142,-0.724,-0.750,0.000,-0.002,-1.978,-0.005,10
1143,-0.721,-0.750,0.000,-0.002,-1.983,-0.005,10
1144,-0.718,-0.750,0.000,-0.002,-1.989,-0.005,10
1145,-0.714,-0.750,0.000,-0.002,-1.994,-0.005,10
1146,-0.711,-0.750,0.000,-0.002,-2.000,-0.005,10
1147,-0.708,-0.750,0.000,-0.002,-2.006,-0.005,10
1148,-0.705,-0.750,0.000,-0.002,-2.012,-0.005,10
1149,-0.701,-0.750,0.000,-0.002,-2.018,-0.005,10
1150,-0.698,-0.750,0.000,-0.002,-2.024,-0.005,10
1151,-0.695,-0.750,0.000,-0.002,-2.031,-0.005,10
1152,-0.691,-0.750,0.000,-0.002,-2.037,-0.005,10
1153,-0.688,-0.750,0.000,-0.002,-2.044,-0.005,10
1154,-0.685,-0.750,0.000,-0.002,-2.050,-0.005,10
1155,-0.682,-0.750,0.000,-0.001,-2.057,-0.005,10
1156,-0.678,-0.750,0.000,-0.001,-2.064,-0.005,10
1157,-0.675,-0.750,0.000,-0.001,-2.071,-0.005,10
1158,-0.672,-0.750,0.000,-0.001,-2.078,-0.005,10
1159,-0.668,-0.750,0.000,-0.001,-2.086,-0.005,10
1160,-0.665,-0.750,0.000,-0.001,-2.093,-0.005,10
1161,-0.662,-0.750,0.000,-0.001,-2.100,-0.005,10
1162,-0.658,-0.750,0.000,-0.001,-2.108,-0.005,10
1163,-0.655,-0.750,0.000,-0.001,-2.116,-0.005,10
1164,-0.652,-0.750,0.000,-0.000,-2.123,-0.005,10
1165,-0.649,-0.750,0.000,-0.000,-2.131,-0.005,10
1166,-0.645,-0.750,0.000,-0.000,-2.139,-0.005,10
1167,-0.642,-0.750,0.000,-0.000,-2.147,-0.005,10
1168,-0.639,-0.750,0.000,-0.000,-2.155,-0.005,10
1169,-0.635,-0.750,0.000,0.000,-2.164,-0.005,10
1170,-0.632,-0.750,0.000,0.000,-2.172,-0.005,10
1171,-0.629,-0.750,0.000,0.000,-2.181,-0.005,10
1172,-0.626,-0.750,0.000,0.000,-2.189,-0.005,10
1173,-0.622,-0.750,0.000,0.000,-2.198,-0.005,10
1174,-0.619,-0.750,0.000,0.001,-2.207,-0.005,10
1175,-0.616,-0.750,0.000,0.001,-2.215,-0.005,10
1176,-0.612,-0.750,0.000,0.001,-2.224,-0.005,10
1177,-0.609,-0.750,0.000,0.001,-2.227,-0.004,10
1178,-0.606,-0.750,0.000,0.001,-2.217,-0.006,10
1179,-0.602,-0.750,0.000,0.001,-2.207,-0.006,10
1180,-0.599,-0.750,0.000,0.001,-2.198,-0.005,10
1181,-0.596,-0.750,0.000,0.001,-2.188,-0.005,10
1182,-0.593,-0.750,0.000,0.001,-2.179,-0.005,10
1183,-0.589,-0.750,0.000,0.001,-2.170,-0.005,10
1184,-0.586,-0.750,0.000,0.001,-2.161,-0.005,10
1185,-0.583,-0.750,0.000,0.002,-2.152,-0.005,10
1186,-0.579,-0.750,0.000,0.002,-2.144,-0.005,10
1187,-0.576,-0.750,0.000,0.002,-2.136,-0.005,10
1188,-0.573,-0.750,0.000,0.002,-2.128,-0.005,10
1189,-0.570,-0.750,0.000,0.002,-2.120,-0.005,10
1190,-0.567,-0.750,0.000,0.002,-2.112,-0.005,10
1191,-0.563,-0.750,0.000,0.002,-2.105,-0.005,10
1192,-0.560,-0.750,0.000,0.002,-2.098,-0.005,10
1193,-0.557,-0.750,0.000,0.002,-2.091,-0.005,10
1194,-0.554,-0.750,0.000,0.002,-2.084,-0.005,10
1195,-0.550,-0.750,0.000,0.002,-2.077,-0.005,10
1196,-0.547,-0.750,0.000,0.002,-2.071,-0.005,10
1197,-0.544,-0.750,0.000,0.002,-2.065,-0.005,10
1198,-0.541,-0.750,0.000,0.002,-2.059,-0.005,10
1199,-0.537,-0.750,0.000,0.002,-2.053,-0.005,10
1200,-0.534,-0.750,0.000,0.002,-2.048,-0.005,10
1201,-0.531,-0.750,0.000,0.002,-2.042,-0.005,10
1202,-0.528,-0.750,0.000,0.002,-2.037,-0.005,10
1203,-0.525,-0.750,0.000,0.002,-2.032,-0.005,10
1204,-0.521,-0.750,0.000,0.002,-2.027,-0.005,10
1205,-0.518,-0.750,0.000,0.002,-2.023,-0.005,10
1206,-0.515,-0.750,0.000,0.002,-2.018,-0.005,10
1207,-0.512,-0.750,0.000,0.002,-2.014,-0.005,10
1208,-0.508,-0.750,0.000,0.002,-2.010,-0.005,10
1209,-0.505,-0.750,0.000,0.001,-2.007,-0.005,10
1210,-0.502,-0.750,0.000,0.001,-2.003,-0.005,10
1211,-0.499,-0.750,0.000,0.001,-2.000,-0.005,10
1212,-0.495,-0.750,0.000,0.001,-1.996,-0.005,10
1213,-0.492,-0.750,0.000,0.001,-1.993,-0.005,10
1214,-0.489,-0.750,0.000,0.001,-1.991,-0.005,10
1215,-0.486,-0.750,0.000,0.001,-1.988,-0.005,10
1216,-0.483,-0.750,0.000,0.001,-1.985,-0.005,10
1217,-0.479,-0.750,0.000,0.001,-1.983,-0.005,10
1218,-0.476,-0.750,0.000,0.001,-1.981,-0.005,10
1219,-0.473,-0.750,0.000,0.001,-1.979,-0.005,10
1220,-0.470,-0.750,0.000,0.001,-1.977,-0.005,10
1221,-0.466,-0.750,0.000,0.000,-1.976,-0.005,10
1222,-0.463,-0.750,0.000,0.000,-1.974,-0.005,10
1223,-0.460,-0.750,0.000,0.000,-1.973,-0.005,10
1224,-0.457,-0.750,0.000,0.000,-1.972,-0.005,10
1225,-0.453,-0.750,0.000,0.000,-1.971,-0.005,10
1226,-0.450,-0.750,0.000,0.000,-1.971,-0.005,10
1227,-0.447,-0.750,0.000,-0.000,-1.970,-0.005,10
1228,-0.444,-0.750,0.000,-0.000,-1.970,-0.005,10
1229,-0.440,-0.750,0.000,-0.000,-1.969,-0.005,10
1230,-0.437,-0.750,0.000,-0.000,-1.969,-0.005,10
1231,-0.434,-0.750,0.000,-0.000,-1.969,-0.005,10
1232,-0.431,-0.750,0.000,-0.001,-1.970,-0.005,10
1233,-0.427,-0.750,0.000,-0.001,-1.970,-0.005,10
1234,-0.424,-0.750,0.000,-0.001,-1.971,-0.005,10
1235,-0.421,-0.750,0.000,-0.001,-1.972,-0.005,10
1236,-0.418,-0.750,0.000,-0.001,-1.973,-0.005,10
1237,-0.414,-0.750,0.000,-0.001,-1.974,-0.005,10
1238,-0.411,-0.750,0.000,-0.001,-1.975,-0.005,10
1239,-0.408,-0.750,0.000,-0.001,-1.976,-0.005,10
1240,-0.405,-0.750,0.000,-0.001,-1.978,-0.005,10
1241,-0.401,-0.750,0.000,-0.001,-1.979,-0.005,10
1242,-0.398,-0.750,0.000,-0.001,-1.981,-0.005,10
1243,-0.395,-0.750,0.000,-0.001,-1.983,-0.005,10
1244,-0.392,-0.750,0.000,-0.001,-1.985,-0.005,10
1245,-0.388,-0.750,0.000,-0.001,-1.988,-0.005,10
1246,-0.385,-0.750,0.000,-0.001,-1.990,-0.005,10
1247,-0.382,-0.750,0.000,-0.002,-1.993,-0.005,10
1248,-0.379,-0.750,0.000,-0.002,-1.995,-0.005,10
1249,-0.375,-0.750,0.000,-0.002,-1.998,-0.005,10
1250,-0.372,-0.750,0.000,-0.002,-2.001,-0.005,10
1251,-0.369,-0.750,0.000,-0.002,-2.004,-0.005,10
1252,-0.365,-0.750,0.000,-0.002,-2.008,-0.005,10
1253,-0.362,-0.750,0.000,-0.002,-2.011,-0.005,10
1254,-0.359,-0.750,0.000,-0.002,-2.015,-0.005,10
1255,-0.356,-0.750,0.000,-0.002,-2.018,-0.005,10
1256,-0.352,-0.750,0.000,-0.002,-2.022,-0.005,10
1257,-0.349,-0.750,0.000,-0.002,-2.026,-0.005,10
1258,-0.346,-0.750,0.000,-0.002,-2.030,-0.005,10
1259,-0.343,-0.750,0.000,-0.002,-2.034,-0.005,10
1260,-0.339,-0.750,0.000,-0.002,-2.039,-0.005,10
1261,-0.336,-0.750,0.000,-0.002,-2.043,-0.005,10
1262,-0.333,-0.750,0.000,-0.002,-2.048,-0.005,10
1263,-0.329,-0.750,0.000,-0.002,-2.053,-0.005,10
1264,-0.326,-0.750,0.000,-0.002,-2.057,-0.005,10
1265,-0.323,-0.750,0.000,-0.001,-2.062,-0.005,10
1266,-0.320,-0.750,0.000,-0.001,-2.068,-0.005,10
1267,-0.316,-0.750,0.000,-0.001,-2.073,-0.005,10
1268,-0.313,-0.750,0.000,-0.001,-2.078,-0.005,10
1269,-0.310,-0.750,0.000,-0.001,-2.084,-0.005,10
1270,-0.306,-0.750,0.000,-0.001,-2.089,-0.005,10
1271,-0.303,-0.750,0.000,-0.001,-2.095,-0.005,10
1272,-0.300,-0.750,0.000,-0.001,-2.101,-0.005,10
1273,-0.297,-0.750,0.000,-0.001,-2.107,-0.005,10
1274,-0.293,-0.750,0.000,-0.001,-2.113,-0.005,10
1275,-0.290,-0.750,0.000,-0.001,-2.119,-0.005,10
1276,-0.287,-0.750,0.000,-0.001,-2.125,-0.005,10
1277,-0.283,-0.750,0.000,-0.001,-2.132,-0.005,10
1278,-0.280,-0.750,0.000,-0.001,-2.138,-0.005,10
1279,-0.277,-0.750,0.000,-0.001,-2.145,-0.005,10
1280,-0.274,-0.750,0.000,-0.001,-2.152,-0.005,10
1281,-0.270,-0.750,0.000,-0.001,-2.158,-0.005,10
1282,-0.267,-0.750,0.000,-0.001,-2.165,-0.005,10
1283,-0.264,-0.750,0.000,-0.000,-2.172,-0.005,10
1284,-0.260,-0.750,0.000,-0.000,-2.180,-0.005,10
1285,-0.257,-0.750,0.000,-0.000,-2.187,-0.005,10
1286,-0.254,-0.750,0.000,-0.000,-2.194,-0.005,10
1287,-0.251,-0.750,0.000,-0.000,-2.202,-0.005,10
1288,-0.247,-0.750,0.000,-0.000,-2.210,-0.005,10
1289,-0.244,-0.750,0.000,-0.000,-2.217,-0.005,10
1290,-0.241,-0.750,0.000,0.000,-2.225,-0.005,10
1291,-0.237,-0.750,0.000,0.000,-2.227,-0.004,10
1292,-0.234,-0.750,0.000,0.000,-2.218,-0.005,10
1293,-0.231,-0.750,0.000,0.000,-2.209,-0.006,10
1294,-0.227,-0.750,0.000,0.000,-2.201,-0.005,10
1295,-0.224,-0.750,0.000,0.000,-2.192,-0.005,10
1296,-0.221,-0.750,0.000,0.001,-2.184,-0.005,10
1297,-0.218,-0.750,0.000,0.001,-2.176,0.008,10
1298,-0.215,-0.750,0.000,0.002,-2.168,-0.008,10
1299,-0.211,-0.750,0.000,-0.013,-2.160,-0.011,10
1300,-0.208,-0.750,0.000,-0.026,-2.152,-0.006,10
1301,-0.205,-0.750,0.000,-0.040,-2.145,-0.005,10
1302,-0.202,-0.750,0.000,-0.052,-2.137,-0.007,10
1303,-0.198,-0.750,0.000,-0.064,-2.130,-0.009,10
1304,-0.195,-0.750,0.000,-0.075,-2.123,-0.008,10
1305,-0.192,-0.750,0.000,-0.085,-2.117,0.011,10
1306,-0.188,-0.750,0.000,-0.098,-2.110,-0.022,10
1307,-0.185,-0.750,0.000,-0.110,-2.104,-0.007,10
1308,-0.182,-0.750,0.000,-0.125,-2.097,-0.003,10
1309,-0.179,-0.750,0.000,-0.144,-2.091,-0.011,10
1310,-0.176,-0.750,0.000,-0.162,-2.085,-0.014,10
1311,-0.172,-0.750,0.000,-0.179,-2.079,0.003,10
1312,-0.169,-0.750,0.000,-0.195,-2.073,-0.015,10
1313,-0.166,-0.750,0.000,-0.211,-2.067,0.007,10
1314,-0.163,-0.750,0.000,-0.227,-2.061,-0.036,10
1315,-0.159,-0.750,0.000,-0.243,-2.056,0.007,10
1316,-0.156,-0.750,0.000,-0.258,-2.051,-0.001,10
1317,-0.153,-0.750,0.000,-0.274,-2.046,-0.010,10
1318,-0.150,-0.750,0.000,-0.291,-2.040,-0.007,10
1319,-0.146,-0.750,0.000,-0.306,-2.035,-0.003,10
1320,-0.143,-0.750,0.000,-0.319,-2.030,-0.005,10
1321,-0.140,-0.750,0.000,-0.330,-2.026,-0.007,10
1322,-0.137,-0.750,0.000,-0.338,-2.021,-0.007,10
1323,-0.134,-0.750,0.000,-0.345,-2.017,-0.006,10
1324,-0.130,-0.750,0.000,-0.350,-2.013,-0.007,10
1325,-0.127,-0.750,0.000,-0.353,-2.009,-0.007,10
1326,-0.124,-0.750,0.000,-0.353,-2.005,-0.007,10
1327,-0.125,-0.750,0.000,-0.355,-1.983,-0.007,10
1328,-0.125,-0.750,0.000,-0.357,-1.966,-0.007,10
1329,-0.125,-0.750,0.000,-0.357,-1.948,-0.007,10
1330,-0.125,-0.750,0.000,-0.356,-1.931,-0.007,10
1331,-0.125,-0.750,0.000,-0.354,-1.913,-0.006,10
1332,-0.125,-0.750,0.000,-0.351,-1.896,-0.006,10
1333,-0.125,-0.750,0.000,-0.347,-1.879,-0.006,10
1334,-0.125,-0.750,0.000,-0.343,-1.863,-0.006,10
1335,-0.125,-0.750,0.000,-0.338,-1.846,-0.005,10
1336,-0.125,-0.750,0.000,-0.332,-1.830,-0.005,10
1337,-0.125,-0.750,0.000,-0.325,-1.813,-0.005,10
1338,-0.125,-0.750,0.000,-0.318,-1.797,-0.005,10
1339,-0.125,-0.750,0.000,-0.311,-1.781,-0.004,10
1340,-0.125,-0.750,0.000,-0.303,-1.766,-0.004,10
1341,-0.125,-0.750,0.000,-0.296,-1.750,-0.004,10
1342,-0.125,-0.750,0.000,-0.287,-1.735,-0.003,10
1343,-0.125,-0.750,0.000,-0.279,-1.719,-0.003,10
1344,-0.125,-0.750,0.000,-0.271,-1.704,-0.003,10
1345,-0.125,-0.750,0.000,-0.262,-1.689,-0.002,10
1346,-0.125,-0.750,0.000,-0.253,-1.674,-0.002,10
1347,-0.125,-0.750,0.000,-0.245,-1.660,-0.002,10
1348,-0.125,-0.750,0.000,-0.236,-1.645,-0.001,10
1349,-0.125,-0.750,0.000,-0.227,-1.631,-0.001,10
1350,-0.125,-0.750,0.000,-0.218,-1.616,-0.001,10
1351,-0.125,-0.750,0.000,-0.210,-1.602,-0.000,10
1352,-0.125,-0.750,0.000,-0.201,-1.588,-0.000,10
1353,-0.125,-0.750,0.000,-0.192,-1.575,0.000,10
1354,-0.125,-0.750,0.000,-0.184,-1.561,0.000,10
1355,-0.125,-0.750,0.000,-0.175,-1.547,0.001,10
1356,-0.125,-0.750,0.000,-0.167,-1.534,0.001,10
1357,-0.125,-0.750,0.000,-0.159,-1.521,0.001,10
1358,-0.125,-0.750,0.000,-0.151,-1.508,0.001,10
1359,-0.125,-0.750,0.000,-0.143,-1.495,0.002,10
1360,-0.125,-0.750,0.000,-0.135,-1.482,0.002,10
1361,-0.125,-0.750,0.000,-0.128,-1.469,0.002,10
1362,-0.125,-0.750,0.000,-0.120,-1.456,0.002,10
1363,-0.123,-0.750,0.000,-0.231,-1.449,-0.000,10
1364,-0.122,-0.750,0.000,-0.561,-1.443,-0.009,10
1365,-0.121,-0.750,0.000,-1.101,-1.437,-0.022,10
1366,-0.119,-0.750,0.000,-1.842,-1.431,-0.041,10
1367,-0.118,-0.750,0.000,-2.785,-1.424,-0.064,10
1368,-0.116,-0.750,0.000,-3.935,-1.418,-0.092,10
1369,-0.115,-0.750,0.000,-5.308,-1.410,-0.126,10
1370,-0.113,-0.750,0.000,-6.930,-1.402,-0.165,10
1371,-0.111,-0.750,0.000,-8.838,-1.392,-0.211,10
1372,-0.109,-0.750,0.000,-11.077,-1.380,-0.265,10
1373,-0.107,-0.750,0.000,-13.687,-1.364,-0.327,10
1374,-0.105,-0.750,0.000,-16.691,-1.343,-0.397,10
1375,-0.103,-0.750,0.000,-20.070,-1.317,-0.475,10
1376,-0.102,-0.751,0.000,-23.942,-1.277,-0.561,10
1377,-0.099,-0.752,0.000,-28.221,-1.233,-0.655,10
1378,-0.096,-0.754,0.000,-32.146,-1.193,-0.743,10
1379,-0.093,-0.756,0.000,-35.503,-1.151,-0.815,10
1380,-0.090,-0.758,0.000,-38.773,-1.107,-0.882,10
1381,-0.087,-0.761,0.000,-41.913,-1.062,-0.946,10
1382,-0.084,-0.764,0.000,-44.829,-1.018,-1.005,10
1383,-0.082,-0.767,0.000,-47.500,-0.976,-1.057,10
1384,-0.079,-0.770,0.000,-49.936,-0.936,-1.105,10
1385,-0.076,-0.773,0.000,-52.151,-0.899,-1.147,10
1386,-0.074,-0.776,0.000,-54.159,-0.864,-1.186,10
1387,-0.071,-0.780,0.000,-55.970,-0.832,-1.222,10
1388,-0.069,-0.784,0.000,-57.601,-0.802,-1.254,10
1389,-0.066,-0.787,0.000,-59.068,-0.775,-1.283,10
1390,-0.064,-0.791,0.000,-60.388,-0.751,-1.311,10
1391,-0.062,-0.795,0.000,-61.634,-0.719,-1.341,10
1392,-0.060,-0.799,0.000,-62.807,-0.690,-1.366,10
1393,-0.058,-0.802,0.000,-64.192,-0.679,-1.382,10
1394,-0.056,-0.806,0.000,-65.652,-0.644,-1.409,10
1395,-0.055,-0.810,0.000,-67.193,-0.590,-1.444,10
1396,-0.053,-0.814,0.000,-68.697,-0.587,-1.456,10
1397,-0.052,-0.818,0.000,-70.161,-0.536,-1.486,10
1398,-0.050,-0.822,0.000,-71.612,-0.495,-1.512,10
1399,-0.051,-0.820,0.000,-73.034,-0.462,-1.504,10
1400,-0.050,-0.823,0.000,-74.385,-0.428,-1.521,10
1401,-0.050,-0.823,0.000,-75.680,-0.394,-1.518,10
1402,-0.049,-0.827,0.000,-76.923,-0.354,-1.538,10
1403,-0.048,-0.831,0.000,-78.130,-0.333,-1.552,10
1404,-0.047,-0.833,0.000,-79.208,-0.307,-1.557,10
1405,-0.046,-0.835,0.000,-80.046,-0.280,-1.563,10
1406,-0.046,-0.839,0.000,-80.633,-0.264,-1.576,10
1407,-0.045,-0.844,0.000,-81.114,-0.235,-1.592,10
1408,-0.044,-0.848,0.000,-81.568,-0.256,-1.596,10
1409,-0.044,-0.851,0.000,-81.998,-0.228,-1.607,10
1410,-0.043,-0.855,0.000,-82.401,-0.200,-1.619,10
1411,-0.043,-0.859,0.000,-82.762,-0.227,-1.623,10
1412,-0.042,-0.862,0.000,-83.081,-0.195,-1.632,10
1413,-0.042,-0.866,0.000,-83.376,-0.175,-1.645,10
1414,-0.041,-0.869,0.000,-83.631,-0.185,-1.650,10
1415,-0.041,-0.872,0.000,-83.827,-0.185,-1.653,10
1416,-0.041,-0.876,0.000,-83.993,-0.172,-1.666,10
1417,-0.040,-0.881,0.000,-84.147,-0.183,-1.675,10
1418,-0.040,-0.885,0.000,-84.285,-0.179,-1.686,10
1419,-0.039,-0.890,0.000,-84.386,-0.171,-1.699,10
1420,-0.039,-0.894,0.000,-84.448,-0.154,-1.712,10
1421,-0.038,-0.898,0.000,-84.490,-0.171,-1.721,10
1422,-0.038,-0.903,0.000,-84.510,-0.159,-1.734,10
1423,-0.038,-0.907,0.000,-84.523,-0.176,-1.743,10
1424,-0.037,-0.912,0.000,-84.496,-0.174,-1.754,10
1425,-0.037,-0.916,0.000,-84.429,-0.176,-1.766,10
1426,-0.036,-0.920,0.000,-84.322,-0.182,-1.777,10
1427,-0.036,-0.925,0.000,-84.188,-0.179,-1.788,10
1428,-0.035,-0.929,0.000,-84.047,-0.193,-1.799,10
1429,-0.035,-0.933,0.000,-83.914,-0.208,-1.809,10
1430,-0.034,-0.938,0.000,-83.780,-0.198,-1.822,10
1431,-0.034,-0.942,0.000,-83.634,-0.205,-1.833,10
1432,-0.033,-0.946,0.000,-83.464,-0.215,-1.843,10
1433,-0.033,-0.951,0.000,-83.265,-0.220,-1.854,10
1434,-0.032,-0.954,0.000,-82.947,-0.236,-1.861,10
1435,-0.032,-0.957,0.000,-82.479,-0.242,-1.867,10
1436,-0.031,-0.962,0.000,-82.007,-0.263,-1.876,10
1437,-0.030,-0.966,0.000,-81.545,-0.279,-1.886,10
1438,-0.030,-0.971,0.000,-81.092,-0.312,-1.893,10
1439,-0.029,-0.975,0.000,-80.636,-0.316,-1.905,10
1440,-0.028,-0.979,0.000,-80.187,-0.331,-1.913,10
1441,-0.028,-0.983,0.000,-79.724,-0.363,-1.920,10
1442,-0.027,-0.988,0.000,-79.292,-0.372,-1.931,10
1443,-0.026,-0.992,0.000,-78.914,-0.382,-1.941,10
1444,-0.025,-0.996,0.000,-78.585,-0.385,-1.954,10
1445,-0.024,-1.001,0.000,-78.312,-0.398,-1.964,10
1446,-0.023,-1.005,0.000,-78.086,-0.433,-1.970,10
1447,-0.022,-1.009,0.000,-77.884,-0.405,-1.989,10
1448,-0.021,-1.014,0.000,-77.693,-0.438,-1.994,10
1449,-0.020,-1.018,0.000,-77.496,-0.444,-2.007,10
1450,-0.019,-1.023,0.000,-77.279,-0.445,-2.019,10
1451,-0.019,-1.027,0.000,-77.123,-0.475,-2.026,10
1452,-0.018,-1.031,0.000,-77.026,-0.478,-2.038,10
1453,-0.017,-1.035,0.000,-76.987,-0.472,-2.052,10
1454,-0.016,-1.040,0.000,-76.983,-0.491,-2.061,10
1455,-0.015,-1.044,0.000,-76.991,-0.470,-2.079,10
1456,-0.014,-1.048,0.000,-77.014,-0.501,-2.085,10
1457,-0.013,-1.053,0.000,-77.036,-0.485,-2.101,10
1458,-0.012,-1.057,0.000,-77.072,-0.476,-2.115,10
1459,-0.011,-1.061,0.000,-77.124,-0.501,-2.124,10
1460,-0.010,-1.066,0.000,-77.174,-0.474,-2.143,10
1461,-0.009,-1.070,0.000,-77.233,-0.487,-2.153,10
1462,-0.008,-1.074,0.000,-77.296,-0.480,-2.158,10
1463,-0.007,-1.079,0.000,-77.358,-0.490,-2.156,10
1464,-0.006,-1.083,0.000,-77.421,-0.477,-2.145,10
1465,-0.005,-1.087,0.000,-77.499,-0.469,-2.122,10
1466,-0.004,-1.092,0.000,-77.592,-0.455,-2.101,10
1467,-0.003,-1.096,0.000,-77.693,-0.459,-2.076,10
1468,-0.002,-1.100,0.000,-77.817,-0.440,-2.055,10
1469,-0.001,-1.105,0.000,-77.892,-0.425,-2.035,10
1470,0.000,-1.109,0.000,-77.969,-0.440,-2.008,10
1471,0.001,-1.113,0.000,-78.046,-0.409,-1.992,10
1472,0.002,-1.118,0.000,-78.124,-0.408,-1.970,10
1473,0.003,-1.122,0.000,-78.206,-0.404,-1.948,10
1474,0.004,-1.126,0.000,-78.291,-0.395,-1.928,10
1475,0.005,-1.131,0.000,-78.385,-0.390,-1.908,45
1476,0.005,-1.134,0.000,-78.540,-0.375,-1.883,45
1477,0.006,-1.139,0.000,-78.736,-0.388,-1.862,45
1478,0.007,-1.143,0.000,-78.929,-0.355,-1.850,45
1479,0.008,-1.149,0.000,-79.121,-0.368,-1.835,45
1480,0.009,-1.152,0.000,-79.304,-0.352,-1.813,45
1481,0.010,-1.157,0.000,-79.428,-0.318,-1.800,45
1482,0.011,-1.161,0.000,-79.515,-0.326,-1.778,45
1483,0.011,-1.163,0.000,-79.544,-0.332,-1.746,45
1484,0.011,-1.166,0.000,-79.491,-0.315,-1.722,45
1485,0.012,-1.170,0.000,-79.442,-0.329,-1.699,45
1486,0.013,-1.173,0.000,-79.405,-0.300,-1.683,45
1487,0.013,-1.175,0.000,-79.379,-0.336,-1.648,45
1488,0.014,-1.176,0.000,-79.360,-0.265,-1.627,45
1489,0.014,-1.176,0.000,-79.340,-0.316,-1.579,45
1490,0.013,-1.175,0.000,-79.305,-0.283,-1.541,45
1491,0.013,-1.175,0.000,-79.272,-0.254,-1.508,45
1492,0.013,-1.174,0.000,-79.241,-0.311,-1.459,45
1493,0.013,-1.175,0.000,-79.193,-0.240,-1.439,46
1494,0.011,-1.166,0.000,-79.121,-0.259,-1.357,46
1495,0.010,-1.157,0.000,-79.066,-0.255,-1.280,46
1496,0.009,-1.151,0.000,-78.989,-0.250,-1.218,46
1497,0.008,-1.149,0.000,-78.856,-0.229,-1.179,46
1498,0.008,-1.149,0.000,-78.765,-0.231,-1.143,46
1499,0.008,-1.146,0.000,-78.664,-0.218,-1.098,46
1500,0.007,-1.142,0.000,-78.540,-0.213,-1.048,46
1501,0.007,-1.141,0.000,-78.362,-0.227,-1.010,46
1502,0.007,-1.142,0.000,-78.165,-0.209,-0.982,46
1503,0.007,-1.140,0.000,-78.040,-0.199,-0.945,46
1504,0.006,-1.140,0.000,-77.959,-0.202,-0.910,46
1505,0.006,-1.137,0.000,-77.829,-0.196,-0.865,46
1506,0.005,-1.133,0.000,-77.672,-0.164,-0.823,46
1507,0.004,-1.129,0.000,-77.524,-0.162,-0.775,46
1508,0.004,-1.129,0.000,-77.360,-0.166,-0.741,46
1509,0.004,-1.130,0.000,-77.248,-0.151,-0.718,46
1510,0.003,-1.127,0.000,-77.173,-0.148,-0.674,46
1511,0.003,-1.124,0.000,-77.084,-0.158,-0.626,46
1512,0.003,-1.123,0.000,-76.955,-0.148,-0.594,46
1513,0.003,-1.123,0.000,-76.780,-0.131,-0.571,46
1514,0.003,-1.124,0.000,-76.522,-0.133,-0.546,46
1515,0.003,-1.123,0.000,-76.142,-0.127,-0.510,46
1516,0.003,-1.124,0.000,-75.677,-0.123,-0.486,46
1517,0.003,-1.123,0.000,-75.147,-0.136,-0.452,46
1518,0.003,-1.123,0.000,-74.578,-0.097,-0.433,46
1519,0.003,-1.123,0.000,-74.039,-0.144,-0.393,46
1520,0.004,-1.125,0.000,-73.517,-0.098,-0.385,46
1521,0.004,-1.127,0.000,-73.021,-0.135,-0.357,46
1522,0.005,-1.129,0.000,-72.559,-0.084,-0.353,46
1523,0.006,-1.131,0.000,-72.159,-0.131,-0.321,46
1524,0.006,-1.131,0.000,-71.781,-0.101,-0.298,46
1525,0.007,-1.135,0.000,-71.435,-0.098,-0.289,46
1526,0.007,-1.134,0.000,-71.127,-0.110,-0.254,46
1527,0.007,-1.136,0.000,-70.861,-0.056,-0.253,46
1528,0.008,-1.139,0.000,-70.629,-0.117,-0.215,46
1529,0.008,-1.138,0.000,-70.404,-0.071,-0.201,46
1530,0.009,-1.142,0.000,-70.210,-0.070,-0.190,46
1531,0.009,-1.142,0.000,-70.036,-0.082,-0.157,46
1532,0.011,-1.144,0.000,-69.926,-0.021,-0.162,46
1533,0.012,-1.147,0.000,-69.891,-0.079,-0.127,46
1534,0.012,-1.147,0.000,-69.869,-0.035,-0.113,46
1535,0.013,-1.150,0.000,-69.893,-0.012,-0.111,46
1536,0.013,-1.151,0.000,-69.949,-0.072,-0.067,46
1537,0.013,-1.152,0.000,-69.997,-0.002,-0.068,46
1538,0.014,-1.154,0.000,-70.019,-0.029,-0.042,46
1539,0.013,-1.153,0.000,-70.058,-0.007,-0.015,46
1540,0.014,-1.155,0.000,-70.145,0.030,-0.013,46
1541,0.015,-1.156,0.000,-70.260,-0.021,0.024,46
1542,0.015,-1.156,0.000,-70.400,0.042,0.030,46
1543,0.016,-1.158,0.000,-70.597,0.015,0.057,46
1544,0.015,-1.157,0.000,-70.798,0.036,0.081,46
1545,0.016,-1.158,0.000,-71.042,0.042,0.095,46
1546,0.016,-1.158,0.000,-71.303,0.044,0.120,46
1547,0.017,-1.161,0.000,-71.590,0.046,0.132,46
1548,0.017,-1.159,0.000,-71.954,0.027,0.170,46
1549,0.016,-1.158,0.000,-72.304,0.102,0.179,46
1550,0.017,-1.159,0.000,-72.666,0.035,0.217,46
1551,0.017,-1.159,0.000,-73.033,0.059,0.233,46
1552,0.018,-1.162,0.000,-73.388,0.119,0.224,46
1553,0.018,-1.164,0.000,-73.767,0.047,0.262,46
1554,0.019,-1.166,0.000,-74.170,0.075,0.269,46
1555,0.018,-1.162,0.000,-74.520,0.103,0.300,46
1556,0.017,-1.160,0.000,-74.819,0.060,0.347,46
1557,0.018,-1.161,0.000,-75.108,0.128,0.347,46
1558,0.019,-1.165,0.000,-75.403,0.069,0.363,46
1559,0.019,-1.166,0.000,-75.710,0.083,0.375,46
1560,0.018,-1.163,0.000,-75.980,0.119,0.402,46
1561,0.018,-1.161,0.000,-76.235,0.075,0.445,46
1562,0.017,-1.160,0.000,-76.453,0.131,0.459,46
1563,0.018,-1.162,0.000,-76.684,0.087,0.479,46
1564,0.019,-1.166,0.000,-76.934,0.121,0.472,46
1565,0.019,-1.163,0.000,-77.151,0.100,0.511,46
1566,0.016,-1.154,0.000,-77.334,0.119,0.569,46
1567,0.015,-1.146,0.000,-77.441,0.138,0.622,46
1568,0.015,-1.146,0.000,-77.309,0.142,0.643,46
1569,0.015,-1.150,0.000,-77.264,0.138,0.644,46
1570,0.016,-1.154,0.000,-77.816,0.134,0.649,46
1571,0.016,-1.151,0.000,-78.358,0.136,0.678,46
1572,0.015,-1.146,0.000,-78.374,0.143,0.719,46
1573,0.015,-1.142,0.000,-77.876,0.156,0.754,46
1574,0.015,-1.140,0.000,-76.804,0.177,0.779,46
1575,0.015,-1.142,0.000,-75.768,0.194,0.787,46
1576,0.015,-1.144,0.000,-75.446,0.201,0.795,46
1577,0.015,-1.142,0.000,-75.096,0.213,0.818,46
1578,0.014,-1.139,0.000,-74.039,0.236,0.845,46
1579,0.014,-1.136,0.000,-72.257,0.271,0.867,46
1580,0.014,-1.134,0.000,-69.727,0.318,0.877,46
1581,0.014,-1.133,0.000,-66.352,0.378,0.876,46
1582,0.014,-1.133,0.000,-62.057,0.451,0.861,46
1583,0.014,-1.132,0.000,-56.957,0.538,0.838,46
1584,0.012,-1.129,0.000,-51.758,0.631,0.809,46
1585,0.009,-1.126,0.000,-47.076,0.718,0.780,46
1586,0.007,-1.124,0.000,-42.849,0.797,0.746,46
1587,0.005,-1.122,0.000,-38.617,0.872,0.704,46
1588,0.002,-1.121,0.000,-34.151,0.948,0.650,46
1589,-0.001,-1.119,0.000,-29.658,1.024,0.589,46
1590,-0.004,-1.117,0.000,-25.455,1.096,0.528,46
1591,-0.009,-1.115,0.000,-21.669,1.163,0.468,46
1592,-0.013,-1.113,0.000,-18.244,1.226,0.410,46
1593,-0.018,-1.111,0.000,-15.083,1.284,0.352,46
1594,-0.024,-1.110,0.000,-12.131,1.340,0.293,46
1595,-0.029,-1.108,0.000,-9.364,1.393,0.235,46
1596,-0.035,-1.107,0.000,-6.768,1.444,0.177,46
1597,-0.041,-1.107,0.000,-4.332,1.493,0.119,46
1598,-0.048,-1.106,0.000,-2.039,1.540,0.060,46
1599,-0.054,-1.106,0.000,0.126,1.584,0.002,46
1600,-0.060,-1.106,0.000,2.154,1.626,-0.056,46
1601,-0.066,-1.107,0.000,4.011,1.664,-0.111,46
1602,-0.072,-1.108,0.000,5.645,1.700,-0.163,46
1603,-0.077,-1.109,0.000,7.001,1.735,-0.208,46
1604,-0.083,-1.110,0.000,8.037,1.770,-0.244,46
1605,-0.088,-1.111,0.000,8.728,1.805,-0.272,46
1606,-0.093,-1.112,0.000,9.068,1.841,-0.288,46
1607,-0.098,-1.113,0.000,9.076,1.878,-0.295,46
1608,-0.103,-1.114,0.000,8.813,1.916,-0.290,46
1609,-0.108,-1.115,0.000,8.360,1.951,-0.299,46
1610,-0.113,-1.116,0.000,7.859,1.990,-0.285,46
1611,-0.118,-1.116,0.000,7.207,2.032,-0.243,46
1612,-0.123,-1.117,0.000,6.502,2.070,-0.232,46
1613,-0.128,-1.117,0.000,5.746,2.107,-0.229,46
1614,-0.133,-1.118,0.000,4.971,2.148,-0.163,46
1615,-0.138,-1.118,0.000,4.193,2.184,-0.185,46
1616,-0.143,-1.119,0.000,3.417,2.215,-0.115,46
1617,-0.148,-1.119,0.000,2.647,2.211,-0.107,46
1618,-0.153,-1.119,0.000,1.878,2.162,-0.053,46
1619,-0.158,-1.119,0.000,1.103,2.114,-0.047,46
1620,-0.163,-1.119,0.000,0.318,2.065,-0.004,46
1621,-0.168,-1.119,0.000,-0.494,2.016,0.010,46
1622,-0.174,-1.119,0.000,-1.313,1.970,0.031,46
1623,-0.179,-1.119,0.000,-2.149,1.923,0.068,46
1624,-0.184,-1.119,0.000,-3.029,1.876,0.098,46
1625,-0.190,-1.118,0.000,-3.958,1.828,0.135,46
1626,-0.195,-1.118,0.000,-4.906,1.785,0.135,46
1627,-0.200,-1.117,0.000,-5.852,1.734,0.199,46
1628,-0.206,-1.117,0.000,-6.796,1.694,0.192,46
1629,-0.211,-1.116,0.000,-7.733,1.644,0.237,46
1630,-0.216,-1.115,0.000,-8.676,1.602,0.239,46
1631,-0.221,-1.115,0.000,-9.626,1.554,0.270,46
1632,-0.227,-1.114,0.000,-10.574,1.510,0.289,46
1633,-0.232,-1.113,0.000,-11.519,1.466,0.309,46
1634,-0.238,-1.111,0.000,-12.484,1.428,0.312,46
1635,-0.243,-1.110,0.000,-13.478,1.385,0.326,46
1636,-0.249,-1.109,0.000,-14.553,1.338,0.363,46
1637,-0.254,-1.107,0.000,-15.645,1.300,0.360,46
1638,-0.260,-1.105,0.000,-16.598,1.262,0.372,46
1639,-0.266,-1.103,0.000,-17.269,1.226,0.376,46
1640,-0.272,-1.101,0.000,-17.848,1.189,0.386,51
1641,-0.278,-1.099,0.000,-18.458,1.155,0.379,51
1642,-0.283,-1.098,0.000,-19.211,1.118,0.382,51
1643,-0.289,-1.096,0.000,-20.067,1.080,0.389,51
1644,-0.294,-1.094,0.000,-20.980,1.044,0.395,51
1645,-0.300,-1.091,0.000,-21.911,1.008,0.400,51
1646,-0.305,-1.089,0.000,-22.832,0.973,0.404,51
1647,-0.311,-1.087,0.000,-23.721,0.939,0.407,51
1648,-0.316,-1.084,0.000,-24.562,0.906,0.408,51
1649,-0.322,-1.082,0.000,-25.345,0.874,0.408,51
1650,-0.327,-1.079,0.000,-26.062,0.843,0.406,51
1651,-0.332,-1.076,0.000,-26.710,0.813,0.403,51
1652,-0.338,-1.074,0.000,-27.288,0.784,0.399,51
1653,-0.343,-1.071,0.000,-27.799,0.757,0.393,51
1654,-0.348,-1.068,0.000,-28.246,0.730,0.386,51
1655,-0.354,-1.065,0.000,-28.637,0.705,0.379,51
1656,-0.359,-1.062,0.000,-28.977,0.680,0.370,51
1657,-0.360,-1.062,0.000,-29.835,0.632,0.356,51
1658,-0.360,-1.062,0.000,-31.771,0.577,0.351,-1
1659,-0.364,-1.060,0.000,-34.565,0.533,0.361,-1
1660,-0.368,-1.057,0.000,-37.628,0.490,0.371,38
1661,-0.371,-1.054,0.000,-40.181,0.448,0.370,38
1662,-0.374,-1.051,0.000,-41.707,0.414,0.361,38
1663,-0.377,-1.049,0.000,-42.281,0.385,0.342,38
1664,-0.380,-1.046,0.000,-41.967,0.361,0.317,38
1665,-0.383,-1.044,0.000,-40.841,0.342,0.288,38
1666,-0.386,-1.041,0.000,-38.880,0.327,0.257,38
1667,-0.389,-1.038,0.000,-36.109,0.314,0.222,38
1668,-0.393,-1.036,0.000,-32.978,0.300,0.188,38
1669,-0.396,-1.034,0.000,-29.843,0.284,0.157,38
1670,-0.400,-1.032,0.000,-26.835,0.266,0.129,38
1671,-0.404,-1.030,0.000,-23.992,0.247,0.104,38
1672,-0.409,-1.028,0.000,-21.318,0.227,0.083,38
1673,-0.413,-1.026,0.000,-18.806,0.207,0.065,38
1674,-0.418,-1.025,0.000,-16.443,0.186,0.049,38
1675,-0.423,-1.024,0.000,-14.215,0.166,0.036,38
1676,-0.428,-1.022,0.000,-12.108,0.145,0.026,38
1677,-0.434,-1.021,0.000,-10.108,0.125,0.017,38
1678,-0.439,-1.021,0.000,-8.201,0.105,0.010,38
1679,-0.445,-1.020,0.000,-6.375,0.085,0.004,38
1680,-0.450,-1.019,0.000,-4.620,0.066,-0.000,38
1681,-0.456,-1.019,0.000,-2.925,0.047,-0.003,38
1682,-0.462,-1.019,0.000,-1.287,0.029,-0.005,38
1683,-0.467,-1.019,0.000,0.300,0.011,-0.006,38
1684,-0.473,-1.019,0.000,1.833,-0.006,-0.005,38
1685,-0.479,-1.019,0.000,3.308,-0.023,-0.004,38
1686,-0.485,-1.020,0.000,4.714,-0.039,-0.002,38
1687,-0.491,-1.020,0.000,6.039,-0.054,0.000,38
1688,-0.497,-1.021,0.000,7.268,-0.070,0.003,38
1689,-0.502,-1.021,0.000,8.385,-0.084,0.007,38
1690,-0.508,-1.022,0.000,9.376,-0.099,0.011,38
1691,-0.514,-1.023,0.000,10.231,-0.112,0.015,38
1692,-0.520,-1.024,0.000,10.943,-0.126,0.019,38
1693,-0.526,-1.025,0.000,11.512,-0.139,0.023,38
1694,-0.531,-1.026,0.000,11.944,-0.151,0.026,38
1695,-0.537,-1.027,0.000,12.246,-0.164,0.030,38
1696,-0.543,-1.028,0.000,12.432,-0.176,0.033,38
1697,-0.549,-1.029,0.000,12.514,-0.187,0.036,38
1698,-0.554,-1.031,0.000,12.507,-0.199,0.039,38
1699,-0.560,-1.032,0.000,12.426,-0.210,0.041,38
1700,-0.566,-1.033,0.000,12.282,-0.221,0.042,38
1701,-0.572,-1.034,0.000,12.089,-0.231,0.044,38
1702,-0.578,-1.036,0.000,11.856,-0.241,0.045,38
1703,-0.584,-1.037,0.000,11.593,-0.251,0.046,38
1704,-0.590,-1.038,0.000,11.308,-0.261,0.047,38
1705,-0.595,-1.039,0.000,11.007,-0.270,0.047,38
1706,-0.601,-1.040,0.000,10.695,-0.279,0.047,38
1707,-0.607,-1.041,0.000,10.378,-0.288,0.047,38
1708,-0.613,-1.042,0.000,10.059,-0.296,0.047,38
1709,-0.619,-1.043,0.000,9.741,-0.304,0.047,38
1710,-0.625,-1.044,0.000,9.426,-0.312,0.046,38
1711,-0.631,-1.045,0.000,9.116,-0.319,0.046,38
1712,-0.637,-1.046,0.000,8.813,-0.327,0.045,38
1713,-0.643,-1.047,0.000,8.518,-0.334,0.045,38
1714,-0.649,-1.048,0.000,8.232,-0.340,0.044,38
1715,-0.655,-1.049,0.000,7.956,-0.347,0.043,38
1716,-0.661,-1.050,0.000,7.690,-0.353,0.042,38
1717,-0.667,-1.051,0.000,7.435,-0.358,0.041,38
1718,-0.673,-1.051,0.000,7.190,-0.364,0.041,38
1719,-0.678,-1.052,0.000,6.956,-0.370,0.040,38
1720,-0.684,-1.053,0.000,6.733,-0.377,0.039,38
1721,-0.690,-1.053,0.000,6.521,-0.383,0.038,38
1722,-0.695,-1.054,0.000,6.320,-0.389,0.038,38
1723,-0.701,-1.055,0.000,6.130,-0.396,0.037,38
1724,-0.706,-1.055,0.000,5.951,-0.403,0.037,38
1725,-0.711,-1.056,0.000,5.782,-0.410,0.036,38
1726,-0.716,-1.056,0.000,5.624,-0.417,0.036,38
1727,-0.721,-1.057,0.000,5.476,-0.425,0.035,38
1728,-0.726,-1.057,0.000,5.338,-0.432,0.035,38
1729,-0.731,-1.058,0.000,5.210,-0.440,0.035,38
1730,-0.736,-1.058,0.000,5.092,-0.447,0.034,38
1731,-0.741,-1.059,0.000,4.983,-0.455,0.034,38
1732,-0.745,-1.059,0.000,4.883,-0.463,0.034,38
1733,-0.750,-1.059,0.000,4.792,-0.472,0.034,38
1734,-0.754,-1.060,0.000,4.709,-0.480,0.034,38
1735,-0.759,-1.060,0.000,4.636,-0.488,0.034,38
1736,-0.763,-1.061,0.000,4.570,-0.497,0.034,38
1737,-0.767,-1.061,0.000,4.512,-0.505,0.034,38
1738,-0.772,-1.061,0.000,4.462,-0.514,0.035,38
1739,-0.776,-1.062,0.000,4.419,-0.523,0.035,38
1740,-0.780,-1.062,0.000,4.384,-0.532,0.035,38
1741,-0.784,-1.062,0.000,4.355,-0.541,0.036,38
1742,-0.787,-1.062,0.000,4.333,-0.550,0.036,38
1743,-0.791,-1.063,0.000,4.318,-0.560,0.037,38
1744,-0.795,-1.063,0.000,4.308,-0.569,0.037,38
1745,-0.799,-1.063,0.000,4.304,-0.579,0.038,38
1746,-0.802,-1.064,0.000,4.306,-0.588,0.039,38
1747,-0.806,-1.064,0.000,4.313,-0.598,0.040,38
1748,-0.809,-1.064,0.000,4.324,-0.607,0.041,38
1749,-0.813,-1.064,0.000,4.341,-0.617,0.041,38
1750,-0.816,-1.065,0.000,4.362,-0.627,0.042,38
1751,-0.819,-1.065,0.000,4.387,-0.637,0.043,38
1752,-0.823,-1.065,0.000,4.416,-0.647,0.045,38
1753,-0.826,-1.065,0.000,4.448,-0.657,0.046,38
1754,-0.829,-1.066,0.000,4.483,-0.667,0.047,38
1755,-0.832,-1.066,0.000,4.522,-0.677,0.048,38
1756,-0.835,-1.066,0.000,4.563,-0.688,0.049,38
1757,-0.838,-1.066,0.000,4.607,-0.698,0.051,38
1758,-0.841,-1.067,0.000,4.653,-0.708,0.052,38
1759,-0.844,-1.067,0.000,4.700,-0.719,0.054,38
1760,-0.847,-1.067,0.000,4.750,-0.729,0.055,38
1761,-0.849,-1.067,0.000,4.800,-0.740,0.057,38
1762,-0.852,-1.068,0.000,4.852,-0.750,0.058,38
1763,-0.855,-1.068,0.000,4.905,-0.761,0.060,38
1764,-0.857,-1.068,0.000,4.958,-0.772,0.061,38
1765,-0.860,-1.068,0.000,5.011,-0.782,0.063,38
1766,-0.862,-1.068,0.000,5.065,-0.793,0.065,38
1767,-0.865,-1.069,0.000,5.119,-0.804,0.067,38
1768,-0.867,-1.069,0.000,5.172,-0.814,0.068,38
1769,-0.870,-1.069,0.000,5.225,-0.825,0.070,38
1770,-0.872,-1.069,0.000,5.277,-0.836,0.072,38
1771,-0.874,-1.070,0.000,5.328,-0.847,0.074,38
1772,-0.876,-1.070,0.000,5.378,-0.858,0.075,38
1773,-0.879,-1.070,0.000,5.427,-0.869,0.077,38
1774,-0.881,-1.070,0.000,5.475,-0.880,0.079,38
1775,-0.883,-1.070,0.000,5.521,-0.891,0.081,38
1776,-0.885,-1.071,0.000,5.566,-0.902,0.082,38
1777,-0.887,-1.071,0.000,5.609,-0.913,0.084,38
1778,-0.889,-1.071,0.000,5.650,-0.924,0.086,38
1779,-0.891,-1.071,0.000,5.690,-0.935,0.088,38
1780,-0.893,-1.071,0.000,5.727,-0.946,0.089,38
1781,-0.895,-1.072,0.000,5.763,-0.957,0.091,38
1782,-0.897,-1.072,0.000,5.797,-0.968,0.093,38
1783,-0.899,-1.072,0.000,5.828,-0.979,0.094,38
1784,-0.901,-1.072,0.000,5.858,-0.990,0.096,38
1785,-0.902,-1.072,0.000,5.886,-1.001,0.098,38
1786,-0.904,-1.072,0.000,5.911,-1.012,0.099,38
1787,-0.906,-1.073,0.000,5.935,-1.023,0.101,38
1788,-0.908,-1.073,0.000,5.957,-1.034,0.102,38
1789,-0.909,-1.073,0.000,5.976,-1.046,0.104,38
1790,-0.911,-1.073,0.000,5.994,-1.057,0.106,38
1791,-0.912,-1.073,0.000,6.010,-1.068,0.107,38
1792,-0.914,-1.074,0.000,6.025,-1.079,0.108,38
1793,-0.916,-1.074,0.000,6.037,-1.090,0.110,38
1794,-0.917,-1.074,0.000,6.048,-1.101,0.111,38
1795,-0.919,-1.074,0.000,6.058,-1.112,0.113,38
1796,-0.920,-1.074,0.000,6.066,-1.124,0.114,38
1797,-0.922,-1.074,0.000,6.072,-1.135,0.115,38
1798,-0.923,-1.074,0.000,6.077,-1.146,0.117,38
1799,-0.924,-1.075,0.000,6.081,-1.157,0.118,38
1800,-0.926,-1.075,0.000,6.084,-1.168,0.119,38
1801,-0.927,-1.075,0.000,6.086,-1.179,0.120,38
1802,-0.928,-1.075,0.000,6.087,-1.190,0.121,38
1803,-0.930,-1.075,0.000,6.086,-1.202,0.123,38
1804,-0.931,-1.075,0.000,6.085,-1.213,0.124,38
1805,-0.932,-1.075,0.000,6.084,-1.224,0.125,38
1806,-0.933,-1.076,0.000,6.081,-1.235,0.126,38
1807,-0.935,-1.076,0.000,6.078,-1.246,0.127,38
1808,-0.936,-1.076,0.000,6.074,-1.257,0.128,38
1809,-0.937,-1.076,0.000,6.070,-1.268,0.129,38
1810,-0.938,-1.076,0.000,6.066,-1.279,0.130,38
1811,-0.939,-1.076,0.000,6.061,-1.290,0.132,38
1812,-0.940,-1.076,0.000,6.056,-1.301,0.133,38
1813,-0.941,-1.076,0.000,6.050,-1.312,0.134,38
1814,-0.942,-1.077,0.000,6.045,-1.323,0.135,38
1815,-0.944,-1.077,0.000,6.039,-1.334,0.136,38
1816,-0.945,-1.077,0.000,6.034,-1.345,0.137,38
1817,-0.946,-1.077,0.000,6.028,-1.356,0.138,38
1818,-0.947,-1.077,0.000,6.022,-1.367,0.139,38
1819,-0.948,-1.077,0.000,6.016,-1.378,0.140,38
1820,-0.948,-1.077,0.000,6.011,-1.389,0.141,38
1821,-0.949,-1.077,0.000,6.005,-1.400,0.142,38
1822,-0.950,-1.077,0.000,6.000,-1.410,0.143,38
1823,-0.951,-1.077,0.000,5.994,-1.421,0.144,38
1824,-0.952,-1.078,0.000,5.989,-1.432,0.145,38
1825,-0.953,-1.078,0.000,5.984,-1.443,0.146,38
1826,-0.954,-1.078,0.000,5.979,-1.454,0.147,38
1827,-0.955,-1.078,0.000,5.975,-1.464,0.148,38
1828,-0.956,-1.078,0.000,5.970,-1.475,0.149,38
1829,-0.956,-1.078,0.000,5.966,-1.486,0.150,38
1830,-0.957,-1.078,0.000,5.962,-1.496,0.151,38
1831,-0.958,-1.078,0.000,5.958,-1.507,0.152,38
1832,-0.959,-1.078,0.000,5.955,-1.518,0.153,38
1833,-0.959,-1.078,0.000,5.952,-1.528,0.154,38
1834,-0.960,-1.078,0.000,5.948,-1.539,0.155,38
1835,-0.961,-1.078,0.000,5.945,-1.550,0.156,38
1836,-0.962,-1.079,0.000,5.943,-1.560,0.157,38
1837,-0.962,-1.079,0.000,5.940,-1.571,0.158,38
1838,-0.963,-1.079,0.000,5.938,-1.581,0.159,38
1839,-0.964,-1.079,0.000,5.936,-1.592,0.160,38
1840,-0.964,-1.079,0.000,5.934,-1.602,0.161,38
1841,-0.965,-1.079,0.000,5.932,-1.612,0.162,38
1842,-0.966,-1.079,0.000,5.930,-1.623,0.163,38
1843,-0.966,-1.079,0.000,5.929,-1.633,0.164,38
1844,-0.967,-1.079,0.000,5.928,-1.644,0.165,38
1845,-0.967,-1.079,0.000,5.926,-1.654,0.166,38
1846,-0.968,-1.079,0.000,5.925,-1.664,0.167,38
1847,-0.969,-1.079,0.000,5.924,-1.675,0.168,38
1848,-0.969,-1.079,0.000,5.923,-1.685,0.169,38
1849,-0.970,-1.079,0.000,5.923,-1.695,0.170,38
1850,-0.970,-1.079,0.000,5.922,-1.705,0.171,38
1851,-0.971,-1.079,0.000,5.921,-1.715,0.172,38
1852,-0.971,-1.080,0.000,5.921,-1.726,0.173,38
1853,-0.972,-1.080,0.000,5.920,-1.736,0.175,38
1854,-0.972,-1.080,0.000,5.920,-1.746,0.176,38
1855,-0.973,-1.080,0.000,5.919,-1.756,0.177,38
1856,-0.973,-1.080,0.000,5.919,-1.766,0.178,38
1857,-0.974,-1.080,0.000,5.919,-1.776,0.179,38
1858,-0.974,-1.080,0.000,5.919,-1.786,0.180,38
1859,-0.975,-1.080,0.000,5.919,-1.796,0.181,38
1860,-0.975,-1.080,0.000,5.918,-1.806,0.182,38
1861,-0.976,-1.080,0.000,5.918,-1.816,0.183,38
1862,-0.976,-1.080,0.000,5.918,-1.826,0.184,38
1863,-0.977,-1.080,0.000,5.918,-1.836,0.185,38
1864,-0.977,-1.080,0.000,5.918,-1.846,0.186,38
1865,-0.978,-1.080,0.000,5.918,-1.855,0.187,38
1866,-0.978,-1.080,0.000,5.918,-1.865,0.188,38
1867,-0.978,-1.080,0.000,5.918,-1.875,0.189,38
1868,-0.979,-1.080,0.000,5.918,-1.885,0.190,38
1869,-0.979,-1.080,0.000,5.918,-1.895,0.191,38
1870,-0.980,-1.080,0.000,5.918,-1.904,0.192,38
1871,-0.980,-1.080,0.000,5.918,-1.914,0.193,38
1872,-0.980,-1.080,0.000,5.918,-1.924,0.194,38
1873,-0.981,-1.080,0.000,5.918,-1.933,0.195,38
1874,-0.981,-1.081,0.000,5.918,-1.943,0.196,38
1875,-0.981,-1.081,0.000,5.918,-1.953,0.197,38
1876,-0.982,-1.081,0.000,5.918,-1.962,0.198,38
1877,-0.982,-1.081,0.000,5.918,-1.972,0.199,38
1878,-0.982,-1.081,0.000,5.918,-1.981,0.200,38
1879,-0.983,-1.081,0.000,5.918,-1.991,0.201,38
1880,-0.983,-1.081,0.000,5.918,-2.000,0.202,38
1881,-0.983,-1.081,0.000,5.918,-2.010,0.203,38
1882,-0.984,-1.081,0.000,5.918,-2.019,0.204,38
1883,-0.984,-1.081,0.000,5.918,-2.029,0.205,38
1884,-0.984,-1.081,0.000,5.918,-2.038,0.206,38
1885,-0.985,-1.081,0.000,5.918,-2.047,0.207,38
1886,-0.985,-1.081,0.000,5.918,-2.054,0.231,38
1887,-0.985,-1.081,0.000,5.915,-2.066,0.217,38
1888,-0.986,-1.081,0.000,5.911,-2.076,0.216,38
1889,-0.986,-1.081,0.000,5.914,-2.086,0.215,38
1890,-0.986,-1.081,0.000,5.918,-2.098,0.210,38
1891,-0.986,-1.081,0.000,5.933,-2.110,0.204,38
1892,-0.987,-1.081,0.000,5.943,-2.118,0.235,38
1893,-0.987,-1.081,0.000,5.953,-2.133,0.201,38
1894,-0.987,-1.081,0.000,5.962,-2.142,0.242,38
1895,-0.987,-1.081,0.000,5.971,-2.157,0.229,38
1896,-0.987,-1.081,0.000,5.979,-2.170,0.231,38
1897,-0.988,-1.081,0.000,5.986,-2.184,0.233,38
1898,-0.988,-1.081,0.000,5.992,-2.200,0.210,38
1899,-0.988,-1.081,0.000,5.999,-2.212,0.240,38
1900,-0.988,-1.081,0.000,6.007,-2.218,0.217,38
1901,-0.989,-1.081,0.000,6.014,-2.157,0.247,38
1902,-0.989,-1.081,0.000,6.021,-2.096,0.216,38
1903,-0.989,-1.081,0.000,6.017,-2.034,0.225,38
1904,-0.989,-1.081,0.000,6.011,-1.972,0.217,38
1905,-0.989,-1.081,0.000,6.008,-1.911,0.203,38
1906,-0.989,-1.081,0.000,6.002,-1.853,0.181,38
1907,-0.990,-1.081,0.000,6.007,-1.790,0.204,38
1908,-0.990,-1.081,0.000,6.006,-1.735,0.154,38
1909,-0.990,-1.081,0.000,6.005,-1.673,0.184,38
1910,-0.991,-1.082,0.000,6.005,-1.618,0.152,38
1911,-0.991,-1.082,0.000,6.004,-1.557,0.186,38
1912,-0.992,-1.082,0.000,6.022,-1.505,0.130,38
1913,-0.992,-1.082,0.000,6.056,-1.445,0.170,38
1914,-0.993,-1.082,0.000,6.094,-1.394,0.129,38
1915,-0.993,-1.082,0.000,6.130,-1.337,0.149,38
1916,-0.993,-1.082,0.000,6.165,-1.285,0.134,38
1917,-0.994,-1.082,0.000,6.220,-1.233,0.124,38
1918,-0.994,-1.082,0.000,6.268,-1.178,0.145,38
1919,-0.995,-1.082,0.000,6.322,-1.130,0.111,38
1920,-0.995,-1.082,0.000,6.373,-1.078,0.122,38
1921,-0.996,-1.082,0.000,6.429,-1.028,0.111,38
1922,-0.996,-1.082,0.000,6.479,-0.980,0.103,38
1923,-0.997,-1.082,0.000,6.524,-0.930,0.101,38
1924,-0.997,-1.082,0.000,6.565,-0.882,0.097,38
1925,-0.997,-1.082,0.000,6.602,-0.834,0.091,38
1926,-0.998,-1.082,0.000,6.634,-0.786,0.086,38
1927,-0.998,-1.082,0.000,6.664,-0.736,0.103,38
1928,-0.999,-1.082,0.000,6.692,-0.694,0.061,38
1929,-0.999,-1.082,0.000,6.710,-0.644,0.089,38
1930,-1.000,-1.082,0.000,6.720,-0.600,0.073,38
1931,-1.000,-1.083,0.000,6.727,-0.556,0.069,38
1932,-1.001,-1.083,0.000,6.730,-0.512,0.068,38
1933,-1.001,-1.083,0.000,6.730,-0.469,0.058,38
1934,-1.002,-1.083,0.000,6.727,-0.427,0.044,38
1935,-1.002,-1.083,0.000,6.713,-0.386,0.035,38
1936,-1.002,-1.083,0.000,6.699,-0.342,0.060,38
1937,-1.003,-1.083,0.000,6.686,-0.305,0.033,38
1938,-1.003,-1.083,0.000,6.672,-0.266,0.021,38
1939,-1.004,-1.083,0.000,6.658,-0.226,0.041,38
1940,-1.004,-1.083,0.000,6.644,-0.191,0.018,38
1941,-1.004,-1.083,0.000,6.630,-0.157,-0.000,38
1942,-1.005,-1.083,0.000,6.617,-0.115,0.051,38
1943,-1.005,-1.083,0.000,6.603,-0.090,-0.023,38
1944,-1.005,-1.083,0.000,6.590,-0.054,-0.006,38
1945,-1.006,-1.083,0.000,6.579,-0.015,0.051,38
1946,-1.006,-1.083,0.000,6.573,0.009,-0.025,38
1947,-1.006,-1.083,0.000,6.573,0.041,-0.010,38
1948,-1.007,-1.083,0.000,6.574,0.076,0.028,38
1949,-1.007,-1.083,0.000,6.578,0.099,-0.036,38
1950,-1.007,-1.083,0.000,6.583,0.133,0.008,38
1951,-1.008,-1.083,0.000,6.587,0.158,-0.017,38
1952,-1.008,-1.083,0.000,6.592,0.185,-0.020,38
1953,-1.008,-1.083,0.000,6.597,0.212,-0.015,38
1954,-1.008,-1.084,0.000,6.603,0.237,-0.022,38
1955,-1.009,-1.084,0.000,6.606,0.262,-0.029,38
1956,-1.009,-1.084,0.000,6.595,0.287,-0.022,38
1957,-1.009,-1.084,0.000,6.583,0.310,-0.030,38
1958,-1.010,-1.084,0.000,6.569,0.333,-0.035,38
1959,-1.010,-1.084,0.000,6.552,0.354,-0.056,38
1960,-1.010,-1.084,0.000,6.526,0.380,-0.043,38
1961,-1.010,-1.084,0.000,6.493,0.401,-0.052,38
1962,-1.011,-1.084,0.000,6.464,0.422,-0.056,38
1963,-1.011,-1.084,0.000,6.446,0.443,-0.056,38
1964,-1.011,-1.084,0.000,6.437,0.464,-0.056,38
1965,-1.011,-1.084,0.000,6.431,0.484,-0.060,38
1966,-1.011,-1.084,0.000,6.428,0.504,-0.063,38
1967,-1.012,-1.084,0.000,6.426,0.525,-0.065,38
1968,-1.012,-1.084,0.000,6.425,0.545,-0.067,38
1969,-1.012,-1.084,0.000,6.425,0.564,-0.069,38
1970,-1.012,-1.084,0.000,6.426,0.584,-0.071,38
1971,-1.012,-1.084,0.000,6.427,0.603,-0.073,38
1972,-1.012,-1.084,0.000,6.428,0.623,-0.057,38
1973,-1.012,-1.084,0.000,6.428,0.639,-0.085,38
1974,-1.012,-1.084,0.000,6.430,0.658,-0.077,38
1975,-1.012,-1.084,0.000,6.431,0.676,-0.083,38
1976,-1.012,-1.084,0.000,6.432,0.694,-0.084,38
1977,-1.012,-1.084,0.000,6.433,0.712,-0.085,38
1978,-1.012,-1.084,0.000,6.434,0.730,-0.088,38
1979,-1.012,-1.084,0.000,6.434,0.748,-0.090,38
1980,-1.012,-1.084,0.000,6.435,0.765,-0.092,38
1981,-1.012,-1.084,0.000,6.435,0.783,-0.094,38
1982,-1.012,-1.084,0.000,6.436,0.800,-0.096,38
1983,-1.012,-1.084,0.000,6.436,0.817,-0.098,38
1984,-1.012,-1.084,0.000,6.437,0.834,-0.100,38
1985,-1.012,-1.084,0.000,6.437,0.851,-0.101,38
1986,-1.012,-1.084,0.000,6.437,0.868,-0.103,38
1987,-1.012,-1.084,0.000,6.437,0.885,-0.105,38
1988,-1.012,-1.084,0.000,6.437,0.901,-0.107,38
1989,-1.012,-1.084,0.000,6.437,0.918,-0.109,38
1990,-1.012,-1.084,0.000,6.437,0.934,-0.111,38
1991,-1.012,-1.084,0.000,6.437,0.950,-0.113,38
1992,-1.012,-1.084,0.000,6.437,0.966,-0.114,38
1993,-1.012,-1.084,0.000,6.437,0.983,-0.114,38
1994,-1.012,-1.084,0.000,6.437,0.998,-0.116,38
1995,-1.012,-1.084,0.000,6.437,1.014,-0.121,38
1996,-1.012,-1.084,0.000,6.437,1.030,-0.122,38
1997,-1.012,-1.084,0.000,6.437,1.045,-0.123,38
1998,-1.012,-1.084,0.000,6.437,1.061,-0.125,38
1999,-1.012,-1.084,0.000,6.436,1.076,-0.127,38
2000,-1.012,-1.084,0.000,6.436,1.091,-0.129,38
2001,-1.012,-1.084,0.000,6.436,1.107,-0.130,38
2002,-1.012,-1.084,0.000,6.436,1.122,-0.132,38
2003,-1.012,-1.084,0.000,6.435,1.137,-0.134,38
2004,-1.012,-1.084,0.000,6.435,1.151,-0.135,38
2005,-1.012,-1.084,0.000,6.435,1.166,-0.137,38
2006,-1.012,-1.084,0.000,6.435,1.181,-0.139,38
2007,-1.012,-1.084,0.000,6.434,1.196,-0.140,38
2008,-1.012,-1.084,0.000,6.434,1.210,-0.142,38
2009,-1.012,-1.084,0.000,6.434,1.224,-0.143,38
2010,-1.012,-1.084,0.000,6.433,1.239,-0.145,38
2011,-1.012,-1.084,0.000,6.433,1.253,-0.147,38
2012,-1.012,-1.084,0.000,6.433,1.267,-0.148,38
2013,-1.012,-1.084,0.000,6.432,1.281,-0.150,38
2014,-1.012,-1.084,0.000,6.432,1.295,-0.151,38
2015,-1.012,-1.084,0.000,6.432,1.309,-0.153,38
2016,-1.012,-1.084,0.000,6.431,1.323,-0.155,38
2017,-1.012,-1.084,0.000,6.431,1.336,-0.156,38
2018,-1.012,-1.084,0.000,6.430,1.350,-0.158,38
2019,-1.012,-1.084,0.000,6.430,1.364,-0.159,38
2020,-1.012,-1.084,0.000,6.430,1.377,-0.161,38
2021,-1.012,-1.084,0.000,6.429,1.390,-0.162,38
2022,-1.012,-1.084,0.000,6.429,1.404,-0.164,38
2023,-1.012,-1.084,0.000,6.429,1.417,-0.165,38
2024,-1.012,-1.084,0.000,6.428,1.430,-0.167,38
2025,-1.012,-1.084,0.000,6.428,1.443,-0.168,38
2026,-1.012,-1.084,0.000,6.427,1.456,-0.169,38
2027,-1.012,-1.084,0.000,6.427,1.469,-0.171,38
2028,-1.012,-1.084,0.000,6.427,1.482,-0.172,38
2029,-1.012,-1.084,0.000,6.426,1.494,-0.174,38
2030,-1.012,-1.084,0.000,6.426,1.507,-0.175,38
2031,-1.012,-1.084,0.000,6.425,1.520,-0.177,38
2032,-1.012,-1.084,0.000,6.425,1.532,-0.178,38
2033,-1.012,-1.084,0.000,6.425,1.545,-0.179,38
2034,-1.012,-1.084,0.000,6.424,1.557,-0.181,38
2035,-1.012,-1.084,0.000,6.424,1.569,-0.182,38
2036,-1.012,-1.084,0.000,6.423,1.582,-0.183,38
2037,-1.012,-1.084,0.000,6.423,1.594,-0.185,38
2038,-1.012,-1.084,0.000,6.423,1.606,-0.186,38
2039,-1.012,-1.084,0.000,6.422,1.618,-0.188,38
2040,-1.012,-1.084,0.000,6.422,1.630,-0.189,38
2041,-1.012,-1.084,0.000,6.421,1.642,-0.190,38
2042,-1.012,-1.084,0.000,6.421,1.654,-0.192,38
2043,-1.012,-1.084,0.000,6.421,1.666,-0.193,38
2044,-1.012,-1.084,0.000,6.420,1.677,-0.194,38
2045,-1.012,-1.084,0.000,6.420,1.689,-0.195,38
2046,-1.012,-1.084,0.000,6.419,1.701,-0.197,38
2047,-1.012,-1.084,0.000,6.419,1.712,-0.198,38
2048,-1.012,-1.084,0.000,6.418,1.724,-0.199,38
2049,-1.012,-1.084,0.000,6.418,1.735,-0.201,38
2050,-1.012,-1.084,0.000,6.418,1.746,-0.202,38
2051,-1.012,-1.084,0.000,6.417,1.758,-0.203,38
2052,-1.012,-1.084,0.000,6.417,1.769,-0.204,38
2053,-1.012,-1.084,0.000,6.416,1.780,-0.206,38
2054,-1.012,-1.084,0.000,6.416,1.791,-0.207,38
2055,-1.012,-1.084,0.000,6.415,1.802,-0.208,38
2056,-1.012,-1.084,0.000,6.415,1.813,-0.209,38
2057,-1.012,-1.084,0.000,6.415,1.824,-0.211,38
2058,-1.012,-1.084,0.000,6.414,1.835,-0.212,38
2059,-1.012,-1.084,0.000,6.414,1.846,-0.213,38
2060,-1.012,-1.084,0.000,6.413,1.857,-0.214,38
2061,-1.012,-1.084,0.000,6.413,1.868,-0.215,38
2062,-1.012,-1.084,0.000,6.412,1.879,-0.217,38
2063,-1.012,-1.084,0.000,6.412,1.889,-0.218,38
2064,-1.012,-1.084,0.000,6.411,1.900,-0.219,38
2065,-1.012,-1.084,0.000,6.411,1.910,-0.220,38
2066,-1.012,-1.084,0.000,6.411,1.921,-0.221,38
2067,-1.012,-1.084,0.000,6.410,1.931,-0.222,38
2068,-1.012,-1.084,0.000,6.410,1.942,-0.224,38
2069,-1.012,-1.084,0.000,6.409,1.952,-0.225,38
2070,-1.012,-1.084,0.000,6.409,1.963,-0.226,38
2071,-1.012,-1.084,0.000,6.408,1.973,-0.227,38
2072,-1.012,-1.084,0.000,6.408,1.983,-0.228,38
2073,-1.012,-1.084,0.000,6.407,1.993,-0.229,38
2074,-1.012,-1.084,0.000,6.407,2.003,-0.230,38
2075,-1.012,-1.084,0.000,6.407,2.014,-0.231,38
2076,-1.012,-1.084,0.000,6.406,2.024,-0.233,38
2077,-1.012,-1.084,0.000,6.406,2.034,-0.234,38
2078,-1.012,-1.084,0.000,6.405,2.044,-0.235,38
2079,-1.012,-1.084,0.000,6.405,2.054,-0.236,38
2080,-1.012,-1.084,0.000,6.404,2.064,-0.237,38
2081,-1.012,-1.084,0.000,6.404,2.073,-0.238,38
2082,-1.012,-1.084,0.000,6.403,2.083,-0.239,38
2083,-1.012,-1.084,0.000,6.403,2.093,-0.240,38
2084,-1.012,-1.084,0.000,6.402,2.103,-0.241,38
2085,-1.012,-1.084,0.000,6.402,2.113,-0.242,38
2086,-1.012,-1.084,0.000,6.401,2.122,-0.243,38
2087,-1.012,-1.084,0.000,6.401,2.132,-0.245,38
2088,-1.012,-1.084,0.000,6.401,2.141,-0.246,38
2089,-1.012,-1.084,0.000,6.400,2.151,-0.247,38
2090,-1.012,-1.084,0.000,6.400,2.161,-0.248,38
2091,-1.012,-1.084,0.000,6.399,2.170,-0.249,38
2092,-1.012,-1.084,0.000,6.399,2.179,-0.250,38
2093,-1.012,-1.084,0.000,6.398,2.189,-0.251,38
2094,-1.012,-1.084,0.000,6.397,2.198,-0.252,38
2095,-1.012,-1.084,0.000,6.397,2.208,-0.253,38
2096,-1.012,-1.084,0.000,6.396,2.214,-0.253,38
2097,-1.012,-1.084,0.000,6.396,2.205,-0.253,38
2098,-1.012,-1.084,0.000,6.395,2.194,-0.252,38
2099,-1.012,-1.084,0.000,6.395,2.184,-0.250,38
2100,-1.012,-1.084,0.000,6.394,2.174,-0.249,38
2101,-1.012,-1.084,0.000,6.393,2.164,-0.248,38
2102,-1.012,-1.084,0.000,6.393,2.154,-0.247,38
2103,-1.012,-1.084,0.000,6.392,2.144,-0.246,38
2104,-1.012,-1.084,0.000,6.391,2.135,-0.244,38
2105,-1.012,-1.084,0.000,6.391,2.125,-0.243,38
2106,-1.012,-1.084,0.000,6.390,2.116,-0.242,38
2107,-1.012,-1.084,0.000,6.390,2.106,-0.241,38
2108,-1.012,-1.084,0.000,6.389,2.097,-0.240,38
2109,-1.012,-1.084,0.000,6.388,2.088,-0.239,38
2110,-1.012,-1.084,0.000,6.388,2.079,-0.238,38
2111,-1.012,-1.084,0.000,6.387,2.070,-0.237,38
2112,-1.012,-1.084,0.000,6.386,2.061,-0.236,38
2113,-1.012,-1.084,0.000,6.386,2.053,-0.235,38
2114,-1.012,-1.084,0.000,6.385,2.044,-0.234,38
2115,-1.012,-1.084,0.000,6.384,2.036,-0.233,38
2116,-1.012,-1.084,0.000,6.384,2.027,-0.232,38
2117,-1.012,-1.084,0.000,6.383,2.019,-0.231,38
2118,-1.012,-1.084,0.000,6.383,2.011,-0.230,38
2119,-1.012,-1.084,0.000,6.382,2.003,-0.229,38
2120,-1.012,-1.084,0.000,6.381,1.995,-0.229,38
2121,-1.012,-1.084,0.000,6.381,1.987,-0.228,38
2122,-1.012,-1.084,0.000,6.380,1.979,-0.227,38
2123,-1.012,-1.084,0.000,6.379,1.972,-0.226,38
2124,-1.012,-1.084,0.000,6.379,1.964,-0.225,38
2125,-1.012,-1.084,0.000,6.378,1.957,-0.224,38
2126,-1.012,-1.084,0.000,6.377,1.950,-0.223,38
2127,-1.012,-1.084,0.000,6.377,1.942,-0.222,38
2128,-1.012,-1.084,0.000,6.376,1.935,-0.222,38
2129,-1.012,-1.084,0.000,6.375,1.928,-0.221,38
2130,-1.012,-1.084,0.000,6.375,1.921,-0.220,38
2131,-1.012,-1.084,0.000,6.374,1.914,-0.219,38
2132,-1.012,-1.084,0.000,6.373,1.908,-0.218,38
2133,-1.012,-1.084,0.000,6.373,1.901,-0.218,38
2134,-1.012,-1.084,0.000,6.372,1.894,-0.217,38
2135,-1.012,-1.084,0.000,6.371,1.888,-0.216,38
2136,-1.012,-1.084,0.000,6.371,1.881,-0.215,38
2137,-1.012,-1.084,0.000,6.370,1.875,-0.215,38
2138,-1.012,-1.084,0.000,6.369,1.869,-0.214,38
2139,-1.012,-1.084,0.000,6.369,1.863,-0.213,38
2140,-1.012,-1.084,0.000,6.368,1.857,-0.213,38
2141,-1.012,-1.084,0.000,6.367,1.851,-0.212,38
2142,-1.012,-1.084,0.000,6.367,1.845,-0.211,38
2143,-1.012,-1.084,0.000,6.366,1.839,-0.211,38
2144,-1.012,-1.084,0.000,6.365,1.833,-0.210,38
2145,-1.012,-1.084,0.000,6.365,1.827,-0.209,38
2146,-1.012,-1.084,0.000,6.364,1.822,-0.209,38
2147,-1.012,-1.084,0.000,6.363,1.816,-0.208,38
2148,-1.012,-1.084,0.000,6.363,1.811,-0.207,38
2149,-1.012,-1.084,0.000,6.362,1.805,-0.207,38
2150,-1.012,-1.084,0.000,6.361,1.800,-0.206,38
2151,-1.012,-1.084,0.000,6.361,1.795,-0.205,38
2152,-1.012,-1.084,0.000,6.360,1.790,-0.205,38
2153,-1.012,-1.084,0.000,6.359,1.785,-0.204,38
2154,-1.012,-1.084,0.000,6.359,1.780,-0.204,38
2155,-1.012,-1.084,0.000,6.358,1.775,-0.203,38
2156,-1.012,-1.084,0.000,6.357,1.770,-0.203,38
2157,-1.012,-1.084,0.000,6.357,1.765,-0.202,38
2158,-1.012,-1.084,0.000,6.356,1.761,-0.202,38
2159,-1.012,-1.084,0.000,6.355,1.756,-0.201,38
2160,-1.011,-1.084,0.000,6.354,1.751,-0.200,38
2161,-1.011,-1.084,0.000,6.354,1.747,-0.200,38
2162,-1.011,-1.084,0.000,6.353,1.743,-0.199,38
2163,-1.011,-1.084,0.000,6.352,1.738,-0.199,38
2164,-1.011,-1.084,0.000,6.352,1.734,-0.198,38
2165,-1.011,-1.084,0.000,6.351,1.730,-0.198,38
2166,-1.011,-1.084,0.000,6.350,1.726,-0.197,38
2167,-1.011,-1.084,0.000,6.349,1.722,-0.197,38
2168,-1.011,-1.084,0.000,6.349,1.718,-0.196,38
2169,-1.011,-1.084,0.000,6.348,1.714,-0.196,38
2170,-1.011,-1.084,0.000,6.347,1.710,-0.196,38
2171,-1.011,-1.084,0.000,6.347,1.706,-0.195,38
2172,-1.011,-1.084,0.000,6.346,1.702,-0.195,38
2173,-1.011,-1.084,0.000,6.345,1.698,-0.194,38
2174,-1.011,-1.084,0.000,6.344,1.695,-0.194,38
2175,-1.011,-1.084,0.000,6.344,1.691,-0.193,38
2176,-1.011,-1.084,0.000,6.343,1.688,-0.193,38
2177,-1.011,-1.084,0.000,6.342,1.684,-0.193,38
2178,-1.011,-1.084,0.000,6.341,1.681,-0.192,38
2179,-1.011,-1.084,0.000,6.341,1.677,-0.192,38
2180,-1.011,-1.084,0.000,6.340,1.674,-0.191,38
2181,-1.011,-1.084,0.000,6.339,1.671,-0.191,38
2182,-1.011,-1.084,0.000,6.338,1.668,-0.191,38
2183,-1.011,-1.084,0.000,6.337,1.664,-0.190,38
2184,-1.011,-1.084,0.000,6.337,1.661,-0.190,38
2185,-1.011,-1.084,0.000,6.336,1.658,-0.190,38
2186,-1.011,-1.084,0.000,6.335,1.655,-0.189,38
2187,-1.011,-1.084,0.000,6.334,1.651,-0.189,38
2188,-1.011,-1.084,0.000,6.333,1.648,-0.188,38
2189,-1.011,-1.084,0.000,6.332,1.644,-0.188,38
2190,-1.011,-1.084,0.000,6.331,1.641,-0.188,38
2191,-1.011,-1.084,0.000,6.330,1.637,-0.187,38
2192,-1.011,-1.084,0.000,6.329,1.633,-0.187,38
2193,-1.011,-1.084,0.000,6.328,1.629,-0.186,38
2194,-1.011,-1.084,0.000,6.327,1.625,-0.186,38
2195,-1.011,-1.084,0.000,6.327,1.621,-0.185,38
2196,-1.011,-1.084,0.000,6.326,1.617,-0.185,38
2197,-1.011,-1.084,0.000,6.325,1.612,-0.184,38
2198,-1.011,-1.084,0.000,6.324,1.608,-0.184,38
2199,-1.011,-1.084,0.000,6.324,1.603,-0.183,38
2200,-1.011,-1.084,0.000,6.323,1.598,-0.183,38
2201,-1.011,-1.084,0.000,6.323,1.593,-0.182,38
2202,-1.011,-1.084,0.000,6.322,1.587,-0.182,38
2203,-1.011,-1.084,0.000,6.322,1.582,-0.181,38
2204,-1.011,-1.084,0.000,6.321,1.576,-0.180,38
2205,-1.011,-1.084,0.000,6.321,1.570,-0.180,38
2206,-1.011,-1.084,0.000,6.320,1.564,-0.179,38
2207,-1.011,-1.084,0.000,6.320,1.558,-0.178,38
2208,-1.011,-1.084,0.000,6.319,1.551,-0.178,38
2209,-1.011,-1.084,0.000,6.320,1.545,-0.177,38
2210,-1.011,-1.084,0.000,6.320,1.538,-0.176,38
2211,-1.011,-1.084,0.000,6.321,1.530,-0.175,38
2212,-1.011,-1.084,0.000,6.322,1.523,-0.175,38
2213,-1.011,-1.084,0.000,6.324,1.515,-0.174,38
2214,-1.011,-1.084,0.000,6.326,1.507,-0.173,38
2215,-1.011,-1.084,0.000,6.328,1.499,-0.172,38
2216,-1.011,-1.084,0.000,6.330,1.490,-0.171,38
2217,-1.011,-1.084,0.000,6.333,1.482,-0.170,38
2218,-1.011,-1.084,0.000,6.336,1.473,-0.170,38
2219,-1.011,-1.084,0.000,6.339,1.463,-0.169,38
2220,-1.011,-1.084,0.000,6.343,1.454,-0.168,38
2221,-1.011,-1.084,0.000,6.347,1.444,-0.167,38
2222,-1.011,-1.084,0.000,6.351,1.434,-0.166,38
2223,-1.011,-1.084,0.000,6.355,1.424,-0.165,38
2224,-1.011,-1.084,0.000,6.359,1.413,-0.164,38
2225,-1.011,-1.084,0.000,6.364,1.402,-0.162,38
2226,-1.011,-1.084,0.000,6.369,1.391,-0.161,38
2227,-1.011,-1.084,0.000,6.374,1.380,-0.160,38
2228,-1.011,-1.084,0.000,6.379,1.368,-0.159,38
2229,-1.011,-1.084,0.000,6.382,1.357,-0.158,38
2230,-1.011,-1.084,0.000,6.382,1.345,-0.157,38
2231,-1.011,-1.084,0.000,6.383,1.331,-0.155,38
2232,-1.011,-1.084,0.000,6.383,1.318,-0.154,38
2233,-1.011,-1.084,0.000,6.383,1.303,-0.152,38
2234,-1.011,-1.084,0.000,6.383,1.288,-0.151,38
2235,-1.011,-1.084,0.000,6.382,1.273,-0.149,38
2236,-1.011,-1.084,0.000,6.381,1.256,-0.147,38
2237,-1.011,-1.084,0.000,6.379,1.240,-0.145,38
2238,-1.011,-1.084,0.000,6.378,1.222,-0.143,38
2239,-1.011,-1.084,0.000,6.376,1.204,-0.141,38
2240,-1.011,-1.084,0.000,6.373,1.185,-0.139,38
2241,-1.011,-1.084,0.000,6.371,1.166,-0.136,38
2242,-1.011,-1.084,0.000,6.368,1.147,-0.134,38
2243,-1.011,-1.084,0.000,6.366,1.128,-0.131,38
2244,-1.011,-1.084,0.000,6.364,1.109,-0.129,38
2245,-1.011,-1.084,0.000,6.362,1.090,-0.127,38
2246,-1.011,-1.084,0.000,6.360,1.071,-0.125,38
2247,-1.011,-1.084,0.000,6.358,1.052,-0.123,38
2248,-1.011,-1.084,0.000,6.356,1.034,-0.121,38
2249,-1.011,-1.084,0.000,6.354,1.015,-0.119,38
2250,-1.011,-1.084,0.000,6.353,0.997,-0.116,38
2251,-1.011,-1.084,0.000,6.352,0.979,-0.114,38
2252,-1.011,-1.084,0.000,6.350,0.961,-0.112,38
2253,-1.011,-1.084,0.000,6.349,0.944,-0.110,38
2254,-1.011,-1.084,0.000,6.348,0.926,-0.108,38
2255,-1.011,-1.084,0.000,6.347,0.909,-0.106,38
2256,-1.011,-1.084,0.000,6.346,0.891,-0.105,38
2257,-1.011,-1.084,0.000,6.345,0.874,-0.103,38
2258,-1.011,-1.084,0.000,6.344,0.857,-0.101,38
2259,-1.011,-1.084,0.000,6.343,0.841,-0.099,38
2260,-1.011,-1.084,0.000,6.342,0.824,-0.097,38
2261,-1.011,-1.084,0.000,6.341,0.808,-0.095,38
2262,-1.011,-1.084,0.000,6.341,0.791,-0.093,38
2263,-1.011,-1.084,0.000,6.340,0.775,-0.092,38
2264,-1.011,-1.084,0.000,6.339,0.759,-0.090,38
2265,-1.011,-1.084,0.000,6.339,0.743,-0.088,38
2266,-1.011,-1.084,0.000,6.338,0.727,-0.086,38
2267,-1.011,-1.084,0.000,6.337,0.712,-0.084,38
2268,-1.011,-1.084,0.000,6.337,0.696,-0.083,38
2269,-1.011,-1.084,0.000,6.336,0.681,-0.081,38
2270,-1.011,-1.084,0.000,6.336,0.666,-0.079,38
2271,-1.011,-1.084,0.000,6.335,0.651,-0.078,38
2272,-1.011,-1.084,0.000,6.335,0.636,-0.076,38
2273,-1.011,-1.084,0.000,6.334,0.621,-0.074,38
2274,-1.011,-1.084,0.000,6.334,0.606,-0.073,38
2275,-1.011,-1.084,0.000,6.333,0.592,-0.071,38
2276,-1.011,-1.084,0.000,6.333,0.577,-0.070,38
2277,-1.011,-1.084,0.000,6.332,0.563,-0.068,38
2278,-1.011,-1.084,0.000,6.332,0.549,-0.066,38
2279,-1.011,-1.084,0.000,6.331,0.535,-0.065,38
2280,-1.011,-1.084,0.000,6.331,0.521,-0.063,38
2281,-1.011,-1.084,0.000,6.330,0.507,-0.062,38
2282,-1.011,-1.084,0.000,6.330,0.493,-0.060,38
2283,-1.011,-1.084,0.000,6.329,0.480,-0.059,38
2284,-1.011,-1.084,0.000,6.329,0.466,-0.057,38
2285,-1.011,-1.084,0.000,6.329,0.453,-0.056,38
2286,-1.011,-1.084,0.000,6.328,0.440,-0.054,38
2287,-1.011,-1.084,0.000,6.328,0.427,-0.053,38
2288,-1.011,-1.084,0.000,6.327,0.414,-0.051,38
2289,-1.011,-1.084,0.000,6.327,0.401,-0.050,38
2290,-1.011,-1.084,0.000,6.327,0.388,-0.048,38
2291,-1.011,-1.084,0.000,6.326,0.376,-0.047,38
2292,-1.011,-1.084,0.000,6.326,0.363,-0.046,38
2293,-1.011,-1.084,0.000,6.325,0.351,-0.044,38
2294,-1.011,-1.084,0.000,6.325,0.338,-0.043,38
2295,-1.011,-1.084,0.000,6.325,0.326,-0.042,38
2296,-1.011,-1.084,0.000,6.324,0.314,-0.040,38
2297,-1.011,-1.084,0.000,6.324,0.302,-0.039,38
2298,-1.011,-1.084,0.000,6.323,0.290,-0.038,38
2299,-1.011,-1.084,0.000,6.323,0.278,-0.036,38
2300,-1.011,-1.084,0.000,6.323,0.266,-0.035,38
2301,-1.011,-1.084,0.000,6.322,0.255,-0.034,38
2302,-1.011,-1.084,0.000,6.322,0.243,-0.032,38
2303,-1.011,-1.084,0.000,6.322,0.232,-0.031,38
2304,-1.011,-1.084,0.000,6.321,0.221,-0.030,38
2305,-1.011,-1.084,0.000,6.321,0.209,-0.029,38
2306,-1.011,-1.084,0.000,6.320,0.198,-0.027,38
2307,-1.011,-1.084,0.000,6.320,0.187,-0.026,38
2308,-1.011,-1.084,0.000,6.320,0.176,-0.025,38
2309,-1.011,-1.084,0.000,6.319,0.165,-0.024,38
2310,-1.011,-1.084,0.000,6.319,0.154,-0.023,38
2311,-1.011,-1.084,0.000,6.319,0.144,-0.021,38
2312,-1.011,-1.084,0.000,6.318,0.133,-0.020,38
2313,-1.011,-1.084,0.000,6.318,0.123,-0.019,38
2314,-1.011,-1.084,0.000,6.317,0.112,-0.018,38
2315,-1.011,-1.084,0.000,6.317,0.102,-0.017,38
2316,-1.011,-1.084,0.000,6.317,0.092,-0.016,38
2317,-1.011,-1.084,0.000,6.316,0.081,-0.014,38
2318,-1.011,-1.084,0.000,6.316,0.071,-0.013,38
2319,-1.011,-1.084,0.000,6.316,0.061,-0.012,38
2320,-1.011,-1.084,0.000,6.315,0.051,-0.011,38
2321,-1.011,-1.084,0.000,6.315,0.042,-0.010,38
2322,-1.011,-1.084,0.000,6.315,0.032,-0.009,38
2323,-1.011,-1.084,0.000,6.314,0.022,-0.008,38
2324,-1.011,-1.084,0.000,6.314,0.013,-0.007,38
2325,-1.011,-1.084,0.000,6.313,0.003,-0.006,38
2326,-1.011,-1.084,0.000,6.313,-0.006,-0.005,38
2327,-1.011,-1.084,0.000,6.313,-0.016,-0.004,38
2328,-1.011,-1.084,0.000,6.312,-0.025,-0.003,38
2329,-1.011,-1.084,0.000,6.312,-0.034,-0.002,38
2330,-1.011,-1.084,0.000,6.312,-0.044,-0.001,38
2331,-1.011,-1.084,0.000,6.311,-0.053,0.000,38
2332,-1.011,-1.084,0.000,6.311,-0.062,0.001,38
2333,-1.011,-1.084,0.000,6.311,-0.071,0.002,38
2334,-1.011,-1.084,0.000,6.310,-0.079,0.003,38
2335,-1.011,-1.084,0.000,6.310,-0.088,0.004,38
2336,-1.011,-1.084,0.000,6.309,-0.097,0.005,38
2337,-1.011,-1.084,0.000,6.309,-0.106,0.006,38
2338,-1.011,-1.084,0.000,6.309,-0.114,0.007,38
2339,-1.011,-1.084,0.000,6.308,-0.121,0.029,38
2340,-1.011,-1.084,0.000,6.308,-0.132,0.006,38
2341,-1.011,-1.084,0.000,6.308,-0.139,0.012,38
2342,-1.011,-1.084,0.000,6.309,-0.148,0.012,38
2343,-1.011,-1.084,0.000,6.309,-0.155,0.026,38
2344,-1.011,-1.084,0.000,6.309,-0.165,0.007,38
2345,-1.011,-1.084,0.000,6.299,-0.173,0.010,38
2346,-1.011,-1.084,0.000,6.287,-0.181,0.017,38
2347,-1.011,-1.084,0.000,6.275,-0.189,0.014,38
2348,-1.011,-1.084,0.000,6.264,-0.197,0.014,38
2349,-1.011,-1.084,0.000,6.253,-0.205,0.017,38
2350,-1.011,-1.084,0.000,6.242,-0.213,0.017,38
2351,-1.011,-1.084,0.000,6.232,-0.218,0.039,38
2352,-1.012,-1.084,0.000,6.254,-0.225,0.026,38
2353,-1.012,-1.084,0.000,6.286,-0.232,0.031,38
2354,-1.012,-1.084,0.000,6.317,-0.240,0.035,38
2355,-1.012,-1.084,0.000,6.346,-0.249,0.033,38
2356,-1.012,-1.084,0.000,6.374,-0.259,0.016,38
2357,-1.012,-1.084,0.000,6.401,-0.267,0.031,38
2358,-1.012,-1.084,0.000,6.428,-0.276,0.025,38
2359,-1.012,-1.084,0.000,6.453,-0.286,0.023,38
2360,-1.012,-1.084,0.000,6.477,-0.294,0.028,38
2361,-1.012,-1.084,0.000,6.501,-0.303,0.029,38
2362,-1.012,-1.084,0.000,6.523,-0.312,0.028,38
2363,-1.012,-1.084,0.000,6.545,-0.321,0.030,38
2364,-1.012,-1.084,0.000,6.566,-0.330,0.032,38
2365,-1.012,-1.084,0.000,6.586,-0.339,0.033,38
2366,-1.012,-1.084,0.000,6.606,-0.349,0.034,38
2367,-1.012,-1.084,0.000,6.625,-0.358,0.035,38
2368,-1.012,-1.084,0.000,6.643,-0.368,0.037,38
2369,-1.012,-1.084,0.000,6.661,-0.379,0.038,38
2370,-1.012,-1.084,0.000,6.678,-0.389,0.039,38
2371,-1.012,-1.084,0.000,6.695,-0.400,0.041,38
2372,-1.012,-1.084,0.000,6.712,-0.411,0.042,38
2373,-1.012,-1.084,0.000,6.728,-0.422,0.044,38
2374,-1.012,-1.084,0.000,6.743,-0.433,0.045,38
2375,-1.012,-1.084,0.000,6.758,-0.445,0.047,38
2376,-1.012,-1.084,0.000,6.773,-0.457,0.048,38
2377,-1.012,-1.084,0.000,6.788,-0.469,0.050,38
2378,-1.012,-1.084,0.000,6.802,-0.482,0.052,38
2379,-1.012,-1.084,0.000,6.816,-0.495,0.053,38
2380,-1.012,-1.084,0.000,6.829,-0.507,0.055,38
2381,-1.012,-1.084,0.000,6.842,-0.520,0.057,38
2382,-1.012,-1.084,0.000,6.854,-0.533,0.059,38
2383,-1.012,-1.084,0.000,6.866,-0.546,0.060,38
2384,-1.012,-1.084,0.000,6.878,-0.559,0.062,38
2385,-1.012,-1.084,0.000,6.889,-0.572,0.064,38
2386,-1.012,-1.084,0.000,6.898,-0.585,0.065,38
2387,-1.012,-1.084,0.000,6.907,-0.597,0.067,38
2388,-1.012,-1.084,0.000,6.915,-0.610,0.069,38
2389,-1.012,-1.084,0.000,6.922,-0.622,0.070,38
2390,-1.012,-1.084,0.000,6.929,-0.635,0.072,38
2391,-1.012,-1.084,0.000,6.934,-0.647,0.073,38
2392,-1.012,-1.084,0.000,6.940,-0.659,0.075,38
2393,-1.012,-1.084,0.000,6.944,-0.671,0.076,38
2394,-1.012,-1.084,0.000,6.948,-0.684,0.078,38
2395,-1.012,-1.084,0.000,6.952,-0.696,0.079,38
2396,-1.012,-1.084,0.000,6.955,-0.707,0.081,38
2397,-1.012,-1.084,0.000,6.958,-0.719,0.082,38
2398,-1.012,-1.084,0.000,6.961,-0.731,0.084,38
2399,-1.012,-1.084,0.000,6.963,-0.743,0.085,38
2400,-1.012,-1.084,0.000,6.965,-0.754,0.087,38
2401,-1.012,-1.084,0.000,6.967,-0.766,0.088,38
2402,-1.012,-1.084,0.000,6.969,-0.777,0.090,38
2403,-1.012,-1.084,0.000,6.970,-0.789,0.091,38
2404,-1.012,-1.084,0.000,6.972,-0.800,0.092,38
2405,-1.012,-1.084,0.000,6.973,-0.811,0.094,38
2406,-1.012,-1.084,0.000,6.974,-0.822,0.095,38
2407,-1.012,-1.084,0.000,6.975,-0.833,0.096,38
2408,-1.012,-1.084,0.000,6.975,-0.844,0.098,38
2409,-1.012,-1.084,0.000,6.976,-0.855,0.099,38
2410,-1.012,-1.084,0.000,6.976,-0.866,0.101,38
2411,-1.012,-1.084,0.000,6.977,-0.877,0.102,38
2412,-1.012,-1.084,0.000,6.977,-0.887,0.103,38
2413,-1.012,-1.084,0.000,6.977,-0.898,0.104,38
2414,-1.012,-1.084,0.000,6.978,-0.909,0.106,38
2415,-1.012,-1.084,0.000,6.978,-0.919,0.107,38
2416,-1.012,-1.084,0.000,6.978,-0.930,0.108,38
2417,-1.012,-1.084,0.000,6.978,-0.940,0.110,38
2418,-1.012,-1.084,0.000,6.978,-0.950,0.111,38
2419,-1.012,-1.084,0.000,6.978,-0.960,0.112,38
2420,-1.012,-1.084,0.000,6.978,-0.971,0.113,38
2421,-1.012,-1.084,0.000,6.978,-0.981,0.115,38
2422,-1.012,-1.084,0.000,6.978,-0.991,0.116,38
2423,-1.012,-1.084,0.000,6.978,-1.001,0.117,38
2424,-1.012,-1.084,0.000,6.978,-1.011,0.118,38
2425,-1.012,-1.084,0.000,6.977,-1.020,0.122,38
2426,-1.012,-1.084,0.000,6.979,-1.029,0.133,38
2427,-1.012,-1.084,0.000,6.985,-1.038,0.139,38
2428,-1.012,-1.084,0.000,6.991,-1.050,0.133,38
2429,-1.012,-1.084,0.000,6.997,-1.061,0.135,38
2430,-1.012,-1.084,0.000,7.004,-1.073,0.140,38
2431,-1.012,-1.084,0.000,7.010,-1.085,0.140,38
2432,-1.012,-1.084,0.000,7.017,-1.098,0.141,38
2433,-1.012,-1.084,0.000,7.024,-1.111,0.144,38
2434,-1.012,-1.084,0.000,7.031,-1.125,0.146,38
2435,-1.012,-1.084,0.000,7.038,-1.139,0.147,38
2436,-1.012,-1.084,0.000,7.045,-1.154,0.149,38
2437,-1.012,-1.084,0.000,7.052,-1.170,0.151,38
2438,-1.012,-1.084,0.000,7.059,-1.186,0.154,38
2439,-1.012,-1.084,0.000,7.066,-1.205,0.135,38
2440,-1.012,-1.084,0.000,7.073,-1.221,0.147,38
2441,-1.012,-1.084,0.000,7.080,-1.237,0.152,38
2442,-1.012,-1.084,0.000,7.088,-1.254,0.165,38
2443,-1.012,-1.084,0.000,7.102,-1.272,0.168,38
2444,-1.011,-1.084,0.000,7.125,-1.290,0.165,38
2445,-1.011,-1.084,0.000,7.167,-1.307,0.169,38
2446,-1.011,-1.084,0.000,7.232,-1.324,0.174,38
2447,-1.011,-1.084,0.000,7.318,-1.341,0.178,38
2448,-1.011,-1.084,0.000,7.426,-1.358,0.182,38
2449,-1.011,-1.084,0.000,7.559,-1.374,0.188,38
2450,-1.010,-1.084,0.000,7.715,-1.391,0.194,38
2451,-1.010,-1.084,0.000,7.896,-1.407,0.201,38
2452,-1.010,-1.084,0.000,8.077,-1.422,0.207,38
2453,-1.010,-1.084,0.000,8.238,-1.437,0.213,38
2454,-1.010,-1.084,0.000,8.381,-1.452,0.219,38
2455,-1.010,-1.084,0.000,8.529,-1.468,0.226,38
2456,-1.010,-1.084,0.000,8.704,-1.484,0.226,38
2457,-1.010,-1.084,0.000,8.889,-1.500,0.230,38
2458,-1.010,-1.084,0.000,9.094,-1.515,0.230,38
2459,-1.010,-1.084,0.000,9.292,-1.528,0.247,38
2460,-1.010,-1.084,0.000,9.484,-1.543,0.253,38
2461,-1.010,-1.084,0.000,9.668,-1.558,0.257,38
2462,-1.010,-1.084,0.000,9.844,-1.572,0.268,38
2463,-1.010,-1.084,0.000,9.999,-1.587,0.275,38
2464,-1.010,-1.084,0.000,10.150,-1.603,0.281,38
2465,-1.009,-1.084,0.000,10.317,-1.619,0.288,38
2466,-1.009,-1.084,0.000,10.482,-1.633,0.297,38
2467,-1.009,-1.084,0.000,10.626,-1.648,0.304,38
2468,-1.009,-1.084,0.000,10.749,-1.663,0.310,38
2469,-1.009,-1.084,0.000,10.852,-1.678,0.316,38
2470,-1.009,-1.084,0.000,10.938,-1.692,0.322,38
2471,-1.009,-1.083,0.000,11.011,-1.707,0.327,38
2472,-1.009,-1.083,0.000,11.072,-1.722,0.331,38
2473,-1.009,-1.083,0.000,11.124,-1.736,0.336,38
2474,-1.009,-1.083,0.000,11.180,-1.752,0.341,38
2475,-1.009,-1.083,0.000,11.258,-1.767,0.346,38
2476,-1.009,-1.083,0.000,11.340,-1.781,0.352,38
2477,-1.009,-1.083,0.000,11.408,-1.795,0.357,38
2478,-1.009,-1.083,0.000,11.465,-1.809,0.361,38
2479,-1.009,-1.083,0.000,11.512,-1.823,0.366,38
2480,-1.009,-1.083,0.000,11.551,-1.837,0.370,38
2481,-1.009,-1.083,0.000,11.583,-1.851,0.374,38
2482,-1.009,-1.083,0.000,11.610,-1.865,0.378,38
2483,-1.009,-1.083,0.000,11.632,-1.879,0.381,38
2484,-1.009,-1.083,0.000,11.650,-1.893,0.385,38
2485,-1.009,-1.083,0.000,11.665,-1.907,0.388,38
2486,-1.009,-1.083,0.000,11.678,-1.921,0.391,38
2487,-1.009,-1.083,0.000,11.688,-1.934,0.395,38
2488,-1.009,-1.083,0.000,11.696,-1.948,0.398,38
2489,-1.009,-1.083,0.000,11.703,-1.962,0.401,38
2490,-1.009,-1.083,0.000,11.709,-1.975,0.404,38
2491,-1.009,-1.083,0.000,11.713,-1.988,0.407,38
2492,-1.009,-1.083,0.000,11.717,-2.002,0.410,38
2493,-1.009,-1.083,0.000,11.720,-2.015,0.412,38
2494,-1.009,-1.083,0.000,11.723,-2.028,0.415,38
2495,-1.009,-1.083,0.000,11.725,-2.042,0.418,38
2496,-1.009,-1.083,0.000,11.726,-2.055,0.421,38
2497,-1.009,-1.083,0.000,11.728,-2.068,0.424,38
2498,-1.009,-1.083,0.000,11.729,-2.081,0.426,38
2499,-1.009,-1.083,0.000,11.729,-2.094,0.429,38
2500,-1.009,-1.083,0.000,11.730,-2.106,0.432,38
2501,-1.009,-1.083,0.000,11.730,-2.119,0.434,38
2502,-1.009,-1.083,0.000,11.731,-2.132,0.437,38
2503,-1.009,-1.083,0.000,11.731,-2.145,0.440,38
2504,-1.009,-1.083,0.000,11.731,-2.157,0.442,38
2505,-1.009,-1.083,0.000,11.731,-2.170,0.445,38
2506,-1.009,-1.083,0.000,11.733,-2.183,0.448,38
2507,-1.009,-1.083,0.000,11.738,-2.177,0.447,38
2508,-1.009,-1.083,0.000,11.745,-2.161,0.445,38
2509,-1.009,-1.083,0.000,11.751,-2.146,0.441,38
2510,-1.009,-1.083,0.000,11.755,-2.131,0.437,38
2511,-1.009,-1.083,0.000,11.759,-2.116,0.435,38
2512,-1.009,-1.083,0.000,11.761,-2.101,0.432,38
2513,-1.009,-1.083,0.000,11.764,-2.086,0.429,38
2514,-1.009,-1.083,0.000,11.765,-2.071,0.426,38
2515,-1.009,-1.083,0.000,11.767,-2.057,0.423,38
2516,-1.009,-1.083,0.000,11.768,-2.042,0.420,38
2517,-1.009,-1.083,0.000,11.769,-2.028,0.417,38
2518,-1.009,-1.083,0.000,11.769,-2.014,0.414,38
2519,-1.009,-1.083,0.000,11.770,-2.000,0.411,38
2520,-1.009,-1.083,0.000,11.770,-1.987,0.408,38
2521,-1.009,-1.083,0.000,11.770,-1.973,0.406,38
2522,-1.009,-1.083,0.000,11.770,-1.960,0.403,38
2523,-1.009,-1.083,0.000,11.770,-1.947,0.400,38
2524,-1.009,-1.083,0.000,11.770,-1.933,0.397,38
2525,-1.009,-1.083,0.000,11.770,-1.916,0.414,38
2526,-1.009,-1.083,0.000,11.774,-1.907,0.395,38
2527,-1.009,-1.083,0.000,11.796,-1.891,0.407,38
2528,-1.009,-1.083,0.000,11.817,-1.880,0.400,38
2529,-1.009,-1.083,0.000,11.837,-1.872,0.377,38
2530,-1.009,-1.083,0.000,11.850,-1.855,0.391,38
2531,-1.009,-1.083,0.000,11.863,-1.845,0.378,38
2532,-1.009,-1.083,0.000,11.876,-1.833,0.377,38
2533,-1.009,-1.083,0.000,11.888,-1.820,0.379,38
2534,-1.009,-1.083,0.000,11.900,-1.808,0.374,38
2535,-1.009,-1.083,0.000,11.911,-1.797,0.371,38
2536,-1.009,-1.083,0.000,11.922,-1.785,0.371,38
2537,-1.009,-1.083,0.000,11.933,-1.773,0.368,38
2538,-1.009,-1.083,0.000,11.943,-1.762,0.366,38
2539,-1.009,-1.083,0.000,11.953,-1.747,0.384,38
2540,-1.009,-1.083,0.000,11.984,-1.736,0.376,38
2541,-1.009,-1.083,0.000,12.020,-1.729,0.355,38
2542,-1.009,-1.083,0.000,12.056,-1.715,0.368,38
2543,-1.009,-1.083,0.000,12.090,-1.707,0.352,38
2544,-1.009,-1.083,0.000,12.123,-1.696,0.358,38
2545,-1.009,-1.083,0.000,12.153,-1.685,0.359,38
2546,-1.009,-1.083,0.000,12.181,-1.675,0.353,38
2547,-1.009,-1.083,0.000,12.209,-1.665,0.353,38
2548,-1.009,-1.083,0.000,12.236,-1.655,0.354,38
2549,-1.009,-1.083,0.000,12.262,-1.647,0.351,38
2550,-1.009,-1.083,0.000,12.287,-1.638,0.350,38
2551,-1.009,-1.083,0.000,12.311,-1.629,0.349,38
2552,-1.009,-1.083,0.000,12.335,-1.621,0.348,38
2553,-1.009,-1.083,0.000,12.359,-1.614,0.347,38
2554,-1.009,-1.083,0.000,12.381,-1.606,0.346,38
2555,-1.009,-1.083,0.000,12.403,-1.600,0.345,38
2556,-1.009,-1.083,0.000,12.425,-1.593,0.345,38
2557,-1.009,-1.083,0.000,12.446,-1.587,0.344,38
2558,-1.009,-1.083,0.000,12.466,-1.582,0.343,38
2559,-1.009,-1.083,0.000,12.486,-1.577,0.343,38
2560,-1.009,-1.083,0.000,12.505,-1.572,0.342,38
2561,-1.009,-1.083,0.000,12.524,-1.568,0.342,38
2562,-1.009,-1.083,0.000,12.542,-1.564,0.342,38
2563,-1.009,-1.083,0.000,12.560,-1.561,0.342,38
2564,-1.009,-1.083,0.000,12.578,-1.558,0.342,38
2565,-1.009,-1.083,0.000,12.595,-1.555,0.341,38
2566,-1.009,-1.083,0.000,12.611,-1.553,0.341,38
2567,-1.009,-1.083,0.000,12.628,-1.551,0.341,38
2568,-1.009,-1.083,0.000,12.643,-1.549,0.342,38
2569,-1.009,-1.083,0.000,12.658,-1.547,0.342,38
2570,-1.009,-1.083,0.000,12.673,-1.546,0.342,38
2571,-1.009,-1.083,0.000,12.688,-1.545,0.342,38
2572,-1.009,-1.083,0.000,12.702,-1.544,0.342,38
2573,-1.009,-1.083,0.000,12.715,-1.544,0.343,38
2574,-1.009,-1.083,0.000,12.729,-1.543,0.343,38
2575,-1.009,-1.083,0.000,12.742,-1.543,0.343,38
2576,-1.009,-1.083,0.000,12.754,-1.542,0.343,38
2577,-1.009,-1.083,0.000,12.766,-1.542,0.344,38
2578,-1.009,-1.083,0.000,12.777,-1.542,0.344,38
2579,-1.009,-1.083,0.000,12.785,-1.541,0.344,38
2580,-1.009,-1.083,0.000,12.792,-1.541,0.344,38
2581,-1.009,-1.083,0.000,12.797,-1.541,0.344,38
2582,-1.009,-1.083,0.000,12.801,-1.541,0.345,38
2583,-1.009,-1.083,0.000,12.804,-1.541,0.345,38
2584,-1.009,-1.083,0.000,12.807,-1.541,0.345,38
2585,-1.009,-1.083,0.000,12.809,-1.541,0.345,38
2586,-1.009,-1.083,0.000,12.810,-1.541,0.345,38
2587,-1.009,-1.083,0.000,12.811,-1.541,0.345,38
2588,-1.009,-1.083,0.000,12.812,-1.541,0.345,38
2589,-1.009,-1.083,0.000,12.813,-1.542,0.345,38
2590,-1.009,-1.083,0.000,12.813,-1.542,0.345,38
2591,-1.009,-1.083,0.000,12.813,-1.542,0.345,38
2592,-1.009,-1.083,0.000,12.814,-1.542,0.345,38
2593,-1.009,-1.083,0.000,12.814,-1.542,0.345,38
2594,-1.009,-1.083,0.000,12.814,-1.543,0.345,38
2595,-1.009,-1.083,0.000,12.814,-1.543,0.345,38
2596,-1.009,-1.083,0.000,12.813,-1.543,0.345,38
2597,-1.009,-1.083,0.000,12.813,-1.544,0.345,38
2598,-1.009,-1.083,0.000,12.813,-1.544,0.346,38
2599,-1.009,-1.083,0.000,12.813,-1.545,0.346,38
2600,-1.009,-1.083,0.000,12.812,-1.545,0.346,38
2601,-1.009,-1.083,0.000,12.812,-1.545,0.346,38
2602,-1.009,-1.083,0.000,12.812,-1.546,0.346,38
2603,-1.009,-1.083,0.000,12.811,-1.546,0.346,38
2604,-1.009,-1.083,0.000,12.811,-1.547,0.346,38
2605,-1.009,-1.083,0.000,12.811,-1.548,0.346,38
2606,-1.009,-1.083,0.000,12.810,-1.548,0.346,38
2607,-1.009,-1.083,0.000,12.810,-1.549,0.347,38
2608,-1.009,-1.083,0.000,12.810,-1.549,0.347,38
2609,-1.009,-1.083,0.000,12.809,-1.550,0.347,38
2610,-1.009,-1.083,0.000,12.809,-1.551,0.347,38
2611,-1.009,-1.083,0.000,12.809,-1.552,0.347,38
2612,-1.009,-1.083,0.000,12.808,-1.552,0.347,38
2613,-1.009,-1.083,0.000,12.808,-1.553,0.347,38
2614,-1.009,-1.083,0.000,12.808,-1.554,0.348,38
2615,-1.009,-1.083,0.000,12.807,-1.555,0.348,38
2616,-1.009,-1.083,0.000,12.807,-1.556,0.348,38
2617,-1.009,-1.083,0.000,12.806,-1.552,0.368,38
2618,-1.009,-1.083,0.000,12.806,-1.557,0.354,38
2619,-1.009,-1.083,0.000,12.805,-1.557,0.360,38
2620,-1.009,-1.083,0.000,12.805,-1.557,0.364,38
2621,-1.009,-1.083,0.000,12.804,-1.559,0.360,38
2622,-1.009,-1.083,0.000,12.804,-1.560,0.360,38
2623,-1.009,-1.083,0.000,12.803,-1.561,0.362,38
2624,-1.009,-1.083,0.000,12.802,-1.563,0.362,38
2625,-1.009,-1.083,0.000,12.802,-1.564,0.362,38
2626,-1.009,-1.083,0.000,12.801,-1.566,0.361,38
2627,-1.009,-1.083,0.000,12.801,-1.568,0.361,38
2628,-1.009,-1.083,0.000,12.800,-1.568,0.364,38
2629,-1.009,-1.083,0.000,12.800,-1.570,0.363,38
2630,-1.009,-1.083,0.000,12.799,-1.572,0.363,38
2631,-1.009,-1.083,0.000,12.799,-1.573,0.364,38
2632,-1.009,-1.083,0.000,12.798,-1.575,0.364,38
2633,-1.009,-1.083,0.000,12.798,-1.576,0.364,38
2634,-1.009,-1.083,0.000,12.797,-1.578,0.365,38
2635,-1.009,-1.083,0.000,12.797,-1.585,0.344,38
2636,-1.009,-1.083,0.000,12.818,-1.584,0.357,38
2637,-1.009,-1.083,0.000,12.854,-1.586,0.358,38
2638,-1.009,-1.083,0.000,12.889,-1.589,0.354,38
2639,-1.009,-1.083,0.000,12.922,-1.590,0.358,38
2640,-1.009,-1.083,0.000,12.955,-1.591,0.361,38
2641,-1.009,-1.083,0.000,12.986,-1.593,0.360,38
2642,-1.009,-1.083,0.000,13.017,-1.595,0.362,38
2643,-1.009,-1.083,0.000,13.047,-1.597,0.364,38
2644,-1.009,-1.083,0.000,13.076,-1.600,0.365,38
2645,-1.009,-1.083,0.000,13.104,-1.603,0.366,38
2646,-1.009,-1.083,0.000,13.131,-1.605,0.369,38
2647,-1.009,-1.083,0.000,13.158,-1.605,0.386,38
2648,-1.009,-1.083,0.000,13.218,-1.608,0.387,38
2649,-1.009,-1.083,0.000,13.283,-1.613,0.383,38
2650,-1.009,-1.083,0.000,13.346,-1.617,0.381,38
2651,-1.009,-1.083,0.000,13.410,-1.621,0.384,38
2652,-1.009,-1.083,0.000,13.509,-1.626,0.377,38
2653,-1.009,-1.083,0.000,13.604,-1.627,0.390,38
2654,-1.009,-1.083,0.000,13.697,-1.630,0.393,38
2655,-1.009,-1.083,0.000,13.787,-1.634,0.392,38
2656,-1.009,-1.083,0.000,13.874,-1.637,0.398,38
2657,-1.009,-1.083,0.000,13.959,-1.641,0.402,38
2658,-1.009,-1.083,0.000,14.042,-1.645,0.405,38
2659,-1.009,-1.083,0.000,14.122,-1.649,0.409,38
2660,-1.009,-1.083,0.000,14.200,-1.654,0.413,38
2661,-1.009,-1.083,0.000,14.276,-1.659,0.416,38
2662,-1.009,-1.083,0.000,14.350,-1.664,0.420,38
2663,-1.009,-1.083,0.000,14.421,-1.670,0.424,38
2664,-1.009,-1.083,0.000,14.479,-1.675,0.427,38
2665,-1.009,-1.083,0.000,14.523,-1.681,0.430,38
2666,-1.009,-1.083,0.000,14.557,-1.686,0.432,38
2667,-1.009,-1.083,0.000,14.584,-1.692,0.435,38
2668,-1.009,-1.083,0.000,14.604,-1.698,0.437,38
2669,-1.009,-1.083,0.000,14.619,-1.704,0.439,38
2670,-1.009,-1.083,0.000,14.631,-1.709,0.441,38
2671,-1.009,-1.083,0.000,14.640,-1.715,0.442,38
2672,-1.009,-1.083,0.000,14.647,-1.721,0.444,38
2673,-1.009,-1.083,0.000,14.652,-1.727,0.446,38
2674,-1.009,-1.083,0.000,14.656,-1.732,0.447,38
2675,-1.009,-1.083,0.000,14.658,-1.738,0.449,38
2676,-1.009,-1.083,0.000,14.661,-1.744,0.451,38
2677,-1.009,-1.083,0.000,14.662,-1.750,0.452,38
2678,-1.009,-1.083,0.000,14.663,-1.755,0.454,38
2679,-1.009,-1.083,0.000,14.664,-1.761,0.455,38
2680,-1.009,-1.083,0.000,14.665,-1.767,0.457,38
2681,-1.009,-1.083,0.000,14.665,-1.772,0.458,38
2682,-1.009,-1.083,0.000,14.665,-1.778,0.460,38
2683,-1.009,-1.083,0.000,14.665,-1.784,0.461,38
2684,-1.009,-1.083,0.000,14.665,-1.789,0.463,38
2685,-1.009,-1.083,0.000,14.665,-1.795,0.464,38
2686,-1.009,-1.083,0.000,14.665,-1.801,0.466,38
2687,-1.009,-1.083,0.000,14.665,-1.806,0.467,38
2688,-1.009,-1.083,0.000,14.665,-1.812,0.468,38
2689,-1.009,-1.083,0.000,14.664,-1.818,0.470,38
2690,-1.009,-1.083,0.000,14.664,-1.823,0.471,38
2691,-1.009,-1.083,0.000,14.664,-1.829,0.473,38
2692,-1.009,-1.083,0.000,14.664,-1.834,0.474,38
2693,-1.009,-1.083,0.000,14.663,-1.840,0.476,38
2694,-1.009,-1.083,0.000,14.663,-1.846,0.477,38
2695,-1.009,-1.083,0.000,14.663,-1.851,0.479,38
2696,-1.009,-1.083,0.000,14.662,-1.857,0.480,38
2697,-1.009,-1.083,0.000,14.662,-1.862,0.482,38
2698,-1.009,-1.083,0.000,14.662,-1.868,0.483,38
2699,-1.009,-1.083,0.000,14.662,-1.873,0.484,38
2700,-1.009,-1.083,0.000,14.661,-1.879,0.486,38
2701,-1.009,-1.083,0.000,14.661,-1.884,0.487,38
2702,-1.009,-1.083,0.000,14.661,-1.890,0.489,38
2703,-1.009,-1.083,0.000,14.660,-1.895,0.490,38
2704,-1.009,-1.083,0.000,14.660,-1.901,0.492,38
2705,-1.009,-1.083,0.000,14.660,-1.906,0.493,38
2706,-1.009,-1.083,0.000,14.659,-1.912,0.494,38
2707,-1.009,-1.083,0.000,14.659,-1.917,0.496,38
2708,-1.009,-1.083,0.000,14.659,-1.922,0.497,38
2709,-1.009,-1.083,0.000,14.659,-1.928,0.499,38
2710,-1.009,-1.083,0.000,14.658,-1.933,0.500,38
2711,-1.009,-1.083,0.000,14.658,-1.939,0.501,38
2712,-1.009,-1.083,0.000,14.658,-1.944,0.503,38
2713,-1.009,-1.083,0.000,14.657,-1.950,0.504,38
2714,-1.009,-1.083,0.000,14.657,-1.955,0.506,38
2715,-1.009,-1.083,0.000,14.657,-1.960,0.507,38
2716,-1.009,-1.083,0.000,14.656,-1.966,0.508,38
2717,-1.009,-1.083,0.000,14.656,-1.971,0.510,38
2718,-1.009,-1.083,0.000,14.656,-1.977,0.511,38
2719,-1.009,-1.083,0.000,14.655,-1.982,0.513,38
2720,-1.009,-1.083,0.000,14.655,-1.987,0.514,38
2721,-1.009,-1.083,0.000,14.655,-1.993,0.515,38
2722,-1.009,-1.083,0.000,14.655,-1.998,0.517,38
2723,-1.009,-1.083,0.000,14.654,-2.003,0.518,38
2724,-1.009,-1.083,0.000,14.654,-2.004,0.537,38
2725,-1.009,-1.083,0.000,14.686,-2.012,0.526,38
2726,-1.009,-1.083,0.000,14.725,-2.018,0.524,38
2727,-1.009,-1.083,0.000,14.763,-2.024,0.524,38
2728,-1.009,-1.083,0.000,14.800,-2.029,0.530,38
2729,-1.009,-1.083,0.000,14.836,-2.034,0.533,38
2730,-1.009,-1.083,0.000,14.871,-2.040,0.534,38
2731,-1.009,-1.083,0.000,14.906,-2.046,0.538,38
2732,-1.009,-1.083,0.000,14.939,-2.052,0.541,38
2733,-1.009,-1.083,0.000,14.971,-2.058,0.544,38
2734,-1.009,-1.083,0.000,15.003,-2.065,0.547,38
2735,-1.009,-1.083,0.000,15.033,-2.072,0.550,38
2736,-1.009,-1.083,0.000,15.063,-2.079,0.553,38
2737,-1.009,-1.083,0.000,15.093,-2.083,0.572,38
2738,-1.009,-1.083,0.000,15.132,-2.094,0.565,38
2739,-1.009,-1.083,0.000,15.202,-2.099,0.577,38
2740,-1.009,-1.083,0.000,15.256,-2.107,0.583,38
2741,-1.009,-1.083,0.000,15.297,-2.118,0.573,38
2742,-1.009,-1.083,0.000,15.334,-2.125,0.582,38
2743,-1.009,-1.083,0.000,15.369,-2.136,0.575,38
2744,-1.009,-1.083,0.000,15.402,-2.142,0.583,38
2745,-1.009,-1.083,0.000,15.435,-2.148,0.592,38
2746,-1.010,-1.083,0.000,15.470,-2.139,0.597,38
2747,-1.010,-1.083,0.000,15.543,-2.131,0.603,38
2748,-1.010,-1.083,0.000,15.612,-2.129,0.575,38
2749,-1.010,-1.083,0.000,15.705,-2.115,0.595,38
2750,-1.009,-1.083,0.000,15.816,-2.107,0.592,38
2751,-1.009,-1.083,0.000,15.976,-2.099,0.591,38
2752,-1.009,-1.083,0.000,16.115,-2.088,0.597,38
2753,-1.009,-1.083,0.000,16.241,-2.077,0.601,38
2754,-1.009,-1.083,0.000,16.364,-2.067,0.600,38
2755,-1.009,-1.083,0.000,16.484,-2.057,0.601,38
2756,-1.009,-1.083,0.000,16.601,-2.046,0.604,38
2757,-1.009,-1.083,0.000,16.714,-2.035,0.604,38
2758,-1.010,-1.083,0.000,16.825,-2.024,0.605,38
2759,-1.010,-1.083,0.000,16.932,-2.013,0.606,38
2760,-1.010,-1.083,0.000,17.037,-2.002,0.607,38
2761,-1.010,-1.083,0.000,17.140,-1.991,0.607,38
2762,-1.010,-1.083,0.000,17.238,-1.980,0.609,38
2763,-1.010,-1.083,0.000,17.314,-1.970,0.608,38
2764,-1.010,-1.083,0.000,17.368,-1.960,0.607,38
2765,-1.010,-1.083,0.000,17.406,-1.951,0.606,38
2766,-1.010,-1.083,0.000,17.433,-1.941,0.604,38
2767,-1.010,-1.083,0.000,17.451,-1.932,0.602,38
2768,-1.010,-1.083,0.000,17.464,-1.923,0.599,38
2769,-1.010,-1.083,0.000,17.473,-1.914,0.597,38
2770,-1.010,-1.083,0.000,17.480,-1.906,0.594,38
2771,-1.010,-1.083,0.000,17.484,-1.897,0.592,38
2772,-1.010,-1.083,0.000,17.487,-1.888,0.589,38
2773,-1.010,-1.083,0.000,17.489,-1.880,0.587,38
2774,-1.010,-1.083,0.000,17.490,-1.872,0.584,38
2775,-1.010,-1.083,0.000,17.491,-1.864,0.581,38
2776,-1.010,-1.083,0.000,17.491,-1.856,0.579,38
2777,-1.010,-1.083,0.000,17.491,-1.848,0.576,38
2778,-1.010,-1.083,0.000,17.491,-1.840,0.574,38
2779,-1.010,-1.083,0.000,17.491,-1.832,0.572,38
2780,-1.010,-1.083,0.000,17.491,-1.824,0.569,38
2781,-1.010,-1.083,0.000,17.491,-1.817,0.567,38
2782,-1.010,-1.083,0.000,17.491,-1.809,0.564,38
2783,-1.010,-1.083,0.000,17.490,-1.802,0.562,38
2784,-1.010,-1.083,0.000,17.490,-1.795,0.560,38
2785,-1.010,-1.083,0.000,17.490,-1.787,0.557,38
2786,-1.010,-1.083,0.000,17.489,-1.780,0.555,38
2787,-1.010,-1.083,0.000,17.489,-1.773,0.553,38
2788,-1.010,-1.083,0.000,17.488,-1.766,0.551,38
2789,-1.010,-1.083,0.000,17.488,-1.759,0.549,38
2790,-1.010,-1.083,0.000,17.488,-1.753,0.546,38
2791,-1.010,-1.083,0.000,17.487,-1.746,0.544,38
2792,-1.010,-1.083,0.000,17.487,-1.739,0.542,38
2793,-1.010,-1.083,0.000,17.487,-1.733,0.540,38
2794,-1.010,-1.083,0.000,17.486,-1.727,0.538,38
2795,-1.010,-1.083,0.000,17.486,-1.720,0.536,38
2796,-1.010,-1.083,0.000,17.485,-1.714,0.534,38
2797,-1.010,-1.083,0.000,17.485,-1.708,0.532,38
2798,-1.010,-1.083,0.000,17.485,-1.702,0.530,38
2799,-1.010,-1.083,0.000,17.484,-1.696,0.528,38
2800,-1.010,-1.083,0.000,17.484,-1.690,0.527,38
2801,-1.010,-1.083,0.000,17.484,-1.684,0.525,38
2802,-1.010,-1.083,0.000,17.483,-1.678,0.523,38
2803,-1.010,-1.083,0.000,17.483,-1.673,0.521,38
2804,-1.010,-1.083,0.000,17.482,-1.667,0.519,38
2805,-1.010,-1.083,0.000,17.482,-1.661,0.518,38
2806,-1.010,-1.083,0.000,17.482,-1.656,0.516,38
2807,-1.010,-1.083,0.000,17.481,-1.651,0.514,38
2808,-1.010,-1.083,0.000,17.481,-1.645,0.512,38
2809,-1.010,-1.083,0.000,17.481,-1.640,0.511,38
2810,-1.010,-1.083,0.000,17.480,-1.635,0.509,38
2811,-1.010,-1.083,0.000,17.480,-1.630,0.508,38
2812,-1.010,-1.083,0.000,17.479,-1.625,0.506,38
2813,-1.010,-1.083,0.000,17.479,-1.620,0.504,38
2814,-1.010,-1.083,0.000,17.479,-1.615,0.503,38
2815,-1.006,-1.082,0.000,17.316,-1.629,0.502,38
2816,-1.002,-1.080,0.000,16.837,-1.647,0.493,38
2817,-0.998,-1.079,0.000,16.140,-1.666,0.477,38
2818,-0.994,-1.078,0.000,15.300,-1.687,0.456,38
2819,-0.990,-1.077,0.000,14.373,-1.708,0.432,38
2820,-0.986,-1.076,0.000,13.388,-1.728,0.406,38
2821,-0.982,-1.075,0.000,12.358,-1.749,0.378,38
2822,-0.978,-1.074,0.000,11.306,-1.769,0.348,38
2823,-0.974,-1.073,0.000,10.248,-1.789,0.318,38
2824,-0.970,-1.072,0.000,9.194,-1.808,0.287,38
2825,-0.966,-1.072,0.000,8.151,-1.827,0.256,38
2826,-0.961,-1.071,0.000,7.126,-1.846,0.225,38
2827,-0.957,-1.071,0.000,6.119,-1.864,0.194,38
2828,-0.953,-1.070,0.000,5.134,-1.881,0.164,38
2829,-0.949,-1.070,0.000,4.172,-1.898,0.133,38
2830,-0.945,-1.070,0.000,3.232,-1.915,0.103,38
2831,-0.941,-1.070,0.000,2.315,-1.931,0.073,38
2832,-0.937,-1.070,0.000,1.422,-1.946,0.043,38
2833,-0.933,-1.070,0.000,0.553,-1.961,0.014,38
2834,-0.929,-1.070,0.000,-0.292,-1.976,-0.015,38
2835,-0.924,-1.070,0.000,-1.110,-1.991,-0.044,38
2836,-0.920,-1.070,0.000,-1.900,-2.005,-0.072,38
2837,-0.916,-1.070,0.000,-2.660,-2.019,-0.099,38
2838,-0.912,-1.070,0.000,-3.387,-2.032,-0.126,38
2839,-0.908,-1.070,0.000,-4.077,-2.045,-0.151,38
2840,-0.904,-1.071,0.000,-4.726,-2.059,-0.176,38
2841,-0.900,-1.071,0.000,-5.330,-2.072,-0.199,38
2842,-0.896,-1.071,0.000,-5.886,-2.085,-0.220,38
2843,-0.892,-1.072,0.000,-6.390,-2.098,-0.240,38
2844,-0.888,-1.072,0.000,-6.838,-2.111,-0.258,38
2845,-0.884,-1.072,0.000,-7.229,-2.124,-0.275,38
2846,-0.880,-1.073,0.000,-7.561,-2.137,-0.289,38
2847,-0.876,-1.073,0.000,-7.833,-2.151,-0.301,38
2848,-0.872,-1.074,0.000,-8.046,-2.165,-0.311,38
2849,-0.868,-1.074,0.000,-8.201,-2.179,-0.319,38
2850,-0.864,-1.075,0.000,-8.300,-2.194,-0.325,38
2851,-0.860,-1.075,0.000,-8.346,-2.206,-0.328,38
2852,-0.856,-1.076,0.000,-8.343,-2.193,-0.329,38
2853,-0.852,-1.077,0.000,-8.292,-2.177,-0.322,38
2854,-0.848,-1.077,0.000,-8.200,-2.161,-0.316,38
2855,-0.844,-1.078,0.000,-8.069,-2.145,-0.310,38
2856,-0.840,-1.078,0.000,-7.917,-2.132,-0.290,38
2857,-0.837,-1.079,0.000,-7.777,-2.117,-0.278,38
2858,-0.833,-1.079,0.000,-7.621,-2.098,-0.295,38
2859,-0.829,-1.080,0.000,-7.444,-2.084,-0.282,38
2860,-0.825,-1.080,0.000,-7.262,-2.073,-0.244,38
2861,-0.821,-1.081,0.000,-7.079,-2.055,-0.257,38
2862,-0.817,-1.081,0.000,-6.892,-2.041,-0.246,38
2863,-0.814,-1.081,0.000,-6.689,-2.028,-0.229,38
2864,-0.810,-1.082,0.000,-6.463,-2.013,-0.221,38
2865,-0.806,-1.082,0.000,-6.230,-1.998,-0.215,38
2866,-0.802,-1.083,0.000,-5.991,-1.983,-0.213,38
2867,-0.799,-1.083,0.000,-5.735,-1.969,-0.207,38
2868,-0.795,-1.083,0.000,-5.464,-1.956,-0.192,38
2869,-0.791,-1.084,0.000,-5.186,-1.943,-0.169,38
2870,-0.788,-1.084,0.000,-4.913,-1.929,-0.172,38
2871,-0.784,-1.084,0.000,-4.630,-1.916,-0.164,38
2872,-0.780,-1.085,0.000,-4.339,-1.903,-0.150,38
2873,-0.777,-1.085,0.000,-4.042,-1.891,-0.137,38
2874,-0.773,-1.085,0.000,-3.741,-1.878,-0.128,38
2875,-0.769,-1.085,0.000,-3.437,-1.866,-0.118,38
2876,-0.766,-1.086,0.000,-3.131,-1.854,-0.107,38
2877,-0.762,-1.086,0.000,-2.824,-1.842,-0.096,38
2878,-0.758,-1.086,0.000,-2.518,-1.830,-0.086,38
2879,-0.755,-1.086,0.000,-2.213,-1.819,-0.068,38
2880,-0.751,-1.086,0.000,-1.912,-1.807,-0.074,38
2881,-0.747,-1.086,0.000,-1.618,-1.797,-0.032,38
2882,-0.744,-1.086,0.000,-1.326,-1.784,-0.055,38
2883,-0.740,-1.086,0.000,-1.036,-1.774,-0.039,38
2884,-0.737,-1.087,0.000,-0.749,-1.763,0.009,38
2885,-0.733,-1.087,0.000,-0.464,-1.752,-0.049,38
2886,-0.730,-1.087,0.000,-0.180,-1.741,0.012,38
2887,-0.726,-1.087,0.000,0.100,-1.731,-0.021,38
2888,-0.722,-1.087,0.000,0.377,-1.720,0.037,38
2889,-0.719,-1.087,0.000,0.652,-1.710,0.005,38
2890,-0.715,-1.086,0.000,0.923,-1.700,0.011,38
2891,-0.712,-1.086,0.000,1.190,-1.689,0.048,38
2892,-0.708,-1.086,0.000,1.453,-1.680,0.019,38
2893,-0.705,-1.086,0.000,1.715,-1.669,0.058,38
2894,-0.701,-1.086,0.000,1.972,-1.661,0.047,38
2895,-0.698,-1.086,0.000,2.226,-1.651,0.052,38
2896,-0.694,-1.086,0.000,2.474,-1.641,0.073,38
2897,-0.691,-1.086,0.000,2.712,-1.632,0.074,38
2898,-0.687,-1.085,0.000,2.932,-1.623,0.074,38
2899,-0.683,-1.085,0.000,3.133,-1.614,0.082,38
2900,-0.680,-1.085,0.000,3.315,-1.605,0.089,38
2901,-0.676,-1.085,0.000,3.477,-1.597,0.092,38
2902,-0.673,-1.085,0.000,3.618,-1.589,0.095,38
2903,-0.669,-1.084,0.000,3.740,-1.581,0.098,38
2904,-0.666,-1.084,0.000,3.841,-1.573,0.100,38
2905,-0.663,-1.084,0.000,3.922,-1.565,0.102,38
2906,-0.659,-1.084,0.000,3.982,-1.558,0.103,38
2907,-0.656,-1.083,0.000,4.023,-1.551,0.104,38
2908,-0.652,-1.083,0.000,4.044,-1.544,0.104,38
2909,-0.649,-1.083,0.000,4.046,-1.537,0.103,38
2910,-0.645,-1.083,0.000,4.030,-1.531,0.102,38
2911,-0.642,-1.082,0.000,3.996,-1.525,0.101,38
2912,-0.638,-1.082,0.000,3.946,-1.519,0.099,38
2913,-0.635,-1.082,0.000,3.879,-1.513,0.097,38
2914,-0.631,-1.082,0.000,3.798,-1.507,0.095,38
2915,-0.628,-1.081,0.000,3.702,-1.502,0.092,38
2916,-0.625,-1.081,0.000,3.593,-1.497,0.089,38
2917,-0.621,-1.081,0.000,3.472,-1.492,0.085,38
2918,-0.618,-1.081,0.000,3.340,-1.487,0.081,38
2919,-0.614,-1.080,0.000,3.197,-1.482,0.077,38
2920,-0.611,-1.080,0.000,3.046,-1.478,0.073,38
2921,-0.608,-1.080,0.000,2.886,-1.474,0.069,38
2922,-0.604,-1.080,0.000,2.719,-1.470,0.064,38
2923,-0.601,-1.080,0.000,2.545,-1.466,0.060,38
2924,-0.597,-1.080,0.000,2.366,-1.462,0.055,38
2925,-0.594,-1.079,0.000,2.182,-1.458,0.050,38
2926,-0.590,-1.079,0.000,1.994,-1.455,0.045,38
2927,-0.587,-1.079,0.000,1.803,-1.452,0.040,38
2928,-0.584,-1.079,0.000,1.609,-1.449,0.035,38
2929,-0.580,-1.079,0.000,1.414,-1.446,0.030,38
2930,-0.577,-1.079,0.000,1.217,-1.443,0.025,38
2931,-0.573,-1.079,0.000,1.020,-1.441,0.020,38
2932,-0.570,-1.079,0.000,0.823,-1.438,0.015,38
2933,-0.567,-1.079,0.000,0.627,-1.436,0.010,38
2934,-0.563,-1.079,0.000,0.432,-1.434,0.005,38
2935,-0.560,-1.079,0.000,0.238,-1.432,0.001,38
2936,-0.556,-1.079,0.000,0.047,-1.430,-0.004,38
2937,-0.553,-1.079,0.000,-0.142,-1.428,-0.009,38
2938,-0.550,-1.079,0.000,-0.327,-1.427,-0.014,38
2939,-0.546,-1.079,0.000,-0.508,-1.425,-0.018,38
2940,-0.543,-1.079,0.000,-0.686,-1.424,-0.022,38
2941,-0.539,-1.079,0.000,-0.859,-1.423,-0.027,38
2942,-0.536,-1.079,0.000,-1.026,-1.422,-0.031,38
2943,-0.533,-1.079,0.000,-1.189,-1.421,-0.035,38
2944,-0.529,-1.079,0.000,-1.345,-1.421,-0.039,38
2945,-0.526,-1.079,0.000,-1.496,-1.420,-0.042,38
2946,-0.523,-1.079,0.000,-1.640,-1.420,-0.046,38
2947,-0.519,-1.079,0.000,-1.777,-1.420,-0.049,38
2948,-0.516,-1.079,0.000,-1.906,-1.419,-0.053,38
2949,-0.512,-1.080,0.000,-2.028,-1.420,-0.056,38
2950,-0.509,-1.080,0.000,-2.143,-1.420,-0.059,38
2951,-0.506,-1.080,0.000,-2.249,-1.420,-0.061,38
2952,-0.502,-1.080,0.000,-2.347,-1.421,-0.064,38
2953,-0.499,-1.080,0.000,-2.436,-1.421,-0.066,38
2954,-0.495,-1.080,0.000,-2.517,-1.422,-0.068,38
2955,-0.492,-1.080,0.000,-2.589,-1.423,-0.070,38
2956,-0.489,-1.080,0.000,-2.653,-1.424,-0.071,38
2957,-0.485,-1.081,0.000,-2.707,-1.426,-0.073,38
2958,-0.482,-1.081,0.000,-2.753,-1.427,-0.074,38
2959,-0.479,-1.081,0.000,-2.789,-1.429,-0.075,38
2960,-0.475,-1.081,0.000,-2.817,-1.430,-0.076,38
2961,-0.472,-1.081,0.000,-2.836,-1.432,-0.076,38
2962,-0.468,-1.081,0.000,-2.846,-1.434,-0.077,38
2963,-0.465,-1.082,0.000,-2.848,-1.437,-0.077,38
2964,-0.462,-1.082,0.000,-2.842,-1.439,-0.077,38
2965,-0.458,-1.082,0.000,-2.828,-1.441,-0.077,38
2966,-0.455,-1.082,0.000,-2.806,-1.444,-0.076,38
2967,-0.452,-1.082,0.000,-2.777,-1.447,-0.076,38
2968,-0.448,-1.082,0.000,-2.740,-1.450,-0.075,38
2969,-0.445,-1.082,0.000,-2.696,-1.453,-0.074,38
2970,-0.441,-1.083,0.000,-2.646,-1.456,-0.073,38
2971,-0.438,-1.083,0.000,-2.590,-1.459,-0.071,38
2972,-0.435,-1.083,0.000,-2.527,-1.462,-0.070,38
2973,-0.431,-1.083,0.000,-2.459,-1.466,-0.068,38
2974,-0.428,-1.083,0.000,-2.387,-1.470,-0.067,38
2975,-0.425,-1.083,0.000,-2.309,-1.473,-0.065,38
2976,-0.421,-1.083,0.000,-2.227,-1.477,-0.063,38
2977,-0.418,-1.084,0.000,-2.140,-1.481,-0.061,38
2978,-0.414,-1.084,0.000,-2.051,-1.486,-0.059,38
2979,-0.411,-1.084,0.000,-1.957,-1.490,-0.056,38
2980,-0.408,-1.084,0.000,-1.861,-1.494,-0.054,38
2981,-0.404,-1.084,0.000,-1.763,-1.499,-0.052,38
2982,-0.401,-1.084,0.000,-1.662,-1.503,-0.049,38
2983,-0.398,-1.084,0.000,-1.559,-1.508,-0.046,38
2984,-0.394,-1.084,0.000,-1.454,-1.513,-0.044,38
2985,-0.391,-1.084,0.000,-1.349,-1.518,-0.041,38
2986,-0.387,-1.084,0.000,-1.242,-1.523,-0.038,38
2987,-0.384,-1.085,0.000,-1.135,-1.528,-0.036,38
2988,-0.381,-1.085,0.000,-1.027,-1.534,-0.033,38
2989,-0.377,-1.085,0.000,-0.920,-1.539,-0.030,38
2990,-0.374,-1.085,0.000,-0.813,-1.545,-0.027,38
2991,-0.371,-1.085,0.000,-0.706,-1.550,-0.025,38
2992,-0.367,-1.085,0.000,-0.600,-1.556,-0.022,38
2993,-0.364,-1.085,0.000,-0.495,-1.562,-0.019,38
2994,-0.361,-1.085,0.000,-0.391,-1.568,-0.016,38
2995,-0.357,-1.085,0.000,-0.289,-1.574,-0.013,38
2996,-0.354,-1.085,0.000,-0.189,-1.580,-0.011,38
2997,-0.350,-1.085,0.000,-0.091,-1.586,-0.008,38
2998,-0.347,-1.085,0.000,0.005,-1.592,-0.005,38
2999,-0.344,-1.085,0.000,0.099,-1.599,-0.003,38
3000,-0.340,-1.085,0.000,0.190,-1.605,-0.000,38
3001,-0.337,-1.085,0.000,0.278,-1.612,0.002,38
3002,-0.334,-1.085,0.000,0.364,-1.618,0.005,38
3003,-0.330,-1.085,0.000,0.446,-1.625,0.007,38
3004,-0.327,-1.085,0.000,0.525,-1.632,0.010,38
3005,-0.324,-1.085,0.000,0.600,-1.639,0.012,38
3006,-0.320,-1.085,0.000,0.672,-1.646,0.014,38
3007,-0.317,-1.085,0.000,0.740,-1.653,0.016,38
3008,-0.313,-1.085,0.000,0.805,-1.660,0.018,38
3009,-0.310,-1.085,0.000,0.865,-1.668,0.020,38
3010,-0.307,-1.085,0.000,0.922,-1.675,0.022,38
3011,-0.303,-1.084,0.000,0.974,-1.683,0.023,38
3012,-0.300,-1.084,0.000,1.022,-1.690,0.025,38
3013,-0.297,-1.084,0.000,1.066,-1.698,0.026,38
3014,-0.293,-1.084,0.000,1.106,-1.706,0.028,38
3015,-0.290,-1.084,0.000,1.142,-1.714,0.029,38
3016,-0.287,-1.084,0.000,1.173,-1.722,0.030,38
3017,-0.283,-1.084,0.000,1.200,-1.730,0.031,38
3018,-0.280,-1.084,0.000,1.223,-1.738,0.032,38
3019,-0.277,-1.084,0.000,1.241,-1.746,0.032,38
3020,-0.273,-1.084,0.000,1.256,-1.755,0.033,38
3021,-0.270,-1.084,0.000,1.266,-1.763,0.034,38
3022,-0.267,-1.084,0.000,1.272,-1.772,0.034,38
3023,-0.263,-1.084,0.000,1.273,-1.780,0.034,38
3024,-0.260,-1.084,0.000,1.271,-1.789,0.034,38
3025,-0.257,-1.083,0.000,1.265,-1.798,0.034,38
3026,-0.253,-1.083,0.000,1.256,-1.807,0.034,38
3027,-0.250,-1.083,0.000,1.242,-1.816,0.034,38
3028,-0.246,-1.083,0.000,1.225,-1.825,0.034,38
3029,-0.243,-1.083,0.000,1.205,-1.834,0.033,38
3030,-0.240,-1.083,0.000,1.181,-1.843,0.033,38
3031,-0.236,-1.083,0.000,1.154,-1.852,0.032,38
3032,-0.233,-1.083,0.000,1.124,-1.862,0.031,38
3033,-0.230,-1.083,0.000,1.091,-1.871,0.030,38
3034,-0.226,-1.083,0.000,1.055,-1.881,0.029,38
3035,-0.223,-1.083,0.000,1.017,-1.890,0.028,38
3036,-0.220,-1.083,0.000,0.976,-1.900,0.027,38
3037,-0.216,-1.083,0.000,0.933,-1.910,0.026,38
3038,-0.213,-1.083,0.000,0.888,-1.920,0.024,38
3039,-0.210,-1.083,0.000,0.841,-1.930,0.023,38
3040,-0.206,-1.083,0.000,0.792,-1.940,0.021,38
3041,-0.203,-1.082,0.000,0.742,-1.950,0.020,38
3042,-0.200,-1.082,0.000,0.690,-1.960,0.018,38
3043,-0.196,-1.082,0.000,0.637,-1.970,0.017,38
3044,-0.193,-1.082,0.000,0.583,-1.981,0.015,38
3045,-0.190,-1.082,0.000,0.529,-1.991,0.013,38
3046,-0.186,-1.082,0.000,0.473,-2.002,0.011,38
3047,-0.183,-1.082,0.000,0.417,-2.012,0.009,38
3048,-0.180,-1.082,0.000,0.360,-2.023,0.007,38
3049,-0.176,-1.082,0.000,0.303,-2.034,0.005,38
3050,-0.173,-1.082,0.000,0.247,-2.044,0.003,38
3051,-0.170,-1.082,0.000,0.190,-2.055,0.001,38
3052,-0.167,-1.082,0.000,0.133,-2.066,-0.001,38
3053,-0.163,-1.082,0.000,0.077,-2.077,-0.003,38
3054,-0.160,-1.082,0.000,0.022,-2.088,-0.005,38
3055,-0.157,-1.082,0.000,-0.033,-2.100,-0.007,38
3056,-0.153,-1.082,0.000,-0.087,-2.111,-0.009,38
3057,-0.150,-1.082,0.000,-0.140,-2.122,-0.011,38
3058,-0.147,-1.082,0.000,-0.192,-2.133,-0.013,38
3059,-0.143,-1.082,0.000,-0.243,-2.145,-0.015,38
3060,-0.140,-1.082,0.000,-0.292,-2.156,-0.016,38
3061,-0.137,-1.082,0.000,-0.340,-2.168,-0.018,38
3062,-0.133,-1.082,0.000,-0.387,-2.180,-0.020,38
3063,-0.130,-1.082,0.000,-0.432,-2.191,-0.022,38
3064,-0.127,-1.082,0.000,-0.475,-2.203,-0.024,38
3065,-0.123,-1.082,0.000,-0.516,-2.215,-0.025,38
3066,-0.120,-1.082,0.000,-0.555,-2.227,-0.027,38
3067,-0.117,-1.082,0.000,-0.592,-2.224,-0.028,38
3068,-0.113,-1.082,0.000,-0.627,-2.210,-0.029,38
3069,-0.110,-1.083,0.000,-0.660,-2.197,-0.031,38
3070,-0.107,-1.083,0.000,-0.691,-2.184,-0.032,38
3071,-0.103,-1.083,0.000,-0.719,-2.172,-0.033,38
3072,-0.100,-1.083,0.000,-0.745,-2.159,-0.033,38
3073,-0.097,-1.083,0.000,-0.769,-2.147,-0.034,38
3074,-0.093,-1.083,0.000,-0.790,-2.135,-0.035,38
3075,-0.090,-1.083,0.000,-0.809,-2.123,-0.035,38
3076,-0.087,-1.083,0.000,-0.825,-2.111,-0.036,38
3077,-0.084,-1.083,0.000,-0.839,-2.100,-0.036,38
3078,-0.080,-1.083,0.000,-0.851,-2.089,-0.036,38
3079,-0.077,-1.083,0.000,-0.860,-2.078,-0.037,38
3080,-0.074,-1.083,0.000,-0.866,-2.067,-0.037,38
3081,-0.071,-1.083,0.000,-0.871,-2.057,-0.037,38
3082,-0.068,-1.083,0.000,-0.872,-2.047,-0.037,38
3083,-0.064,-1.083,0.000,-0.872,-2.037,-0.036,38
3084,-0.061,-1.083,0.000,-0.868,-2.027,-0.036,38
3085,-0.058,-1.083,0.000,-0.863,-2.017,-0.036,38
3086,-0.055,-1.083,0.000,-0.855,-2.008,-0.035,38
3087,-0.051,-1.083,0.000,-0.846,-1.999,-0.035,38
3088,-0.048,-1.083,0.000,-0.834,-1.990,-0.034,38
3089,-0.045,-1.083,0.000,-0.820,-1.981,-0.034,38
3090,-0.042,-1.083,0.000,-0.803,-1.973,-0.033,38
3091,-0.039,-1.084,0.000,-0.785,-1.965,-0.032,38
3092,-0.035,-1.084,0.000,-0.766,-1.957,-0.032,38
3093,-0.032,-1.084,0.000,-0.744,-1.949,-0.031,38
3094,-0.029,-1.084,0.000,-0.721,-1.941,-0.030,38
3095,-0.026,-1.084,0.000,-0.696,-1.934,-0.029,38
3096,-0.022,-1.084,0.000,-0.669,-1.927,-0.028,38
3097,-0.019,-1.084,0.000,-0.642,-1.920,-0.027,38
3098,-0.016,-1.084,0.000,-0.612,-1.913,-0.026,38
3099,-0.013,-1.084,0.000,-0.582,-1.907,-0.025,38
3100,-0.010,-1.084,0.000,-0.551,-1.901,-0.024,38
3101,-0.006,-1.084,0.000,-0.519,-1.895,-0.023,38
3102,-0.003,-1.084,0.000,-0.485,-1.889,-0.021,38
3103,0.000,-1.084,0.000,-0.451,-1.883,-0.020,38
3104,0.003,-1.084,0.000,-0.417,-1.878,-0.019,38
3105,0.006,-1.084,0.000,-0.382,-1.872,-0.018,38
3106,0.010,-1.084,0.000,-0.346,-1.867,-0.017,38
3107,0.013,-1.084,0.000,-0.310,-1.863,-0.015,38
3108,0.016,-1.084,0.000,-0.274,-1.858,-0.014,38
3109,0.019,-1.084,0.000,-0.238,-1.853,-0.013,38
3110,0.023,-1.084,0.000,-0.202,-1.849,-0.012,38
3111,0.026,-1.084,0.000,-0.166,-1.845,-0.011,38
3112,0.029,-1.084,0.000,-0.130,-1.841,-0.010,38
3113,0.032,-1.084,0.000,-0.094,-1.838,-0.008,38
3114,0.036,-1.084,0.000,-0.059,-1.834,-0.007,38
3115,0.039,-1.084,0.000,-0.024,-1.831,-0.006,38
3116,0.042,-1.084,0.000,0.010,-1.828,-0.005,38
3117,0.045,-1.084,0.000,0.043,-1.825,-0.004,38
3118,0.048,-1.084,0.000,0.076,-1.822,-0.003,38
3119,0.052,-1.084,0.000,0.108,-1.819,-0.002,38
3120,0.055,-1.084,0.000,0.139,-1.817,-0.001,38
3121,0.058,-1.084,0.000,0.169,-1.815,-0.000,38
3122,0.061,-1.084,0.000,0.198,-1.813,0.001,38
3123,0.065,-1.084,0.000,0.226,-1.811,0.002,38
3124,0.068,-1.084,0.000,0.253,-1.809,0.003,38
3125,0.071,-1.084,0.000,0.278,-1.808,0.003,38
3126,0.074,-1.084,0.000,0.302,-1.806,0.004,38
3127,0.078,-1.084,0.000,0.325,-1.805,0.005,38
3128,0.081,-1.084,0.000,0.347,-1.804,0.006,38
3129,0.084,-1.084,0.000,0.367,-1.803,0.006,38
3130,0.087,-1.084,0.000,0.386,-1.803,0.007,38
3131,0.091,-1.084,0.000,0.403,-1.802,0.007,38
3132,0.094,-1.084,0.000,0.418,-1.802,0.008,38
3133,0.097,-1.084,0.000,0.433,-1.802,0.008,38
3134,0.100,-1.084,0.000,0.445,-1.802,0.009,38
3135,0.104,-1.084,0.000,0.457,-1.802,0.008,38
3136,0.107,-1.084,0.000,0.466,-1.802,0.010,38
3137,0.110,-1.084,0.000,0.474,-1.803,0.010,38
3138,0.113,-1.084,0.000,0.481,-1.803,0.010,38
3139,0.117,-1.084,0.000,0.486,-1.804,0.010,38
3140,0.120,-1.084,0.000,0.490,-1.805,0.010,38
3141,0.123,-1.084,0.000,0.492,-1.806,0.010,38
3142,0.126,-1.084,0.000,0.492,-1.807,0.010,38
3143,0.130,-1.084,0.000,0.491,-1.809,0.010,38
3144,0.133,-1.084,0.000,0.489,-1.810,0.010,38
3145,0.136,-1.084,0.000,0.485,-1.812,0.010,38
3146,0.139,-1.083,0.000,0.480,-1.814,0.010,38
3147,0.143,-1.083,0.000,0.474,-1.815,0.028,38
3148,0.146,-1.083,0.000,0.472,-1.818,-0.002,38
3149,0.149,-1.083,0.000,0.468,-1.820,0.008,38
3150,0.153,-1.083,0.000,0.467,-1.822,0.017,38
3151,0.156,-1.083,0.000,0.469,-1.825,0.010,38
3152,0.159,-1.083,0.000,0.469,-1.827,0.006,38
3153,0.162,-1.083,0.000,0.468,-1.829,0.009,38
3154,0.166,-1.083,0.000,0.464,-1.832,0.011,38
3155,0.169,-1.083,0.000,0.460,-1.834,0.010,38
3156,0.172,-1.083,0.000,0.453,-1.837,0.009,38
3157,0.176,-1.083,0.000,0.445,-1.840,0.009,38
3158,0.179,-1.083,0.000,0.435,-1.843,0.009,38
3159,0.182,-1.083,0.000,0.425,-1.846,0.008,38
3160,0.185,-1.083,0.000,0.412,-1.850,0.008,38
3161,0.189,-1.083,0.000,0.399,-1.853,0.007,38
3162,0.192,-1.083,0.000,0.384,-1.857,0.007,38
3163,0.195,-1.083,0.000,0.368,-1.861,0.007,38
3164,0.198,-1.083,0.000,0.351,-1.864,0.006,38
3165,0.202,-1.083,0.000,0.333,-1.868,0.005,38
3166,0.205,-1.083,0.000,0.314,-1.873,0.005,38
3167,0.208,-1.083,0.000,0.294,-1.877,0.004,38
3168,0.212,-1.083,0.000,0.273,-1.881,0.004,38
3169,0.215,-1.083,0.000,0.252,-1.886,0.003,38
3170,0.218,-1.083,0.000,0.230,-1.890,0.002,38
3171,0.221,-1.083,0.000,0.208,-1.895,0.001,38
3172,0.225,-1.083,0.000,0.185,-1.900,0.001,38
3173,0.228,-1.083,0.000,0.161,-1.905,-0.000,38
3174,0.231,-1.083,0.000,0.138,-1.910,-0.001,38
3175,0.235,-1.083,0.000,0.114,-1.915,-0.002,38
3176,0.238,-1.083,0.000,0.090,-1.921,-0.002,38
3177,0.241,-1.083,0.000,0.066,-1.926,-0.003,38
3178,0.244,-1.083,0.000,0.042,-1.932,-0.004,38
3179,0.248,-1.083,0.000,0.018,-1.938,-0.005,38
3180,0.251,-1.083,0.000,-0.006,-1.943,-0.006,38
3181,0.254,-1.083,0.000,-0.029,-1.949,-0.006,38
3182,0.258,-1.083,0.000,-0.052,-1.955,-0.007,38
3183,0.261,-1.083,0.000,-0.075,-1.962,-0.008,38
3184,0.264,-1.083,0.000,-0.098,-1.968,-0.009,38
3185,0.267,-1.083,0.000,-0.120,-1.974,-0.010,38
3186,0.271,-1.083,0.000,-0.141,-1.981,-0.010,38
3187,0.274,-1.083,0.000,-0.162,-1.987,-0.011,38
3188,0.277,-1.083,0.000,-0.183,-1.994,-0.012,38
3189,0.281,-1.083,0.000,-0.202,-2.001,-0.012,38
3190,0.284,-1.083,0.000,-0.221,-2.008,-0.013,38
3191,0.287,-1.083,0.000,-0.239,-2.015,-0.014,38
3192,0.290,-1.083,0.000,-0.257,-2.022,-0.014,38
3193,0.294,-1.083,0.000,-0.273,-2.029,-0.015,38
3194,0.297,-1.083,0.000,-0.289,-2.037,-0.016,38
3195,0.300,-1.083,0.000,-0.303,-2.044,-0.016,38
3196,0.304,-1.083,0.000,-0.317,-2.052,-0.017,38
3197,0.307,-1.083,0.000,-0.330,-2.059,-0.017,38
3198,0.310,-1.083,0.000,-0.341,-2.067,-0.018,38
3199,0.314,-1.083,0.000,-0.352,-2.075,-0.018,38
3200,0.317,-1.083,0.000,-0.362,-2.083,-0.019,38
3201,0.320,-1.083,0.000,-0.370,-2.091,-0.019,38
3202,0.323,-1.083,0.000,-0.378,-2.099,-0.019,38
3203,0.327,-1.083,0.000,-0.384,-2.108,-0.020,38
3204,0.330,-1.083,0.000,-0.390,-2.116,-0.020,38
3205,0.333,-1.083,0.000,-0.394,-2.125,-0.020,38
3206,0.337,-1.083,0.000,-0.398,-2.133,-0.020,38
3207,0.340,-1.083,0.000,-0.400,-2.142,-0.020,38
3208,0.343,-1.083,0.000,-0.401,-2.151,-0.020,38
3209,0.347,-1.083,0.000,-0.401,-2.159,-0.021,38
3210,0.350,-1.083,0.000,-0.400,-2.168,-0.021,38
3211,0.353,-1.083,0.000,-0.399,-2.177,-0.021,38
3212,0.356,-1.083,0.000,-0.396,-2.187,-0.021,38
3213,0.360,-1.083,0.000,-0.392,-2.196,-0.020,38
3214,0.363,-1.083,0.000,-0.387,-2.205,-0.020,38
3215,0.366,-1.083,0.000,-0.382,-2.215,-0.020,38
3216,0.370,-1.083,0.000,-0.375,-2.224,-0.020,38
3217,0.373,-1.083,0.000,-0.368,-2.227,-0.018,38
3218,0.376,-1.084,0.000,-0.360,-2.217,-0.019,38
3219,0.380,-1.084,0.000,-0.351,-2.206,-0.019,38
3220,0.383,-1.084,0.000,-0.341,-2.196,-0.018,38
3221,0.386,-1.084,0.000,-0.330,-2.186,-0.018,38
3222,0.389,-1.084,0.000,-0.319,-2.176,-0.018,38
3223,0.393,-1.084,0.000,-0.307,-2.166,-0.017,38
3224,0.396,-1.084,0.000,-0.295,-2.157,-0.017,38
3225,0.399,-1.084,0.000,-0.282,-2.147,-0.016,38
3226,0.403,-1.084,0.000,-0.268,-2.138,-0.015,38
3227,0.406,-1.084,0.000,-0.254,-2.129,-0.015,38
3228,0.409,-1.084,0.000,-0.240,-2.121,-0.014,38
3229,0.412,-1.084,0.000,-0.225,-2.112,-0.014,38
3230,0.416,-1.084,0.000,-0.209,-2.104,-0.013,38
3231,0.419,-1.084,0.000,-0.194,-2.096,-0.013,38
3232,0.422,-1.084,0.000,-0.178,-2.089,-0.012,38
3233,0.425,-1.084,0.000,-0.162,-2.081,-0.011,38
3234,0.428,-1.084,0.000,-0.146,-2.074,-0.011,38
3235,0.432,-1.084,0.000,-0.129,-2.066,-0.010,38
3236,0.435,-1.084,0.000,-0.113,-2.060,-0.009,38
3237,0.438,-1.084,0.000,-0.097,-2.053,-0.009,38
3238,0.441,-1.084,0.000,-0.080,-2.046,-0.008,38
3239,0.445,-1.084,0.000,-0.064,-2.040,-0.008,38
3240,0.448,-1.084,0.000,-0.048,-2.034,-0.007,38
3241,0.451,-1.084,0.000,-0.032,-2.028,-0.007,38
3242,0.454,-1.084,0.000,-0.016,-2.022,-0.006,38
3243,0.457,-1.084,0.000,-0.000,-2.017,-0.005,38
3244,0.461,-1.084,0.000,0.015,-2.012,-0.005,38
3245,0.464,-1.084,0.000,0.030,-2.006,-0.004,38
3246,0.467,-1.084,0.000,0.045,-2.002,-0.004,38
3247,0.470,-1.084,0.000,0.059,-1.997,-0.003,38
3248,0.474,-1.084,0.000,0.073,-1.992,-0.003,38
3249,0.477,-1.084,0.000,0.087,-1.988,-0.002,38
3250,0.480,-1.084,0.000,0.100,-1.984,-0.002,38
3251,0.483,-1.084,0.000,0.112,-1.980,-0.002,38
3252,0.487,-1.084,0.000,0.124,-1.976,-0.001,38
3253,0.490,-1.084,0.000,0.135,-1.973,-0.001,38
3254,0.493,-1.084,0.000,0.146,-1.969,-0.000,38
3255,0.496,-1.084,0.000,0.156,-1.966,-0.000,38
3256,0.499,-1.084,0.000,0.165,-1.963,0.000,38
3257,0.503,-1.084,0.000,0.174,-1.960,0.001,38
3258,0.506,-1.084,0.000,0.182,-1.958,0.001,38
3259,0.509,-1.084,0.000,0.190,-1.955,0.001,38
3260,0.512,-1.084,0.000,0.197,-1.953,0.001,38
3261,0.516,-1.084,0.000,0.203,-1.951,0.001,38
3262,0.519,-1.084,0.000,0.208,-1.949,0.002,38
3263,0.522,-1.084,0.000,0.213,-1.948,0.002,38
3264,0.525,-1.084,0.000,0.217,-1.946,0.002,38
3265,0.528,-1.084,0.000,0.220,-1.945,0.002,38
3266,0.532,-1.084,0.000,0.223,-1.943,0.002,38
3267,0.535,-1.084,0.000,0.225,-1.942,0.002,38
3268,0.538,-1.084,0.000,0.226,-1.942,0.002,38
3269,0.541,-1.084,0.000,0.227,-1.941,0.002,38
3270,0.545,-1.084,0.000,0.226,-1.940,0.002,38
3271,0.548,-1.084,0.000,0.226,-1.940,0.002,38
3272,0.551,-1.084,0.000,0.224,-1.940,0.002,38
3273,0.554,-1.084,0.000,0.222,-1.940,0.002,38
3274,0.558,-1.083,0.000,0.219,-1.940,0.002,38
3275,0.561,-1.083,0.000,0.216,-1.940,0.002,38
3276,0.564,-1.083,0.000,0.212,-1.941,0.002,38
3277,0.567,-1.083,0.000,0.208,-1.941,0.002,38
3278,0.571,-1.083,0.000,0.202,-1.942,0.001,38
3279,0.574,-1.083,0.000,0.197,-1.943,0.001,38
3280,0.577,-1.083,0.000,0.191,-1.944,0.001,38
3281,0.580,-1.083,0.000,0.184,-1.946,0.001,38
3282,0.584,-1.083,0.000,0.178,-1.947,0.001,38
3283,0.587,-1.083,0.000,0.170,-1.949,0.000,38
3284,0.590,-1.083,0.000,0.162,-1.950,0.000,38
3285,0.593,-1.083,0.000,0.154,-1.952,-0.000,38
3286,0.597,-1.083,0.000,0.146,-1.954,-0.000,38
3287,0.600,-1.083,0.000,0.137,-1.956,-0.001,38
3288,0.603,-1.083,0.000,0.128,-1.959,-0.001,38
3289,0.607,-1.083,0.000,0.119,-1.961,-0.001,38
3290,0.610,-1.083,0.000,0.110,-1.964,-0.002,38
3291,0.613,-1.083,0.000,0.100,-1.966,-0.002,38
3292,0.616,-1.083,0.000,0.090,-1.969,-0.002,38
3293,0.620,-1.083,0.000,0.080,-1.972,-0.003,38
3294,0.623,-1.083,0.000,0.070,-1.975,-0.003,38
3295,0.626,-1.083,0.000,0.060,-1.979,-0.003,38
3296,0.629,-1.083,0.000,0.050,-1.982,-0.004,38
3297,0.633,-1.083,0.000,0.040,-1.986,-0.004,38
3298,0.636,-1.083,0.000,0.030,-1.989,-0.004,38
3299,0.639,-1.083,0.000,0.020,-1.993,-0.005,38
3300,0.642,-1.083,0.000,0.010,-1.997,-0.005,38
3301,0.646,-1.083,0.000,0.001,-2.001,-0.005,38
3302,0.649,-1.083,0.000,-0.009,-2.005,-0.006,38
3303,0.652,-1.083,0.000,-0.018,-2.010,-0.006,38
3304,0.656,-1.083,0.000,-0.028,-2.014,-0.006,38
3305,0.659,-1.083,0.000,-0.037,-2.019,-0.007,38
3306,0.662,-1.083,0.000,-0.046,-2.024,-0.007,38
3307,0.665,-1.083,0.000,-0.054,-2.028,-0.007,38
3308,0.669,-1.083,0.000,-0.063,-2.033,-0.008,38
3309,0.672,-1.083,0.000,-0.071,-2.039,-0.008,38
3310,0.675,-1.083,0.000,-0.078,-2.044,-0.008,38
3311,0.679,-1.083,0.000,-0.086,-2.049,-0.008,38
3312,0.682,-1.083,0.000,-0.093,-2.055,-0.009,38
3313,0.685,-1.083,0.000,-0.099,-2.060,-0.009,38
3314,0.688,-1.083,0.000,-0.106,-2.066,-0.009,38
3315,0.692,-1.083,0.000,-0.112,-2.072,-0.009,38
3316,0.695,-1.083,0.000,-0.117,-2.078,-0.010,38
3317,0.698,-1.083,0.000,-0.122,-2.084,-0.010,38
3318,0.702,-1.083,0.000,-0.127,-2.090,-0.010,38
3319,0.705,-1.083,0.000,-0.131,-2.096,-0.010,38
3320,0.708,-1.083,0.000,-0.135,-2.103,-0.010,38
3321,0.711,-1.083,0.000,-0.139,-2.109,-0.011,38
3322,0.715,-1.083,0.000,-0.142,-2.116,-0.011,38
3323,0.718,-1.083,0.000,-0.144,-2.123,-0.011,38
3324,0.721,-1.083,0.000,-0.147,-2.130,-0.011,38
3325,0.725,-1.083,0.000,-0.148,-2.137,-0.011,38
3326,0.728,-1.083,0.000,-0.150,-2.144,-0.011,38
3327,0.731,-1.083,0.000,-0.151,-2.151,-0.011,38
3328,0.734,-1.083,0.000,-0.151,-2.158,-0.011,38
3329,0.738,-1.083,0.000,-0.151,-2.166,-0.011,38
3330,0.741,-1.083,0.000,-0.151,-2.173,-0.011,38
3331,0.744,-1.083,0.000,-0.150,-2.181,-0.011,38
3332,0.748,-1.083,0.000,-0.149,-2.189,-0.011,38
3333,0.751,-1.083,0.000,-0.147,-2.196,-0.011,38
3334,0.754,-1.084,0.000,-0.145,-2.204,-0.011,38
3335,0.758,-1.084,0.000,-0.143,-2.212,-0.011,38
3336,0.761,-1.084,0.000,-0.140,-2.221,-0.011,38
3337,0.764,-1.084,0.000,-0.137,-2.228,-0.010,38
3338,0.767,-1.084,0.000,-0.134,-2.222,-0.011,38
3339,0.771,-1.084,0.000,-0.130,-2.213,-0.010,38
3340,0.774,-1.084,0.000,-0.126,-2.204,-0.010,38
3341,0.777,-1.084,0.000,-0.122,-2.195,-0.010,38
3342,0.781,-1.084,0.000,-0.118,-2.187,-0.010,38
3343,0.784,-1.084,0.000,-0.113,-2.179,-0.010,38
3344,0.787,-1.084,0.000,-0.108,-2.170,-0.009,38
3345,0.790,-1.084,0.000,-0.103,-2.163,-0.009,38
3346,0.794,-1.084,0.000,-0.097,-2.155,-0.009,38
3347,0.797,-1.084,0.000,-0.092,-2.147,-0.009,38
3348,0.800,-1.084,0.000,-0.086,-2.140,-0.009,38
3349,0.803,-1.084,0.000,-0.080,-2.133,-0.008,38
3350,0.807,-1.084,0.000,-0.074,-2.126,-0.008,38
3351,0.810,-1.084,0.000,-0.068,-2.119,-0.008,38
3352,0.813,-1.084,0.000,-0.061,-2.113,-0.008,38
3353,0.816,-1.084,0.000,-0.055,-2.107,-0.007,38
3354,0.820,-1.084,0.000,-0.049,-2.100,-0.007,38
3355,0.823,-1.084,0.000,-0.042,-2.095,-0.007,38
3356,0.826,-1.084,0.000,-0.036,-2.089,-0.007,38
3357,0.829,-1.084,0.000,-0.029,-2.083,-0.006,38
3358,0.833,-1.084,0.000,-0.023,-2.078,-0.006,38
3359,0.836,-1.084,0.000,-0.016,-2.073,-0.006,38
3360,0.839,-1.084,0.000,-0.010,-2.068,-0.006,38
3361,0.842,-1.084,0.000,-0.004,-2.063,-0.006,38
3362,0.846,-1.084,0.000,0.003,-2.059,-0.005,38
3363,0.849,-1.084,0.000,0.009,-2.055,-0.004,38
3364,0.852,-1.084,0.000,0.015,-2.051,-0.004,38
3365,0.855,-1.084,0.000,0.021,-2.047,-0.005,38
3366,0.858,-1.084,0.000,0.026,-2.043,-0.005,38
3367,0.862,-1.084,0.000,0.032,-2.039,-0.004,38
3368,0.865,-1.084,0.000,0.037,-2.036,-0.004,38
3369,0.868,-1.084,0.000,0.043,-2.033,-0.004,38
3370,0.871,-1.084,0.000,0.048,-2.030,-0.004,38
3371,0.875,-1.084,0.000,0.052,-2.027,-0.004,38
3372,0.878,-1.084,0.000,0.057,-2.024,-0.003,38
3373,0.881,-1.084,0.000,0.061,-2.022,-0.003,38
3374,0.884,-1.084,0.000,0.065,-2.020,-0.003,38
3375,0.888,-1.084,0.000,0.069,-2.018,-0.003,38
3376,0.891,-1.084,0.000,0.073,-2.016,-0.003,38
3377,0.894,-1.084,0.000,0.076,-2.014,-0.003,38
3378,0.897,-1.084,0.000,0.079,-2.013,-0.003,38
3379,0.901,-1.084,0.000,0.082,-2.011,-0.003,38
3380,0.904,-1.084,0.000,0.085,-2.010,-0.002,38
3381,0.907,-1.084,0.000,0.087,-2.009,-0.002,38
3382,0.910,-1.084,0.000,0.089,-2.008,-0.002,38
3383,0.913,-1.084,0.000,0.090,-2.008,-0.002,38
3384,0.917,-1.084,0.000,0.092,-2.007,-0.002,38
3385,0.920,-1.084,0.000,0.093,-2.007,-0.002,38
3386,0.923,-1.084,0.000,0.094,-2.007,-0.002,38
3387,0.926,-1.084,0.000,0.094,-2.007,-0.002,38
3388,0.930,-1.084,0.000,0.094,-2.007,-0.002,38
3389,0.933,-1.084,0.000,0.094,-2.007,-0.002,38
3390,0.936,-1.084,0.000,0.094,-2.007,-0.002,38
3391,0.939,-1.084,0.000,0.094,-2.008,-0.002,38
3392,0.943,-1.084,0.000,0.093,-2.009,-0.002,38
3393,0.946,-1.084,0.000,0.092,-2.010,0.017,38
3394,0.949,-1.084,0.000,0.094,-2.011,0.006,38
3395,0.952,-1.084,0.000,0.099,-2.011,-0.013,38
3396,0.956,-1.083,0.000,0.102,-2.012,-0.001,38
3397,0.959,-1.083,0.000,0.105,-2.013,0.003,38
3398,0.962,-1.083,0.000,0.106,-2.015,-0.002,38
3399,0.965,-1.083,0.000,0.108,-2.016,-0.004,38
3400,0.969,-1.083,0.000,0.109,-2.017,-0.002,38
3401,0.972,-1.083,0.000,0.110,-2.019,-0.001,38
3402,0.975,-1.083,0.000,0.110,-2.021,-0.001,38
3403,0.979,-1.083,0.000,0.109,-2.023,-0.002,38
3404,0.982,-1.083,0.000,0.109,-2.025,-0.002,38
3405,0.985,-1.083,0.000,0.108,-2.027,-0.001,38
3406,0.988,-1.083,0.000,0.106,-2.030,-0.002,38
3407,0.992,-1.083,0.000,0.104,-2.032,0.015,38
3408,0.995,-1.083,0.000,0.104,-2.035,-0.004,38
3409,0.998,-1.083,0.000,0.104,-2.037,-0.000,38
3410,1.001,-1.083,0.000,0.103,-2.040,-0.001,38
3411,1.005,-1.083,0.000,0.102,-2.043,-0.002,38
3412,1.008,-1.083,0.000,0.101,-2.046,-0.002,38
3413,1.011,-1.083,0.000,0.099,-2.049,-0.002,38
3414,1.014,-1.083,0.000,0.097,-2.052,-0.002,38
3415,1.018,-1.083,0.000,0.094,-2.055,-0.002,38
3416,1.021,-1.083,0.000,0.091,-2.059,-0.002,38
3417,1.024,-1.083,0.000,0.088,-2.062,-0.002,38
3418,1.028,-1.083,0.000,0.084,-2.066,-0.002,38
3419,1.031,-1.083,0.000,0.080,-2.070,-0.003,38
3420,1.034,-1.083,0.000,0.076,-2.074,-0.003,38
3421,1.037,-1.083,0.000,0.072,-2.078,-0.003,38
3422,1.041,-1.083,0.000,0.067,-2.083,-0.003,38
3423,1.044,-1.083,0.000,0.062,-2.087,-0.003,38
3424,1.047,-1.083,0.000,0.056,-2.092,-0.003,38
3425,1.051,-1.083,0.000,0.051,-2.096,-0.004,38
3426,1.054,-1.083,0.000,0.045,-2.101,-0.004,38
3427,1.057,-1.083,0.000,0.040,-2.106,-0.004,38
3428,1.060,-1.083,0.000,0.034,-2.111,-0.004,38
3429,1.064,-1.083,0.000,0.028,-2.116,-0.004,38
3430,1.067,-1.083,0.000,0.022,-2.122,-0.005,38
3431,1.070,-1.083,0.000,0.016,-2.127,-0.005,38
3432,1.074,-1.083,0.000,0.009,-2.133,-0.005,38
3433,1.077,-1.083,0.000,0.003,-2.138,-0.005,38
3434,1.080,-1.083,0.000,-0.003,-2.144,-0.006,38
3435,1.083,-1.083,0.000,-0.009,-2.150,-0.006,38
3436,1.087,-1.083,0.000,-0.015,-2.156,-0.006,38
3437,1.090,-1.083,0.000,-0.021,-2.162,-0.006,38
3438,1.093,-1.083,0.000,-0.026,-2.169,0.004,38
3439,1.097,-1.083,0.000,-0.027,-2.175,0.009,38
3440,1.100,-1.083,0.000,-0.028,-2.181,-0.016,38
3441,1.103,-1.083,0.000,-0.025,-2.187,-0.009,38
3442,1.106,-1.083,0.000,-0.022,-2.193,-0.002,38
3443,1.110,-1.083,0.000,-0.019,-2.200,-0.005,38
3444,1.113,-1.083,0.000,-0.016,-2.206,-0.008,38
3445,1.116,-1.083,0.000,-0.013,-2.213,-0.007,38
3446,1.120,-1.083,0.000,-0.011,-2.219,-0.005,38
3447,1.123,-1.083,0.000,-0.009,-2.226,-0.005,38
3448,1.126,-1.083,0.000,-0.008,-2.226,-0.006,38
3449,1.130,-1.083,0.000,-0.007,-2.220,-0.005,38
3450,1.133,-1.083,0.000,-0.006,-2.215,-0.006,38
3451,1.136,-1.083,0.000,-0.005,-2.209,-0.006,38
3452,1.139,-1.083,0.000,-0.004,-2.204,-0.006,38
3453,1.143,-1.083,0.000,-0.004,-2.200,-0.006,38
3454,1.146,-1.083,0.000,-0.004,-2.195,-0.006,38
3455,1.149,-1.083,0.000,-0.004,-2.191,-0.006,38
3456,1.152,-1.083,0.000,-0.005,-2.186,-0.006,38
3457,1.156,-1.083,0.000,-0.005,-2.182,-0.006,38
3458,1.159,-1.083,0.000,-0.006,-2.178,-0.006,38
3459,1.162,-1.083,0.000,-0.007,-2.175,-0.006,38
3460,1.166,-1.083,0.000,-0.008,-2.171,-0.006,38
3461,1.169,-1.083,0.000,-0.009,-2.168,-0.006,38
3462,1.172,-1.083,0.000,-0.010,-2.165,-0.006,38
3463,1.175,-1.083,0.000,-0.012,-2.162,-0.006,38
3464,1.179,-1.083,0.000,-0.014,-2.159,-0.006,38
3465,1.182,-1.083,0.000,-0.015,-2.156,-0.006,38
3466,1.185,-1.083,0.000,-0.017,-2.154,-0.006,38
3467,1.188,-1.083,0.000,-0.019,-2.152,-0.006,38
3468,1.192,-1.083,0.000,-0.021,-2.149,-0.006,38
3469,1.195,-1.083,0.000,-0.023,-2.148,-0.006,38
3470,1.198,-1.083,0.000,-0.025,-2.146,-0.006,38
3471,1.201,-1.083,0.000,-0.027,-2.144,-0.006,38
3472,1.205,-1.083,0.000,-0.029,-2.143,-0.006,38
3473,1.208,-1.083,0.000,-0.031,-2.142,-0.007,38
3474,1.211,-1.083,0.000,-0.033,-2.141,-0.007,38
3475,1.214,-1.083,0.000,-0.035,-2.140,-0.007,38
3476,1.217,-1.083,0.000,-0.037,-2.139,-0.007,38
3477,1.221,-1.083,0.000,-0.039,-2.139,-0.007,38
3478,1.224,-1.083,0.000,-0.041,-2.138,-0.007,38
3479,1.227,-1.083,0.000,-0.043,-2.138,-0.007,38
3480,1.230,-1.083,0.000,-0.045,-2.138,-0.007,38
3481,1.234,-1.083,0.000,-0.047,-2.138,-0.007,38
3482,1.237,-1.083,0.000,-0.049,-2.138,-0.007,38
3483,1.240,-1.083,0.000,-0.051,-2.139,-0.007,38
3484,1.243,-1.083,0.000,-0.052,-2.139,-0.007,38
3485,1.247,-1.083,0.000,-0.054,-2.140,-0.007,38
3486,1.250,-1.083,0.000,-0.055,-2.141,-0.007,38
3487,1.253,-1.083,0.000,-0.057,-2.142,-0.008,38
3488,1.257,-1.083,0.000,-0.058,-2.143,-0.008,38
3489,1.260,-1.083,0.000,-0.059,-2.145,-0.008,38
3490,1.263,-1.083,0.000,-0.060,-2.146,-0.008,38
3491,1.266,-1.083,0.000,-0.061,-2.148,-0.008,38
3492,1.270,-1.083,0.000,-0.062,-2.150,-0.008,38
3493,1.273,-1.083,0.000,-0.063,-2.152,-0.008,38
3494,1.276,-1.083,0.000,-0.064,-2.154,-0.008,38
3495,1.279,-1.083,0.000,-0.064,-2.156,-0.008,38
3496,1.283,-1.083,0.000,-0.065,-2.159,-0.008,38
3497,1.286,-1.083,0.000,-0.065,-2.162,-0.008,38
3498,1.289,-1.083,0.000,-0.065,-2.164,-0.008,38
3499,1.292,-1.083,0.000,-0.065,-2.167,-0.008,38
3500,1.296,-1.083,0.000,-0.065,-2.170,-0.008,38
3501,1.299,-1.083,0.000,-0.065,-2.173,-0.008,38
3502,1.302,-1.083,0.000,-0.064,-2.177,-0.008,38
3503,1.305,-1.083,0.000,-0.064,-2.180,-0.008,38
3504,1.309,-1.083,0.000,-0.063,-2.184,-0.008,38
3505,1.312,-1.083,0.000,-0.063,-2.188,-0.008,38
3506,1.315,-1.083,0.000,-0.062,-2.191,-0.008,38
3507,1.319,-1.083,0.000,-0.061,-2.195,-0.008,38
3508,1.322,-1.083,0.000,-0.060,-2.200,-0.008,38
3509,1.325,-1.083,0.000,-0.059,-2.204,-0.008,38
3510,1.328,-1.083,0.000,-0.057,-2.208,-0.008,38
3511,1.332,-1.083,0.000,-0.056,-2.213,-0.008,38
3512,1.335,-1.083,0.000,-0.055,-2.217,-0.008,38
3513,1.338,-1.083,0.000,-0.053,-2.222,-0.007,38
3514,1.341,-1.083,0.000,-0.052,-2.227,-0.007,38
3515,1.345,-1.083,0.000,-0.050,-2.224,-0.007,38
3516,1.348,-1.083,0.000,-0.048,-2.219,-0.007,38
3517,1.351,-1.084,0.000,-0.046,-2.214,-0.007,38
3518,1.355,-1.084,0.000,-0.044,-2.209,-0.007,38
3519,1.358,-1.084,0.000,-0.042,-2.204,-0.007,38
3520,1.361,-1.084,0.000,-0.040,-2.199,-0.007,38
3521,1.364,-1.084,0.000,-0.038,-2.194,-0.007,38
3522,1.368,-1.084,0.000,-0.036,-2.190,-0.007,38
3523,1.371,-1.084,0.000,-0.034,-2.186,-0.007,38
3524,1.374,-1.084,0.000,-0.032,-2.182,-0.007,38
3525,1.377,-1.084,0.000,-0.030,-2.178,-0.007,38
3526,1.381,-1.084,0.000,-0.028,-2.175,-0.006,38
3527,1.384,-1.084,0.000,-0.025,-2.171,-0.006,38
3528,1.387,-1.084,0.000,-0.023,-2.168,-0.006,38
3529,1.390,-1.084,0.000,-0.021,-2.165,-0.006,38
3530,1.394,-1.084,0.000,-0.019,-2.162,-0.006,38
3531,1.397,-1.084,0.000,-0.016,-2.159,-0.006,38
3532,1.400,-1.084,0.000,-0.014,-2.157,-0.006,38
3533,1.403,-1.084,0.000,-0.012,-2.155,-0.006,38
3534,1.407,-1.084,0.000,-0.010,-2.153,-0.006,38
3535,1.410,-1.084,0.000,-0.008,-2.151,-0.006,38
3536,1.413,-1.084,0.000,-0.006,-2.149,-0.006,38
3537,1.416,-1.084,0.000,-0.004,-2.147,-0.006,38
3538,1.420,-1.084,0.000,-0.002,-2.146,-0.005,38
3539,1.423,-1.084,0.000,0.000,-2.145,-0.005,38
3540,1.426,-1.084,0.000,0.002,-2.143,-0.005,38
3541,1.429,-1.084,0.000,0.004,-2.143,-0.005,38
3542,1.433,-1.084,0.000,0.006,-2.142,-0.005,38
3543,1.436,-1.084,0.000,0.008,-2.141,-0.005,38
3544,1.439,-1.084,0.000,0.009,-2.141,-0.005,38
3545,1.442,-1.084,0.000,0.011,-2.141,-0.005,38
3546,1.446,-1.084,0.000,0.012,-2.141,-0.005,38
3547,1.449,-1.084,0.000,0.014,-2.141,-0.005,38
3548,1.452,-1.084,0.000,0.015,-2.141,-0.005,38
3549,1.455,-1.084,0.000,0.016,-2.141,-0.005,38
3550,1.459,-1.084,0.000,0.018,-2.142,-0.005,38
3551,1.462,-1.084,0.000,0.019,-2.143,-0.005,38
3552,1.465,-1.084,0.000,0.020,-2.144,-0.005,38
3553,1.468,-1.084,0.000,0.021,-2.145,-0.005,38
3554,1.472,-1.084,0.000,0.021,-2.146,-0.005,38
3555,1.475,-1.084,0.000,0.022,-2.147,-0.005,38
3556,1.478,-1.084,0.000,0.023,-2.149,-0.005,38
3557,1.481,-1.084,0.000,0.023,-2.150,-0.005,38
3558,1.485,-1.084,0.000,0.024,-2.152,-0.005,38
3559,1.488,-1.084,0.000,0.024,-2.154,-0.005,38
3560,1.491,-1.084,0.000,0.024,-2.156,-0.004,38
3561,1.494,-1.084,0.000,0.025,-2.159,-0.004,38
3562,1.498,-1.084,0.000,0.025,-2.161,-0.004,38
3563,1.501,-1.084,0.000,0.025,-2.164,-0.004,38
3564,1.504,-1.084,0.000,0.025,-2.166,-0.004,38
3565,1.507,-1.084,0.000,0.025,-2.169,-0.004,38
3566,1.511,-1.084,0.000,0.024,-2.172,-0.004,38
3567,1.514,-1.084,0.000,0.024,-2.175,-0.004,38
3568,1.517,-1.083,0.000,0.024,-2.179,-0.005,38
3569,1.521,-1.083,0.000,0.023,-2.182,-0.005,38
3570,1.524,-1.083,0.000,0.023,-2.186,-0.005,38
3571,1.527,-1.083,0.000,0.022,-2.190,-0.005,38
3572,1.530,-1.083,0.000,0.021,-2.193,-0.005,38
3573,1.534,-1.083,0.000,0.021,-2.197,-0.005,38
3574,1.537,-1.083,0.000,0.020,-2.201,-0.005,38
3575,1.540,-1.083,0.000,0.019,-2.206,-0.005,38
3576,1.543,-1.083,0.000,0.018,-2.210,-0.005,38
3577,1.547,-1.083,0.000,0.017,-2.215,-0.005,38
3578,1.550,-1.083,0.000,0.016,-2.219,-0.005,38
3579,1.553,-1.083,0.000,0.015,-2.224,-0.005,38
3580,1.557,-1.083,0.000,0.014,-2.227,-0.004,38
3581,1.560,-1.083,0.000,0.013,-2.222,-0.005,38
3582,1.563,-1.083,0.000,0.012,-2.217,-0.005,38
3583,1.566,-1.083,0.000,0.011,-2.212,-0.005,38
3584,1.570,-1.083,0.000,0.010,-2.207,-0.005,38
3585,1.573,-1.083,0.000,0.008,-2.202,-0.005,38
3586,1.576,-1.083,0.000,0.007,-2.198,-0.005,38
3587,1.580,-1.083,0.000,0.006,-2.193,-0.005,38
3588,1.583,-1.083,0.000,0.005,-2.189,-0.005,38
3589,1.586,-1.083,0.000,0.003,-2.185,-0.005,38
3590,1.589,-1.083,0.000,0.002,-2.181,-0.005,38
3591,1.593,-1.083,0.000,0.001,-2.178,-0.005,38
3592,1.596,-1.083,0.000,-0.000,-2.174,-0.005,38
3593,1.599,-1.083,0.000,-0.001,-2.171,-0.005,38
3594,1.602,-1.083,0.000,-0.003,-2.168,-0.006,38
3595,1.606,-1.083,0.000,-0.004,-2.165,-0.006,38
3596,1.609,-1.083,0.000,-0.005,-2.162,-0.006,38
3597,1.612,-1.083,0.000,-0.006,-2.160,-0.006,38
3598,1.615,-1.083,0.000,-0.007,-2.157,-0.006,38
3599,1.619,-1.083,0.000,-0.008,-2.155,-0.006,38
3600,1.622,-1.083,0.000,-0.009,-2.153,-0.006,38
3601,1.625,-1.083,0.000,-0.010,-2.151,-0.006,38
3602,1.628,-1.083,0.000,-0.011,-2.150,-0.006,38
3603,1.632,-1.083,0.000,-0.012,-2.148,-0.006,38
3604,1.635,-1.083,0.000,-0.013,-2.147,-0.006,38
3605,1.638,-1.083,0.000,-0.014,-2.146,-0.006,38
3606,1.641,-1.083,0.000,-0.015,-2.145,-0.006,38
3607,1.645,-1.083,0.000,-0.016,-2.144,-0.006,38
3608,1.648,-1.083,0.000,-0.016,-2.143,-0.006,38
3609,1.651,-1.083,0.000,-0.017,-2.143,-0.006,38
3610,1.654,-1.083,0.000,-0.018,-2.143,-0.006,38
3611,1.658,-1.083,0.000,-0.018,-2.143,-0.006,38
3612,1.661,-1.083,0.000,-0.019,-2.143,-0.006,38
3613,1.664,-1.083,0.000,-0.019,-2.143,-0.006,38
3614,1.667,-1.083,0.000,-0.019,-2.143,-0.006,38
3615,1.671,-1.083,0.000,-0.020,-2.144,-0.006,38
3616,1.674,-1.083,0.000,-0.020,-2.145,-0.006,38
3617,1.677,-1.084,0.000,-0.020,-2.145,-0.006,38
3618,1.680,-1.084,0.000,-0.021,-2.146,-0.006,38
3619,1.684,-1.084,0.000,-0.021,-2.148,-0.006,38
3620,1.687,-1.084,0.000,-0.021,-2.149,-0.006,38
3621,1.690,-1.084,0.000,-0.021,-2.150,-0.006,38
3622,1.693,-1.084,0.000,-0.021,-2.152,-0.006,38
3623,1.697,-1.084,0.000,-0.021,-2.154,-0.006,38
3624,1.700,-1.084,0.000,-0.020,-2.156,-0.006,38
3625,1.703,-1.084,0.000,-0.020,-2.158,-0.006,38
3626,1.706,-1.084,0.000,-0.020,-2.160,-0.006,38
3627,1.710,-1.084,0.000,-0.020,-2.163,-0.006,38
3628,1.713,-1.084,0.000,-0.019,-2.165,-0.006,38
3629,1.716,-1.084,0.000,-0.019,-2.168,-0.006,38
3630,1.719,-1.084,0.000,-0.018,-2.171,-0.006,38
3631,1.723,-1.084,0.000,-0.018,-2.174,-0.006,38
3632,1.726,-1.084,0.000,-0.017,-2.177,-0.006,38
3633,1.729,-1.084,0.000,-0.017,-2.180,-0.006,38
3634,1.733,-1.084,0.000,-0.016,-2.183,-0.006,38
3635,1.736,-1.084,0.000,-0.016,-2.187,-0.006,38
3636,1.739,-1.084,0.000,-0.015,-2.191,-0.006,38
3637,1.742,-1.084,0.000,-0.014,-2.194,-0.006,38
3638,1.746,-1.084,0.000,-0.014,-2.198,-0.006,38
3639,1.749,-1.084,0.000,-0.013,-2.202,-0.006,38
3640,1.752,-1.084,0.000,-0.012,-2.207,-0.006,38
3641,1.755,-1.084,0.000,-0.011,-2.211,-0.006,38
3642,1.759,-1.084,0.000,-0.011,-2.216,-0.006,38
3643,1.762,-1.084,0.000,-0.010,-2.220,-0.006,38
3644,1.765,-1.084,0.000,-0.009,-2.225,-0.006,38
3645,1.769,-1.084,0.000,-0.008,-2.227,-0.005,38
3646,1.772,-1.084,0.000,-0.007,-2.221,-0.006,38
3647,1.775,-1.084,0.000,-0.006,-2.216,-0.006,38
3648,1.778,-1.084,0.000,-0.005,-2.211,-0.006,38
3649,1.782,-1.084,0.000,-0.005,-2.206,-0.005,38
3650,1.785,-1.084,0.000,-0.004,-2.202,-0.006,38
3651,1.788,-1.084,0.000,-0.003,-2.197,-0.006,38
3652,1.791,-1.084,0.000,-0.002,-2.193,-0.005,38
3653,1.795,-1.084,0.000,-0.001,-2.189,-0.005,38
3654,1.798,-1.084,0.000,-0.000,-2.185,-0.005,38
3655,1.801,-1.084,0.000,0.000,-2.181,-0.005,38
3656,1.805,-1.084,0.000,0.001,-2.178,-0.005,38
3657,1.808,-1.084,0.000,0.002,-2.174,-0.005,38
3658,1.811,-1.084,0.000,0.003,-2.171,-0.005,38
3659,1.814,-1.084,0.000,0.004,-2.168,-0.005,38
3660,1.818,-1.084,0.000,0.004,-2.165,-0.005,38
3661,1.821,-1.084,0.000,0.005,-2.163,-0.005,38
3662,1.824,-1.084,0.000,0.006,-2.160,-0.005,38
3663,1.827,-1.084,0.000,0.006,-2.158,-0.003,38
3664,1.831,-1.084,0.000,0.008,-2.156,0.004,38
3665,1.834,-1.084,0.000,0.014,-2.153,0.010,38
3666,1.837,-1.084,0.000,0.020,-2.151,0.004,38
3667,1.840,-1.084,0.000,0.027,-2.150,-0.001,38
3668,1.844,-1.084,0.000,0.037,-2.148,-0.008,38
3669,1.847,-1.084,0.000,0.046,-2.146,-0.006,38
3670,1.850,-1.084,0.000,0.055,-2.144,-0.002,38
3671,1.853,-1.084,0.000,0.063,-2.143,-0.002,38
3672,1.857,-1.084,0.000,0.070,-2.142,-0.003,38
3673,1.860,-1.084,0.000,0.077,-2.141,-0.003,38
3674,1.863,-1.083,0.000,0.084,-2.140,-0.002,38
3675,1.866,-1.083,0.000,0.089,-2.139,-0.002,38
3676,1.870,-1.083,0.000,0.095,-2.138,-0.002,38
3677,1.873,-1.083,0.000,0.099,-2.138,-0.002,38
3678,1.876,-1.083,0.000,0.103,-2.138,-0.002,38
3679,1.879,-1.083,0.000,0.107,-2.138,-0.001,38
3680,1.883,-1.083,0.000,0.110,-2.138,-0.001,38
3681,1.886,-1.083,0.000,0.112,-2.138,-0.001,38
3682,1.889,-1.083,0.000,0.114,-2.138,-0.001,38
3683,1.892,-1.083,0.000,0.115,-2.139,-0.001,38
3684,1.896,-1.083,0.000,0.116,-2.140,-0.001,38
3685,1.899,-1.083,0.000,0.116,-2.141,-0.001,38
3686,1.902,-1.083,0.000,0.116,-2.142,-0.001,38
3687,1.905,-1.083,0.000,0.115,-2.143,-0.001,38
3688,1.909,-1.083,0.000,0.114,-2.144,-0.001,38
3689,1.912,-1.083,0.000,0.112,-2.146,-0.001,38
3690,1.915,-1.083,0.000,0.110,-2.147,-0.001,38
3691,1.918,-1.083,0.000,0.107,-2.149,-0.001,38
3692,1.922,-1.083,0.000,0.105,-2.151,-0.001,38
3693,1.925,-1.083,0.000,0.101,-2.153,-0.002,38
3694,1.928,-1.083,0.000,0.098,-2.156,-0.002,38
3695,1.931,-1.083,0.000,0.094,-2.158,-0.002,38
3696,1.935,-1.083,0.000,0.089,-2.161,-0.002,38
3697,1.938,-1.083,0.000,0.085,-2.163,-0.002,38
3698,1.941,-1.083,0.000,0.080,-2.166,-0.002,38
3699,1.945,-1.083,0.000,0.075,-2.169,-0.003,38
3700,1.948,-1.083,0.000,0.069,-2.172,-0.003,38
3701,1.951,-1.083,0.000,0.064,-2.176,-0.003,38
3702,1.954,-1.083,0.000,0.058,-2.179,-0.003,38
3703,1.958,-1.083,0.000,0.052,-2.183,-0.003,38
3704,1.961,-1.083,0.000,0.046,-2.186,-0.004,38
3705,1.964,-1.083,0.000,0.040,-2.190,-0.004,38
3706,1.967,-1.083,0.000,0.034,-2.194,-0.004,38
3707,1.971,-1.083,0.000,0.027,-2.198,-0.004,38
3708,1.974,-1.083,0.000,0.021,-2.202,-0.005,38
3709,1.977,-1.083,0.000,0.014,-2.207,-0.005,38
3710,1.981,-1.083,0.000,0.008,-2.211,-0.005,38
3711,1.984,-1.083,0.000,0.001,-2.216,-0.005,38
3712,1.987,-1.083,0.000,-0.005,-2.221,-0.006,38
3713,1.990,-1.083,0.000,-0.012,-2.226,-0.006,38
3714,1.994,-1.083,0.000,-0.018,-2.226,-0.005,38
3715,1.997,-1.083,0.000,-0.024,-2.221,-0.006,38
3716,2.000,-1.083,0.000,-0.030,-2.215,-0.007,38
3717,2.003,-1.083,0.000,-0.036,-2.210,-0.007,38
3718,2.007,-1.083,0.000,-0.042,-2.205,-0.007,38
3719,2.010,-1.083,0.000,-0.048,-2.200,-0.007,38
3720,2.013,-1.083,0.000,-0.054,-2.196,-0.008,38
3721,2.017,-1.083,0.000,-0.059,-2.191,-0.008,38
3722,2.020,-1.083,0.000,-0.064,-2.187,-0.008,38
3723,2.023,-1.083,0.000,-0.069,-2.183,-0.008,38
3724,2.026,-1.083,0.000,-0.074,-2.179,-0.008,38
3725,2.030,-1.083,0.000,-0.079,-2.176,-0.008,38
3726,2.033,-1.083,0.000,-0.083,-2.172,-0.009,38
3727,2.036,-1.083,0.000,-0.087,-2.169,-0.009,38
3728,2.039,-1.083,0.000,-0.091,-2.166,-0.009,38
3729,2.043,-1.083,0.000,-0.094,-2.163,-0.009,38
3730,2.046,-1.083,0.000,-0.098,-2.160,-0.009,38
3731,2.049,-1.083,0.000,-0.101,-2.158,-0.009,38
3732,2.052,-1.083,0.000,-0.103,-2.155,-0.009,38
3733,2.056,-1.083,0.000,-0.106,-2.153,-0.009,38
3734,2.059,-1.083,0.000,-0.108,-2.151,-0.009,38
3735,2.062,-1.083,0.000,-0.110,-2.149,-0.010,38
3736,2.065,-1.083,0.000,-0.111,-2.147,-0.010,38
3737,2.069,-1.083,0.000,-0.112,-2.146,-0.010,38
3738,2.072,-1.083,0.000,-0.113,-2.145,-0.010,38
3739,2.075,-1.083,0.000,-0.114,-2.144,-0.010,38
3740,2.078,-1.083,0.000,-0.114,-2.143,-0.010,38
3741,2.082,-1.083,0.000,-0.114,-2.142,-0.010,38
3742,2.085,-1.083,0.000,-0.114,-2.141,-0.010,38
3743,2.088,-1.083,0.000,-0.113,-2.141,-0.010,38
3744,2.091,-1.083,0.000,-0.112,-2.140,-0.010,38
3745,2.095,-1.083,0.000,-0.111,-2.140,-0.010,38
3746,2.098,-1.083,0.000,-0.110,-2.140,-0.010,38
3747,2.101,-1.083,0.000,-0.108,-2.141,-0.009,38
3748,2.104,-1.083,0.000,-0.106,-2.141,-0.009,38
3749,2.108,-1.084,0.000,-0.104,-2.141,-0.009,38
3750,2.111,-1.084,0.000,-0.102,-2.142,-0.009,38
3751,2.114,-1.084,0.000,-0.099,-2.143,-0.009,38
3752,2.117,-1.084,0.000,-0.096,-2.144,-0.009,38
3753,2.121,-1.084,0.000,-0.093,-2.145,-0.009,38
3754,2.124,-1.084,0.000,-0.090,-2.146,-0.009,38
3755,2.127,-1.084,0.000,-0.087,-2.148,-0.009,38
3756,2.130,-1.084,0.000,-0.083,-2.150,-0.009,38
3757,2.134,-1.084,0.000,-0.079,-2.151,-0.008,38
3758,2.137,-1.084,0.000,-0.076,-2.153,-0.008,38
3759,2.140,-1.084,0.000,-0.071,-2.155,-0.008,38
3760,2.143,-1.084,0.000,-0.067,-2.158,-0.008,38
3761,2.147,-1.084,0.000,-0.063,-2.160,-0.008,38
3762,2.150,-1.084,0.000,-0.059,-2.162,-0.008,38
3763,2.153,-1.084,0.000,-0.054,-2.165,-0.007,38
3764,2.157,-1.084,0.000,-0.050,-2.168,-0.007,38
3765,2.160,-1.084,0.000,-0.045,-2.171,-0.007,38
3766,2.163,-1.084,0.000,-0.041,-2.174,-0.007,38
3767,2.166,-1.084,0.000,-0.036,-2.177,-0.007,38
3768,2.170,-1.084,0.000,-0.031,-2.181,0.013,38
3769,2.173,-1.084,0.000,-0.030,-2.184,0.005,38
3770,2.176,-1.084,0.000,-0.030,-2.187,-0.011,38
3771,2.180,-1.084,0.000,-0.030,-2.191,-0.013,38
3772,2.183,-1.084,0.000,-0.029,-2.194,-0.006,38
3773,2.186,-1.084,0.000,-0.029,-2.198,-0.004,38
3774,2.189,-1.084,0.000,-0.028,-2.202,-0.007,38
3775,2.193,-1.084,0.000,-0.028,-2.205,-0.008,38
3776,2.196,-1.084,0.000,-0.027,-2.209,-0.006,38
3777,2.199,-1.084,0.000,-0.026,-2.213,-0.006,38
3778,2.202,-1.084,0.000,-0.025,-2.218,-0.006,38
3779,2.206,-1.084,0.000,-0.023,-2.222,-0.006,38
3780,2.209,-1.084,0.000,-0.022,-2.227,-0.006,38
3781,2.212,-1.084,0.000,-0.020,-2.225,-0.006,38
3782,2.216,-1.084,0.000,-0.019,-2.220,-0.006,38
3783,2.219,-1.084,0.000,-0.017,-2.183,0.011,38
3784,2.222,-1.084,0.000,-0.015,-2.134,0.005,38
3785,2.225,-1.084,0.000,-0.013,-2.085,0.002,38
3786,2.229,-1.084,0.000,-0.011,-2.036,0.005,38
3787,2.232,-1.084,0.000,-0.008,-1.988,0.006,38
3788,2.235,-1.084,0.000,-0.005,-1.940,-0.003,38
3789,2.238,-1.084,0.000,-0.001,-1.893,0.008,38
3790,2.241,-1.084,0.000,0.005,-1.846,-0.007,38
3791,2.245,-1.084,0.000,0.010,-1.800,0.000,38
3792,2.248,-1.084,0.000,0.016,-1.754,-0.004,38
3793,2.251,-1.084,0.000,0.022,-1.708,-0.007,38
3794,2.254,-1.084,0.000,0.027,-1.663,-0.005,38
3795,2.257,-1.084,0.000,0.032,-1.618,0.007,38
3796,2.260,-1.084,0.000,0.036,-1.574,-0.000,38
3797,2.263,-1.084,0.000,0.037,-1.530,0.005,38
3798,2.266,-1.084,0.000,0.038,-1.487,-0.007,38
3799,2.269,-1.084,0.000,0.039,-1.444,-0.007,38
3800,2.272,-1.084,0.000,0.040,-1.401,-0.002,38
3801,2.276,-1.084,0.000,0.042,-1.359,0.004,38
3802,2.279,-1.084,0.000,0.042,-1.317,0.010,38
3803,2.282,-1.084,0.000,0.043,-1.275,0.007,38
3804,2.285,-1.084,0.000,0.044,-1.234,0.005,38
3805,2.288,-1.084,0.000,0.045,-1.194,0.006,38
3806,2.291,-1.084,0.000,0.047,-1.154,0.007,38
3807,2.294,-1.084,0.000,0.048,-1.114,0.007,38
3808,2.297,-1.084,0.000,0.049,-1.074,-0.009,38
3809,2.300,-1.084,0.000,0.052,-1.036,-0.010,38
3810,2.303,-1.084,0.000,0.054,-0.998,0.010,38
3811,2.306,-1.084,0.000,0.056,-0.959,0.003,38
3812,2.309,-1.084,0.000,0.057,-0.922,0.005,38
3813,2.312,-1.084,0.000,0.059,-0.884,-0.010,38
3814,2.315,-1.084,0.000,0.061,-0.847,0.000,38
3815,2.318,-1.084,0.000,0.063,-0.811,-0.001,38
3816,2.321,-1.084,0.000,0.065,-0.774,0.003,38
3817,2.324,-1.084,0.000,0.067,-0.738,0.009,38
3818,2.327,-1.084,0.000,0.069,-0.703,0.008,38
3819,2.330,-1.084,0.000,0.070,-0.668,0.005,38
3820,2.334,-1.084,0.000,0.071,-0.633,0.006,38
3821,2.337,-1.084,0.000,0.073,-0.599,-0.009,38
3822,2.340,-1.084,0.000,0.073,-0.564,0.001,38
3823,2.343,-1.084,0.000,0.071,-0.531,-0.003,38
3824,2.346,-1.084,0.000,0.069,-0.497,-0.007,38
3825,2.349,-1.084,0.000,0.067,-0.464,-0.006,38
3826,2.352,-1.084,0.000,0.065,-0.431,0.015,38
3827,2.355,-1.084,0.000,0.058,-0.399,0.002,38
3828,2.358,-1.084,0.000,0.048,-0.367,-0.007,38
3829,2.361,-1.084,0.000,0.039,-0.335,0.004,38
3830,2.364,-1.083,0.000,0.029,-0.304,-0.007,38
3831,2.367,-1.083,0.000,0.020,-0.272,-0.010,38
3832,2.370,-1.083,0.000,0.012,-0.241,0.013,38
3833,2.374,-1.083,0.000,0.003,-0.211,0.005,38
3834,2.377,-1.083,0.000,-0.005,-0.180,0.002,38
3835,2.380,-1.083,0.000,-0.013,-0.150,0.005,38
3836,2.383,-1.083,0.000,-0.020,-0.120,0.007,38
3837,2.386,-1.083,0.000,-0.027,-0.090,0.005,38
3838,2.389,-1.084,0.000,-0.033,-0.061,-0.016,38
3839,2.392,-1.084,0.000,-0.042,-0.032,-0.005,38
3840,2.395,-1.084,0.000,-0.051,-0.004,0.014,38
3841,2.398,-1.084,0.000,-0.061,0.025,-0.004,38
3842,2.402,-1.084,0.000,-0.070,0.053,0.005,38
3843,2.405,-1.084,0.000,-0.083,0.080,0.008,38
3844,2.408,-1.084,0.000,-0.096,0.108,-0.007,38
3845,2.411,-1.084,0.000,-0.108,0.136,0.006,38
3846,2.414,-1.084,0.000,-0.119,0.163,0.008,38
3847,2.417,-1.084,0.000,-0.129,0.190,0.006,38
3848,2.420,-1.084,0.000,-0.138,0.216,0.005,38
3849,2.423,-1.084,0.000,-0.146,0.242,0.006,38
3850,2.427,-1.084,0.000,-0.153,0.268,0.006,38
3851,2.430,-1.084,0.000,-0.159,0.293,0.006,38
3852,2.433,-1.084,0.000,-0.167,0.320,-0.008,38
3853,2.436,-1.084,0.000,-0.177,0.344,-0.010,38
3854,2.439,-1.084,0.000,-0.187,0.369,-0.003,38
3855,2.442,-1.084,0.000,-0.196,0.393,-0.002,38
3856,2.445,-1.084,0.000,-0.204,0.417,0.011,38
3857,2.448,-1.084,0.000,-0.204,0.442,-0.000,38
3858,2.452,-1.084,0.000,-0.198,0.466,0.001,38
3859,2.455,-1.084,0.000,-0.192,0.489,0.002,38
3860,2.458,-1.084,0.000,-0.186,0.513,-0.012,38
3861,2.461,-1.084,0.000,-0.174,0.535,-0.007,38
3862,2.464,-1.084,0.000,-0.161,0.558,-0.001,38
3863,2.468,-1.084,0.000,-0.149,0.581,-0.002,38
3864,2.471,-1.084,0.000,-0.137,0.603,-0.005,38
3865,2.474,-1.084,0.000,-0.125,0.625,-0.005,38
3866,2.477,-1.084,0.000,-0.112,0.647,-0.004,38
3867,2.480,-1.084,0.000,-0.100,0.669,-0.004,38
3868,2.483,-1.084,0.000,-0.088,0.690,-0.005,38
3869,2.487,-1.084,0.000,-0.077,0.711,-0.003,38
3870,2.490,-1.084,0.000,-0.065,0.732,0.003,38
3871,2.493,-1.084,0.000,-0.055,0.752,-0.001,38
3872,2.496,-1.084,0.000,-0.045,0.772,-0.008,38
3873,2.499,-1.084,0.000,-0.035,0.792,-0.007,38
3874,2.503,-1.084,0.000,-0.025,0.812,-0.004,38
3875,2.506,-1.084,0.000,-0.015,0.831,-0.004,38
3876,2.509,-1.084,0.000,-0.006,0.851,-0.006,38
3877,2.512,-1.084,0.000,0.003,0.870,-0.006,38
3878,2.515,-1.084,0.000,0.012,0.888,-0.005,38
3879,2.519,-1.084,0.000,0.021,0.907,-0.006,38
3880,2.522,-1.084,0.000,0.029,0.925,-0.006,38
3881,2.525,-1.084,0.000,0.037,0.943,-0.006,38
3882,2.528,-1.084,0.000,0.045,0.960,-0.006,38
3883,2.532,-1.084,0.000,0.052,0.978,-0.006,38
3884,2.535,-1.084,0.000,0.059,0.995,-0.006,38
3885,2.538,-1.084,0.000,0.066,1.012,-0.007,38
3886,2.541,-1.084,0.000,0.072,1.028,-0.007,38
3887,2.544,-1.084,0.000,0.078,1.045,-0.007,38
3888,2.548,-1.084,0.000,0.084,1.061,-0.007,38
3889,2.551,-1.084,0.000,0.089,1.077,-0.007,38
3890,2.554,-1.084,0.000,0.094,1.093,-0.007,38
3891,2.557,-1.084,0.000,0.098,1.108,-0.007,38
3892,2.561,-1.084,0.000,0.102,1.123,-0.005,38
3893,2.564,-1.084,0.000,0.107,1.139,0.000,38
3894,2.567,-1.084,0.000,0.116,1.154,-0.013,38
3895,2.570,-1.084,0.000,0.125,1.169,-0.005,38
3896,2.573,-1.084,0.000,0.133,1.184,-0.005,38
3897,2.577,-1.084,0.000,0.140,1.198,-0.010,38
3898,2.580,-1.084,0.000,0.146,1.212,-0.010,38
3899,2.583,-1.084,0.000,0.153,1.227,-0.008,38
3900,2.586,-1.084,0.000,0.158,1.240,-0.008,38
3901,2.590,-1.084,0.000,0.163,1.254,-0.009,38
3902,2.593,-1.084,0.000,0.167,1.268,-0.009,38
3903,2.596,-1.084,0.000,0.170,1.281,-0.009,38
3904,2.599,-1.084,0.000,0.173,1.294,-0.009,38
3905,2.603,-1.084,0.000,0.175,1.307,-0.009,38
3906,2.606,-1.084,0.000,0.177,1.319,-0.010,38
3907,2.609,-1.084,0.000,0.178,1.332,-0.010,38
3908,2.612,-1.084,0.000,0.178,1.344,-0.010,38
3909,2.616,-1.084,0.000,0.178,1.356,-0.010,38
3910,2.619,-1.084,0.000,0.177,1.368,-0.010,38
3911,2.622,-1.084,0.000,0.176,1.380,-0.010,38
3912,2.625,-1.084,0.000,0.175,1.391,-0.010,38
3913,2.629,-1.084,0.000,0.173,1.402,-0.010,38
3914,2.632,-1.084,0.000,0.170,1.414,-0.010,38
3915,2.635,-1.083,0.000,0.167,1.424,-0.010,38
3916,2.638,-1.083,0.000,0.164,1.435,-0.010,38
3917,2.642,-1.083,0.000,0.160,1.446,-0.009,38
3918,2.645,-1.083,0.000,0.156,1.456,-0.009,38
3919,2.648,-1.083,0.000,0.152,1.466,-0.009,38
3920,2.651,-1.083,0.000,0.147,1.476,-0.009,38
3921,2.655,-1.083,0.000,0.142,1.486,-0.009,38
3922,2.658,-1.083,0.000,0.137,1.496,-0.009,38
3923,2.661,-1.083,0.000,0.131,1.505,0.011,38
3924,2.664,-1.083,0.000,0.129,1.515,-0.016,38
3925,2.668,-1.083,0.000,0.128,1.524,-0.009,38
3926,2.671,-1.083,0.000,0.127,1.533,-0.006,38
3927,2.674,-1.083,0.000,0.125,1.542,-0.009,38
3928,2.678,-1.083,0.000,0.123,1.551,-0.010,38
3929,2.681,-1.083,0.000,0.120,1.560,-0.009,38
3930,2.684,-1.083,0.000,0.117,1.569,-0.008,38
3931,2.687,-1.083,0.000,0.114,1.577,-0.008,38
3932,2.691,-1.083,0.000,0.110,1.585,-0.009,38
3933,2.694,-1.083,0.000,0.106,1.593,-0.008,38
3934,2.697,-1.083,0.000,0.102,1.601,-0.008,38
3935,2.700,-1.083,0.000,0.097,1.609,-0.008,38
3936,2.704,-1.083,0.000,0.093,1.616,-0.008,38
3937,2.707,-1.083,0.000,0.088,1.624,-0.008,38
3938,2.710,-1.083,0.000,0.083,1.631,-0.008,38
3939,2.714,-1.083,0.000,0.077,1.638,-0.008,38
3940,2.717,-1.083,0.000,0.072,1.645,-0.007,38
3941,2.720,-1.083,0.000,0.066,1.652,-0.007,38
3942,2.723,-1.083,0.000,0.061,1.659,-0.007,38
3943,2.727,-1.083,0.000,0.055,1.665,-0.007,38
3944,2.730,-1.083,0.000,0.049,1.672,-0.007,38
3945,2.733,-1.083,0.000,0.044,1.678,-0.007,38
3946,2.737,-1.083,0.000,0.038,1.684,-0.007,38
3947,2.740,-1.083,0.000,0.032,1.690,-0.006,38
3948,2.743,-1.083,0.000,0.026,1.696,-0.006,38
3949,2.746,-1.083,0.000,0.020,1.702,-0.006,38
3950,2.750,-1.083,0.000,0.014,1.707,-0.006,38
3951,2.753,-1.083,0.000,0.009,1.713,-0.006,38
3952,2.756,-1.083,0.000,0.003,1.718,-0.006,38
3953,2.759,-1.083,0.000,-0.003,1.723,-0.005,38
3954,2.763,-1.083,0.000,-0.008,1.728,0.006,38
3955,2.766,-1.083,0.000,-0.009,1.733,0.009,38
3956,2.769,-1.083,0.000,-0.010,1.738,-0.009,38
3957,2.773,-1.083,0.000,-0.011,1.744,-0.012,38
3958,2.776,-1.083,0.000,-0.012,1.749,-0.004,38
3959,2.779,-1.083,0.000,-0.013,1.754,-0.002,38
3960,2.782,-1.083,0.000,-0.014,1.759,-0.005,38
3961,2.786,-1.083,0.000,-0.016,1.764,-0.006,38
3962,2.789,-1.083,0.000,-0.017,1.768,-0.005,38
3963,2.792,-1.083,0.000,-0.018,1.773,-0.004,38
3964,2.796,-1.083,0.000,-0.020,1.777,-0.005,38
3965,2.799,-1.083,0.000,-0.021,1.782,-0.005,38
3966,2.802,-1.083,0.000,-0.023,1.786,-0.005,38
3967,2.806,-1.083,0.000,-0.024,1.790,-0.005,38
3968,2.809,-1.083,0.000,-0.026,1.794,0.005,38
3969,2.812,-1.083,0.000,-0.027,1.798,-0.016,38
3970,2.815,-1.083,0.000,-0.027,1.802,0.008,38
3971,2.819,-1.083,0.000,-0.028,1.805,-0.013,38
3972,2.822,-1.083,0.000,-0.028,1.809,-0.009,38
3973,2.825,-1.083,0.000,-0.028,1.813,-0.001,38
3974,2.828,-1.083,0.000,-0.028,1.817,-0.002,38
3975,2.832,-1.083,0.000,-0.028,1.820,-0.006,38
3976,2.835,-1.083,0.000,-0.028,1.824,-0.005,38
3977,2.838,-1.083,0.000,-0.029,1.827,-0.004,38
3978,2.842,-1.083,0.000,-0.029,1.830,-0.004,38
3979,2.845,-1.083,0.000,-0.029,1.833,-0.005,38
3980,2.848,-1.083,0.000,-0.030,1.836,-0.005,38
3981,2.852,-1.083,0.000,-0.031,1.839,-0.004,38
3982,2.855,-1.083,0.000,-0.031,1.842,-0.004,38
3983,2.858,-1.083,0.000,-0.032,1.845,-0.004,38
3984,2.861,-1.083,0.000,-0.032,1.847,-0.004,38
3985,2.865,-1.083,0.000,-0.033,1.850,-0.004,38
3986,2.868,-1.083,0.000,-0.034,1.852,-0.004,38
3987,2.871,-1.083,0.000,-0.035,1.854,-0.004,38
3988,2.875,-1.083,0.000,-0.035,1.857,-0.004,38
3989,2.878,-1.083,0.000,-0.036,1.859,-0.004,38
3990,2.881,-1.083,0.000,-0.037,1.861,-0.004,38
3991,2.884,-1.083,0.000,-0.038,1.862,-0.004,38
3992,2.888,-1.083,0.000,-0.038,1.864,-0.004,38
3993,2.891,-1.083,0.000,-0.039,1.866,-0.004,38
3994,2.894,-1.083,0.000,-0.040,1.867,-0.004,38
3995,2.898,-1.083,0.000,-0.041,1.869,-0.004,38
3996,2.901,-1.083,0.000,-0.041,1.870,-0.004,38
3997,2.904,-1.083,0.000,-0.042,1.871,-0.004,38
3998,2.907,-1.083,0.000,-0.043,1.872,-0.004,38
3999,2.911,-1.083,0.000,-0.043,1.874,-0.006,38
4000,2.914,-1.083,0.000,-0.044,1.875,0.001,38
4001,2.917,-1.083,0.000,-0.044,1.876,-0.003,38
4002,2.921,-1.083,0.000,-0.045,1.877,-0.006,38
4003,2.924,-1.083,0.000,-0.045,1.878,-0.004,38
4004,2.927,-1.083,0.000,-0.045,1.878,-0.003,38
4005,2.930,-1.083,0.000,-0.046,1.879,-0.004,38
4006,2.934,-1.083,0.000,-0.046,1.880,-0.004,38
4007,2.937,-1.083,0.000,-0.046,1.880,-0.004,38
4008,2.940,-1.083,0.000,-0.047,1.880,-0.004,38
4009,2.944,-1.083,0.000,-0.047,1.881,-0.004,38
4010,2.947,-1.083,0.000,-0.047,1.881,-0.004,38
4011,2.950,-1.083,0.000,-0.047,1.881,-0.004,38
4012,2.954,-1.083,0.000,-0.047,1.881,-0.004,38
4013,2.957,-1.083,0.000,-0.047,1.881,-0.004,38
4014,2.960,-1.083,0.000,-0.047,1.881,-0.004,38
4015,2.963,-1.083,0.000,-0.047,1.881,-0.004,38
4016,2.967,-1.083,0.000,-0.047,1.880,-0.004,38
4017,2.970,-1.083,0.000,-0.047,1.880,-0.004,38
4018,2.973,-1.083,0.000,-0.047,1.879,-0.004,38
4019,2.977,-1.083,0.000,-0.047,1.879,-0.004,38
4020,2.980,-1.083,0.000,-0.046,1.878,-0.004,38
4021,2.983,-1.083,0.000,-0.046,1.878,-0.004,38
4022,2.986,-1.083,0.000,-0.046,1.877,-0.004,38
4023,2.990,-1.083,0.000,-0.045,1.876,-0.004,38
4024,2.993,-1.083,0.000,-0.045,1.875,-0.004,38
4025,2.996,-1.083,0.000,-0.044,1.874,-0.004,38
4026,3.000,-1.083,0.000,-0.044,1.873,-0.004,38
4027,3.003,-1.083,0.000,-0.043,1.872,-0.004,38
4028,3.006,-1.083,0.000,-0.043,1.870,-0.004,38
4029,3.009,-1.083,0.000,-0.042,1.869,-0.001,38
4030,3.013,-1.083,0.000,-0.042,1.868,-0.011,38
4031,3.016,-1.083,0.000,-0.041,1.866,0.007,38
4032,3.020,-1.083,0.000,-0.040,1.864,-0.009,38
4033,3.023,-1.083,0.000,-0.038,1.863,-0.009,38
4034,3.026,-1.083,0.000,-0.036,1.862,-0.003,38
4035,3.029,-1.083,0.000,-0.033,1.861,-0.002,38
4036,3.033,-1.083,0.000,-0.031,1.859,-0.005,38
4037,3.036,-1.083,0.000,-0.029,1.858,-0.005,38
4038,3.039,-1.083,0.000,-0.027,1.856,-0.004,38
4039,3.042,-1.083,0.000,-0.025,1.855,-0.004,38
4040,3.046,-1.083,0.000,-0.023,1.853,-0.005,38
4041,3.049,-1.083,0.000,-0.021,1.851,-0.005,38
4042,3.052,-1.083,0.000,-0.019,1.849,-0.005,38
4043,3.056,-1.083,0.000,-0.018,1.847,-0.005,38
4044,3.059,-1.083,0.000,-0.016,1.845,-0.005,38
4045,3.062,-1.083,0.000,-0.014,1.843,-0.005,38
4046,3.066,-1.083,0.000,-0.013,1.841,-0.005,38
4047,3.069,-1.083,0.000,-0.011,1.839,-0.005,38
4048,3.072,-1.083,0.000,-0.010,1.837,-0.005,38
4049,3.075,-1.083,0.000,-0.009,1.834,-0.005,38
4050,3.079,-1.083,0.000,-0.008,1.832,-0.005,38
4051,3.082,-1.083,0.000,-0.006,1.829,-0.005,38
4052,3.085,-1.083,0.000,-0.005,1.827,-0.005,38
4053,3.089,-1.083,0.000,-0.004,1.824,-0.005,38
4054,3.092,-1.083,0.000,-0.004,1.821,-0.005,38
4055,3.095,-1.083,0.000,-0.003,1.819,-0.005,38
4056,3.098,-1.083,0.000,-0.002,1.816,-0.005,38
4057,3.102,-1.083,0.000,-0.001,1.813,-0.005,38
4058,3.105,-1.083,0.000,-0.001,1.810,-0.005,38
4059,3.108,-1.083,0.000,-0.000,1.807,-0.005,38
4060,3.112,-1.083,0.000,0.000,1.804,0.007,38
4061,3.115,-1.083,0.000,0.001,1.801,-0.008,38
4062,3.118,-1.083,0.000,0.001,1.798,-0.013,38
4063,3.121,-1.083,0.000,0.002,1.795,-0.005,38
4064,3.125,-1.083,0.000,0.002,1.792,-0.002,38
4065,3.128,-1.083,0.000,0.003,1.789,-0.005,38
4066,3.131,-1.083,0.000,0.003,1.786,-0.007,38
4067,3.135,-1.083,0.000,0.003,1.783,-0.006,38
4068,3.138,-1.083,0.000,0.004,1.780,-0.005,38
4069,3.141,-1.083,0.000,0.004,1.777,-0.005,38
4070,3.145,-1.083,0.000,0.004,1.774,-0.006,38
4071,3.148,-1.083,0.000,0.004,1.770,-0.006,38
4072,3.151,-1.083,0.000,0.004,1.767,-0.005,38
4073,3.154,-1.083,0.000,0.004,1.763,-0.006,38
4074,3.158,-1.083,0.000,0.004,1.760,-0.006,38
4075,3.161,-1.083,0.000,0.004,1.756,-0.006,38
4076,3.164,-1.083,0.000,0.003,1.753,-0.005,38
4077,3.168,-1.083,0.000,0.003,1.749,-0.005,38
4078,3.171,-1.083,0.000,0.003,1.745,-0.005,38
4079,3.174,-1.083,0.000,0.002,1.742,-0.005,38
4080,3.177,-1.083,0.000,0.002,1.738,-0.005,38
4081,3.181,-1.083,0.000,0.002,1.734,-0.005,38
4082,3.184,-1.083,0.000,0.001,1.730,-0.005,38
4083,3.187,-1.083,0.000,0.001,1.726,-0.005,38
4084,3.191,-1.083,0.000,0.000,1.722,-0.005,38
4085,3.194,-1.083,0.000,-0.000,1.717,-0.005,38
4086,3.197,-1.083,0.000,-0.001,1.713,-0.005,38
4087,3.201,-1.083,0.000,-0.001,1.709,-0.005,38
4088,3.204,-1.083,0.000,-0.002,1.705,-0.005,38
4089,3.207,-1.083,0.000,-0.002,1.700,-0.005,38
4090,3.210,-1.083,0.000,-0.003,1.696,-0.005,38
4091,3.214,-1.083,0.000,-0.003,1.691,-0.005,38
4092,3.217,-1.083,0.000,-0.004,1.687,-0.005,38
4093,3.220,-1.083,0.000,-0.004,1.682,-0.005,38
4094,3.224,-1.083,0.000,-0.005,1.678,-0.005,38
4095,3.227,-1.083,0.000,-0.005,1.673,-0.005,38
4096,3.230,-1.083,0.000,-0.006,1.668,-0.005,38
4097,3.233,-1.083,0.000,-0.007,1.663,-0.005,38
4098,3.237,-1.083,0.000,-0.007,1.659,-0.005,38
4099,3.240,-1.083,0.000,-0.008,1.654,-0.005,38
4100,3.243,-1.083,0.000,-0.008,1.649,-0.005,38
4101,3.247,-1.083,0.000,-0.009,1.644,-0.005,38
4102,3.250,-1.083,0.000,-0.009,1.639,-0.005,38
4103,3.253,-1.083,0.000,-0.009,1.633,-0.005,38
4104,3.256,-1.083,0.000,-0.010,1.628,-0.005,38
4105,3.260,-1.083,0.000,-0.010,1.623,-0.005,38
4106,3.263,-1.083,0.000,-0.011,1.618,0.015,38
4107,3.266,-1.083,0.000,-0.008,1.613,0.006,38
4108,3.270,-1.083,0.000,-0.005,1.608,-0.017,38
4109,3.273,-1.083,0.000,-0.002,1.603,-0.005,38
4110,3.276,-1.083,0.000,0.001,1.598,0.000,38
4111,3.280,-1.083,0.000,0.003,1.594,-0.005,38
4112,3.283,-1.083,0.000,0.006,1.589,-0.008,38
4113,3.286,-1.083,0.000,0.008,1.584,-0.006,38
4114,3.289,-1.083,0.000,0.010,1.579,-0.005,38
4115,3.293,-1.083,0.000,0.012,1.574,-0.006,38
4116,3.296,-1.083,0.000,0.014,1.569,-0.006,38
4117,3.299,-1.083,0.000,0.016,1.565,-0.006,38
4118,3.303,-1.083,0.000,0.017,1.559,-0.006,38
4119,3.306,-1.083,0.000,0.018,1.554,-0.006,38
4120,3.309,-1.083,0.000,0.019,1.549,-0.006,38
4121,3.312,-1.083,0.000,0.020,1.544,-0.006,38
4122,3.316,-1.083,0.000,0.021,1.539,-0.006,38
4123,3.319,-1.083,0.000,0.021,1.534,-0.006,38
4124,3.322,-1.083,0.000,0.022,1.528,-0.006,38
4125,3.326,-1.083,0.000,0.022,1.523,-0.006,38
4126,3.329,-1.083,0.000,0.022,1.517,-0.006,38
4127,3.332,-1.083,0.000,0.022,1.512,-0.006,38
4128,3.335,-1.083,0.000,0.022,1.506,-0.006,38
4129,3.339,-1.083,0.000,0.022,1.501,-0.006,38
4130,3.342,-1.083,0.000,0.022,1.495,-0.006,38
4131,3.345,-1.083,0.000,0.021,1.490,-0.006,38
4132,3.349,-1.083,0.000,0.021,1.484,-0.006,38
4133,3.352,-1.083,0.000,0.020,1.478,-0.006,38
4134,3.355,-1.083,0.000,0.020,1.472,-0.006,38
4135,3.359,-1.083,0.000,0.019,1.466,-0.006,38
4136,3.362,-1.083,0.000,0.018,1.460,-0.006,38
4137,3.365,-1.083,0.000,0.017,1.454,-0.006,38
4138,3.368,-1.083,0.000,0.016,1.448,-0.006,38
4139,3.372,-1.083,0.000,0.015,1.442,-0.006,38
4140,3.375,-1.083,0.000,0.014,1.436,-0.006,38
4141,3.378,-1.083,0.000,0.013,1.430,-0.006,38
4142,3.382,-1.083,0.000,0.012,1.424,-0.006,38
4143,3.385,-1.083,0.000,0.010,1.418,-0.006,38
4144,3.388,-1.083,0.000,0.009,1.411,-0.006,38
4145,3.391,-1.083,0.000,0.008,1.405,-0.006,38
4146,3.395,-1.083,0.000,0.007,1.399,-0.006,38
4147,3.398,-1.083,0.000,0.005,1.392,-0.006,38
4148,3.401,-1.083,0.000,0.004,1.386,-0.006,38
4149,3.405,-1.083,0.000,0.003,1.379,-0.005,38
4150,3.408,-1.083,0.000,0.001,1.373,-0.005,38
4151,3.411,-1.083,0.000,-0.000,1.366,-0.005,38
4152,3.414,-1.083,0.000,-0.001,1.359,-0.005,38
4153,3.418,-1.083,0.000,-0.003,1.353,-0.005,38
4154,3.421,-1.083,0.000,-0.004,1.346,-0.005,38
4155,3.424,-1.083,0.000,-0.005,1.339,-0.005,38
4156,3.428,-1.083,0.000,-0.007,1.332,-0.005,38
4157,3.431,-1.083,0.000,-0.008,1.326,-0.005,38
4158,3.434,-1.083,0.000,-0.009,1.319,-0.005,38
4159,3.438,-1.083,0.000,-0.010,1.312,-0.005,38
4160,3.441,-1.083,0.000,-0.011,1.305,-0.005,38
4161,3.444,-1.083,0.000,-0.013,1.298,-0.005,38
4162,3.447,-1.083,0.000,-0.014,1.291,-0.005,38
4163,3.451,-1.083,0.000,-0.015,1.283,-0.005,38
4164,3.454,-1.083,0.000,-0.016,1.276,-0.005,38
4165,3.457,-1.083,0.000,-0.017,1.269,-0.005,38
4166,3.461,-1.083,0.000,-0.018,1.262,-0.005,38
4167,3.464,-1.083,0.000,-0.019,1.254,0.011,38
4168,3.467,-1.083,0.000,-0.016,1.248,0.009,38
4169,3.470,-1.083,0.000,-0.013,1.241,-0.016,38
4170,3.474,-1.083,0.000,-0.006,1.233,-0.007,38
4171,3.477,-1.083,0.000,0.003,1.226,0.000,38
4172,3.480,-1.083,0.000,0.014,1.219,-0.004,38
4173,3.484,-1.083,0.000,0.025,1.213,-0.008,38
4174,3.487,-1.083,0.000,0.035,1.206,-0.007,38
4175,3.490,-1.083,0.000,0.044,1.199,-0.005,38
4176,3.494,-1.083,0.000,0.053,1.192,-0.006,38
4177,3.497,-1.083,0.000,0.061,1.185,-0.007,38
4178,3.500,-1.083,0.000,0.069,1.178,-0.007,38
4179,3.503,-1.083,0.000,0.076,1.171,-0.007,38
4180,3.507,-1.083,0.000,0.082,1.164,-0.007,38
4181,3.510,-1.083,0.000,0.087,1.157,-0.007,38
4182,3.513,-1.083,0.000,0.093,1.150,-0.007,38
4183,3.517,-1.083,0.000,0.097,1.143,-0.007,38
4184,3.520,-1.083,0.000,0.101,1.136,-0.007,38
4185,3.523,-1.083,0.000,0.104,1.128,-0.007,38
4186,3.527,-1.083,0.000,0.107,1.121,-0.008,38
4187,3.530,-1.083,0.000,0.109,1.114,-0.008,38
4188,3.533,-1.083,0.000,0.110,1.106,-0.008,38
4189,3.536,-1.083,0.000,0.112,1.099,-0.008,38
4190,3.540,-1.083,0.000,0.112,1.091,-0.008,38
4191,3.543,-1.083,0.000,0.112,1.084,-0.008,38
4192,3.546,-1.083,0.000,0.112,1.076,-0.008,38
4193,3.550,-1.083,0.000,0.111,1.069,-0.007,38
4194,3.553,-1.083,0.000,0.110,1.061,-0.007,38
4195,3.556,-1.083,0.000,0.108,1.053,-0.007,38
4196,3.559,-1.083,0.000,0.106,1.046,-0.007,38
4197,3.563,-1.083,0.000,0.104,1.038,-0.007,38
4198,3.566,-1.083,0.000,0.101,1.030,-0.007,38
4199,3.569,-1.083,0.000,0.098,1.022,-0.007,38
4200,3.573,-1.083,0.000,0.094,1.014,-0.007,38
4201,3.576,-1.083,0.000,0.090,1.006,-0.007,38
4202,3.579,-1.083,0.000,0.087,0.998,-0.007,38
4203,3.582,-1.083,0.000,0.082,0.990,-0.007,38
4204,3.586,-1.083,0.000,0.078,0.982,-0.007,38
4205,3.589,-1.083,0.000,0.073,0.974,-0.007,38
4206,3.592,-1.083,0.000,0.068,0.966,-0.007,38
4207,3.596,-1.083,0.000,0.063,0.958,-0.006,38
4208,3.599,-1.083,0.000,0.058,0.950,-0.006,38
4209,3.602,-1.083,0.000,0.053,0.941,-0.006,38
4210,3.605,-1.083,0.000,0.047,0.933,-0.006,38
4211,3.609,-1.083,0.000,0.042,0.925,-0.006,38
4212,3.612,-1.083,0.000,0.036,0.916,-0.006,38
4213,3.615,-1.083,0.000,0.031,0.908,-0.006,38
4214,3.619,-1.083,0.000,0.025,0.900,-0.006,38
4215,3.622,-1.083,0.000,0.019,0.891,-0.006,38
4216,3.625,-1.083,0.000,0.014,0.883,-0.006,38
4217,3.628,-1.083,0.000,0.008,0.874,-0.006,38
4218,3.632,-1.083,0.000,0.002,0.865,-0.005,38
4219,3.635,-1.083,0.000,-0.003,0.857,-0.005,38
4220,3.638,-1.083,0.000,-0.009,0.848,-0.005,38
4221,3.642,-1.083,0.000,-0.014,0.839,-0.005,38
4222,3.645,-1.083,0.000,-0.020,0.831,-0.005,38
4223,3.648,-1.083,0.000,-0.025,0.822,-0.005,38
4224,3.652,-1.083,0.000,-0.030,0.813,-0.005,38
4225,3.655,-1.083,0.000,-0.035,0.804,-0.005,38
4226,3.658,-1.083,0.000,-0.040,0.795,-0.005,38
4227,3.661,-1.083,0.000,-0.045,0.786,-0.005,38
4228,3.665,-1.083,0.000,-0.049,0.777,-0.005,38
4229,3.668,-1.083,0.000,-0.054,0.768,-0.005,38
4230,3.671,-1.083,0.000,-0.058,0.759,-0.005,38
4231,3.675,-1.083,0.000,-0.062,0.750,-0.005,38
4232,3.678,-1.083,0.000,-0.066,0.741,-0.005,38
4233,3.681,-1.083,0.000,-0.070,0.732,-0.005,38
4234,3.684,-1.083,0.000,-0.074,0.723,-0.004,38
4235,3.688,-1.083,0.000,-0.077,0.714,-0.004,38
4236,3.691,-1.083,0.000,-0.080,0.704,-0.004,38
4237,3.694,-1.083,0.000,-0.083,0.695,-0.004,38
4238,3.698,-1.083,0.000,-0.086,0.686,-0.004,38
4239,3.701,-1.083,0.000,-0.088,0.677,-0.004,38
4240,3.704,-1.083,0.000,-0.091,0.667,-0.004,38
4241,3.708,-1.083,0.000,-0.093,0.658,-0.004,38
4242,3.711,-1.083,0.000,-0.095,0.648,-0.004,38
4243,3.714,-1.083,0.000,-0.096,0.639,-0.004,38
4244,3.717,-1.083,0.000,-0.098,0.629,-0.004,38
4245,3.721,-1.083,0.000,-0.099,0.620,-0.004,38
4246,3.724,-1.083,0.000,-0.100,0.610,-0.004,38
4247,3.727,-1.083,0.000,-0.101,0.600,-0.004,38
4248,3.731,-1.083,0.000,-0.101,0.591,-0.004,38
4249,3.734,-1.083,0.000,-0.102,0.581,-0.004,38
4250,3.737,-1.083,0.000,-0.102,0.571,-0.004,38
4251,3.740,-1.083,0.000,-0.102,0.561,-0.004,38
4252,3.744,-1.083,0.000,-0.102,0.552,-0.004,38
4253,3.747,-1.083,0.000,-0.102,0.542,-0.004,38
4254,3.750,-1.083,0.000,-0.101,0.532,-0.004,38
4255,3.754,-1.083,0.000,-0.100,0.522,-0.004,38
4256,3.757,-1.083,0.000,-0.100,0.512,-0.005,38
4257,3.760,-1.083,0.000,-0.099,0.502,-0.005,38
4258,3.764,-1.083,0.000,-0.097,0.492,-0.005,38
4259,3.767,-1.083,0.000,-0.096,0.482,-0.005,38
4260,3.770,-1.083,0.000,-0.094,0.472,-0.005,38
4261,3.773,-1.083,0.000,-0.093,0.462,-0.005,38
4262,3.777,-1.083,0.000,-0.091,0.452,-0.005,38
4263,3.780,-1.083,0.000,-0.089,0.442,-0.005,38
4264,3.783,-1.083,0.000,-0.087,0.431,-0.005,38
4265,3.787,-1.083,0.000,-0.085,0.421,-0.005,38
4266,3.790,-1.083,0.000,-0.083,0.411,-0.005,38
4267,3.793,-1.083,0.000,-0.080,0.401,-0.005,38
4268,3.796,-1.083,0.000,-0.078,0.390,-0.005,38
4269,3.800,-1.083,0.000,-0.076,0.380,-0.005,38
4270,3.803,-1.083,0.000,-0.073,0.369,-0.005,38
4271,3.806,-1.083,0.000,-0.070,0.359,-0.005,38
4272,3.810,-1.083,0.000,-0.068,0.348,-0.005,38
4273,3.813,-1.083,0.000,-0.065,0.338,-0.005,38
4274,3.816,-1.083,0.000,-0.062,0.327,-0.005,38
4275,3.820,-1.084,0.000,-0.059,0.317,-0.005,38
4276,3.823,-1.084,0.000,-0.056,0.306,-0.005,38
4277,3.826,-1.084,0.000,-0.053,0.296,-0.005,38
4278,3.829,-1.084,0.000,-0.051,0.285,-0.005,38
4279,3.833,-1.084,0.000,-0.048,0.274,-0.005,38
4280,3.836,-1.084,0.000,-0.045,0.264,-0.005,38
4281,3.839,-1.084,0.000,-0.042,0.253,-0.005,38
4282,3.843,-1.084,0.000,-0.039,0.242,-0.005,38
4283,3.846,-1.084,0.000,-0.036,0.231,-0.005,38
4284,3.849,-1.084,0.000,-0.033,0.220,-0.005,38
4285,3.853,-1.084,0.000,-0.030,0.209,-0.005,38
4286,3.856,-1.084,0.000,-0.027,0.198,-0.005,38
4287,3.859,-1.084,0.000,-0.025,0.187,-0.005,38
4288,3.862,-1.084,0.000,-0.022,0.177,-0.005,38
4289,3.866,-1.084,0.000,-0.019,0.165,-0.005,38
4290,3.869,-1.084,0.000,-0.016,0.154,-0.005,38
4291,3.872,-1.084,0.000,-0.014,0.143,-0.005,38
4292,3.876,-1.084,0.000,-0.011,0.132,-0.005,38
4293,3.879,-1.084,0.000,-0.009,0.121,-0.005,38
4294,3.882,-1.084,0.000,-0.006,0.110,-0.005,38
4295,3.886,-1.084,0.000,-0.004,0.099,-0.005,38
4296,3.889,-1.084,0.000,-0.002,0.087,-0.005,38
4297,3.892,-1.084,0.000,0.000,0.076,-0.005,38
4298,3.895,-1.084,0.000,0.002,0.065,-0.005,38
4299,3.899,-1.084,0.000,0.004,0.054,-0.005,38
4300,3.902,-1.084,0.000,0.006,0.042,-0.005,38
4301,3.905,-1.084,0.000,0.008,0.031,-0.005,38
4302,3.909,-1.084,0.000,0.010,0.019,-0.005,38
4303,3.912,-1.084,0.000,0.011,0.008,-0.005,38
4304,3.915,-1.084,0.000,0.013,-0.004,-0.005,38
4305,3.919,-1.084,0.000,0.015,-0.015,-0.005,38
4306,3.922,-1.084,0.000,0.016,-0.027,-0.005,38
4307,3.925,-1.084,0.000,0.017,-0.038,-0.005,38
4308,3.928,-1.084,0.000,0.018,-0.050,-0.005,38
4309,3.932,-1.084,0.000,0.019,-0.061,-0.005,38
4310,3.935,-1.084,0.000,0.020,-0.073,-0.005,38
4311,3.938,-1.084,0.000,0.021,-0.085,-0.005,38
4312,3.942,-1.084,0.000,0.022,-0.097,-0.005,38
4313,3.945,-1.084,0.000,0.023,-0.108,-0.005,38
4314,3.948,-1.084,0.000,0.024,-0.120,-0.005,38
4315,3.951,-1.084,0.000,0.024,-0.132,-0.005,38
4316,3.955,-1.084,0.000,0.024,-0.144,-0.005,38
4317,3.958,-1.084,0.000,0.025,-0.156,-0.005,38
4318,3.961,-1.084,0.000,0.025,-0.168,-0.005,38
4319,3.965,-1.084,0.000,0.025,-0.180,-0.005,38
4320,3.968,-1.084,0.000,0.025,-0.192,-0.005,38
4321,3.971,-1.084,0.000,0.025,-0.204,-0.005,38
4322,3.975,-1.084,0.000,0.025,-0.216,-0.005,38
4323,3.978,-1.084,0.000,0.025,-0.228,-0.005,38
4324,3.981,-1.084,0.000,0.025,-0.240,-0.005,38
4325,3.984,-1.084,0.000,0.025,-0.252,-0.005,38
4326,3.988,-1.084,0.000,0.024,-0.264,-0.005,38
4327,3.991,-1.084,0.000,0.024,-0.276,-0.005,38
4328,3.994,-1.084,0.000,0.024,-0.289,-0.005,38
4329,3.998,-1.084,0.000,0.023,-0.301,-0.005,38
4330,4.001,-1.084,0.000,0.023,-0.313,-0.005,38
4331,4.004,-1.083,0.000,0.022,-0.325,-0.005,38
4332,4.008,-1.083,0.000,0.021,-0.338,-0.005,38
4333,4.011,-1.083,0.000,0.021,-0.350,-0.005,38
4334,4.014,-1.083,0.000,0.020,-0.363,-0.005,38
4335,4.017,-1.083,0.000,0.019,-0.375,-0.005,38
4336,4.021,-1.083,0.000,0.018,-0.388,-0.005,38
4337,4.024,-1.083,0.000,0.017,-0.400,-0.005,38
4338,4.027,-1.083,0.000,0.016,-0.413,-0.005,38
4339,4.031,-1.083,0.000,0.015,-0.425,-0.005,38
4340,4.034,-1.083,0.000,0.014,-0.438,-0.005,38
4341,4.037,-1.083,0.000,0.013,-0.450,-0.005,38
4342,4.041,-1.083,0.000,0.012,-0.463,-0.005,38
4343,4.044,-1.083,0.000,0.011,-0.476,-0.005,38
4344,4.047,-1.083,0.000,0.010,-0.488,-0.005,38
4345,4.050,-1.083,0.000,0.009,-0.501,-0.005,38
4346,4.054,-1.083,0.000,0.008,-0.514,-0.005,38
4347,4.057,-1.083,0.000,0.007,-0.527,-0.005,38
4348,4.060,-1.083,0.000,0.006,-0.540,-0.005,38
4349,4.064,-1.083,0.000,0.005,-0.552,-0.005,38
4350,4.067,-1.083,0.000,0.004,-0.565,-0.005,38
4351,4.070,-1.083,0.000,0.003,-0.578,-0.005,38
4352,4.074,-1.083,0.000,0.002,-0.591,-0.005,38
4353,4.077,-1.083,0.000,0.001,-0.604,-0.005,38
4354,4.080,-1.083,0.000,0.000,-0.617,-0.005,38
4355,4.084,-1.083,0.000,-0.001,-0.630,-0.005,38
4356,4.087,-1.083,0.000,-0.002,-0.643,-0.005,38
4357,4.090,-1.083,0.000,-0.003,-0.657,-0.005,38
4358,4.093,-1.083,0.000,-0.004,-0.670,-0.005,38
4359,4.097,-1.083,0.000,-0.004,-0.683,-0.005,38
4360,4.100,-1.083,0.000,-0.005,-0.696,-0.005,38
4361,4.103,-1.083,0.000,-0.006,-0.709,-0.005,38
4362,4.107,-1.083,0.000,-0.007,-0.723,-0.005,38
4363,4.110,-1.083,0.000,-0.008,-0.736,-0.006,38
4364,4.113,-1.083,0.000,-0.008,-0.749,-0.006,38
4365,4.117,-1.083,0.000,-0.009,-0.763,-0.006,38
4366,4.120,-1.083,0.000,-0.010,-0.776,-0.006,38
4367,4.123,-1.083,0.000,-0.010,-0.789,-0.006,38
4368,4.126,-1.083,0.000,-0.011,-0.803,-0.006,38
4369,4.130,-1.083,0.000,-0.012,-0.816,-0.006,38
4370,4.133,-1.083,0.000,-0.012,-0.830,-0.006,38
4371,4.136,-1.083,0.000,-0.013,-0.843,-0.006,38
4372,4.140,-1.083,0.000,-0.013,-0.857,-0.006,38
4373,4.143,-1.083,0.000,-0.013,-0.871,-0.006,38
4374,4.146,-1.083,0.000,-0.014,-0.884,-0.006,38
4375,4.150,-1.083,0.000,-0.014,-0.898,-0.006,38
4376,4.153,-1.083,0.000,-0.014,-0.912,-0.006,38
4377,4.156,-1.083,0.000,-0.014,-0.925,-0.006,38
4378,4.159,-1.083,0.000,-0.015,-0.939,-0.006,38
4379,4.163,-1.083,0.000,-0.015,-0.953,-0.006,38
4380,4.166,-1.083,0.000,-0.015,-0.967,-0.006,38
4381,4.169,-1.083,0.000,-0.015,-0.981,-0.006,38
4382,4.173,-1.084,0.000,-0.015,-0.995,-0.006,38
4383,4.176,-1.084,0.000,-0.015,-1.008,-0.006,38
4384,4.179,-1.084,0.000,-0.015,-1.022,-0.006,38
4385,4.183,-1.084,0.000,-0.015,-1.036,-0.006,38
4386,4.186,-1.084,0.000,-0.015,-1.050,-0.006,38
4387,4.189,-1.084,0.000,-0.015,-1.064,-0.006,38
4388,4.192,-1.084,0.000,-0.015,-1.078,-0.006,38
4389,4.196,-1.084,0.000,-0.014,-1.093,-0.006,38
4390,4.199,-1.084,0.000,-0.014,-1.107,-0.006,38
4391,4.202,-1.084,0.000,-0.014,-1.121,-0.006,38
4392,4.206,-1.084,0.000,-0.014,-1.135,-0.006,38
4393,4.209,-1.084,0.000,-0.013,-1.149,-0.006,38
4394,4.212,-1.084,0.000,-0.013,-1.164,-0.006,38
4395,4.216,-1.084,0.000,-0.013,-1.178,-0.006,38
4396,4.219,-1.084,0.000,-0.012,-1.192,-0.006,38
4397,4.222,-1.084,0.000,-0.012,-1.207,-0.006,38
4398,4.226,-1.084,0.000,-0.011,-1.221,-0.006,38
4399,4.229,-1.084,0.000,-0.011,-1.235,-0.006,38
4400,4.232,-1.084,0.000,-0.010,-1.250,-0.006,38
4401,4.235,-1.084,0.000,-0.010,-1.264,-0.006,38
4402,4.239,-1.084,0.000,-0.009,-1.279,-0.006,38
4403,4.242,-1.084,0.000,-0.009,-1.293,-0.006,38
4404,4.245,-1.084,0.000,-0.008,-1.308,-0.006,38
4405,4.249,-1.084,0.000,-0.008,-1.323,-0.006,38
4406,4.252,-1.084,0.000,-0.007,-1.337,-0.006,38
4407,4.255,-1.084,0.000,-0.007,-1.352,-0.006,38
4408,4.259,-1.084,0.000,-0.006,-1.367,-0.006,38
4409,4.262,-1.084,0.000,-0.006,-1.381,-0.006,38
4410,4.265,-1.084,0.000,-0.005,-1.396,-0.006,38
4411,4.269,-1.084,0.000,-0.005,-1.411,-0.006,38
4412,4.272,-1.084,0.000,-0.004,-1.426,-0.006,38
4413,4.275,-1.084,0.000,-0.003,-1.441,-0.005,38
4414,4.278,-1.084,0.000,-0.003,-1.455,-0.005,38
4415,4.282,-1.084,0.000,-0.002,-1.470,-0.005,38
4416,4.285,-1.084,0.000,-0.002,-1.485,-0.005,38
4417,4.288,-1.084,0.000,-0.001,-1.500,-0.005,38
4418,4.292,-1.084,0.000,-0.001,-1.515,-0.005,38
4419,4.295,-1.084,0.000,-0.000,-1.530,-0.005,38
4420,4.298,-1.084,0.000,0.000,-1.545,-0.005,38
4421,4.302,-1.084,0.000,0.001,-1.561,-0.005,38
4422,4.305,-1.084,0.000,0.001,-1.576,0.001,38
4423,4.308,-1.084,0.000,0.002,-1.591,-0.003,38
4424,4.312,-1.084,0.000,0.003,-1.606,-0.015,38
4425,4.315,-1.084,0.000,0.008,-1.621,-0.000,38
4426,4.318,-1.084,0.000,0.014,-1.636,-0.000,38
4427,4.321,-1.084,0.000,0.019,-1.651,-0.007,38
4428,4.325,-1.084,0.000,0.025,-1.666,-0.007,38
4429,4.328,-1.084,0.000,0.030,-1.681,-0.004,38
4430,4.331,-1.084,0.000,0.035,-1.696,-0.004,38
4431,4.335,-1.084,0.000,0.040,-1.711,-0.004,38
4432,4.338,-1.084,0.000,0.044,-1.726,-0.004,38
4433,4.341,-1.084,0.000,0.048,-1.741,-0.004,38
4434,4.345,-1.084,0.000,0.051,-1.756,-0.004,38
4435,4.348,-1.083,0.000,0.055,-1.771,-0.004,38
4436,4.351,-1.083,0.000,0.058,-1.786,0.002,38
4437,4.354,-1.083,0.000,0.062,-1.801,-0.006,38
4438,4.358,-1.083,0.000,0.072,-1.816,0.006,38
4439,4.361,-1.083,0.000,0.080,-1.831,-0.003,38
4440,4.364,-1.083,0.000,0.089,-1.846,-0.005,38
4441,4.368,-1.083,0.000,0.096,-1.861,-0.002,38
4442,4.371,-1.083,0.000,0.103,-1.877,-0.001,38
4443,4.374,-1.083,0.000,0.110,-1.892,-0.002,38
4444,4.378,-1.083,0.000,0.115,-1.907,-0.002,38
4445,4.381,-1.083,0.000,0.120,-1.922,-0.001,38
4446,4.384,-1.083,0.000,0.124,-1.938,-0.001,38
4447,4.388,-1.083,0.000,0.128,-1.953,-0.001,38
4448,4.391,-1.083,0.000,0.131,-1.968,-0.001,38
4449,4.394,-1.083,0.000,0.133,-1.984,-0.001,38
4450,4.397,-1.083,0.000,0.135,-1.999,-0.001,38
4451,4.401,-1.083,0.000,0.136,-2.015,-0.001,38
4452,4.404,-1.083,0.000,0.136,-2.030,-0.001,38
4453,4.407,-1.083,0.000,0.136,-2.046,-0.001,38
4454,4.411,-1.083,0.000,0.136,-2.061,-0.001,38
4455,4.414,-1.083,0.000,0.134,-2.077,-0.001,38
4456,4.417,-1.083,0.000,0.133,-2.093,-0.001,38
4457,4.421,-1.083,0.000,0.130,-2.108,-0.001,38
4458,4.424,-1.083,0.000,0.128,-2.124,-0.001,38
4459,4.427,-1.083,0.000,0.124,-2.140,-0.001,38
4460,4.430,-1.083,0.000,0.121,-2.156,-0.001,38
4461,4.434,-1.083,0.000,0.117,-2.171,-0.001,38
4462,4.437,-1.083,0.000,0.112,-2.187,-0.001,38
4463,4.440,-1.083,0.000,0.107,-2.203,-0.001,38
4464,4.444,-1.083,0.000,0.102,-2.219,-0.001,38
4465,4.447,-1.083,0.000,0.097,-2.231,0.000,38
4466,4.450,-1.083,0.000,0.091,-2.215,-0.004,38
4467,4.454,-1.083,0.000,0.085,-2.197,0.017,38
4468,4.457,-1.083,0.000,0.076,-2.180,-0.003,38
4469,4.460,-1.083,0.000,0.066,-2.162,-0.001,38
4470,4.464,-1.083,0.000,0.057,-2.145,-0.003,38
4471,4.467,-1.083,0.000,0.047,-2.128,-0.004,38
4472,4.470,-1.083,0.000,0.037,-2.111,-0.004,38
4473,4.473,-1.083,0.000,0.028,-2.095,-0.004,38
4474,4.476,-1.083,0.000,0.018,-2.078,-0.005,38
4475,4.480,-1.083,0.000,0.008,-2.062,-0.005,38
4476,4.483,-1.083,0.000,-0.001,-2.047,-0.005,38
4477,4.486,-1.083,0.000,-0.011,-2.031,-0.006,38
4478,4.489,-1.083,0.000,-0.020,-2.016,-0.006,38
4479,4.492,-1.083,0.000,-0.029,-2.001,-0.006,38
4480,4.496,-1.083,0.000,-0.038,-1.986,-0.007,38
4481,4.499,-1.083,0.000,-0.047,-1.972,-0.007,38
4482,4.502,-1.083,0.000,-0.056,-1.957,-0.007,38
4483,4.505,-1.083,0.000,-0.064,-1.944,-0.008,38
4484,4.508,-1.083,0.000,-0.072,-1.930,-0.008,38
4485,4.511,-1.083,0.000,-0.080,-1.916,-0.008,38
4486,4.515,-1.083,0.000,-0.088,-1.903,-0.008,38
4487,4.518,-1.083,0.000,-0.095,-1.890,-0.009,38
4488,4.521,-1.083,0.000,-0.102,-1.877,-0.009,38
4489,4.524,-1.083,0.000,-0.108,-1.865,-0.009,38
4490,4.527,-1.083,0.000,-0.114,-1.853,-0.009,38
4491,4.530,-1.083,0.000,-0.120,-1.841,-0.009,38
4492,4.534,-1.083,0.000,-0.125,-1.829,-0.009,38
4493,4.537,-1.083,0.000,-0.130,-1.818,-0.010,38
4494,4.540,-1.083,0.000,-0.135,-1.806,-0.010,38
4495,4.543,-1.083,0.000,-0.139,-1.795,-0.010,38
4496,4.546,-1.083,0.000,-0.143,-1.785,-0.010,38
4497,4.549,-1.083,0.000,-0.146,-1.774,-0.010,38
4498,4.552,-1.083,0.000,-0.149,-1.764,-0.010,38
4499,4.556,-1.083,0.000,-0.152,-1.754,-0.010,38
4500,4.559,-1.083,0.000,-0.154,-1.744,-0.010,38
4501,4.562,-1.083,0.000,-0.155,-1.734,-0.010,38
4502,4.565,-1.083,0.000,-0.156,-1.725,-0.010,38
4503,4.568,-1.083,0.000,-0.157,-1.716,-0.010,38
4504,4.571,-1.083,0.000,-0.157,-1.707,-0.010,38
4505,4.575,-1.083,0.000,-0.157,-1.698,-0.010,38
4506,4.578,-1.083,0.000,-0.157,-1.690,-0.010,38
4507,4.581,-1.083,0.000,-0.156,-1.682,-0.010,38
4508,4.584,-1.083,0.000,-0.154,-1.674,-0.010,38
4509,4.587,-1.083,0.000,-0.153,-1.666,-0.010,38
4510,4.590,-1.083,0.000,-0.150,-1.659,-0.010,38
4511,4.594,-1.083,0.000,-0.148,-1.651,-0.010,38
4512,4.597,-1.083,0.000,-0.145,-1.644,-0.010,38
4513,4.600,-1.084,0.000,-0.142,-1.637,-0.009,38
4514,4.603,-1.084,0.000,-0.138,-1.631,-0.009,38
4515,4.606,-1.084,0.000,-0.134,-1.624,-0.009,38
4516,4.609,-1.084,0.000,-0.130,-1.618,-0.009,38
4517,4.613,-1.084,0.000,-0.126,-1.612,-0.009,38
4518,4.616,-1.084,0.000,-0.121,-1.606,-0.009,38
4519,4.619,-1.084,0.000,-0.116,-1.600,-0.009,38
4520,4.622,-1.084,0.000,-0.111,-1.595,-0.009,38
4521,4.625,-1.084,0.000,-0.106,-1.590,-0.008,38
4522,4.629,-1.084,0.000,-0.100,-1.585,-0.008,38
4523,4.632,-1.084,0.000,-0.095,-1.580,-0.008,38
4524,4.635,-1.084,0.000,-0.089,-1.575,-0.008,38
4525,4.638,-1.084,0.000,-0.083,-1.571,-0.008,38
4526,4.641,-1.084,0.000,-0.077,-1.566,-0.008,38
4527,4.645,-1.084,0.000,-0.070,-1.562,-0.007,38
4528,4.648,-1.084,0.000,-0.064,-1.558,-0.007,38
4529,4.651,-1.084,0.000,-0.058,-1.555,-0.007,38
4530,4.654,-1.084,0.000,-0.051,-1.551,-0.007,38
4531,4.657,-1.084,0.000,-0.045,-1.548,-0.007,38
4532,4.661,-1.084,0.000,-0.039,-1.545,-0.006,38
4533,4.664,-1.084,0.000,-0.032,-1.542,-0.006,38
4534,4.667,-1.084,0.000,-0.026,-1.539,-0.006,38
4535,4.670,-1.084,0.000,-0.020,-1.536,-0.006,38
4536,4.674,-1.084,0.000,-0.013,-1.534,-0.006,38
4537,4.677,-1.084,0.000,-0.007,-1.532,-0.006,38
4538,4.680,-1.084,0.000,-0.001,-1.530,-0.005,38
4539,4.683,-1.084,0.000,0.005,-1.528,-0.005,38
4540,4.686,-1.084,0.000,0.011,-1.526,-0.005,38
4541,4.690,-1.084,0.000,0.016,-1.525,-0.005,38
4542,4.693,-1.084,0.000,0.022,-1.523,-0.005,38
4543,4.696,-1.084,0.000,0.027,-1.522,-0.005,38
4544,4.699,-1.084,0.000,0.032,-1.521,-0.005,38
4545,4.703,-1.084,0.000,0.037,-1.520,-0.004,38
4546,4.706,-1.084,0.000,0.042,-1.519,-0.004,38
4547,4.709,-1.084,0.000,0.046,-1.519,-0.004,38
4548,4.712,-1.084,0.000,0.051,-1.518,-0.004,38
4549,4.716,-1.084,0.000,0.055,-1.518,-0.004,38
4550,4.719,-1.084,0.000,0.059,-1.518,-0.004,38
4551,4.722,-1.084,0.000,0.062,-1.518,-0.004,38
4552,4.725,-1.084,0.000,0.066,-1.518,-0.004,38
4553,4.729,-1.084,0.000,0.069,-1.519,-0.004,38
4554,4.732,-1.084,0.000,0.072,-1.519,-0.004,38
4555,4.735,-1.084,0.000,0.074,-1.520,-0.003,38
4556,4.738,-1.084,0.000,0.076,-1.521,-0.003,38
4557,4.742,-1.084,0.000,0.078,-1.522,-0.003,38
4558,4.745,-1.084,0.000,0.080,-1.523,-0.003,38
4559,4.748,-1.084,0.000,0.082,-1.524,-0.003,38
4560,4.751,-1.084,0.000,0.083,-1.526,-0.003,38
4561,4.755,-1.084,0.000,0.084,-1.527,-0.003,38
4562,4.758,-1.084,0.000,0.085,-1.529,-0.003,38
4563,4.761,-1.084,0.000,0.085,-1.531,-0.003,38
4564,4.764,-1.084,0.000,0.086,-1.533,-0.003,38
4565,4.768,-1.084,0.000,0.085,-1.535,-0.003,38
4566,4.771,-1.084,0.000,0.085,-1.537,-0.003,38
4567,4.774,-1.084,0.000,0.085,-1.539,-0.003,38
4568,4.777,-1.084,0.000,0.084,-1.542,-0.003,38
4569,4.781,-1.084,0.000,0.083,-1.545,-0.003,38
4570,4.784,-1.084,0.000,0.082,-1.547,-0.003,38
4571,4.787,-1.083,0.000,0.080,-1.550,-0.003,38
4572,4.791,-1.083,0.000,0.079,-1.554,-0.003,38
4573,4.794,-1.083,0.000,0.077,-1.557,-0.003,38
4574,4.797,-1.083,0.000,0.075,-1.560,-0.003,38
4575,4.800,-1.083,0.000,0.073,-1.564,-0.003,38
4576,4.804,-1.083,0.000,0.070,-1.567,-0.003,38
4577,4.807,-1.083,0.000,0.068,-1.571,-0.004,38
4578,4.810,-1.083,0.000,0.065,-1.575,-0.004,38
4579,4.813,-1.083,0.000,0.062,-1.579,-0.004,38
4580,4.817,-1.083,0.000,0.060,-1.583,-0.005,38
4581,4.820,-1.083,0.000,0.057,-1.587,-0.004,38
4582,4.823,-1.083,0.000,0.053,-1.591,-0.004,38
4583,4.827,-1.083,0.000,0.050,-1.596,-0.004,38
4584,4.830,-1.083,0.000,0.047,-1.600,-0.004,38
4585,4.833,-1.083,0.000,0.043,-1.605,-0.004,38
4586,4.836,-1.083,0.000,0.040,-1.610,-0.004,38
4587,4.840,-1.083,0.000,0.036,-1.615,-0.004,38
4588,4.843,-1.083,0.000,0.033,-1.620,-0.005,38
4589,4.846,-1.083,0.000,0.029,-1.625,-0.005,38
4590,4.850,-1.083,0.000,0.025,-1.630,-0.005,38
4591,4.853,-1.083,0.000,0.022,-1.636,-0.005,38
4592,4.856,-1.083,0.000,0.018,-1.641,0.010,38
4593,4.860,-1.083,0.000,0.020,-1.647,-0.007,38
4594,4.863,-1.083,0.000,0.028,-1.652,-0.010,38
4595,4.866,-1.083,0.000,0.036,-1.657,-0.004,38
4596,4.869,-1.083,0.000,0.044,-1.663,-0.002,38
4597,4.873,-1.083,0.000,0.050,-1.668,-0.004,38
4598,4.876,-1.083,0.000,0.057,-1.674,-0.005,38
4599,4.879,-1.083,0.000,0.062,-1.680,-0.004,38
4600,4.883,-1.083,0.000,0.067,-1.686,-0.003,38
4601,4.886,-1.083,0.000,0.072,-1.692,-0.003,38
4602,4.889,-1.083,0.000,0.076,-1.698,-0.003,38
4603,4.892,-1.083,0.000,0.079,-1.704,-0.003,38
4604,4.896,-1.083,0.000,0.082,-1.711,-0.003,38
4605,4.899,-1.083,0.000,0.084,-1.717,-0.003,38
4606,4.902,-1.083,0.000,0.086,-1.724,-0.003,38
4607,4.906,-1.083,0.000,0.087,-1.730,0.017,38
4608,4.909,-1.083,0.000,0.092,-1.737,0.007,38
4609,4.912,-1.083,0.000,0.097,-1.743,-0.005,38
4610,4.916,-1.083,0.000,0.106,-1.750,-0.007,38
4611,4.919,-1.083,0.000,0.114,-1.756,-0.002,38
4612,4.922,-1.083,0.000,0.121,-1.763,0.000,38
4613,4.925,-1.083,0.000,0.128,-1.769,-0.001,38
4614,4.929,-1.083,0.000,0.133,-1.776,-0.002,38
4615,4.932,-1.083,0.000,0.137,-1.783,-0.001,38
4616,4.935,-1.083,0.000,0.141,-1.790,-0.001,38
4617,4.939,-1.083,0.000,0.144,-1.797,-0.001,38
4618,4.942,-1.083,0.000,0.146,-1.804,-0.001,38
4619,4.945,-1.083,0.000,0.147,-1.812,-0.001,38
4620,4.949,-1.083,0.000,0.147,-1.819,-0.001,38
4621,4.952,-1.083,0.000,0.147,-1.827,-0.001,38
4622,4.955,-1.083,0.000,0.146,-1.834,-0.001,38
4623,4.958,-1.083,0.000,0.144,-1.842,0.013,38
4624,4.962,-1.083,0.000,0.148,-1.849,0.014,38
4625,4.965,-1.083,0.000,0.151,-1.857,-0.004,38
4626,4.968,-1.083,0.000,0.153,-1.864,0.004,38
4627,4.972,-1.083,0.000,0.155,-1.872,0.001,38
4628,4.975,-1.083,0.000,0.156,-1.880,-0.002,38
4629,4.978,-1.083,0.000,0.156,-1.888,-0.001,38
4630,4.981,-1.083,0.000,0.155,-1.896,0.000,38
4631,4.985,-1.083,0.000,0.153,-1.904,-0.000,38
4632,4.988,-1.083,0.000,0.150,-1.912,-0.001,38
4633,4.991,-1.083,0.000,0.146,-1.921,-0.001,38
4634,4.995,-1.083,0.000,0.142,-1.929,-0.001,38
4635,4.998,-1.083,0.000,0.137,-1.937,-0.001,38
4636,5.001,-1.083,0.000,0.132,-1.946,-0.001,38
4637,5.005,-1.083,0.000,0.126,-1.955,-0.001,38
4638,5.008,-1.083,0.000,0.119,-1.963,0.013,38
4639,5.011,-1.083,0.000,0.115,-1.972,-0.006,38
4640,5.014,-1.083,0.000,0.110,-1.981,-0.009,38
4641,5.018,-1.083,0.000,0.106,-1.990,0.001,38
4642,5.021,-1.083,0.000,0.102,-1.999,0.002,38
4643,5.024,-1.083,0.000,0.097,-2.007,-0.003,38
4644,5.028,-1.083,0.000,0.092,-2.016,-0.004,38
4645,5.031,-1.083,0.000,0.086,-2.025,-0.002,38
4646,5.034,-1.083,0.000,0.079,-2.034,-0.002,38
4647,5.038,-1.083,0.000,0.072,-2.043,-0.003,38
4648,5.041,-1.083,0.000,0.065,-2.053,-0.003,38
4649,5.044,-1.083,0.000,0.057,-2.062,-0.003,38
4650,5.048,-1.083,0.000,0.049,-2.071,-0.004,38
4651,5.051,-1.083,0.000,0.041,-2.081,-0.004,38
4652,5.054,-1.083,0.000,0.032,-2.090,-0.004,38
4653,5.057,-1.083,0.000,0.023,-2.100,-0.005,38
4654,5.061,-1.083,0.000,0.013,-2.110,0.011,38
4655,5.064,-1.083,0.000,0.011,-2.119,-0.008,38
4656,5.067,-1.083,0.000,0.008,-2.129,-0.005,38
4657,5.071,-1.083,0.000,0.005,-2.139,-0.004,38
4658,5.074,-1.083,0.000,0.001,-2.149,-0.005,38
4659,5.077,-1.083,0.000,-0.003,-2.159,-0.006,38
4660,5.080,-1.083,0.000,-0.007,-2.169,-0.006,38
4661,5.084,-1.083,0.000,-0.012,-2.179,-0.006,38
4662,5.087,-1.083,0.000,-0.017,-2.189,-0.006,38
4663,5.090,-1.083,0.000,-0.022,-2.200,-0.006,38
4664,5.094,-1.083,0.000,-0.028,-2.210,-0.006,38
4665,5.097,-1.083,0.000,-0.033,-2.220,-0.007,38
4666,5.100,-1.083,0.000,-0.039,-2.229,-0.006,38
4667,5.104,-1.083,0.000,-0.046,-2.212,-0.006,38
4668,5.107,-1.083,0.000,-0.052,-2.154,0.002,38
4669,5.110,-1.083,0.000,-0.060,-2.095,0.008,38
4670,5.114,-1.083,0.000,-0.069,-2.037,-0.005,38
4671,5.117,-1.083,0.000,-0.076,-1.979,0.013,38
4672,5.120,-1.083,0.000,-0.084,-1.922,-0.021,38
4673,5.123,-1.083,0.000,-0.091,-1.865,0.005,38
4674,5.126,-1.083,0.000,-0.098,-1.809,-0.019,38
4675,5.129,-1.083,0.000,-0.104,-1.753,-0.010,38
4676,5.133,-1.083,0.000,-0.111,-1.697,-0.003,38
4677,5.136,-1.083,0.000,-0.118,-1.642,-0.008,38
4678,5.139,-1.083,0.000,-0.125,-1.587,-0.011,38
4679,5.142,-1.083,0.000,-0.131,-1.533,-0.009,38
4680,5.145,-1.083,0.000,-0.137,-1.479,-0.008,38
4681,5.148,-1.083,0.000,-0.143,-1.426,-0.009,38
4682,5.151,-1.083,0.000,-0.149,-1.374,-0.009,38
4683,5.154,-1.083,0.000,-0.155,-1.322,-0.009,38
4684,5.157,-1.083,0.000,-0.160,-1.270,-0.009,38
4685,5.160,-1.083,0.000,-0.165,-1.219,0.001,38
4686,5.163,-1.083,0.000,-0.173,-1.169,0.007,38
4687,5.166,-1.083,0.000,-0.181,-1.118,0.001,38
4688,5.169,-1.083,0.000,-0.187,-1.069,-0.008,38
4689,5.172,-1.083,0.000,-0.190,-1.019,-0.014,38
4690,5.175,-1.083,0.000,-0.192,-0.970,-0.010,38
4691,5.178,-1.083,0.000,-0.194,-0.922,-0.007,38
4692,5.181,-1.083,0.000,-0.196,-0.874,-0.008,38
4693,5.184,-1.083,0.000,-0.198,-0.826,-0.009,38
4694,5.187,-1.083,0.000,-0.198,-0.779,-0.008,38
4695,5.190,-1.083,0.000,-0.199,-0.732,-0.008,38
4696,5.193,-1.083,0.000,-0.199,-0.686,-0.008,38
4697,5.196,-1.083,0.000,-0.199,-0.641,-0.008,38
4698,5.199,-1.083,0.000,-0.198,-0.596,-0.008,38
4699,5.202,-1.083,0.000,-0.197,-0.551,-0.007,38
4700,5.205,-1.083,0.000,-0.196,-0.507,-0.007,38
4701,5.208,-1.083,0.000,-0.194,-0.464,0.011,38
4702,5.211,-1.083,0.000,-0.195,-0.421,-0.012,38
4703,5.214,-1.083,0.000,-0.196,-0.378,-0.004,38
4704,5.217,-1.083,0.000,-0.197,-0.336,-0.005,38
4705,5.220,-1.083,0.000,-0.198,-0.294,-0.008,38
4706,5.223,-1.083,0.000,-0.198,-0.252,-0.007,38
4707,5.226,-1.083,0.000,-0.197,-0.212,-0.006,38
4708,5.229,-1.083,0.000,-0.196,-0.171,-0.006,38
4709,5.232,-1.083,0.000,-0.194,-0.131,-0.006,38
4710,5.235,-1.083,0.000,-0.192,-0.092,-0.006,38
4711,5.238,-1.083,0.000,-0.189,-0.052,-0.006,38
4712,5.241,-1.083,0.000,-0.186,-0.014,-0.005,38
4713,5.244,-1.083,0.000,-0.183,0.024,-0.005,38
4714,5.247,-1.083,0.000,-0.179,0.062,-0.005,38
4715,5.250,-1.083,0.000,-0.175,0.100,-0.005,38
4716,5.253,-1.083,0.000,-0.170,0.137,-0.005,38
4717,5.256,-1.084,0.000,-0.165,0.173,-0.005,38
4718,5.260,-1.084,0.000,-0.160,0.209,-0.005,38
4719,5.263,-1.084,0.000,-0.154,0.245,-0.005,38
4720,5.266,-1.084,0.000,-0.148,0.280,-0.005,38
4721,5.269,-1.084,0.000,-0.142,0.315,-0.005,38
4722,5.272,-1.084,0.000,-0.135,0.349,-0.005,38
4723,5.275,-1.084,0.000,-0.129,0.383,-0.005,38
4724,5.278,-1.084,0.000,-0.122,0.417,-0.005,38
4725,5.281,-1.084,0.000,-0.115,0.450,-0.005,38
4726,5.284,-1.084,0.000,-0.108,0.483,-0.005,38
4727,5.287,-1.084,0.000,-0.101,0.516,-0.005,38
4728,5.290,-1.084,0.000,-0.093,0.548,-0.005,38
4729,5.293,-1.084,0.000,-0.086,0.580,-0.005,38
4730,5.296,-1.084,0.000,-0.078,0.611,-0.005,38
4731,5.299,-1.084,0.000,-0.071,0.642,-0.005,38
4732,5.303,-1.084,0.000,-0.064,0.673,-0.005,38
4733,5.306,-1.084,0.000,-0.056,0.703,-0.005,38
4734,5.309,-1.084,0.000,-0.049,0.733,-0.005,38
4735,5.312,-1.084,0.000,-0.042,0.762,0.013,38
4736,5.315,-1.084,0.000,-0.030,0.792,0.002,38
4737,5.318,-1.084,0.000,-0.015,0.821,0.002,38
4738,5.321,-1.084,0.000,-0.001,0.850,0.007,38
4739,5.324,-1.084,0.000,0.013,0.878,0.007,38
4740,5.327,-1.084,0.000,0.027,0.906,0.005,38
4741,5.331,-1.084,0.000,0.040,0.934,0.004,38
4742,5.334,-1.084,0.000,0.053,0.962,-0.014,38
4743,5.337,-1.084,0.000,0.069,0.988,-0.003,38
4744,5.340,-1.084,0.000,0.086,1.015,0.014,38
4745,5.343,-1.084,0.000,0.104,1.042,-0.008,38
4746,5.346,-1.084,0.000,0.123,1.069,0.005,38
4747,5.350,-1.084,0.000,0.137,1.095,-0.010,38
4748,5.353,-1.084,0.000,0.151,1.121,0.002,38
4749,5.356,-1.084,0.000,0.165,1.147,-0.011,38
4750,5.359,-1.084,0.000,0.185,1.172,-0.015,38
4751,5.362,-1.084,0.000,0.204,1.198,-0.010,38
4752,5.365,-1.084,0.000,0.222,1.224,0.009,38
4753,5.369,-1.084,0.000,0.244,1.249,0.003,38
4754,5.372,-1.084,0.000,0.266,1.274,-0.004,38
4755,5.375,-1.083,0.000,0.286,1.299,-0.003,38
4756,5.378,-1.083,0.000,0.304,1.323,-0.000,38
4757,5.381,-1.083,0.000,0.321,1.347,-0.001,38
4758,5.384,-1.083,0.000,0.336,1.371,-0.003,38
4759,5.388,-1.083,0.000,0.349,1.395,-0.017,38
4760,5.391,-1.083,0.000,0.359,1.418,-0.002,38
4761,5.394,-1.083,0.000,0.369,1.441,-0.028,38
4762,5.397,-1.083,0.000,0.378,1.465,0.016,38
4763,5.400,-1.083,0.000,0.386,1.487,-0.038,38
4764,5.403,-1.083,0.000,0.394,1.510,-0.001,38
4765,5.407,-1.083,0.000,0.402,1.532,-0.029,38
4766,5.410,-1.083,0.000,0.409,1.554,0.006,38
4767,5.413,-1.083,0.000,0.417,1.576,-0.012,38
4768,5.416,-1.083,0.000,0.423,1.598,0.001,38
4769,5.419,-1.083,0.000,0.429,1.619,-0.017,38
4770,5.423,-1.083,0.000,0.435,1.641,0.004,38
4771,5.426,-1.083,0.000,0.438,1.662,-0.007,38
4772,5.429,-1.083,0.000,0.440,1.683,-0.013,38
4773,5.432,-1.083,0.000,0.440,1.703,-0.008,38
4774,5.435,-1.083,0.000,0.439,1.724,-0.006,38
4775,5.439,-1.083,0.000,0.435,1.744,-0.008,38
4776,5.442,-1.083,0.000,0.431,1.764,-0.028,38
4777,5.445,-1.083,0.000,0.427,1.784,-0.021,38
4778,5.448,-1.083,0.000,0.423,1.803,-0.015,38
4779,5.452,-1.083,0.000,0.417,1.823,-0.008,38
4780,5.455,-1.083,0.000,0.408,1.842,-0.016,38
4781,5.458,-1.083,0.000,0.396,1.861,-0.006,38
4782,5.461,-1.083,0.000,0.382,1.880,-0.003,38
4783,5.464,-1.083,0.000,0.367,1.899,-0.007,38
4784,5.468,-1.083,0.000,0.351,1.917,-0.008,38
4785,5.471,-1.083,0.000,0.335,1.935,-0.006,38
4786,5.474,-1.083,0.000,0.318,1.953,-0.005,38
4787,5.477,-1.083,0.000,0.300,1.971,-0.005,38
4788,5.481,-1.083,0.000,0.282,1.989,-0.005,38
4789,5.484,-1.083,0.000,0.264,2.006,-0.004,38
4790,5.487,-1.083,0.000,0.244,2.023,-0.003,38
4791,5.490,-1.083,0.000,0.225,2.040,-0.003,38
4792,5.493,-1.083,0.000,0.205,2.057,-0.022,38
4793,5.497,-1.083,0.000,0.189,2.073,0.011,38
4794,5.500,-1.083,0.000,0.174,2.090,-0.030,38
4795,5.503,-1.083,0.000,0.160,2.106,0.001,38
4796,5.507,-1.083,0.000,0.145,2.122,-0.011,38
4797,5.510,-1.083,0.000,0.130,2.138,0.007,38
4798,5.513,-1.083,0.000,0.116,2.154,-0.030,38
4799,5.516,-1.083,0.000,0.101,2.170,0.035,38
4800,5.519,-1.083,0.000,0.086,2.185,-0.024,38
4801,5.523,-1.083,0.000,0.071,2.201,0.006,38
4802,5.526,-1.083,0.000,0.056,2.216,-0.016,38
4803,5.529,-1.083,0.000,0.043,2.228,-0.011,38
4804,5.532,-1.083,0.000,0.029,2.225,0.000,38
4805,5.536,-1.083,0.000,0.015,2.201,-0.004,38
4806,5.539,-1.083,0.000,0.001,2.177,-0.008,38
4807,5.542,-1.083,0.000,-0.013,2.154,-0.006,38
4808,5.545,-1.083,0.000,-0.027,2.130,-0.003,38
4809,5.549,-1.083,0.000,-0.041,2.106,-0.003,38
4810,5.552,-1.083,0.000,-0.056,2.083,-0.004,38
4811,5.555,-1.083,0.000,-0.069,2.059,-0.003,38
4812,5.559,-1.083,0.000,-0.083,2.036,-0.002,38
4813,5.562,-1.083,0.000,-0.097,2.012,0.010,38
4814,5.566,-1.083,0.000,-0.112,1.988,0.003,38
4815,5.569,-1.083,0.000,-0.130,1.965,0.009,38
4816,5.572,-1.083,0.000,-0.147,1.942,-0.000,38
4817,5.576,-1.083,0.000,-0.163,1.919,-0.004,38
4818,5.579,-1.083,0.000,-0.179,1.896,0.000,38
4819,5.583,-1.083,0.000,-0.194,1.874,0.003,38
4820,5.586,-1.083,0.000,-0.208,1.851,0.001,38
4821,5.589,-1.083,0.000,-0.222,1.828,0.001,38
4822,5.593,-1.083,0.000,-0.235,1.806,0.002,38
4823,5.596,-1.083,0.000,-0.248,1.783,0.003,38
4824,5.600,-1.083,0.000,-0.259,1.761,0.003,38
4825,5.603,-1.083,0.000,-0.270,1.738,0.003,38
4826,5.606,-1.083,0.000,-0.281,1.716,0.003,38
4827,5.610,-1.083,0.000,-0.290,1.694,0.008,38
4828,5.613,-1.083,0.000,-0.300,1.671,0.009,38
4829,5.617,-1.083,0.000,-0.312,1.649,0.017,38
4830,5.620,-1.083,0.000,-0.322,1.628,0.014,38
4831,5.624,-1.083,0.000,-0.331,1.606,0.006,38
4832,5.627,-1.083,0.000,-0.333,1.584,-0.002,38
4833,5.631,-1.083,0.000,-0.334,1.563,0.002,38
4834,5.634,-1.083,0.000,-0.335,1.542,0.006,38
4835,5.638,-1.083,0.000,-0.336,1.520,0.004,38
4836,5.641,-1.083,0.000,-0.335,1.499,0.003,38
4837,5.644,-1.083,0.000,-0.335,1.478,0.003,38
4838,5.648,-1.083,0.000,-0.334,1.457,0.003,38
4839,5.651,-1.083,0.000,-0.332,1.437,0.003,38
4840,5.655,-1.083,0.000,-0.330,1.416,0.003,38
4841,5.658,-1.083,0.000,-0.327,1.395,0.002,38
4842,5.662,-1.083,0.000,-0.324,1.374,0.002,38
4843,5.665,-1.083,0.000,-0.321,1.354,0.002,38
4844,5.669,-1.083,0.000,-0.317,1.333,0.002,38
4845,5.672,-1.083,0.000,-0.312,1.313,0.002,38
4846,5.675,-1.083,0.000,-0.308,1.292,0.002,38
4847,5.679,-1.083,0.000,-0.303,1.272,0.001,38
4848,5.682,-1.083,0.000,-0.297,1.252,0.001,38
4849,5.686,-1.083,0.000,-0.292,1.231,0.001,38
4850,5.689,-1.083,0.000,-0.286,1.211,0.001,38
4851,5.693,-1.083,0.000,-0.279,1.191,0.000,38
4852,5.696,-1.083,0.000,-0.273,1.171,0.000,38
4853,5.699,-1.083,0.000,-0.266,1.151,-0.000,38
4854,5.703,-1.083,0.000,-0.259,1.131,-0.000,38
4855,5.706,-1.083,0.000,-0.251,1.111,-0.001,38
4856,5.710,-1.083,0.000,-0.244,1.091,-0.001,38
4857,5.713,-1.083,0.000,-0.236,1.072,-0.001,38
4858,5.716,-1.083,0.000,-0.228,1.052,-0.001,38
4859,5.720,-1.083,0.000,-0.220,1.032,0.018,38
4860,5.723,-1.083,0.000,-0.207,1.013,0.009,38
4861,5.727,-1.083,0.000,-0.195,0.994,-0.014,38
4862,5.730,-1.083,0.000,-0.183,0.975,0.009,38
4863,5.734,-1.083,0.000,-0.173,0.956,-0.003,38
4864,5.737,-1.083,0.000,-0.166,0.937,-0.007,38
4865,5.740,-1.083,0.000,-0.160,0.919,-0.003,38
4866,5.744,-1.083,0.000,-0.153,0.900,-0.001,38
4867,5.747,-1.083,0.000,-0.147,0.882,-0.003,38
4868,5.751,-1.083,0.000,-0.140,0.863,-0.004,38
4869,5.754,-1.084,0.000,-0.133,0.845,-0.004,38
4870,5.757,-1.084,0.000,-0.127,0.826,-0.003,38
4871,5.761,-1.084,0.000,-0.120,0.808,-0.004,38
4872,5.764,-1.084,0.000,-0.114,0.789,-0.004,38
4873,5.767,-1.084,0.000,-0.107,0.771,-0.004,38
4874,5.771,-1.084,0.000,-0.101,0.753,-0.004,38
4875,5.774,-1.084,0.000,-0.094,0.735,-0.004,38
4876,5.778,-1.084,0.000,-0.088,0.716,-0.004,38
4877,5.781,-1.084,0.000,-0.081,0.698,-0.004,38
4878,5.784,-1.084,0.000,-0.075,0.680,-0.005,38
4879,5.788,-1.084,0.000,-0.069,0.662,-0.005,38
4880,5.791,-1.084,0.000,-0.063,0.644,-0.005,38
4881,5.795,-1.084,0.000,-0.057,0.626,-0.005,38
4882,5.798,-1.084,0.000,-0.051,0.608,-0.005,38
4883,5.801,-1.084,0.000,-0.045,0.590,-0.005,38
4884,5.805,-1.084,0.000,-0.039,0.572,0.014,38
4885,5.808,-1.084,0.000,-0.034,0.555,-0.021,38
4886,5.811,-1.084,0.000,-0.028,0.537,0.004,38
4887,5.815,-1.084,0.000,-0.025,0.520,-0.002,38
4888,5.818,-1.084,0.000,-0.030,0.503,-0.011,38
4889,5.821,-1.084,0.000,-0.035,0.485,-0.007,38
4890,5.825,-1.084,0.000,-0.039,0.468,-0.003,38
4891,5.828,-1.084,0.000,-0.044,0.451,-0.004,38
4892,5.831,-1.084,0.000,-0.047,0.434,-0.006,38
4893,5.835,-1.084,0.000,-0.051,0.416,-0.005,38
4894,5.838,-1.084,0.000,-0.054,0.399,-0.005,38
4895,5.842,-1.084,0.000,-0.057,0.382,-0.005,38
4896,5.845,-1.084,0.000,-0.059,0.365,-0.005,38
4897,5.848,-1.084,0.000,-0.061,0.348,-0.005,38
4898,5.852,-1.084,0.000,-0.063,0.331,-0.005,38
4899,5.855,-1.084,0.000,-0.065,0.314,-0.005,38
4900,5.858,-1.084,0.000,-0.066,0.297,-0.005,38
4901,5.862,-1.084,0.000,-0.067,0.280,-0.005,38
4902,5.865,-1.084,0.000,-0.067,0.263,-0.005,38
4903,5.868,-1.084,0.000,-0.067,0.246,-0.005,38
4904,5.872,-1.084,0.000,-0.067,0.229,-0.005,38
4905,5.875,-1.084,0.000,-0.067,0.212,-0.005,38
4906,5.878,-1.084,0.000,-0.066,0.195,-0.005,38
4907,5.882,-1.084,0.000,-0.065,0.178,-0.005,38
4908,5.885,-1.084,0.000,-0.064,0.162,-0.005,38
4909,5.888,-1.084,0.000,-0.062,0.145,-0.005,38
4910,5.892,-1.084,0.000,-0.061,0.128,-0.005,38
4911,5.895,-1.084,0.000,-0.059,0.111,-0.005,38
4912,5.898,-1.084,0.000,-0.057,0.094,-0.005,38
4913,5.902,-1.084,0.000,-0.054,0.078,-0.005,38
4914,5.905,-1.084,0.000,-0.052,0.061,-0.005,38
4915,5.908,-1.084,0.000,-0.049,0.044,-0.005,38
4916,5.912,-1.084,0.000,-0.046,0.027,-0.005,38
4917,5.915,-1.084,0.000,-0.043,0.011,-0.005,38
4918,5.918,-1.084,0.000,-0.040,-0.006,-0.005,38
4919,5.922,-1.084,0.000,-0.037,-0.023,-0.005,38
4920,5.925,-1.084,0.000,-0.034,-0.039,-0.005,38
4921,5.928,-1.084,0.000,-0.030,-0.056,-0.005,38
4922,5.932,-1.084,0.000,-0.027,-0.073,-0.005,38
4923,5.935,-1.084,0.000,-0.023,-0.089,-0.005,38
4924,5.938,-1.084,0.000,-0.019,-0.106,-0.005,38
4925,5.942,-1.084,0.000,-0.015,-0.123,-0.005,38
4926,5.945,-1.084,0.000,-0.012,-0.139,-0.005,38
4927,5.948,-1.084,0.000,-0.008,-0.156,-0.005,38
4928,5.952,-1.084,0.000,-0.004,-0.172,-0.005,38
4929,5.955,-1.084,0.000,-0.000,-0.189,-0.005,38
4930,5.958,-1.084,0.000,0.004,-0.206,-0.005,38
4931,5.962,-1.084,0.000,0.007,-0.222,-0.005,38
4932,5.965,-1.084,0.000,0.011,-0.239,-0.005,38
4933,5.968,-1.084,0.000,0.015,-0.255,-0.005,38
4934,5.972,-1.084,0.000,0.019,-0.272,-0.005,38
4935,5.975,-1.084,0.000,0.022,-0.288,-0.005,38
4936,5.978,-1.084,0.000,0.026,-0.305,-0.005,38
4937,5.982,-1.084,0.000,0.029,-0.321,-0.005,38
4938,5.985,-1.084,0.000,0.033,-0.338,-0.005,38
4939,5.988,-1.084,0.000,0.036,-0.354,-0.005,38
4940,5.992,-1.084,0.000,0.039,-0.371,-0.005,38
4941,5.995,-1.084,0.000,0.042,-0.387,-0.005,38
4942,5.998,-1.084,0.000,0.045,-0.404,-0.005,38
4943,6.002,-1.084,0.000,0.048,-0.420,-0.005,38
4944,6.005,-1.084,0.000,0.051,-0.437,-0.005,38
4945,6.008,-1.084,0.000,0.054,-0.453,-0.005,38
4946,6.012,-1.084,0.000,0.056,-0.470,-0.005,38
4947,6.015,-1.084,0.000,0.059,-0.486,-0.005,38
4948,6.018,-1.084,0.000,0.061,-0.503,-0.005,38
4949,6.022,-1.084,0.000,0.063,-0.519,-0.005,38
4950,6.025,-1.084,0.000,0.065,-0.536,-0.005,38
4951,6.028,-1.084,0.000,0.067,-0.552,-0.005,38
4952,6.031,-1.084,0.000,0.069,-0.569,-0.005,38
4953,6.035,-1.084,0.000,0.070,-0.585,-0.005,38
4954,6.038,-1.084,0.000,0.071,-0.602,-0.005,38
4955,6.041,-1.084,0.000,0.073,-0.618,-0.005,38
4956,6.045,-1.084,0.000,0.074,-0.635,-0.005,38
4957,6.048,-1.084,0.000,0.075,-0.652,-0.005,38
4958,6.051,-1.084,0.000,0.075,-0.668,-0.005,38
4959,6.055,-1.084,0.000,0.076,-0.685,-0.005,38
4960,6.058,-1.084,0.000,0.077,-0.701,-0.004,38
4961,6.061,-1.084,0.000,0.077,-0.718,-0.004,38
4962,6.065,-1.084,0.000,0.077,-0.734,-0.004,38
4963,6.068,-1.084,0.000,0.077,-0.751,-0.004,38
4964,6.071,-1.084,0.000,0.077,-0.767,-0.004,38
4965,6.075,-1.084,0.000,0.077,-0.784,-0.004,38
4966,6.078,-1.084,0.000,0.076,-0.800,-0.004,38
4967,6.081,-1.084,0.000,0.076,-0.817,-0.004,38
4968,6.085,-1.084,0.000,0.075,-0.833,-0.004,38
4969,6.088,-1.084,0.000,0.074,-0.850,-0.004,38
4970,6.091,-1.084,0.000,0.073,-0.866,-0.004,38
4971,6.094,-1.084,0.000,0.072,-0.883,-0.004,38
4972,6.098,-1.084,0.000,0.071,-0.900,-0.004,38
4973,6.101,-1.084,0.000,0.070,-0.916,-0.004,38
4974,6.104,-1.084,0.000,0.068,-0.933,-0.004,38
4975,6.108,-1.084,0.000,0.067,-0.949,-0.004,38
4976,6.111,-1.084,0.000,0.065,-0.966,-0.004,38
4977,6.114,-1.084,0.000,0.063,-0.983,-0.004,38
4978,6.118,-1.084,0.000,0.062,-0.999,-0.004,38
4979,6.121,-1.084,0.000,0.060,-1.016,-0.004,38
4980,6.124,-1.084,0.000,0.058,-1.032,-0.004,38
4981,6.128,-1.084,0.000,0.056,-1.049,-0.004,38
4982,6.131,-1.084,0.000,0.054,-1.066,-0.004,38
4983,6.134,-1.084,0.000,0.052,-1.082,-0.004,38
4984,6.138,-1.084,0.000,0.050,-1.099,-0.004,38
4985,6.141,-1.084,0.000,0.047,-1.116,-0.004,38
4986,6.144,-1.084,0.000,0.045,-1.133,-0.005,38
4987,6.147,-1.084,0.000,0.043,-1.149,-0.005,38
4988,6.151,-1.084,0.000,0.041,-1.166,-0.005,38
4989,6.154,-1.084,0.000,0.038,-1.183,-0.005,38
4990,6.157,-1.084,0.000,0.036,-1.199,-0.005,38
4991,6.161,-1.084,0.000,0.034,-1.216,-0.005,38
4992,6.164,-1.084,0.000,0.031,-1.233,-0.005,38
4993,6.167,-1.083,0.000,0.029,-1.250,-0.005,38
4994,6.171,-1.083,0.000,0.026,-1.266,-0.005,38
4995,6.174,-1.083,0.000,0.024,-1.283,-0.005,38
4996,6.177,-1.083,0.000,0.022,-1.300,-0.005,38
4997,6.181,-1.083,0.000,0.019,-1.317,-0.005,38
4998,6.184,-1.083,0.000,0.017,-1.334,-0.005,38
4999,6.187,-1.083,0.000,0.015,-1.351,-0.005,38
5000,6.190,-1.083,0.000,0.013,-1.367,-0.005,38
5001,6.194,-1.083,0.000,0.011,-1.384,-0.005,38
5002,6.197,-1.083,0.000,0.008,-1.401,-0.005,38
5003,6.200,-1.083,0.000,0.006,-1.418,-0.005,38
5004,6.204,-1.083,0.000,0.004,-1.435,-0.005,38
5005,6.207,-1.083,0.000,0.002,-1.452,-0.005,38
5006,6.210,-1.083,0.000,0.000,-1.469,-0.005,38
5007,6.214,-1.083,0.000,-0.002,-1.486,-0.005,38
5008,6.217,-1.083,0.000,-0.003,-1.503,-0.005,38
5009,6.220,-1.083,0.000,-0.005,-1.520,0.009,38
5010,6.224,-1.083,0.000,-0.002,-1.537,0.009,38
5011,6.227,-1.083,0.000,0.001,-1.553,0.004,38
5012,6.230,-1.083,0.000,0.004,-1.570,0.004,38
5013,6.233,-1.083,0.000,0.007,-1.587,0.006,38
5014,6.237,-1.083,0.000,0.010,-1.603,0.006,38
5015,6.240,-1.083,0.000,0.014,-1.620,0.006,38
5016,6.243,-1.083,0.000,0.017,-1.637,0.006,38
5017,6.247,-1.083,0.000,0.020,-1.654,0.006,38
5018,6.250,-1.083,0.000,0.023,-1.671,0.006,38
5019,6.253,-1.083,0.000,0.026,-1.688,0.006,38
5020,6.257,-1.083,0.000,0.030,-1.704,0.006,38
5021,6.260,-1.083,0.000,0.033,-1.721,0.006,38
5022,6.263,-1.083,0.000,0.036,-1.738,-0.012,38
5023,6.267,-1.083,0.000,0.035,-1.755,-0.007,38
5024,6.270,-1.083,0.000,0.034,-1.771,-0.002,38
5025,6.273,-1.083,0.000,0.033,-1.788,-0.003,38
5026,6.276,-1.083,0.000,0.032,-1.804,-0.005,38
5027,6.280,-1.083,0.000,0.030,-1.821,-0.005,38
5028,6.283,-1.083,0.000,0.028,-1.838,-0.004,38
5029,6.286,-1.083,0.000,0.026,-1.854,-0.004,38
5030,6.290,-1.083,0.000,0.024,-1.871,-0.005,38
5031,6.293,-1.083,0.000,0.022,-1.888,-0.005,38
5032,6.296,-1.083,0.000,0.020,-1.905,-0.005,38
5033,6.300,-1.083,0.000,0.018,-1.921,-0.005,38
5034,6.303,-1.083,0.000,0.015,-1.938,-0.005,38
5035,6.306,-1.083,0.000,0.013,-1.955,-0.005,38
5036,6.309,-1.083,0.000,0.010,-1.972,-0.005,38
5037,6.313,-1.083,0.000,0.008,-1.989,-0.005,38
5038,6.316,-1.083,0.000,0.005,-2.006,-0.005,38
5039,6.319,-1.083,0.000,0.003,-2.023,-0.005,38
5040,6.323,-1.083,0.000,-0.000,-2.040,-0.005,38
5041,6.326,-1.083,0.000,-0.003,-2.057,-0.006,38
5042,6.329,-1.083,0.000,-0.005,-2.074,-0.006,38
5043,6.333,-1.083,0.000,-0.008,-2.091,-0.006,38
5044,6.336,-1.083,0.000,-0.010,-2.108,-0.006,38
5045,6.339,-1.083,0.000,-0.013,-2.125,-0.006,38
5046,6.343,-1.083,0.000,-0.015,-2.142,-0.006,38
5047,6.346,-1.083,0.000,-0.017,-2.159,-0.006,38
5048,6.349,-1.083,0.000,-0.020,-2.176,-0.006,38
5049,6.352,-1.083,0.000,-0.022,-2.193,-0.006,38
5050,6.356,-1.083,0.000,-0.024,-2.211,-0.006,38
5051,6.359,-1.083,0.000,-0.026,-2.228,-0.006,38
5052,6.362,-1.083,0.000,-0.028,-2.223,-0.006,38
5053,6.366,-1.083,0.000,-0.030,-2.204,-0.005,38
5054,6.369,-1.083,0.000,-0.032,-2.185,-0.007,38
5055,6.372,-1.083,0.000,-0.033,-2.166,-0.007,38
5056,6.376,-1.083,0.000,-0.035,-2.147,-0.007,38
5057,6.379,-1.083,0.000,-0.036,-2.129,-0.007,38
5058,6.382,-1.083,0.000,-0.037,-2.111,-0.007,38
5059,6.385,-1.083,0.000,-0.038,-2.093,-0.007,38
5060,6.388,-1.083,0.000,-0.039,-2.076,-0.007,38
5061,6.392,-1.083,0.000,-0.040,-2.058,-0.007,38
5062,6.395,-1.083,0.000,-0.041,-2.041,-0.007,38
5063,6.398,-1.083,0.000,-0.042,-2.024,-0.007,38
5064,6.401,-1.083,0.000,-0.042,-2.008,-0.007,38
5065,6.404,-1.083,0.000,-0.043,-1.992,-0.007,38
5066,6.408,-1.083,0.000,-0.043,-1.976,-0.007,38
5067,6.411,-1.083,0.000,-0.043,-1.960,-0.007,38
5068,6.414,-1.084,0.000,-0.043,-1.944,-0.007,38
5069,6.417,-1.084,0.000,-0.043,-1.929,-0.007,38
5070,6.420,-1.084,0.000,-0.043,-1.914,-0.007,38
5071,6.423,-1.084,0.000,-0.042,-1.900,-0.007,38
5072,6.427,-1.084,0.000,-0.042,-1.885,-0.007,38
5073,6.430,-1.084,0.000,-0.041,-1.871,-0.007,38
5074,6.433,-1.084,0.000,-0.041,-1.857,-0.007,38
5075,6.436,-1.084,0.000,-0.040,-1.843,-0.007,38
5076,6.439,-1.084,0.000,-0.039,-1.830,-0.007,38
5077,6.442,-1.084,0.000,-0.038,-1.817,-0.007,38
5078,6.445,-1.084,0.000,-0.037,-1.804,-0.007,38
5079,6.449,-1.084,0.000,-0.036,-1.791,-0.007,38
5080,6.452,-1.084,0.000,-0.034,-1.779,-0.006,38
5081,6.455,-1.084,0.000,-0.033,-1.767,-0.006,38
5082,6.458,-1.084,0.000,-0.032,-1.755,-0.006,38
5083,6.461,-1.084,0.000,-0.030,-1.743,-0.006,38
5084,6.464,-1.084,0.000,-0.029,-1.732,-0.006,38
5085,6.467,-1.084,0.000,-0.027,-1.721,-0.006,38
5086,6.471,-1.084,0.000,-0.025,-1.710,-0.006,38
5087,6.474,-1.084,0.000,-0.023,-1.699,-0.006,38
5088,6.477,-1.084,0.000,-0.022,-1.689,-0.006,38
5089,6.480,-1.084,0.000,-0.020,-1.678,-0.006,38
5090,6.483,-1.084,0.000,-0.018,-1.668,-0.006,38
5091,6.486,-1.084,0.000,-0.016,-1.659,-0.006,38
5092,6.489,-1.084,0.000,-0.014,-1.649,-0.006,38
5093,6.493,-1.084,0.000,-0.012,-1.640,-0.006,38
5094,6.496,-1.084,0.000,-0.010,-1.631,-0.006,38
5095,6.499,-1.084,0.000,-0.008,-1.622,-0.006,38
5096,6.502,-1.084,0.000,-0.006,-1.613,-0.006,38
5097,6.505,-1.084,0.000,-0.005,-1.605,-0.006,38
5098,6.508,-1.084,0.000,-0.003,-1.597,-0.005,38
5099,6.512,-1.084,0.000,-0.001,-1.589,-0.005,38
5100,6.515,-1.084,0.000,0.001,-1.581,-0.005,38
5101,6.518,-1.084,0.000,0.003,-1.574,-0.005,38
5102,6.521,-1.084,0.000,0.005,-1.567,-0.005,38
5103,6.524,-1.084,0.000,0.007,-1.560,-0.005,38
5104,6.527,-1.084,0.000,0.008,-1.553,-0.005,38
5105,6.531,-1.084,0.000,0.010,-1.546,-0.005,38
5106,6.534,-1.084,0.000,0.012,-1.540,-0.005,38
5107,6.537,-1.084,0.000,0.013,-1.534,-0.005,38
5108,6.540,-1.084,0.000,0.015,-1.528,-0.005,38
5109,6.543,-1.084,0.000,0.016,-1.522,-0.005,38
5110,6.547,-1.084,0.000,0.017,-1.516,-0.005,38
5111,6.550,-1.084,0.000,0.019,-1.511,-0.005,38
5112,6.553,-1.084,0.000,0.020,-1.506,-0.005,38
5113,6.556,-1.084,0.000,0.021,-1.501,-0.005,38
5114,6.559,-1.084,0.000,0.022,-1.496,-0.005,38
5115,6.563,-1.084,0.000,0.023,-1.491,-0.005,38
5116,6.566,-1.084,0.000,0.024,-1.487,-0.005,38
5117,6.569,-1.084,0.000,0.025,-1.483,-0.005,38
5118,6.572,-1.084,0.000,0.026,-1.479,-0.005,38
5119,6.575,-1.084,0.000,0.026,-1.475,-0.005,38
5120,6.579,-1.084,0.000,0.027,-1.471,-0.005,38
5121,6.582,-1.084,0.000,0.027,-1.468,-0.005,38
5122,6.585,-1.084,0.000,0.028,-1.464,-0.005,38
5123,6.588,-1.084,0.000,0.028,-1.461,-0.005,38
5124,6.591,-1.084,0.000,0.028,-1.458,-0.005,38
5125,6.595,-1.084,0.000,0.029,-1.455,-0.005,38
5126,6.598,-1.084,0.000,0.029,-1.453,-0.005,38
5127,6.601,-1.084,0.000,0.029,-1.451,-0.005,38
5128,6.604,-1.084,0.000,0.029,-1.448,-0.005,38
5129,6.608,-1.084,0.000,0.029,-1.446,-0.005,38
5130,6.611,-1.084,0.000,0.028,-1.444,-0.005,38
5131,6.614,-1.084,0.000,0.028,-1.443,-0.005,38
5132,6.617,-1.084,0.000,0.028,-1.441,-0.005,38
5133,6.621,-1.084,0.000,0.027,-1.440,-0.005,38
5134,6.624,-1.084,0.000,0.027,-1.439,-0.005,38
5135,6.627,-1.084,0.000,0.026,-1.437,-0.005,38
5136,6.630,-1.084,0.000,0.026,-1.437,-0.005,38
5137,6.633,-1.084,0.000,0.025,-1.436,-0.005,38
5138,6.637,-1.083,0.000,0.024,-1.435,-0.005,38
5139,6.640,-1.083,0.000,0.023,-1.435,-0.005,38
5140,6.643,-1.083,0.000,0.023,-1.435,-0.005,38
5141,6.646,-1.083,0.000,0.022,-1.435,-0.005,38
5142,6.650,-1.083,0.000,0.021,-1.435,-0.005,38
5143,6.653,-1.083,0.000,0.020,-1.435,-0.005,38
5144,6.656,-1.083,0.000,0.019,-1.435,-0.005,38
5145,6.659,-1.083,0.000,0.018,-1.436,-0.005,38
5146,6.663,-1.083,0.000,0.017,-1.436,-0.005,38
5147,6.666,-1.083,0.000,0.016,-1.437,-0.005,38
5148,6.669,-1.083,0.000,0.015,-1.438,-0.005,38
5149,6.672,-1.083,0.000,0.013,-1.439,-0.005,38
5150,6.676,-1.083,0.000,0.012,-1.441,-0.005,38
5151,6.679,-1.083,0.000,0.011,-1.442,-0.005,38
5152,6.682,-1.083,0.000,0.010,-1.444,-0.005,38
5153,6.685,-1.083,0.000,0.009,-1.445,-0.005,38
5154,6.689,-1.083,0.000,0.008,-1.447,-0.005,38
5155,6.692,-1.083,0.000,0.006,-1.449,-0.005,38
5156,6.695,-1.083,0.000,0.005,-1.451,-0.005,38
5157,6.699,-1.083,0.000,0.004,-1.453,-0.005,38
5158,6.702,-1.083,0.000,0.003,-1.456,-0.005,38
5159,6.705,-1.083,0.000,0.002,-1.458,-0.005,38
5160,6.708,-1.083,0.000,0.001,-1.461,-0.005,38
5161,6.712,-1.083,0.000,-0.000,-1.464,-0.005,38
5162,6.715,-1.083,0.000,-0.002,-1.467,-0.005,38
5163,6.718,-1.083,0.000,-0.003,-1.470,-0.005,38
5164,6.721,-1.083,0.000,-0.004,-1.473,-0.006,38
5165,6.725,-1.083,0.000,-0.005,-1.476,-0.006,38
5166,6.728,-1.083,0.000,-0.006,-1.480,-0.006,38
5167,6.731,-1.083,0.000,-0.006,-1.483,-0.006,38
5168,6.735,-1.083,0.000,-0.007,-1.487,-0.006,38
5169,6.738,-1.083,0.000,-0.008,-1.491,-0.006,38
5170,6.741,-1.083,0.000,-0.009,-1.495,-0.006,38
5171,6.744,-1.083,0.000,-0.010,-1.499,-0.006,38
5172,6.748,-1.083,0.000,-0.011,-1.503,-0.006,38
5173,6.751,-1.083,0.000,-0.011,-1.507,-0.006,38
5174,6.754,-1.083,0.000,-0.012,-1.512,-0.006,38
5175,6.757,-1.083,0.000,-0.013,-1.516,-0.006,38
5176,6.761,-1.083,0.000,-0.013,-1.521,-0.006,38
5177,6.764,-1.083,0.000,-0.014,-1.525,-0.006,38
5178,6.767,-1.083,0.000,-0.014,-1.530,-0.006,38
5179,6.771,-1.083,0.000,-0.014,-1.535,-0.006,38
5180,6.774,-1.083,0.000,-0.015,-1.540,-0.006,38
5181,6.777,-1.083,0.000,-0.015,-1.546,-0.006,38
5182,6.780,-1.083,0.000,-0.015,-1.551,-0.006,38
5183,6.784,-1.083,0.000,-0.016,-1.556,-0.006,38
5184,6.787,-1.083,0.000,-0.016,-1.562,-0.006,38
5185,6.790,-1.083,0.000,-0.016,-1.568,-0.006,38
5186,6.794,-1.083,0.000,-0.016,-1.573,-0.006,38
5187,6.797,-1.083,0.000,-0.016,-1.579,-0.006,38
5188,6.800,-1.084,0.000,-0.016,-1.585,-0.006,38
5189,6.804,-1.084,0.000,-0.016,-1.591,-0.006,38
5190,6.807,-1.084,0.000,-0.016,-1.598,-0.006,38
5191,6.810,-1.084,0.000,-0.016,-1.604,-0.006,38
5192,6.813,-1.084,0.000,-0.016,-1.610,-0.006,38
5193,6.817,-1.084,0.000,-0.015,-1.617,-0.006,38
5194,6.820,-1.084,0.000,-0.015,-1.624,-0.006,38
5195,6.823,-1.084,0.000,-0.015,-1.630,-0.006,38
5196,6.827,-1.084,0.000,-0.014,-1.637,-0.006,38
5197,6.830,-1.084,0.000,-0.014,-1.644,-0.006,38
5198,6.833,-1.084,0.000,-0.014,-1.651,-0.006,38
5199,6.836,-1.084,0.000,-0.013,-1.658,-0.006,38
5200,6.840,-1.084,0.000,-0.013,-1.665,-0.006,38
5201,6.843,-1.084,0.000,-0.012,-1.673,-0.006,38
5202,6.846,-1.084,0.000,-0.012,-1.680,-0.006,38
5203,6.850,-1.084,0.000,-0.011,-1.688,-0.006,38
5204,6.853,-1.084,0.000,-0.011,-1.695,-0.006,38
5205,6.856,-1.084,0.000,-0.010,-1.703,-0.006,38
5206,6.860,-1.084,0.000,-0.010,-1.711,-0.006,38
5207,6.863,-1.084,0.000,-0.009,-1.719,-0.006,73
5208,6.862,-1.084,0.000,-0.007,-1.709,-0.006,73
5209,6.861,-1.084,0.000,-0.006,-1.697,-0.006,73
5210,6.860,-1.084,0.000,-0.004,-1.686,-0.006,73
5211,6.859,-1.084,0.000,-0.003,-1.675,-0.005,73
5212,6.858,-1.084,0.000,-0.002,-1.664,-0.005,73
5213,6.857,-1.084,0.000,-0.000,-1.653,-0.005,73
5214,6.856,-1.084,0.000,0.001,-1.643,-0.005,73
5215,6.855,-1.084,0.000,0.002,-1.632,-0.005,73
5216,6.854,-1.084,0.000,0.002,-1.622,-0.005,73
5217,6.853,-1.084,0.000,0.003,-1.612,-0.005,73
5218,6.852,-1.084,0.000,0.004,-1.602,-0.005,73
5219,6.851,-1.084,0.000,0.004,-1.592,-0.005,73
5220,6.850,-1.084,0.000,0.005,-1.582,-0.005,73
5221,6.850,-1.084,0.000,0.005,-1.573,-0.005,73
5222,6.849,-1.084,0.000,0.005,-1.563,-0.005,73
5223,6.848,-1.084,0.000,0.005,-1.554,-0.005,73
5224,6.847,-1.084,0.000,0.005,-1.545,-0.005,73
5225,6.846,-1.084,0.000,0.006,-1.535,-0.005,73
5226,6.845,-1.084,0.000,0.005,-1.526,-0.005,73
5227,6.845,-1.084,0.000,0.005,-1.518,-0.005,73
5228,6.844,-1.084,0.000,0.005,-1.509,-0.005,73
5229,6.843,-1.084,0.000,0.005,-1.500,-0.005,73
5230,6.842,-1.084,0.000,0.005,-1.492,-0.005,73
5231,6.841,-1.084,0.000,0.004,-1.483,-0.005,73
5232,6.841,-1.084,0.000,0.004,-1.475,-0.005,73
5233,6.840,-1.084,0.000,0.004,-1.467,-0.005,73
5234,6.839,-1.084,0.000,0.003,-1.459,-0.005,73
5235,6.838,-1.084,0.000,0.003,-1.451,-0.005,73
5236,6.838,-1.084,0.000,0.002,-1.443,-0.005,73
5237,6.837,-1.084,0.000,0.002,-1.435,-0.005,73
5238,6.836,-1.084,0.000,0.001,-1.428,-0.005,73
5239,6.836,-1.084,0.000,0.000,-1.420,-0.005,73
5240,6.835,-1.084,0.000,-0.000,-1.413,-0.005,73
5241,6.834,-1.084,0.000,-0.001,-1.406,-0.005,73
5242,6.834,-1.084,0.000,-0.001,-1.399,-0.005,73
5243,6.833,-1.084,0.000,-0.002,-1.392,-0.005,73
5244,6.832,-1.084,0.000,-0.003,-1.385,0.017,73
5245,6.832,-1.084,0.000,-0.004,-1.379,0.000,73
5246,6.831,-1.084,0.000,-0.007,-1.373,-0.000,73
5247,6.831,-1.084,0.000,-0.012,-1.367,-0.002,73
5248,6.830,-1.084,0.000,-0.021,-1.362,-0.013,73
5249,6.829,-1.084,0.000,-0.029,-1.358,-0.005,73
5250,6.829,-1.084,0.000,-0.036,-1.354,-0.003,73
5251,6.828,-1.084,0.000,-0.042,-1.350,-0.007,73
5252,6.828,-1.084,0.000,-0.047,-1.346,-0.008,73
5253,6.827,-1.084,0.000,-0.052,-1.342,-0.007,73
5254,6.827,-1.084,0.000,-0.056,-1.338,-0.006,73
5255,6.826,-1.084,0.000,-0.060,-1.335,-0.006,73
5256,6.826,-1.084,0.000,-0.063,-1.331,0.008,73
5257,6.825,-1.084,0.000,-0.067,-1.328,0.012,73
5258,6.825,-1.084,0.000,-0.098,-1.328,-0.001,73
5259,6.825,-1.084,0.000,-0.134,-1.326,0.001,73
5260,6.824,-1.084,0.000,-0.169,-1.324,0.004,73
5261,6.824,-1.084,0.000,-0.203,-1.322,-0.023,73
5262,6.823,-1.084,0.000,-0.237,-1.321,-0.009,73
5263,6.823,-1.084,0.000,-0.269,-1.321,-0.007,73
5264,6.822,-1.084,0.000,-0.298,-1.321,0.005,73
5265,6.822,-1.084,0.000,-0.325,-1.322,-0.028,73
5266,6.821,-1.083,0.000,-0.351,-1.323,0.014,73
5267,6.821,-1.083,0.000,-0.376,-1.326,-0.016,73
5268,6.821,-1.083,0.000,-0.401,-1.329,0.008,73
5269,6.820,-1.083,0.000,-0.428,-1.332,-0.015,73
5270,6.820,-1.083,0.000,-0.455,-1.337,0.001,73
5271,6.819,-1.083,0.000,-0.476,-1.341,-0.002,73
5272,6.819,-1.083,0.000,-0.497,-1.346,-0.019,73
5273,6.819,-1.083,0.000,-0.517,-1.352,0.003,73
5274,6.818,-1.083,0.000,-0.537,-1.358,-0.016,73
5275,6.818,-1.083,0.000,-0.557,-1.365,-0.019,73
5276,6.818,-1.083,0.000,-0.575,-1.371,-0.019,73
5277,6.817,-1.083,0.000,-0.589,-1.378,-0.019,73
5278,6.817,-1.083,0.000,-0.599,-1.385,-0.017,73
5279,6.817,-1.083,0.000,-0.606,-1.392,-0.007,73
5280,6.817,-1.083,0.000,-0.602,-1.399,-0.003,73
5281,6.816,-1.083,0.000,-0.599,-1.406,-0.030,73
5282,6.816,-1.083,0.000,-0.597,-1.413,0.003,73
5283,6.816,-1.083,0.000,-0.594,-1.420,-0.017,73
5284,6.816,-1.083,0.000,-0.591,-1.428,-0.000,73
5285,6.815,-1.083,0.000,-0.585,-1.435,-0.018,73
5286,6.815,-1.083,0.000,-0.575,-1.444,-0.022,73
5287,6.815,-1.083,0.000,-0.565,-1.452,-0.021,73
5288,6.814,-1.083,0.000,-0.553,-1.461,-0.014,73
5289,6.814,-1.083,0.000,-0.539,-1.470,-0.014,73
5290,6.814,-1.083,0.000,-0.524,-1.479,-0.021,73
5291,6.814,-1.083,0.000,-0.508,-1.489,0.001,73
5292,6.814,-1.083,0.000,-0.493,-1.498,-0.030,73
5293,6.813,-1.083,0.000,-0.477,-1.507,0.018,73
5294,6.813,-1.083,0.000,-0.462,-1.517,-0.021,73
5295,6.813,-1.083,0.000,-0.447,-1.527,-0.013,73
5296,6.813,-1.083,0.000,-0.432,-1.537,-0.011,73
5297,6.812,-1.083,0.000,-0.420,-1.548,-0.018,73
5298,6.812,-1.083,0.000,-0.407,-1.558,-0.019,73
5299,6.812,-1.083,0.000,-0.394,-1.569,-0.016,73
5300,6.812,-1.083,0.000,-0.380,-1.580,-0.015,73
5301,6.812,-1.083,0.000,-0.367,-1.591,-0.016,73
5302,6.812,-1.083,0.000,-0.353,-1.602,-0.016,73
5303,6.812,-1.083,0.000,-0.340,-1.613,-0.015,73
5304,6.812,-1.083,0.000,-0.327,-1.624,-0.015,73
5305,6.812,-1.083,0.000,-0.313,-1.635,-0.014,73
5306,6.812,-1.083,0.000,-0.300,-1.646,-0.014,73
5307,6.812,-1.083,0.000,-0.286,-1.657,-0.014,73
5308,6.812,-1.083,0.000,-0.273,-1.667,-0.013,73
5309,6.812,-1.083,0.000,-0.259,-1.678,-0.013,73
5310,6.812,-1.083,0.000,-0.246,-1.688,-0.013,73
5311,6.812,-1.083,0.000,-0.233,-1.699,-0.012,73
5312,6.812,-1.083,0.000,-0.219,-1.709,-0.012,73
5313,6.812,-1.083,0.000,-0.206,-1.720,-0.012,73
5314,6.812,-1.083,0.000,-0.193,-1.730,-0.011,73
5315,6.812,-1.083,0.000,-0.180,-1.740,-0.011,73
5316,6.812,-1.083,0.000,-0.167,-1.751,-0.011,73
5317,6.812,-1.083,0.000,-0.155,-1.761,-0.010,73
5318,6.812,-1.083,0.000,-0.142,-1.771,-0.010,73
5319,6.812,-1.083,0.000,-0.130,-1.781,-0.009,73
5320,6.812,-1.083,0.000,-0.117,-1.791,-0.009,73
5321,6.812,-1.083,0.000,-0.105,-1.801,-0.009,73
5322,6.812,-1.083,0.000,-0.093,-1.811,-0.008,73
5323,6.812,-1.083,0.000,-0.082,-1.821,-0.008,73
5324,6.812,-1.083,0.000,-0.070,-1.831,-0.008,73
5325,6.812,-1.083,0.000,-0.059,-1.841,-0.007,73
5326,6.812,-1.083,0.000,-0.048,-1.850,-0.007,73
5327,6.812,-1.083,0.000,-0.037,-1.860,-0.007,73
5328,6.812,-1.083,0.000,-0.027,-1.870,-0.006,73
5329,6.812,-1.083,0.000,-0.017,-1.879,-0.006,73
5330,6.812,-1.083,0.000,-0.007,-1.889,-0.006,73
5331,6.812,-1.083,0.000,0.003,-1.899,-0.005,73
5332,6.812,-1.083,0.000,0.012,-1.908,-0.005,73
5333,6.812,-1.083,0.000,0.022,-1.918,-0.005,73
5334,6.812,-1.083,0.000,0.030,-1.927,-0.004,73
5335,6.812,-1.083,0.000,0.039,-1.937,-0.004,73
5336,6.812,-1.083,0.000,0.047,-1.946,-0.004,73
5337,6.812,-1.083,0.000,0.055,-1.955,-0.004,73
5338,6.812,-1.083,0.000,0.063,-1.965,-0.003,73
5339,6.812,-1.083,0.000,0.070,-1.974,-0.003,73
5340,6.812,-1.083,0.000,0.077,-1.983,-0.003,73
5341,6.812,-1.083,0.000,0.084,-1.992,-0.002,73
5342,6.812,-1.083,0.000,0.090,-2.001,-0.002,73
5343,6.812,-1.083,0.000,0.097,-2.010,-0.002,73
5344,6.812,-1.083,0.000,0.102,-2.020,-0.002,73
5345,6.812,-1.083,0.000,0.108,-2.029,-0.002,73
5346,6.812,-1.083,0.000,0.113,-2.038,-0.001,73
5347,6.812,-1.083,0.000,0.118,-2.047,-0.001,73
5348,6.812,-1.083,0.000,0.123,-2.056,-0.001,73
5349,6.812,-1.083,0.000,0.127,-2.064,-0.001,73
5350,6.812,-1.083,0.000,0.131,-2.073,-0.001,73
5351,6.812,-1.083,0.000,0.135,-2.082,-0.001,73
5352,6.812,-1.083,0.000,0.138,-2.091,-0.000,73
5353,6.812,-1.083,0.000,0.141,-2.100,-0.000,73
5354,6.812,-1.083,0.000,0.144,-2.109,-0.000,73
5355,6.812,-1.083,0.000,0.147,-2.117,0.000,73
5356,6.812,-1.083,0.000,0.149,-2.126,0.000,73
5357,6.812,-1.083,0.000,0.151,-2.135,0.000,73
5358,6.812,-1.083,0.000,0.153,-2.143,0.000,73
5359,6.812,-1.083,0.000,0.154,-2.152,0.000,73
5360,6.812,-1.083,0.000,0.155,-2.161,0.000,73
5361,6.812,-1.083,0.000,0.156,-2.169,0.001,73
5362,6.812,-1.083,0.000,0.157,-2.178,0.001,73
5363,6.812,-1.083,0.000,0.157,-2.186,0.001,73
5364,6.812,-1.083,0.000,0.158,-2.195,0.001,73
5365,6.812,-1.083,0.000,0.158,-2.203,0.001,73
5366,6.812,-1.083,0.000,0.158,-2.212,0.001,73
5367,6.812,-1.083,0.000,0.157,-2.220,0.001,73
5368,6.812,-1.083,0.000,0.157,-2.228,0.001,73
5369,6.812,-1.083,0.000,0.156,-2.223,0.000,73
5370,6.812,-1.083,0.000,0.155,-2.213,0.001,73
5371,6.812,-1.083,0.000,0.154,-2.204,0.001,73
5372,6.812,-1.083,0.000,0.152,-2.195,0.000,73
5373,6.812,-1.083,0.000,0.151,-2.186,0.000,73
5374,6.812,-1.083,0.000,0.149,-2.177,0.000,73
5375,6.812,-1.083,0.000,0.147,-2.168,0.000,73
5376,6.812,-1.083,0.000,0.145,-2.160,0.000,73
5377,6.812,-1.083,0.000,0.143,-2.151,-0.000,73
5378,6.812,-1.083,0.000,0.142,-2.142,-0.000,73
5379,6.812,-1.083,0.000,0.142,-2.133,-0.000,73
5380,6.812,-1.083,0.000,0.144,-2.124,-0.000,73
5381,6.812,-1.083,0.000,0.146,-2.115,-0.000,73
5382,6.811,-1.083,0.000,0.148,-2.106,0.000,73
5383,6.811,-1.083,0.000,0.151,-2.097,0.000,73
5384,6.811,-1.083,0.000,0.154,-2.088,0.000,73
5385,6.811,-1.083,0.000,0.157,-2.080,0.000,73
5386,6.811,-1.083,0.000,0.161,-2.071,0.000,73
5387,6.811,-1.083,0.000,0.164,-2.063,0.001,73
5388,6.810,-1.083,0.000,0.168,-2.055,0.001,73
5389,6.810,-1.083,0.000,0.171,-2.047,0.001,73
5390,6.810,-1.083,0.000,0.175,-2.038,0.001,73
5391,6.810,-1.083,0.000,0.178,-2.031,0.001,73
5392,6.810,-1.083,0.000,0.182,-2.023,0.001,73
5393,6.809,-1.083,0.000,0.185,-2.015,0.001,73
5394,6.809,-1.083,0.000,0.188,-2.007,0.001,73
5395,6.809,-1.083,0.000,0.192,-2.000,0.001,73
5396,6.809,-1.083,0.000,0.195,-1.992,0.001,73
5397,6.809,-1.083,0.000,0.198,-1.985,0.001,73
5398,6.809,-1.083,0.000,0.201,-1.978,0.002,73
5399,6.809,-1.083,0.000,0.203,-1.972,0.002,73
5400,6.809,-1.083,0.000,0.205,-1.966,0.002,73
5401,6.809,-1.083,0.000,0.205,-1.960,0.002,73
5402,6.809,-1.083,0.000,0.206,-1.953,0.002,73
5403,6.809,-1.083,0.000,0.206,-1.947,0.002,73
5404,6.808,-1.083,0.000,0.207,-1.940,0.002,73
5405,6.808,-1.083,0.000,0.209,-1.934,0.002,73
5406,6.808,-1.083,0.000,0.209,-1.928,0.002,73
5407,6.808,-1.083,0.000,0.209,-1.922,0.002,73
5408,6.808,-1.083,0.000,0.208,-1.917,0.002,73
5409,6.808,-1.083,0.000,0.207,-1.911,0.002,73
5410,6.808,-1.083,0.000,0.206,-1.906,0.001,73
5411,6.808,-1.083,0.000,0.204,-1.900,0.001,73
5412,6.808,-1.083,0.000,0.202,-1.895,0.001,73
5413,6.808,-1.083,0.000,0.199,-1.890,0.001,73
5414,6.808,-1.083,0.000,0.197,-1.885,0.001,73
5415,6.808,-1.083,0.000,0.193,-1.880,0.001,73
5416,6.808,-1.083,0.000,0.190,-1.875,0.001,73
5417,6.808,-1.083,0.000,0.187,-1.870,0.001,73
5418,6.808,-1.083,0.000,0.183,-1.865,0.001,73
5419,6.808,-1.083,0.000,0.179,-1.860,0.000,73
5420,6.808,-1.083,0.000,0.175,-1.855,0.000,73
5421,6.808,-1.083,0.000,0.170,-1.851,0.000,73
5422,6.808,-1.083,0.000,0.166,-1.846,-0.000,73
5423,6.808,-1.083,0.000,0.161,-1.842,-0.000,73
5424,6.808,-1.083,0.000,0.157,-1.837,-0.000,73
5425,6.808,-1.083,0.000,0.152,-1.833,-0.001,73
5426,6.808,-1.083,0.000,0.147,-1.829,-0.001,73
5427,6.808,-1.083,0.000,0.142,-1.824,-0.001,73
5428,6.808,-1.083,0.000,0.137,-1.820,-0.001,73
5429,6.808,-1.083,0.000,0.132,-1.816,-0.001,73
5430,6.808,-1.083,0.000,0.127,-1.812,-0.001,73
5431,6.808,-1.083,0.000,0.122,-1.808,-0.002,73
5432,6.808,-1.083,0.000,0.117,-1.804,-0.002,73
5433,6.808,-1.083,0.000,0.111,-1.800,-0.002,73
5434,6.808,-1.083,0.000,0.106,-1.797,-0.002,73
5435,6.808,-1.083,0.000,0.101,-1.793,-0.002,73
5436,6.808,-1.083,0.000,0.096,-1.789,-0.002,73
5437,6.808,-1.083,0.000,0.091,-1.786,-0.003,73
5438,6.808,-1.083,0.000,0.086,-1.782,-0.003,73
5439,6.808,-1.083,0.000,0.081,-1.779,-0.003,73
5440,6.808,-1.083,0.000,0.076,-1.776,-0.003,73
5441,6.808,-1.083,0.000,0.071,-1.772,-0.003,73
5442,6.808,-1.083,0.000,0.066,-1.769,-0.003,73
5443,6.808,-1.083,0.000,0.061,-1.766,-0.004,73
5444,6.808,-1.083,0.000,0.056,-1.763,-0.004,73
5445,6.808,-1.083,0.000,0.051,-1.760,-0.004,73
5446,6.808,-1.083,0.000,0.047,-1.757,-0.004,73
5447,6.808,-1.083,0.000,0.042,-1.754,-0.004,73
5448,6.808,-1.083,0.000,0.038,-1.751,-0.004,73
5449,6.808,-1.083,0.000,0.033,-1.748,-0.004,73
5450,6.808,-1.083,0.000,0.029,-1.745,-0.005,73
5451,6.808,-1.083,0.000,0.025,-1.742,-0.005,73
5452,6.808,-1.083,0.000,0.021,-1.740,-0.005,73
5453,6.808,-1.083,0.000,0.017,-1.737,-0.005,73
5454,6.808,-1.083,0.000,0.013,-1.735,-0.005,73
5455,6.808,-1.083,0.000,0.009,-1.732,-0.005,73
5456,6.808,-1.083,0.000,0.005,-1.730,-0.005,73
5457,6.808,-1.083,0.000,0.002,-1.727,-0.005,73
5458,6.808,-1.083,0.000,-0.002,-1.725,-0.005,73
5459,6.808,-1.083,0.000,-0.005,-1.722,-0.006,73
5460,6.808,-1.083,0.000,-0.008,-1.720,-0.006,73
5461,6.808,-1.083,0.000,-0.011,-1.718,-0.006,73
5462,6.808,-1.083,0.000,-0.014,-1.716,-0.006,73
5463,6.808,-1.083,0.000,-0.017,-1.714,-0.006,73
5464,6.808,-1.083,0.000,-0.020,-1.712,-0.006,73
5465,6.808,-1.083,0.000,-0.022,-1.710,-0.006,73
5466,6.808,-1.083,0.000,-0.025,-1.708,-0.006,73
5467,6.808,-1.083,0.000,-0.027,-1.706,-0.006,73
5468,6.808,-1.083,0.000,-0.029,-1.704,-0.006,73
5469,6.808,-1.083,0.000,-0.031,-1.702,-0.006,73
5470,6.808,-1.083,0.000,-0.033,-1.700,-0.006,73
5471,6.808,-1.083,0.000,-0.035,-1.699,-0.006,73
5472,6.808,-1.083,0.000,-0.037,-1.697,-0.007,73
5473,6.808,-1.083,0.000,-0.038,-1.695,-0.007,73
5474,6.808,-1.083,0.000,-0.040,-1.694,-0.007,73
5475,6.808,-1.083,0.000,-0.041,-1.692,-0.007,73
5476,6.808,-1.083,0.000,-0.043,-1.691,-0.007,73
5477,6.808,-1.083,0.000,-0.044,-1.689,-0.007,73
5478,6.808,-1.083,0.000,-0.045,-1.688,-0.007,73
5479,6.808,-1.083,0.000,-0.046,-1.687,-0.007,73
5480,6.808,-1.083,0.000,-0.046,-1.685,-0.007,73
5481,6.808,-1.083,0.000,-0.047,-1.684,-0.007,73
5482,6.808,-1.083,0.000,-0.048,-1.683,-0.007,73
5483,6.808,-1.083,0.000,-0.048,-1.682,-0.007,73
5484,6.808,-1.083,0.000,-0.049,-1.680,-0.007,73
5485,6.808,-1.083,0.000,-0.049,-1.679,-0.007,73
5486,6.808,-1.083,0.000,-0.049,-1.678,-0.007,73
5487,6.808,-1.083,0.000,-0.049,-1.677,-0.007,73
5488,6.808,-1.083,0.000,-0.049,-1.676,-0.007,73
5489,6.808,-1.083,0.000,-0.049,-1.675,-0.007,73
5490,6.808,-1.083,0.000,-0.049,-1.674,-0.007,73
5491,6.808,-1.083,0.000,-0.049,-1.673,-0.007,73
5492,6.808,-1.083,0.000,-0.049,-1.673,-0.007,73
5493,6.808,-1.083,0.000,-0.048,-1.672,-0.007,73
5494,6.808,-1.083,0.000,-0.048,-1.671,-0.007,73
5495,6.808,-1.083,0.000,-0.047,-1.670,-0.007,73
5496,6.808,-1.083,0.000,-0.047,-1.670,-0.007,73
5497,6.808,-1.083,0.000,-0.046,-1.669,-0.007,73
5498,6.808,-1.083,0.000,-0.045,-1.668,-0.007,73
5499,6.808,-1.083,0.000,-0.044,-1.668,-0.007,73
5500,6.808,-1.083,0.000,-0.044,-1.667,-0.007,73
5501,6.808,-1.083,0.000,-0.043,-1.667,-0.007,73
5502,6.808,-1.083,0.000,-0.042,-1.666,-0.007,73
5503,6.808,-1.083,0.000,-0.041,-1.666,-0.007,73
5504,6.808,-1.083,0.000,-0.040,-1.666,-0.007,73
5505,6.808,-1.083,0.000,-0.039,-1.665,-0.007,73
5506,6.808,-1.083,0.000,-0.037,-1.665,-0.006,73
5507,6.808,-1.083,0.000,-0.036,-1.665,-0.006,73
5508,6.808,-1.083,0.000,-0.035,-1.664,-0.006,73
5509,6.808,-1.083,0.000,-0.034,-1.664,-0.006,73
5510,6.808,-1.083,0.000,-0.033,-1.664,-0.006,73
5511,6.808,-1.083,0.000,-0.031,-1.664,-0.006,73
5512,6.808,-1.083,0.000,-0.030,-1.664,-0.006,73
5513,6.808,-1.083,0.000,-0.029,-1.664,-0.006,73
5514,6.808,-1.083,0.000,-0.027,-1.664,-0.006,73
5515,6.808,-1.083,0.000,-0.026,-1.663,-0.006,73
5516,6.808,-1.083,0.000,-0.025,-1.663,-0.006,73
5517,6.808,-1.083,0.000,-0.023,-1.664,-0.006,73
5518,6.808,-1.083,0.000,-0.022,-1.664,-0.006,73
5519,6.808,-1.083,0.000,-0.020,-1.664,-0.006,73
5520,6.808,-1.083,0.000,-0.019,-1.664,-0.006,73
5521,6.808,-1.083,0.000,-0.018,-1.664,-0.006,73
5522,6.808,-1.083,0.000,-0.016,-1.664,-0.006,73
5523,6.808,-1.083,0.000,-0.015,-1.664,-0.006,73
5524,6.808,-1.083,0.000,-0.013,-1.665,-0.006,73
5525,6.808,-1.083,0.000,-0.012,-1.665,-0.006,73
5526,6.808,-1.083,0.000,-0.011,-1.665,-0.006,73
5527,6.808,-1.083,0.000,-0.010,-1.666,-0.006,73
5528,6.808,-1.083,0.000,-0.008,-1.666,-0.006,73
5529,6.808,-1.083,0.000,-0.007,-1.666,-0.006,73
5530,6.808,-1.083,0.000,-0.006,-1.667,-0.006,73
5531,6.808,-1.083,0.000,-0.005,-1.667,-0.006,73
5532,6.808,-1.083,0.000,-0.004,-1.668,-0.006,73
5533,6.808,-1.083,0.000,-0.003,-1.668,-0.006,73
5534,6.808,-1.083,0.000,-0.002,-1.669,-0.005,73
5535,6.808,-1.083,0.000,-0.002,-1.669,-0.005,73
5536,6.808,-1.083,0.000,-0.001,-1.670,-0.005,73
5537,6.808,-1.083,0.000,0.000,-1.671,-0.005,73
5538,6.808,-1.083,0.000,0.001,-1.671,-0.005,73
5539,6.808,-1.083,0.000,0.001,-1.672,-0.005,73
5540,6.808,-1.083,0.000,0.002,-1.673,-0.005,73
5541,6.808,-1.083,0.000,0.003,-1.673,-0.005,73
5542,6.808,-1.083,0.000,0.003,-1.674,-0.005,73
5543,6.808,-1.083,0.000,0.004,-1.675,-0.005,73
5544,6.808,-1.083,0.000,0.004,-1.676,-0.005,73
5545,6.808,-1.083,0.000,0.005,-1.677,-0.005,73
5546,6.808,-1.083,0.000,0.005,-1.677,-0.005,73
5547,6.808,-1.083,0.000,0.006,-1.678,-0.005,73
5548,6.808,-1.083,0.000,0.006,-1.679,-0.005,73
5549,6.808,-1.083,0.000,0.007,-1.680,-0.005,73
5550,6.808,-1.083,0.000,0.007,-1.681,-0.005,73
5551,6.808,-1.083,0.000,0.007,-1.682,-0.005,73
5552,6.808,-1.083,0.000,0.008,-1.683,-0.005,73
5553,6.808,-1.083,0.000,0.008,-1.684,-0.005,73
5554,6.808,-1.083,0.000,0.008,-1.685,-0.005,73
5555,6.808,-1.083,0.000,0.009,-1.686,-0.005,73
5556,6.808,-1.083,0.000,0.009,-1.687,-0.005,73
5557,6.808,-1.083,0.000,0.009,-1.688,-0.005,73
5558,6.808,-1.083,0.000,0.009,-1.690,-0.005,73
5559,6.808,-1.083,0.000,0.010,-1.691,-0.005,73
5560,6.808,-1.083,0.000,0.010,-1.692,-0.005,73
5561,6.808,-1.083,0.000,0.010,-1.693,-0.005,73
5562,6.808,-1.083,0.000,0.010,-1.694,-0.005,73
5563,6.808,-1.083,0.000,0.010,-1.696,-0.005,73
5564,6.808,-1.083,0.000,0.011,-1.697,-0.005,73
5565,6.808,-1.083,0.000,0.011,-1.698,-0.005,73
5566,6.808,-1.083,0.000,0.011,-1.700,-0.005,73
5567,6.808,-1.083,0.000,0.011,-1.701,-0.005,73
5568,6.808,-1.083,0.000,0.011,-1.702,-0.005,73
5569,6.808,-1.083,0.000,0.011,-1.704,-0.005,73
5570,6.808,-1.083,0.000,0.012,-1.705,-0.005,73
5571,6.808,-1.083,0.000,0.012,-1.707,-0.005,73
5572,6.808,-1.083,0.000,0.012,-1.708,-0.005,73
5573,6.808,-1.083,0.000,0.012,-1.710,-0.005,73
5574,6.808,-1.083,0.000,0.012,-1.711,-0.005,73
5575,6.808,-1.083,0.000,0.012,-1.713,-0.005,73
5576,6.808,-1.083,0.000,0.012,-1.714,-0.005,73
5577,6.808,-1.083,0.000,0.012,-1.716,-0.005,73
5578,6.808,-1.083,0.000,0.012,-1.717,-0.005,73
5579,6.808,-1.083,0.000,0.012,-1.719,-0.005,73
5580,6.808,-1.083,0.000,0.013,-1.720,-0.005,73
5581,6.808,-1.083,0.000,0.013,-1.722,-0.005,73
5582,6.808,-1.083,0.000,0.013,-1.724,-0.005,73
5583,6.808,-1.083,0.000,0.013,-1.725,-0.005,73
5584,6.808,-1.083,0.000,0.013,-1.727,-0.005,73
5585,6.808,-1.083,0.000,0.013,-1.729,-0.005,73
5586,6.808,-1.083,0.000,0.013,-1.731,-0.005,73
5587,6.808,-1.083,0.000,0.013,-1.732,-0.005,73
5588,6.808,-1.083,0.000,0.013,-1.734,-0.005,73
5589,6.808,-1.083,0.000,0.013,-1.736,-0.005,73
5590,6.808,-1.083,0.000,0.013,-1.738,-0.005,73
5591,6.808,-1.083,0.000,0.013,-1.740,-0.005,73
5592,6.808,-1.083,0.000,0.013,-1.741,-0.005,73
5593,6.808,-1.083,0.000,0.013,-1.743,-0.005,73
5594,6.808,-1.083,0.000,0.013,-1.745,-0.005,73
5595,6.808,-1.083,0.000,0.013,-1.747,-0.005,73
5596,6.808,-1.083,0.000,0.013,-1.749,-0.005,73
5597,6.808,-1.083,0.000,0.013,-1.751,-0.005,73
5598,6.808,-1.083,0.000,0.013,-1.753,-0.005,73
5599,6.808,-1.083,0.000,0.013,-1.755,-0.005,73
5600,6.808,-1.083,0.000,0.013,-1.757,-0.005,73
5601,6.808,-1.083,0.000,0.013,-1.759,-0.005,73
5602,6.808,-1.083,0.000,0.014,-1.761,-0.005,73
5603,6.808,-1.083,0.000,0.014,-1.763,-0.005,73
5604,6.808,-1.083,0.000,0.014,-1.765,-0.005,73
5605,6.808,-1.083,0.000,0.014,-1.767,-0.005,73
5606,6.808,-1.083,0.000,0.014,-1.769,-0.005,73
5607,6.808,-1.083,0.000,0.014,-1.771,-0.005,73
5608,6.808,-1.083,0.000,0.014,-1.773,-0.005,73
5609,6.808,-1.083,0.000,0.014,-1.776,-0.005,73
5610,6.808,-1.083,0.000,0.014,-1.778,-0.005,73
5611,6.808,-1.083,0.000,0.014,-1.780,-0.005,73
5612,6.808,-1.083,0.000,0.014,-1.782,-0.005,73
5613,6.808,-1.083,0.000,0.014,-1.784,-0.005,73
5614,6.808,-1.083,0.000,0.014,-1.787,-0.005,73
5615,6.808,-1.083,0.000,0.014,-1.789,-0.005,73
5616,6.808,-1.083,0.000,0.014,-1.791,-0.005,73
5617,6.808,-1.083,0.000,0.014,-1.793,-0.005,73
5618,6.808,-1.083,0.000,0.014,-1.796,-0.005,73
5619,6.808,-1.083,0.000,0.014,-1.798,-0.005,73
5620,6.808,-1.083,0.000,0.014,-1.800,-0.005,73
5621,6.808,-1.083,0.000,0.014,-1.803,-0.005,73
5622,6.808,-1.083,0.000,0.014,-1.805,-0.005,73
5623,6.808,-1.083,0.000,0.014,-1.807,-0.005,73
5624,6.808,-1.083,0.000,0.014,-1.810,-0.005,73
5625,6.808,-1.083,0.000,0.014,-1.812,-0.005,73
5626,6.808,-1.083,0.000,0.014,-1.815,-0.005,73
5627,6.808,-1.083,0.000,0.014,-1.817,-0.005,73
5628,6.808,-1.083,0.000,0.014,-1.819,-0.005,73
5629,6.808,-1.083,0.000,0.014,-1.822,-0.005,73
5630,6.808,-1.083,0.000,0.014,-1.824,-0.005,73
5631,6.808,-1.083,0.000,0.014,-1.827,-0.005,73
5632,6.808,-1.083,0.000,0.014,-1.829,-0.005,73
5633,6.808,-1.083,0.000,0.014,-1.832,-0.005,73
5634,6.808,-1.083,0.000,0.014,-1.834,-0.005,73
5635,6.808,-1.083,0.000,0.014,-1.837,-0.005,73
5636,6.808,-1.083,0.000,0.014,-1.840,-0.005,73
5637,6.808,-1.083,0.000,0.014,-1.842,-0.005,73
5638,6.808,-1.083,0.000,0.014,-1.845,-0.005,73
5639,6.808,-1.083,0.000,0.014,-1.847,-0.005,73
5640,6.808,-1.083,0.000,0.014,-1.850,-0.005,73
5641,6.808,-1.083,0.000,0.014,-1.853,-0.005,73
5642,6.808,-1.083,0.000,0.014,-1.855,-0.005,73
5643,6.808,-1.083,0.000,0.014,-1.858,-0.005,73
5644,6.808,-1.083,0.000,0.014,-1.861,-0.005,73
5645,6.808,-1.083,0.000,0.014,-1.863,-0.005,73
5646,6.808,-1.083,0.000,0.014,-1.866,-0.005,73
5647,6.808,-1.083,0.000,0.014,-1.869,-0.005,73
5648,6.808,-1.083,0.000,0.014,-1.871,-0.005,73
5649,6.808,-1.083,0.000,0.014,-1.874,-0.005,73
5650,6.808,-1.083,0.000,0.014,-1.877,-0.005,73
5651,6.808,-1.083,0.000,0.014,-1.880,-0.005,73
5652,6.808,-1.083,0.000,0.014,-1.883,-0.005,73
5653,6.808,-1.083,0.000,0.014,-1.885,-0.005,73
5654,6.808,-1.083,0.000,0.014,-1.888,-0.005,73
5655,6.808,-1.083,0.000,0.014,-1.891,-0.005,73
5656,6.808,-1.083,0.000,0.014,-1.894,-0.005,73
5657,6.808,-1.083,0.000,0.014,-1.897,-0.005,73
5658,6.808,-1.083,0.000,0.014,-1.900,-0.005,73
5659,6.808,-1.083,0.000,0.014,-1.903,-0.005,73
5660,6.808,-1.083,0.000,0.014,-1.905,-0.005,73
5661,6.808,-1.083,0.000,0.014,-1.908,-0.005,73
5662,6.808,-1.083,0.000,0.014,-1.911,-0.005,73
5663,6.808,-1.083,0.000,0.014,-1.914,-0.005,73
5664,6.808,-1.083,0.000,0.014,-1.917,-0.005,73
5665,6.808,-1.083,0.000,0.014,-1.920,-0.005,73
5666,6.808,-1.083,0.000,0.014,-1.923,-0.005,73
5667,6.808,-1.083,0.000,0.014,-1.926,-0.005,73
5668,6.808,-1.083,0.000,0.014,-1.929,-0.005,73
5669,6.808,-1.083,0.000,0.014,-1.932,-0.005,73
5670,6.808,-1.083,0.000,0.014,-1.935,-0.005,73
5671,6.808,-1.083,0.000,0.014,-1.938,-0.005,73
5672,6.808,-1.083,0.000,0.014,-1.941,-0.005,73
5673,6.808,-1.083,0.000,0.014,-1.944,-0.005,73
5674,6.808,-1.083,0.000,0.014,-1.947,-0.005,73
5675,6.808,-1.083,0.000,0.014,-1.950,-0.005,73
5676,6.808,-1.083,0.000,0.014,-1.954,-0.005,73
5677,6.808,-1.083,0.000,0.014,-1.957,-0.005,73
5678,6.808,-1.083,0.000,0.014,-1.960,-0.005,73
5679,6.808,-1.083,0.000,0.014,-1.963,-0.005,73
5680,6.808,-1.083,0.000,0.014,-1.966,-0.005,73
5681,6.808,-1.083,0.000,0.014,-1.969,-0.005,73
5682,6.808,-1.083,0.000,0.014,-1.972,-0.005,73
5683,6.808,-1.083,0.000,0.014,-1.976,-0.005,73
5684,6.808,-1.083,0.000,0.014,-1.979,-0.005,73
5685,6.808,-1.083,0.000,0.014,-1.982,-0.005,73
5686,6.808,-1.083,0.000,0.014,-1.985,-0.005,73
5687,6.808,-1.083,0.000,0.014,-1.989,-0.005,73
5688,6.808,-1.083,0.000,0.014,-1.992,-0.005,73
5689,6.808,-1.083,0.000,0.014,-1.995,-0.005,73
5690,6.808,-1.083,0.000,0.014,-1.998,-0.005,73
5691,6.808,-1.083,0.000,0.014,-2.002,-0.005,73
5692,6.808,-1.083,0.000,0.014,-2.005,-0.005,73
5693,6.808,-1.083,0.000,0.014,-2.008,-0.005,73
5694,6.808,-1.083,0.000,0.014,-2.012,-0.005,73
5695,6.808,-1.083,0.000,0.014,-2.015,-0.005,73
5696,6.808,-1.083,0.000,0.014,-2.018,-0.005,73
5697,6.808,-1.083,0.000,0.014,-2.022,-0.005,73
5698,6.808,-1.083,0.000,0.014,-2.025,-0.005,73
5699,6.808,-1.083,0.000,0.014,-2.028,-0.005,73
5700,6.808,-1.083,0.000,0.014,-2.032,-0.005,73
5701,6.808,-1.083,0.000,0.014,-2.035,-0.005,73
5702,6.808,-1.083,0.000,0.014,-2.039,-0.005,73
5703,6.808,-1.083,0.000,0.014,-2.042,-0.005,73
5704,6.808,-1.083,0.000,0.014,-2.045,-0.005,73
5705,6.808,-1.083,0.000,0.014,-2.049,-0.005,73
5706,6.808,-1.083,0.000,0.014,-2.052,-0.005,73
5707,6.808,-1.083,0.000,0.014,-2.056,-0.005,73
5708,6.808,-1.083,0.000,0.014,-2.059,-0.005,73
5709,6.808,-1.083,0.000,0.014,-2.063,-0.005,73
5710,6.808,-1.083,0.000,0.014,-2.066,-0.005,73
5711,6.808,-1.083,0.000,0.014,-2.070,-0.005,73
5712,6.808,-1.083,0.000,0.014,-2.073,-0.005,73
5713,6.808,-1.083,0.000,0.014,-2.077,-0.005,73
5714,6.808,-1.083,0.000,0.014,-2.080,-0.005,73
5715,6.808,-1.083,0.000,0.014,-2.084,-0.005,73
5716,6.808,-1.083,0.000,0.014,-2.088,-0.005,73
5717,6.808,-1.083,0.000,0.014,-2.091,-0.005,73
5718,6.808,-1.083,0.000,0.014,-2.095,-0.005,73
5719,6.808,-1.083,0.000,0.014,-2.098,-0.005,73
5720,6.808,-1.083,0.000,0.014,-2.102,-0.005,73
5721,6.808,-1.083,0.000,0.014,-2.106,-0.005,73
5722,6.808,-1.083,0.000,0.014,-2.109,-0.005,73
5723,6.808,-1.083,0.000,0.014,-2.113,-0.005,73
5724,6.808,-1.083,0.000,0.014,-2.117,-0.005,73
5725,6.808,-1.083,0.000,0.014,-2.120,-0.005,73
5726,6.808,-1.083,0.000,0.014,-2.124,-0.005,73
5727,6.808,-1.083,0.000,0.014,-2.128,-0.005,73
5728,6.808,-1.083,0.000,0.014,-2.131,-0.005,73
5729,6.808,-1.083,0.000,0.014,-2.135,-0.005,73
5730,6.808,-1.083,0.000,0.014,-2.139,-0.005,73
5731,6.808,-1.083,0.000,0.014,-2.143,-0.005,73
5732,6.808,-1.083,0.000,0.014,-2.146,-0.005,73
5733,6.808,-1.083,0.000,0.014,-2.150,-0.005,73
5734,6.808,-1.083,0.000,0.014,-2.154,-0.005,73
5735,6.808,-1.083,0.000,0.014,-2.158,-0.005,73
5736,6.808,-1.083,0.000,0.014,-2.161,-0.005,73
5737,6.808,-1.083,0.000,0.014,-2.165,-0.005,73
5738,6.808,-1.083,0.000,0.014,-2.169,-0.005,73
5739,6.808,-1.083,0.000,0.014,-2.173,-0.005,73
5740,6.808,-1.083,0.000,0.014,-2.177,-0.005,73
5741,6.808,-1.083,0.000,0.014,-2.181,-0.005,73
5742,6.808,-1.083,0.000,0.014,-2.184,-0.005,73
5743,6.808,-1.083,0.000,0.014,-2.188,-0.005,73
5744,6.808,-1.083,0.000,0.014,-2.192,-0.005,73
5745,6.808,-1.083,0.000,0.014,-2.196,-0.005,73
5746,6.808,-1.083,0.000,0.014,-2.200,-0.005,73
5747,6.808,-1.083,0.000,0.014,-2.204,-0.005,73
5748,6.808,-1.083,0.000,0.014,-2.208,-0.005,73
5749,6.808,-1.083,0.000,0.014,-2.212,-0.005,73
5750,6.808,-1.083,0.000,0.014,-2.216,-0.005,73
5751,6.808,-1.083,0.000,0.014,-2.220,-0.005,73
5752,6.808,-1.083,0.000,0.014,-2.224,-0.005,73
5753,6.808,-1.083,0.000,0.014,-2.227,-0.005,73
5754,6.808,-1.083,0.000,0.014,-2.224,-0.005,73
5755,6.808,-1.083,0.000,0.014,-2.219,-0.005,73
5756,6.808,-1.083,0.000,0.014,-2.215,-0.005,73
5757,6.808,-1.083,0.000,0.014,-2.211,-0.005,73
5758,6.808,-1.083,0.000,0.014,-2.207,-0.005,73
5759,6.808,-1.083,0.000,0.014,-2.202,-0.005,73
5760,6.808,-1.083,0.000,0.014,-2.198,-0.005,73
5761,6.808,-1.083,0.000,0.014,-2.194,-0.005,73
5762,6.808,-1.083,0.000,0.014,-2.191,-0.005,73
5763,6.808,-1.083,0.000,0.014,-2.187,-0.005,73
5764,6.808,-1.083,0.000,0.014,-2.183,-0.005,73
5765,6.808,-1.083,0.000,0.014,-2.179,-0.005,73
5766,6.808,-1.083,0.000,0.014,-2.176,-0.005,73
5767,6.808,-1.083,0.000,0.014,-2.172,-0.005,73
5768,6.808,-1.083,0.000,0.014,-2.169,-0.005,73
5769,6.808,-1.083,0.000,0.014,-2.165,-0.005,73
5770,6.808,-1.083,0.000,0.014,-2.162,-0.005,73
5771,6.808,-1.083,0.000,0.014,-2.159,-0.005,73
5772,6.808,-1.083,0.000,0.014,-2.155,-0.005,73
5773,6.808,-1.083,0.000,0.014,-2.152,-0.005,73
5774,6.808,-1.083,0.000,0.014,-2.149,-0.005,73
5775,6.808,-1.083,0.000,0.014,-2.146,-0.005,73
5776,6.808,-1.083,0.000,0.014,-2.143,-0.005,73
5777,6.808,-1.083,0.000,0.014,-2.140,-0.005,73
5778,6.808,-1.083,0.000,0.014,-2.138,-0.005,73
5779,6.808,-1.083,0.000,0.014,-2.135,-0.005,73
5780,6.808,-1.083,0.000,0.014,-2.132,-0.005,73
5781,6.808,-1.083,0.000,0.014,-2.130,-0.005,73
5782,6.808,-1.083,0.000,0.014,-2.127,-0.005,73
5783,6.808,-1.083,0.000,0.014,-2.125,-0.005,73
5784,6.808,-1.083,0.000,0.014,-2.122,-0.005,73
5785,6.808,-1.083,0.000,0.014,-2.120,-0.005,73
5786,6.808,-1.083,0.000,0.014,-2.117,-0.005,73
5787,6.808,-1.083,0.000,0.014,-2.115,-0.005,73
5788,6.808,-1.083,0.000,0.014,-2.113,-0.005,73
5789,6.808,-1.083,0.000,0.014,-2.111,-0.005,73
5790,6.808,-1.083,0.000,0.014,-2.109,-0.005,73
5791,6.808,-1.083,0.000,0.014,-2.107,-0.005,73
5792,6.808,-1.083,0.000,0.014,-2.105,-0.005,73
5793,6.808,-1.083,0.000,0.014,-2.103,-0.005,73
5794,6.808,-1.083,0.000,0.014,-2.101,-0.005,73
5795,6.808,-1.083,0.000,0.014,-2.099,-0.005,73
5796,6.808,-1.083,0.000,0.014,-2.097,-0.005,73
5797,6.808,-1.083,0.000,0.014,-2.096,-0.005,73
5798,6.808,-1.083,0.000,0.014,-2.094,-0.005,73
5799,6.808,-1.083,0.000,0.014,-2.092,-0.005,73
5800,6.808,-1.083,0.000,0.014,-2.091,-0.005,73
5801,6.808,-1.083,0.000,0.014,-2.089,-0.005,73
5802,6.808,-1.083,0.000,0.014,-2.088,-0.005,73
5803,6.808,-1.083,0.000,0.014,-2.087,-0.005,73
5804,6.808,-1.083,0.000,0.014,-2.085,-0.005,73
5805,6.808,-1.083,0.000,0.014,-2.084,-0.005,73
5806,6.808,-1.083,0.000,0.014,-2.083,-0.005,73
5807,6.808,-1.083,0.000,0.014,-2.081,-0.005,73
5808,6.808,-1.083,0.000,0.014,-2.080,-0.005,73
5809,6.808,-1.083,0.000,0.014,-2.079,-0.005,73
5810,6.808,-1.083,0.000,0.014,-2.078,-0.005,73
5811,6.808,-1.083,0.000,0.014,-2.077,-0.005,73
5812,6.808,-1.083,0.000,0.014,-2.076,-0.005,73
5813,6.808,-1.083,0.000,0.014,-2.075,-0.005,73
5814,6.808,-1.083,0.000,0.014,-2.075,-0.005,73
5815,6.808,-1.083,0.000,0.014,-2.074,-0.005,73
5816,6.808,-1.083,0.000,0.014,-2.073,-0.005,73
5817,6.808,-1.083,0.000,0.014,-2.072,-0.005,73
5818,6.808,-1.083,0.000,0.014,-2.072,-0.005,73
5819,6.808,-1.083,0.000,0.014,-2.071,-0.005,73
5820,6.808,-1.083,0.000,0.014,-2.070,-0.005,73
5821,6.808,-1.083,0.000,0.014,-2.070,-0.005,73
5822,6.808,-1.083,0.000,0.014,-2.069,-0.005,73
5823,6.808,-1.083,0.000,0.014,-2.069,-0.005,73
5824,6.808,-1.083,0.000,0.014,-2.068,-0.005,73
5825,6.808,-1.083,0.000,0.014,-2.068,-0.005,73
5826,6.808,-1.083,0.000,0.014,-2.068,-0.005,73
5827,6.808,-1.083,0.000,0.014,-2.068,-0.005,73
5828,6.808,-1.083,0.000,0.014,-2.067,-0.005,73
5829,6.808,-1.083,0.000,0.014,-2.067,-0.005,73
5830,6.808,-1.083,0.000,0.014,-2.067,-0.005,73
5831,6.808,-1.083,0.000,0.014,-2.067,-0.005,73
5832,6.808,-1.083,0.000,0.014,-2.067,-0.005,73
5833,6.808,-1.083,0.000,0.014,-2.067,-0.005,73
5834,6.808,-1.083,0.000,0.014,-2.067,-0.005,73
5835,6.808,-1.083,0.000,0.014,-2.067,-0.005,73
5836,6.808,-1.083,0.000,0.014,-2.067,-0.005,73
5837,6.808,-1.083,0.000,0.014,-2.067,-0.005,73
5838,6.808,-1.083,0.000,0.014,-2.067,-0.005,73
5839,6.808,-1.083,0.000,0.014,-2.067,-0.005,73
5840,6.808,-1.083,0.000,0.014,-2.068,-0.005,73
5841,6.808,-1.083,0.000,0.014,-2.068,-0.005,73
5842,6.808,-1.083,0.000,0.014,-2.068,-0.005,73
5843,6.808,-1.083,0.000,0.014,-2.069,-0.005,73
5844,6.808,-1.083,0.000,0.014,-2.069,-0.005,73
5845,6.808,-1.083,0.000,0.014,-2.069,-0.005,73
5846,6.808,-1.083,0.000,0.014,-2.070,-0.005,73
5847,6.808,-1.083,0.000,0.014,-2.070,-0.005,73
5848,6.808,-1.083,0.000,0.014,-2.071,-0.005,73
5849,6.808,-1.083,0.000,0.014,-2.071,-0.005,73
5850,6.808,-1.083,0.000,0.014,-2.072,-0.005,73
5851,6.808,-1.083,0.000,0.014,-2.073,-0.005,73
5852,6.808,-1.083,0.000,0.014,-2.073,-0.005,73
5853,6.808,-1.083,0.000,0.014,-2.074,-0.005,73
5854,6.808,-1.083,0.000,0.014,-2.075,-0.005,73
5855,6.808,-1.083,0.000,0.014,-2.075,-0.005,73
5856,6.808,-1.083,0.000,0.014,-2.076,-0.005,73
5857,6.808,-1.083,0.000,0.014,-2.077,-0.005,73
5858,6.808,-1.083,0.000,0.014,-2.078,-0.005,73
5859,6.808,-1.083,0.000,0.014,-2.079,-0.005,73
5860,6.808,-1.083,0.000,0.014,-2.080,-0.005,73
5861,6.808,-1.083,0.000,0.014,-2.081,-0.005,73
5862,6.808,-1.083,0.000,0.014,-2.082,-0.005,73
5863,6.808,-1.083,0.000,0.014,-2.083,-0.005,73
5864,6.808,-1.083,0.000,0.014,-2.084,-0.005,73
5865,6.808,-1.083,0.000,0.014,-2.085,-0.005,-1
5866,6.805,-1.083,0.000,0.092,-2.072,-0.002,78
5867,6.808,-1.083,0.000,0.127,-2.085,-0.001,78
5868,6.811,-1.083,0.000,-0.045,-2.098,-0.007,78
5869,6.813,-1.083,0.000,-0.416,-2.111,-0.021,78
5870,6.816,-1.084,0.000,-0.974,-2.123,-0.042,78
5871,6.818,-1.084,0.000,-1.714,-2.136,-0.069,78
5872,6.821,-1.084,0.000,-2.632,-2.147,-0.104,78
5873,6.824,-1.084,0.000,-3.733,-2.158,-0.146,78
5874,6.826,-1.085,0.000,-5.027,-2.168,-0.196,78
5875,6.829,-1.085,0.000,-6.533,-2.176,-0.255,78
5876,6.832,-1.086,0.000,-8.279,-2.182,-0.323,78
5877,6.835,-1.087,0.000,-10.294,-2.184,-0.402,78
5878,6.838,-1.088,0.000,-12.607,-2.175,-0.490,78
5879,6.841,-1.089,0.000,-15.232,-2.134,-0.588,78
5880,6.845,-1.090,0.000,-18.155,-2.086,-0.690,78
5881,6.848,-1.091,0.000,-21.322,-2.031,-0.798,78
5882,6.852,-1.093,0.000,-24.639,-1.968,-0.908,78
5883,6.855,-1.095,0.000,-27.989,-1.900,-1.016,78
5884,6.859,-1.097,0.000,-31.256,-1.829,-1.116,78
5885,6.862,-1.099,0.000,-34.352,-1.757,-1.207,78
5886,6.866,-1.102,0.000,-37.228,-1.687,-1.288,78
5887,6.870,-1.105,0.000,-39.868,-1.619,-1.359,78
5888,6.873,-1.108,0.000,-42.280,-1.555,-1.421,78
5889,6.877,-1.112,0.000,-44.480,-1.495,-1.475,78
5890,6.881,-1.115,0.000,-46.489,-1.439,-1.523,78
5891,6.884,-1.119,0.000,-48.323,-1.386,-1.565,78
5892,6.888,-1.123,0.000,-49.998,-1.337,-1.602,78
5893,6.891,-1.128,0.000,-51.223,-1.301,-1.627,-1
5894,6.892,-1.129,0.000,-52.473,-1.255,-1.636,-1
5895,6.893,-1.129,0.000,-54.146,-1.194,-1.650,-1
5896,6.893,-1.131,0.000,-56.013,-1.134,-1.666,-1
5897,6.894,-1.132,0.000,-58.170,-1.061,-1.693,-1
5898,6.895,-1.134,0.000,-61.103,-0.960,-1.731,-1
5899,6.898,-1.139,0.000,-64.117,-0.868,-1.778,-1
5900,6.900,-1.145,0.000,-66.418,-0.797,-1.810,-1
5901,6.903,-1.150,0.000,-68.145,-0.741,-1.834,-1
5902,6.905,-1.156,0.000,-69.197,-0.707,-1.851,-1
5903,6.907,-1.161,0.000,-69.868,-0.680,-1.860,-1
5904,6.910,-1.167,0.000,-70.321,-0.660,-1.871,-1
5905,6.911,-1.173,0.000,-70.404,-0.658,-1.871,-1
5906,6.913,-1.178,0.000,-70.111,-0.682,-1.862,-1
5907,6.915,-1.183,0.000,-69.673,-0.689,-1.861,-1
5908,6.917,-1.189,0.000,-69.146,-0.710,-1.854,-1
5909,6.920,-1.194,0.000,-68.379,-0.739,-1.844,-1
5910,6.922,-1.199,0.000,-67.444,-0.768,-1.834,-1
5911,6.924,-1.205,0.000,-66.449,-0.790,-1.827,-1
5912,6.927,-1.210,0.000,-65.361,-0.822,-1.815,-1
5913,6.929,-1.216,0.000,-64.262,-0.861,-1.800,-1
5914,6.932,-1.221,0.000,-63.202,-0.898,-1.785,-1
5915,6.935,-1.226,0.000,-62.196,-0.929,-1.773,-1
5916,6.937,-1.232,0.000,-61.255,-0.959,-1.761,-1
5917,6.940,-1.237,0.000,-60.384,-0.988,-1.749,-1
5918,6.943,-1.242,0.000,-59.579,-1.015,-1.739,-1
5919,6.947,-1.247,0.000,-58.838,-1.040,-1.729,-1
5920,6.950,-1.252,0.000,-58.157,-1.063,-1.721,-1
5921,6.953,-1.257,0.000,-57.529,-1.084,-1.713,-1
5922,6.956,-1.262,0.000,-56.949,-1.104,-1.706,-1
5923,6.960,-1.267,0.000,-56.413,-1.123,-1.700,-1
5924,6.963,-1.272,0.000,-55.917,-1.141,-1.695,-1
5925,6.966,-1.277,0.000,-55.457,-1.158,-1.691,-1
5926,6.970,-1.282,0.000,-55.031,-1.182,-1.682,-1
5927,6.973,-1.287,0.000,-54.594,-1.193,-1.680,-1
5928,6.977,-1.292,0.000,-54.171,-1.214,-1.673,-1
5929,6.980,-1.297,0.000,-53.832,-1.230,-1.668,-1
5930,6.984,-1.301,0.000,-53.525,-1.236,-1.672,-1
5931,6.987,-1.306,0.000,-53.233,-1.249,-1.671,-1
5932,6.991,-1.311,0.000,-52.956,-1.256,-1.674,-1
5933,6.994,-1.316,0.000,-52.699,-1.281,-1.665,-1
5934,6.998,-1.321,0.000,-52.458,-1.271,-1.681,-1
5935,7.002,-1.326,0.000,-52.213,-1.297,-1.672,-1
5936,7.006,-1.330,0.000,-51.977,-1.308,-1.673,-1
5937,7.009,-1.335,0.000,-51.769,-1.314,-1.679,-1
5938,7.013,-1.340,0.000,-51.593,-1.324,-1.681,-1
5939,7.017,-1.344,0.000,-51.447,-1.335,-1.683,-1
5940,7.021,-1.349,0.000,-51.321,-1.345,-1.686,-1
5941,7.024,-1.354,0.000,-51.208,-1.353,-1.691,-1
5942,7.028,-1.358,0.000,-51.105,-1.361,-1.696,-1
5943,7.032,-1.363,0.000,-51.011,-1.370,-1.700,-1
5944,7.036,-1.368,0.000,-50.925,-1.378,-1.705,-1
5945,7.040,-1.372,0.000,-50.847,-1.386,-1.711,-1
5946,7.043,-1.377,0.000,-50.775,-1.395,-1.716,-1
5947,7.047,-1.382,0.000,-50.708,-1.401,-1.711,-1
5948,7.051,-1.386,0.000,-50.643,-1.373,-1.687,-1
5949,7.055,-1.391,0.000,-50.583,-1.352,-1.658,-1
5950,7.059,-1.396,0.000,-50.531,-1.335,-1.627,-1
5951,7.062,-1.400,0.000,-50.484,-1.314,-1.600,-1
5952,7.066,-1.405,0.000,-50.441,-1.293,-1.574,-1
5953,7.070,-1.410,0.000,-50.403,-1.273,-1.547,-1
5954,7.074,-1.414,0.000,-50.367,-1.253,-1.521,-1
5955,7.078,-1.419,0.000,-50.335,-1.234,-1.495,-1
5956,7.082,-1.423,0.000,-50.305,-1.214,-1.471,-1
5957,7.085,-1.428,0.000,-50.276,-1.195,-1.446,-1
5958,7.089,-1.433,0.000,-50.242,-1.176,-1.422,-1
5959,7.093,-1.437,0.000,-50.206,-1.158,-1.398,-1
5960,7.097,-1.442,0.000,-50.171,-1.139,-1.374,-1
5961,7.101,-1.446,0.000,-50.137,-1.122,-1.351,-1
5962,7.105,-1.451,0.000,-50.104,-1.104,-1.329,-1
5963,7.108,-1.456,0.000,-50.073,-1.087,-1.307,-1
5964,7.112,-1.460,0.000,-50.044,-1.081,-1.275,-1
5965,7.116,-1.465,0.000,-50.014,-1.051,-1.265,-1
5966,7.120,-1.469,0.000,-49.984,-1.050,-1.230,-1
5967,7.124,-1.474,0.000,-49.954,-1.005,-1.234,-1
5968,7.128,-1.479,0.000,-49.926,-1.015,-1.192,-1
5969,7.132,-1.483,0.000,-49.898,-0.985,-1.184,-1
5970,7.135,-1.488,0.000,-49.878,-0.967,-1.167,-1
5971,7.139,-1.492,0.000,-49.844,-0.960,-1.141,-1
5972,7.143,-1.497,0.000,-49.853,-0.958,-1.110,-1
5973,7.147,-1.502,0.000,-49.881,-0.913,-1.117,-1
5974,7.151,-1.506,0.000,-49.918,-0.935,-1.068,-1
5975,7.155,-1.511,0.000,-49.975,-0.875,-1.088,-1
5976,7.159,-1.515,0.000,-50.071,-0.891,-1.046,-1
5977,7.163,-1.520,0.000,-50.162,-0.851,-1.051,-1
5978,7.166,-1.524,0.000,-50.233,-0.856,-1.018,-1
5979,7.170,-1.529,0.000,-50.288,-0.841,-1.003,-1
5980,7.174,-1.534,0.000,-50.299,-0.827,-0.988,-1
5981,7.178,-1.538,0.000,-50.285,-0.802,-0.981,-1
5982,7.182,-1.543,0.000,-50.300,-0.789,-0.966,-1
5983,7.186,-1.548,0.000,-50.322,-0.794,-0.937,-1
5984,7.189,-1.552,0.000,-50.342,-0.759,-0.940,-1
5985,7.193,-1.557,0.000,-50.343,-0.753,-0.922,-1
5986,7.197,-1.562,0.000,-50.322,-0.750,-0.901,-1
5987,7.201,-1.566,0.000,-50.273,-0.734,-0.890,-1
5988,7.205,-1.571,0.000,-50.221,-0.720,-0.879,-1
5989,7.209,-1.575,0.000,-50.170,-0.712,-0.863,-1
5990,7.213,-1.580,0.000,-50.121,-0.703,-0.848,-1
5991,7.216,-1.585,0.000,-50.076,-0.695,-0.834,-1
5992,7.220,-1.589,0.000,-50.032,-0.680,-0.824,-1
5993,7.224,-1.594,0.000,-49.986,-0.679,-0.804,-1
5994,7.228,-1.598,0.000,-49.934,-0.656,-0.804,-1
5995,7.232,-1.603,0.000,-49.858,-0.654,-0.787,-1
5996,7.236,-1.608,0.000,-49.767,-0.650,-0.770,-1
5997,7.240,-1.612,0.000,-49.722,-0.639,-0.761,-1
5998,7.244,-1.617,0.000,-49.711,-0.628,-0.751,-1
5999,7.248,-1.622,0.000,-49.716,-0.625,-0.736,-1
6000,7.252,-1.626,0.000,-49.731,-0.616,-0.727,-1
6001,7.255,-1.631,0.000,-49.770,-0.612,-0.713,-1
6002,7.259,-1.635,0.000,-49.793,-0.604,-0.702,-1
6003,7.263,-1.640,0.000,-49.801,-0.594,-0.695,-1
6004,7.267,-1.645,0.000,-49.800,-0.585,-0.686,-1
6005,7.271,-1.649,0.000,-49.797,-0.579,-0.676,-1
6006,7.275,-1.654,0.000,-49.795,-0.572,-0.667,-1
6007,7.279,-1.658,0.000,-49.793,-0.564,-0.659,-1
6008,7.283,-1.663,0.000,-49.791,-0.557,-0.651,-1
6009,7.286,-1.668,0.000,-49.791,-0.550,-0.643,-1
6010,7.290,-1.672,0.000,-49.793,-0.544,-0.635,-1
6011,7.294,-1.677,0.000,-49.800,-0.537,-0.627,-1
6012,7.298,-1.681,0.000,-49.813,-0.531,-0.620,-1
6013,7.302,-1.686,0.000,-49.831,-0.525,-0.613,-1
6014,7.306,-1.690,0.000,-49.845,-0.517,-0.609,-1
6015,7.310,-1.695,0.000,-49.853,-0.509,-0.605,-1
6016,7.314,-1.700,0.000,-49.862,-0.499,-0.602,-1
6017,7.318,-1.704,0.000,-49.865,-0.502,-0.590,-1
6018,7.321,-1.709,0.000,-49.868,-0.486,-0.591,-1
6019,7.325,-1.714,0.000,-49.871,-0.481,-0.588,-1
6020,7.329,-1.718,0.000,-49.863,-0.487,-0.573,-1
6021,7.333,-1.723,0.000,-49.911,-0.477,-0.573,-1
6022,7.337,-1.727,0.000,-49.938,-0.468,-0.571,-1
6023,7.341,-1.732,0.000,-49.938,-0.466,-0.564,-1
6024,7.345,-1.737,0.000,-49.932,-0.464,-0.558,-1
6025,7.349,-1.741,0.000,-49.926,-0.460,-0.554,-1
6026,7.353,-1.746,0.000,-49.921,-0.462,-0.545,-1
6027,7.356,-1.750,0.000,-49.964,-0.464,-0.537,-1
6028,7.360,-1.755,0.000,-49.996,-0.448,-0.543,-1
6029,7.364,-1.760,0.000,-50.032,-0.449,-0.537,-1
6030,7.368,-1.764,0.000,-50.046,-0.442,-0.536,-1
6031,7.372,-1.769,0.000,-50.042,-0.438,-0.534,-1
6032,7.376,-1.773,0.000,-50.032,-0.437,-0.530,-1
6033,7.380,-1.778,0.000,-50.021,-0.435,-0.526,-1
6034,7.383,-1.783,0.000,-50.011,-0.432,-0.524,-1
6035,7.387,-1.787,0.000,-50.002,-0.430,-0.521,-1
6036,7.391,-1.792,0.000,-49.995,-0.428,-0.519,-1
6037,7.395,-1.796,0.000,-49.991,-0.429,-0.515,-1
6038,7.399,-1.801,0.000,-49.990,-0.423,-0.517,-1
6039,7.403,-1.806,0.000,-49.991,-0.437,-0.502,-1
6040,7.407,-1.810,0.000,-49.991,-0.426,-0.509,-1
6041,7.410,-1.815,0.000,-49.986,-0.438,-0.496,-1
6042,7.414,-1.819,0.000,-49.987,-0.422,-0.509,-1
6043,7.418,-1.824,0.000,-50.005,-0.427,-0.503,-1
6044,7.422,-1.829,0.000,-50.052,-0.430,-0.499,-1
6045,7.426,-1.833,0.000,-50.074,-0.428,-0.500,-1
6046,7.430,-1.838,0.000,-50.075,-0.425,-0.502,-1
6047,7.434,-1.843,0.000,-50.068,-0.425,-0.501,-1
6048,7.438,-1.847,0.000,-50.058,-0.412,-0.512,-1
6049,7.441,-1.852,0.000,-50.048,-0.433,-0.494,-1
6050,7.445,-1.856,0.000,-50.043,-0.429,-0.498,-1
6051,7.449,-1.861,0.000,-50.030,-0.422,-0.505,-1
6052,7.453,-1.866,0.000,-50.021,-0.425,-0.503,-1
6053,7.457,-1.870,0.000,-50.027,-0.430,-0.500,-1
6054,7.461,-1.875,0.000,-50.030,-0.429,-0.502,-1
6055,7.465,-1.879,0.000,-50.028,-0.429,-0.504,-1
6056,7.469,-1.884,0.000,-50.025,-0.430,-0.505,-1
6057,7.472,-1.889,0.000,-50.020,-0.432,-0.506,-1
6058,7.476,-1.893,0.000,-50.014,-0.433,-0.507,-1
6059,7.480,-1.898,0.000,-50.008,-0.434,-0.509,-1
6060,7.484,-1.902,0.000,-50.006,-0.436,-0.511,-1
6061,7.488,-1.907,0.000,-50.007,-0.438,-0.513,-1
6062,7.492,-1.912,0.000,-50.011,-0.428,-0.526,-1
6063,7.496,-1.916,0.000,-49.992,-0.429,-0.528,-1
6064,7.499,-1.921,0.000,-50.059,-0.438,-0.525,-1
6065,7.503,-1.926,0.000,-50.118,-0.442,-0.526,-1
6066,7.507,-1.930,0.000,-50.147,-0.449,-0.525,-1
6067,7.511,-1.935,0.000,-50.158,-0.450,-0.529,-1
6068,7.515,-1.939,0.000,-50.158,-0.451,-0.534,-1
6069,7.519,-1.944,0.000,-50.151,-0.454,-0.537,-1
6070,7.523,-1.949,0.000,-50.145,-0.458,-0.539,-1
6071,7.526,-1.953,0.000,-50.142,-0.461,-0.543,-1
6072,7.530,-1.958,0.000,-50.143,-0.464,-0.547,-1
6073,7.534,-1.962,0.000,-50.149,-0.467,-0.551,-1
6074,7.538,-1.967,0.000,-50.156,-0.474,-0.552,-1
6075,7.542,-1.972,0.000,-50.166,-0.473,-0.560,-1
6076,7.546,-1.976,0.000,-50.175,-0.476,-0.565,-1
6077,7.549,-1.981,0.000,-50.184,-0.481,-0.568,-1
6078,7.553,-1.985,0.000,-50.193,-0.485,-0.572,-1
6079,7.557,-1.990,0.000,-50.201,-0.488,-0.578,-1
6080,7.561,-1.995,0.000,-50.208,-0.492,-0.583,-1
6081,7.565,-1.999,0.000,-50.211,-0.497,-0.588,-1
6082,7.569,-2.004,0.000,-50.210,-0.501,-0.593,-1
6083,7.573,-2.009,0.000,-50.208,-0.506,-0.598,-1
6084,7.576,-2.013,0.000,-50.209,-0.510,-0.604,-1
6085,7.580,-2.018,0.000,-50.218,-0.510,-0.614,-1
6086,7.584,-2.022,0.000,-50.212,-0.516,-0.619,-1
6087,7.588,-2.027,0.000,-50.101,-0.517,-0.628,-1
6088,7.592,-2.032,0.000,-49.997,-0.521,-0.635,-1
6089,7.596,-2.036,0.000,-49.977,-0.529,-0.639,-1
6090,7.600,-2.041,0.000,-49.998,-0.535,-0.644,-1
6091,7.604,-2.046,0.000,-50.034,-0.539,-0.652,-1
6092,7.607,-2.050,0.000,-50.073,-0.544,-0.659,-1
6093,7.611,-2.055,0.000,-50.114,-0.549,-0.666,-1
6094,7.615,-2.059,0.000,-50.162,-0.555,-0.673,-1
6095,7.619,-2.064,0.000,-50.213,-0.560,-0.680,-1
6096,7.623,-2.069,0.000,-50.260,-0.565,-0.688,-1
6097,7.627,-2.073,0.000,-50.301,-0.570,-0.695,-1
6098,7.630,-2.078,0.000,-50.338,-0.576,-0.703,-1
6099,7.634,-2.082,0.000,-50.370,-0.591,-0.703,-1
6100,7.638,-2.087,0.000,-50.401,-0.582,-0.724,-1
6101,7.642,-2.092,0.000,-50.431,-0.594,-0.727,-1
6102,7.646,-2.096,0.000,-50.457,-0.607,-0.730,-1
6103,7.650,-2.101,0.000,-50.473,-0.610,-0.741,-1
6104,7.654,-2.106,0.000,-50.490,-0.618,-0.748,-1
6105,7.657,-2.110,0.000,-50.528,-0.633,-0.750,-1
6106,7.661,-2.115,0.000,-50.577,-0.637,-0.761,-1
6107,7.665,-2.120,0.000,-50.624,-0.639,-0.773,-1
6108,7.669,-2.125,0.000,-50.645,-0.646,-0.781,-1
6109,7.673,-2.129,0.000,-50.652,-0.655,-0.789,-1
6110,7.677,-2.134,0.000,-50.653,-0.647,-0.810,-1
6111,7.680,-2.138,0.000,-50.665,-0.659,-0.813,-1
6112,7.684,-2.143,0.000,-50.674,-0.668,-0.819,-1
6113,7.688,-2.147,0.000,-50.674,-0.674,-0.828,-1
6114,7.691,-2.152,0.000,-50.672,-0.684,-0.833,-1
6115,7.695,-2.156,0.000,-50.683,-0.697,-0.835,-1
6116,7.698,-2.160,0.000,-50.706,-0.701,-0.844,-1
6117,7.702,-2.164,0.000,-50.707,-0.703,-0.854,-1
6118,7.705,-2.168,0.000,-50.699,-0.709,-0.860,-1
6119,7.708,-2.172,0.000,-50.695,-0.716,-0.865,-1
6120,7.711,-2.176,0.000,-50.699,-0.721,-0.872,-1
6121,7.715,-2.180,0.000,-50.699,-0.718,-0.885,-1
6122,7.718,-2.184,0.000,-50.762,-0.718,-0.896,-1
6123,7.721,-2.187,0.000,-50.791,-0.724,-0.898,-1
6124,7.722,-2.189,0.000,-50.658,-0.725,-0.890,-1
6125,7.722,-2.189,0.000,-49.794,-0.728,-0.868,-1
6126,7.721,-2.188,0.000,-48.799,-0.729,-0.843,-1
6127,7.720,-2.187,0.000,-49.070,-0.714,-0.832,-1
6128,7.721,-2.188,0.000,-49.411,-0.703,-0.828,-1
6129,7.721,-2.188,0.000,-48.630,-0.706,-0.810,-1
6130,7.721,-2.188,0.000,-46.790,-0.724,-0.779,-1
6131,7.721,-2.189,0.000,-43.727,-0.756,-0.730,-1
6132,7.720,-2.187,0.000,-40.680,-0.776,-0.674,-1
6133,7.718,-2.186,0.000,-38.895,-0.780,-0.636,-1
6134,7.719,-2.186,0.000,-37.937,-0.784,-0.618,-1
6135,7.720,-2.188,0.000,-37.276,-0.788,-0.607,-1
6136,7.721,-2.188,0.000,-37.031,-0.786,-0.600,-1
6137,7.721,-2.188,0.000,-36.401,-0.783,-0.584,-1
6138,7.722,-2.189,0.000,-34.609,-0.795,-0.555,-1
6139,7.723,-2.189,0.000,-31.666,-0.814,-0.508,-1
6140,7.721,-2.188,0.000,-28.724,-0.820,-0.455,-1
6141,7.719,-2.187,0.000,-26.884,-0.816,-0.420,-1
6142,7.720,-2.187,0.000,-25.226,-0.819,-0.392,-1
6143,7.721,-2.188,0.000,-23.230,-0.827,-0.360,-1
6144,7.722,-2.189,0.000,-21.769,-0.829,-0.337,-1
6145,7.722,-2.188,0.000,-20.163,-0.829,-0.310,-1
6146,7.720,-2.188,0.000,-18.626,-0.819,-0.281,-1
6147,7.721,-2.188,0.000,-17.123,-0.818,-0.258,-1
6148,7.722,-2.188,0.000,-15.103,-0.819,-0.227,-1
6149,7.722,-2.188,0.000,-12.816,-0.818,-0.192,-1
6150,7.722,-2.187,0.000,-10.113,-0.816,-0.151,-1
6151,7.722,-2.187,0.000,-7.076,-0.814,-0.106,-1
6152,7.723,-2.187,0.000,-3.852,-0.809,-0.060,-1
6153,7.723,-2.187,0.000,-0.520,-0.802,-0.013,-1
6154,7.724,-2.187,0.000,2.894,-0.792,0.035,-1
6155,7.724,-2.187,0.000,6.429,-0.779,0.082,-1
6156,7.722,-2.187,0.000,9.752,-0.757,0.124,-1
6157,7.721,-2.187,0.000,12.439,-0.733,0.156,-1
6158,7.721,-2.187,0.000,15.035,-0.716,0.187,-1
6159,7.721,-2.186,0.000,17.625,-0.701,0.217,-1
6160,7.722,-2.186,0.000,20.003,-0.683,0.243,-1
6161,7.722,-2.187,0.000,22.884,-0.662,0.274,-1
6162,7.722,-2.187,0.000,26.483,-0.635,0.311,-1
6163,7.722,-2.187,0.000,30.984,-0.601,0.355,-1
6164,7.723,-2.187,0.000,36.190,-0.560,0.403,-1
6165,7.723,-2.186,0.000,41.601,-0.515,0.450,-1
6166,7.724,-2.186,0.000,46.792,-0.469,0.492,-1
6167,7.725,-2.185,0.000,51.456,-0.425,0.525,-1
6168,7.726,-2.184,0.000,55.379,-0.387,0.550,-1
6169,7.727,-2.183,0.000,58.421,-0.345,0.574,-1
6170,7.726,-2.183,0.000,61.112,-0.322,0.577,-1
6171,7.726,-2.183,0.000,63.666,-0.281,0.591,-1
6172,7.727,-2.182,0.000,65.980,-0.280,0.588,-1
6173,7.726,-2.183,0.000,68.114,-0.243,0.587,-1
6174,7.726,-2.184,0.000,70.100,-0.211,0.587,-1
6175,7.726,-2.185,0.000,72.098,-0.191,0.580,-1
6176,7.726,-2.185,0.000,74.149,-0.174,0.578,-1
6177,7.726,-2.184,0.000,76.374,-0.147,0.579,-1
6178,7.725,-2.185,0.000,78.950,-0.116,0.576,-1
6179,7.725,-2.186,0.000,81.598,-0.067,0.570,-1
6180,7.725,-2.188,0.000,84.214,-0.077,0.555,-1
6181,7.725,-2.188,0.000,86.815,-0.023,0.548,-1
6182,7.725,-2.189,0.000,89.406,-0.014,0.540,-1
6183,7.725,-2.188,0.000,91.988,0.005,0.533,-1
6184,7.725,-2.187,0.000,94.519,0.048,0.527,-1
6185,7.725,-2.188,0.000,96.906,0.063,0.516,-1
6186,7.725,-2.190,0.000,99.111,0.085,0.497,-1
6187,7.726,-2.191,0.000,101.037,0.101,0.479,-1
6188,7.726,-2.192,0.000,102.625,0.086,0.470,-1
6189,7.726,-2.191,0.000,104.129,0.119,0.460,-1
6190,7.725,-2.190,0.000,105.622,0.120,0.458,-1
6191,7.727,-2.193,0.000,106.993,0.142,0.432,-1
6192,7.727,-2.193,0.000,108.314,0.122,0.428,-1
6193,7.727,-2.193,0.000,109.645,0.156,0.413,-1
6194,7.726,-2.192,0.000,111.225,0.167,0.407,-1
6195,7.726,-2.191,0.000,113.268,0.173,0.401,-1
6196,7.725,-2.191,0.000,115.389,0.184,0.390,-1
6197,7.726,-2.192,0.000,117.340,0.186,0.378,-1
6198,7.727,-2.194,0.000,119.136,0.205,0.350,-1
6199,7.727,-2.194,0.000,120.829,0.212,0.337,-1
6200,7.726,-2.193,0.000,122.475,0.216,0.333,-1
6201,7.726,-2.193,0.000,124.525,0.227,0.324,-1
6202,7.725,-2.192,0.000,127.242,0.242,0.308,-1
6203,7.725,-2.191,0.000,129.965,0.256,0.295,-1
6204,7.724,-2.191,0.000,131.414,0.259,0.286,-1
6205,7.725,-2.192,0.000,131.619,0.252,0.277,-1
6206,7.727,-2.193,0.000,130.588,0.239,0.270,-1
6207,7.727,-2.194,0.000,128.341,0.221,0.271,-1
6208,7.728,-2.195,0.000,126.090,0.203,0.270,-1
6209,7.728,-2.195,0.000,125.052,0.197,0.272,-1
6210,7.726,-2.193,0.000,125.118,0.200,0.275,-1
6211,7.725,-2.192,0.000,125.894,0.205,0.274,-1
6212,7.725,-2.192,0.000,127.502,0.209,0.263,-1
6213,7.725,-2.192,0.000,129.216,0.212,0.251,-1
6214,7.725,-2.192,0.000,129.687,0.211,0.246,-1
6215,7.726,-2.193,0.000,130.108,0.206,0.236,-1
6216,7.726,-2.192,0.000,130.578,0.208,0.234,-1
6217,7.725,-2.192,0.000,130.818,0.207,0.231,-1
6218,7.724,-2.191,0.000,131.117,0.208,0.230,-1
6219,7.725,-2.191,0.000,130.186,0.200,0.228,-1
6220,7.725,-2.192,0.000,128.472,0.187,0.227,-1
6221,7.726,-2.193,0.000,126.857,0.176,0.226,-1
6222,7.726,-2.193,0.000,125.206,0.165,0.224,-1
6223,7.727,-2.193,0.000,123.136,0.152,0.224,-1
6224,7.727,-2.193,0.000,120.184,0.138,0.226,-1
6225,7.728,-2.195,0.000,117.252,0.119,0.220,-1
6226,7.728,-2.197,0.000,115.393,0.107,0.213,-1
6227,7.728,-2.197,0.000,114.558,0.103,0.213,-1
6228,7.727,-2.195,0.000,114.296,0.089,0.223,-1
6229,7.726,-2.193,0.000,114.091,0.089,0.229,-1
6230,7.726,-2.192,0.000,113.937,0.102,0.219,-1
6231,7.726,-2.193,0.000,113.683,0.096,0.211,-1
6232,7.727,-2.194,0.000,113.014,0.092,0.202,-1
6233,7.727,-2.195,0.000,112.319,0.069,0.201,-1
6234,7.728,-2.196,0.000,111.638,0.065,0.191,-1
6235,7.728,-2.197,0.000,110.944,0.070,0.182,-1
6236,7.727,-2.195,0.000,110.171,0.064,0.187,-1
6237,7.728,-2.195,0.000,109.580,0.059,0.187,-1
6238,7.728,-2.195,0.000,108.998,0.064,0.181,-1
6239,7.728,-2.196,0.000,108.250,0.059,0.172,-1
6240,7.728,-2.196,0.000,107.509,0.065,0.167,-1
6241,7.728,-2.196,0.000,106.663,0.056,0.167,-1
6242,7.728,-2.197,0.000,105.491,0.047,0.160,-1
6243,7.729,-2.197,0.000,103.965,0.045,0.156,-1
6244,7.729,-2.197,0.000,101.836,0.039,0.156,-1
6245,7.729,-2.197,0.000,99.541,0.013,0.157,-1
6246,7.729,-2.197,0.000,97.290,0.009,0.151,-1
6247,7.729,-2.197,0.000,94.979,0.011,0.148,-1
6248,7.729,-2.198,0.000,92.518,0.003,0.144,-1
6249,7.729,-2.198,0.000,89.885,-0.007,0.140,-1
6250,7.729,-2.198,0.000,87.164,0.006,0.135,-1
6251,7.729,-2.198,0.000,84.426,-0.003,0.132,-1
6252,7.729,-2.199,0.000,81.678,-0.038,0.119,-1
6253,7.728,-2.200,0.000,78.941,-0.019,0.116,-1
6254,7.729,-2.200,0.000,76.221,-0.031,0.112,-1
6255,7.728,-2.200,0.000,73.525,-0.019,0.109,-1
6256,7.729,-2.199,0.000,70.826,-0.032,0.105,-1
6257,7.728,-2.201,0.000,68.158,-0.037,0.091,-1
6258,7.728,-2.201,0.000,65.555,-0.023,0.090,-1
6259,7.727,-2.203,0.000,62.975,-0.054,0.062,-1
6260,7.726,-2.204,0.000,60.426,-0.033,0.063,-1
6261,7.726,-2.205,0.000,57.874,-0.044,0.046,-1
6262,7.725,-2.207,0.000,55.340,-0.026,0.046,-1
6263,7.724,-2.208,0.000,52.798,-0.041,0.025,-1
6264,7.723,-2.209,0.000,50.285,-0.021,0.028,-1
6265,7.722,-2.210,0.000,47.812,-0.016,0.018,-1
6266,7.721,-2.211,0.000,45.428,-0.020,0.005,-1
6267,7.721,-2.211,0.000,43.185,-0.001,0.020,-1
6268,7.719,-2.213,0.000,40.997,0.007,0.008,-1
6269,7.718,-2.213,0.000,38.869,0.003,-0.006,-1
6270,7.719,-2.213,0.000,36.816,0.007,0.001,-1
6271,7.717,-2.215,0.000,34.967,0.012,-0.017,-1
6272,7.717,-2.215,0.000,33.399,0.012,-0.019,-1
6273,7.717,-2.214,0.000,32.296,0.014,-0.015,-1
6274,7.716,-2.216,0.000,31.904,0.023,-0.017,-1
6275,7.714,-2.217,0.000,32.105,0.028,-0.025,-1
6276,7.716,-2.216,0.000,32.713,0.023,-0.020,-1
6277,7.717,-2.214,0.000,33.307,0.013,-0.020,-1
6278,7.718,-2.214,0.000,33.560,0.013,-0.011,-1
6279,7.717,-2.215,0.000,33.971,0.018,-0.018,-1
6280,7.718,-2.214,0.000,35.189,0.014,-0.018,-1
6281,7.718,-2.214,0.000,37.603,0.012,-0.017,-1
6282,7.718,-2.214,0.000,41.207,0.012,-0.018,-1
6283,7.718,-2.215,0.000,45.884,0.014,-0.022,-1
6284,7.717,-2.215,0.000,51.078,0.014,-0.026,-1
6285,7.717,-2.216,0.000,56.017,0.014,-0.030,-1
6286,7.716,-2.217,0.000,60.298,0.014,-0.035,-1
6287,7.716,-2.218,0.000,63.824,0.014,-0.041,-1
6288,7.716,-2.220,0.000,66.621,0.015,-0.048,-1
6289,7.715,-2.221,0.000,68.726,0.016,-0.056,-1
6290,7.715,-2.223,0.000,70.122,0.017,-0.064,-1
6291,7.715,-2.225,0.000,70.753,0.019,-0.071,-1
6292,7.715,-2.227,0.000,70.588,0.022,-0.079,-1
6293,7.714,-2.229,0.000,69.620,0.026,-0.087,-1
6294,7.714,-2.231,0.000,67.887,0.032,-0.094,-1
6295,7.714,-2.233,0.000,65.501,0.040,-0.100,-1
6296,7.713,-2.235,0.000,62.670,0.049,-0.107,-1
6297,7.711,-2.237,0.000,59.743,0.060,-0.114,-1
6298,7.710,-2.239,0.000,57.296,0.072,-0.122,-1
6299,7.708,-2.241,0.000,55.896,0.080,-0.128,-1
6300,7.707,-2.242,0.000,55.679,0.084,-0.133,-1
6301,7.707,-2.243,0.000,56.637,0.085,-0.138,-1
6302,7.706,-2.244,0.000,58.744,0.083,-0.146,-1
6303,7.705,-2.245,0.000,61.946,0.078,-0.157,-1
6304,7.704,-2.246,0.000,66.006,0.069,-0.169,-1
6305,7.703,-2.247,0.000,70.436,0.058,-0.180,-1
6306,7.703,-2.249,0.000,74.940,0.065,-0.186,-1
6307,7.702,-2.251,0.000,79.390,0.035,-0.202,-1
6308,7.702,-2.253,0.000,83.786,0.025,-0.214,-1
6309,7.702,-2.256,0.000,88.111,0.016,-0.226,-1
6310,7.702,-2.259,0.000,92.365,-0.006,-0.239,-1
6311,7.702,-2.261,0.000,96.539,-0.032,-0.249,-1
6312,7.702,-2.264,0.000,100.608,-0.060,-0.258,-1
6313,7.703,-2.267,0.000,104.506,-0.074,-0.265,-1
6314,7.703,-2.269,0.000,108.145,-0.092,-0.272,-1
6315,7.704,-2.272,0.000,111.447,-0.114,-0.276,-1
6316,7.705,-2.274,0.000,114.373,-0.134,-0.281,-1
6317,7.706,-2.277,0.000,116.931,-0.152,-0.287,-1
6318,7.707,-2.280,0.000,119.177,-0.169,-0.293,-1
6319,7.709,-2.282,0.000,121.177,-0.187,-0.298,-1
6320,7.710,-2.285,0.000,122.991,-0.204,-0.303,-1
6321,7.712,-2.287,0.000,124.658,-0.220,-0.309,-1
6322,7.713,-2.289,0.000,126.140,-0.235,-0.312,-1
6323,7.714,-2.291,0.000,127.291,-0.246,-0.314,-1
6324,7.715,-2.292,0.000,127.971,-0.254,-0.317,-1
6325,7.716,-2.293,0.000,128.155,-0.259,-0.321,-1
6326,7.717,-2.295,0.000,128.063,-0.263,-0.328,-1
6327,7.717,-2.295,0.000,127.481,-0.262,-0.332,-1
6328,7.718,-2.296,0.000,125.724,-0.254,-0.343,-1
6329,7.717,-2.294,0.000,123.974,-0.238,-0.343,-1
6330,7.717,-2.295,0.000,122.434,-0.230,-0.351,-1
6331,7.718,-2.297,0.000,120.671,-0.224,-0.367,-1
6332,7.720,-2.299,0.000,119.998,-0.226,-0.381,-1
6333,7.721,-2.301,0.000,120.337,-0.234,-0.389,-1
6334,7.722,-2.303,0.000,121.159,-0.244,-0.392,-1
6335,7.723,-2.304,0.000,121.964,-0.252,-0.394,-1
6336,7.724,-2.305,0.000,122.643,-0.260,-0.396,-1
6337,7.725,-2.306,0.000,123.408,-0.269,-0.398,-1
6338,7.726,-2.308,0.000,124.432,-0.281,-0.401,-1
6339,7.726,-2.308,0.000,125.225,-0.288,-0.398,-1
6340,7.726,-2.308,0.000,124.989,-0.287,-0.400,-1
6341,7.726,-2.309,0.000,124.114,-0.283,-0.408,-1
6342,7.727,-2.310,0.000,123.553,-0.283,-0.417,-1
6343,7.728,-2.311,0.000,123.654,-0.288,-0.422,-1
6344,7.728,-2.312,0.000,123.475,-0.287,-0.424,-1
6345,7.729,-2.313,0.000,122.550,-0.282,-0.432,-1
6346,7.730,-2.314,0.000,122.105,-0.284,-0.442,-1
6347,7.732,-2.316,0.000,122.751,-0.296,-0.450,-1
6348,7.733,-2.318,0.000,124.191,-0.313,-0.451,-1
6349,7.734,-2.319,0.000,125.894,-0.330,-0.447,-1
6350,7.735,-2.321,0.000,127.492,-0.346,-0.443,-1
6351,7.735,-2.322,0.000,128.988,-0.362,-0.439,-1
6352,7.736,-2.323,0.000,130.433,-0.378,-0.435,-1
6353,7.738,-2.324,0.000,131.892,-0.394,-0.431,-1
6354,7.738,-2.325,0.000,133.257,-0.408,-0.426,-1
6355,7.739,-2.326,0.000,134.347,-0.419,-0.421,-1
6356,7.740,-2.327,0.000,135.274,-0.431,-0.419,-1
6357,7.741,-2.328,0.000,136.331,-0.446,-0.418,-1
6358,7.743,-2.329,0.000,137.499,-0.459,-0.413,-1
6359,7.744,-2.330,0.000,138.569,-0.472,-0.409,-1
6360,7.744,-2.331,0.000,139.434,-0.481,-0.405,-1
6361,7.745,-2.331,0.000,139.959,-0.487,-0.403,-1
6362,7.746,-2.332,0.000,140.287,-0.495,-0.404,-1
6363,7.747,-2.333,0.000,140.832,-0.505,-0.405,-1
6364,7.749,-2.335,0.000,141.655,-0.519,-0.404,-1
6365,7.750,-2.335,0.000,142.579,-0.531,-0.398,-1
6366,7.751,-2.336,0.000,143.257,-0.536,-0.397,-1
6367,7.751,-2.336,0.000,143.504,-0.542,-0.395,-1
6368,7.752,-2.337,0.000,143.561,-0.548,-0.396,-1
6369,7.753,-2.338,0.000,143.825,-0.555,-0.399,-1
6370,7.754,-2.338,0.000,144.234,-0.547,-0.417,-1
6371,7.755,-2.339,0.000,144.708,-0.567,-0.398,-1
6372,7.756,-2.340,0.000,145.288,-0.575,-0.399,-1
6373,7.757,-2.341,0.000,145.872,-0.578,-0.403,-1
6374,7.758,-2.341,0.000,146.336,-0.586,-0.399,-1
6375,7.759,-2.342,0.000,146.611,-0.593,-0.396,-1
6376,7.760,-2.343,0.000,146.838,-0.598,-0.396,-1
6377,7.761,-2.343,0.000,147.078,-0.603,-0.398,-1
6378,7.762,-2.344,0.000,147.291,-0.614,-0.389,-1
6379,7.763,-2.344,0.000,147.476,-0.613,-0.394,-1
6380,7.764,-2.345,0.000,147.629,-0.625,-0.381,-1
6381,7.765,-2.346,0.000,147.723,-0.625,-0.387,-1
6382,7.767,-2.347,0.000,148.124,-0.632,-0.390,-1
6383,7.766,-2.347,0.000,148.905,-0.640,-0.371,-1
6384,7.768,-2.347,0.000,149.796,-0.640,-0.379,84
6385,7.763,-2.344,0.000,150.724,-0.629,-0.343,84
6386,7.758,-2.342,0.000,151.691,-0.612,-0.318,84
6387,7.762,-2.344,0.000,152.565,-0.632,-0.322,84
6388,7.757,-2.342,0.000,153.202,-0.611,-0.305,84
6389,7.752,-2.339,0.000,154.228,-0.587,-0.293,84
6390,7.747,-2.337,0.000,155.283,-0.580,-0.246,84
6391,7.742,-2.335,0.000,156.344,-0.550,-0.249,84
6392,7.746,-2.337,0.000,157.119,-0.572,-0.245,84
6393,7.741,-2.334,0.000,157.742,-0.549,-0.230,84
6394,7.736,-2.332,0.000,158.801,-0.528,-0.211,84
6395,7.731,-2.330,0.000,160.150,-0.508,-0.190,84
6396,7.726,-2.328,0.000,161.677,-0.490,-0.164,84
6397,7.721,-2.326,0.000,163.267,-0.471,-0.141,84
6398,7.716,-2.325,0.000,164.922,-0.452,-0.113,84
6399,7.710,-2.324,0.000,166.624,-0.430,-0.094,84
6400,7.705,-2.322,0.000,168.354,-0.403,-0.098,84
6401,7.700,-2.321,0.000,170.087,-0.383,-0.072,84
6402,7.694,-2.321,0.000,171.823,-0.364,-0.035,84
6403,7.689,-2.320,0.000,173.545,-0.338,-0.040,84
6404,7.684,-2.319,0.000,175.260,-0.315,-0.025,84
6405,7.679,-2.319,0.000,176.975,-0.293,-0.008,84
6406,7.674,-2.319,0.000,178.692,-0.270,0.001,84
6407,7.669,-2.319,0.000,-179.591,-0.248,0.006,84
6408,7.664,-2.319,0.000,-177.874,-0.227,0.013,84
6409,7.660,-2.319,0.000,-176.153,-0.206,0.020,84
6410,7.655,-2.319,0.000,-174.422,-0.186,0.024,84
6411,7.651,-2.320,0.000,-172.674,-0.166,0.027,84
6412,7.647,-2.320,0.000,-170.895,-0.147,0.029,84
6413,7.643,-2.321,0.000,-169.074,-0.128,0.030,84
6414,7.639,-2.322,0.000,-167.197,-0.110,0.031,84
6415,7.635,-2.323,0.000,-165.251,-0.092,0.030,84
6416,7.632,-2.323,0.000,-163.230,-0.075,0.028,84
6417,7.628,-2.325,0.000,-161.130,-0.058,0.026,84
6418,7.625,-2.326,0.000,-158.958,-0.042,0.022,84
6419,7.621,-2.327,0.000,-156.726,-0.026,0.017,84
6420,7.618,-2.329,0.000,-154.451,-0.010,0.011,84
6421,7.615,-2.330,0.000,-152.153,0.005,0.004,84
6422,7.611,-2.332,0.000,-149.848,0.019,-0.005,84
6423,7.608,-2.334,0.000,-147.553,0.032,-0.014,84
6424,7.605,-2.336,0.000,-145.277,0.045,-0.025,84
6425,7.603,-2.337,0.000,-142.502,0.051,-0.032,84
6426,7.600,-2.339,0.000,-139.205,0.062,-0.046,84
6427,7.597,-2.342,0.000,-136.562,0.073,-0.062,84
6428,7.595,-2.345,0.000,-134.375,0.083,-0.077,84
6429,7.592,-2.348,0.000,-132.389,0.092,-0.092,84
6430,7.589,-2.351,0.000,-130.495,0.100,-0.108,84
6431,7.587,-2.354,0.000,-128.654,0.107,-0.125,84
6432,7.585,-2.357,0.000,-126.855,0.113,-0.142,84
6433,7.582,-2.360,0.000,-125.094,0.118,-0.159,84
6434,7.580,-2.363,0.000,-123.369,0.123,-0.177,84
6435,7.578,-2.366,0.000,-121.680,0.127,-0.195,84
6436,7.576,-2.370,0.000,-120.026,0.130,-0.214,84
6437,7.574,-2.373,0.000,-118.408,0.132,-0.232,84
6438,7.572,-2.377,0.000,-116.823,0.133,-0.251,84
6439,7.571,-2.380,0.000,-115.272,0.134,-0.271,84
6440,7.569,-2.384,0.000,-113.755,0.134,-0.290,84
6441,7.567,-2.387,0.000,-112.270,0.133,-0.310,84
6442,7.566,-2.391,0.000,-110.818,0.131,-0.330,84
6443,7.564,-2.395,0.000,-109.397,0.129,-0.350,84
6444,7.563,-2.399,0.000,-108.008,0.126,-0.370,84
6445,7.562,-2.403,0.000,-106.648,0.122,-0.390,84
6446,7.561,-2.407,0.000,-105.318,0.118,-0.411,84
6447,7.560,-2.411,0.000,-104.016,0.113,-0.431,84
6448,7.559,-2.415,0.000,-102.741,0.108,-0.451,84
6449,7.558,-2.419,0.000,-101.492,0.101,-0.472,84
6450,7.557,-2.423,0.000,-100.268,0.095,-0.492,84
6451,7.556,-2.427,0.000,-99.067,0.087,-0.512,84
6452,7.556,-2.431,0.000,-97.889,0.079,-0.533,84
6453,7.555,-2.435,0.000,-96.733,0.071,-0.553,84
6454,7.555,-2.440,0.000,-95.598,0.062,-0.573,84
6455,7.554,-2.444,0.000,-94.483,0.052,-0.593,84
6456,7.554,-2.448,0.000,-93.388,0.042,-0.613,84
6457,7.554,-2.453,0.000,-92.310,0.031,-0.633,84
6458,7.554,-2.457,0.000,-91.251,0.020,-0.653,84
6459,7.554,-2.461,0.000,-90.210,0.008,-0.673,84
6460,7.554,-2.466,0.000,-89.187,-0.004,-0.692,84
6461,7.554,-2.470,0.000,-88.183,-0.017,-0.712,84
6462,7.554,-2.475,0.000,-87.199,-0.030,-0.731,84
6463,7.554,-2.479,0.000,-86.236,-0.044,-0.750,84
6464,7.554,-2.483,0.000,-85.298,-0.058,-0.769,84
6465,7.555,-2.488,0.000,-84.386,-0.072,-0.788,84
6466,7.555,-2.492,0.000,-83.503,-0.086,-0.807,84
6467,7.556,-2.497,0.000,-82.652,-0.101,-0.826,84
6468,7.557,-2.501,0.000,-81.837,-0.116,-0.844,84
6469,7.557,-2.506,0.000,-81.059,-0.130,-0.863,84
6470,7.558,-2.510,0.000,-80.322,-0.145,-0.881,84
6471,7.559,-2.515,0.000,-79.626,-0.159,-0.900,84
6472,7.560,-2.519,0.000,-78.973,-0.173,-0.918,84
6473,7.561,-2.524,0.000,-78.362,-0.187,-0.936,84
6474,7.562,-2.528,0.000,-77.793,-0.201,-0.955,84
6475,7.563,-2.533,0.000,-77.264,-0.214,-0.973,84
6476,7.564,-2.537,0.000,-76.773,-0.228,-0.992,84
6477,7.565,-2.542,0.000,-76.318,-0.240,-1.010,84
6478,7.566,-2.546,0.000,-75.894,-0.253,-1.029,84
6479,7.567,-2.551,0.000,-75.500,-0.265,-1.047,84
6480,7.568,-2.555,0.000,-75.133,-0.277,-1.066,84
6481,7.570,-2.560,0.000,-74.789,-0.289,-1.085,84
6482,7.571,-2.564,0.000,-74.465,-0.301,-1.103,84
6483,7.572,-2.569,0.000,-74.159,-0.313,-1.122,84
6484,7.574,-2.573,0.000,-73.867,-0.324,-1.141,84
6485,7.575,-2.578,0.000,-73.587,-0.336,-1.160,84
6486,7.576,-2.582,0.000,-73.318,-0.348,-1.178,84
6487,7.578,-2.587,0.000,-73.057,-0.359,-1.197,84
6488,7.579,-2.591,0.000,-72.803,-0.371,-1.216,84
6489,7.580,-2.596,0.000,-72.556,-0.382,-1.235,84
6490,7.582,-2.600,0.000,-72.314,-0.394,-1.253,84
6491,7.583,-2.604,0.000,-72.076,-0.406,-1.272,84
6492,7.585,-2.609,0.000,-71.844,-0.418,-1.291,84
6493,7.586,-2.613,0.000,-71.615,-0.429,-1.309,84
6494,7.587,-2.618,0.000,-71.391,-0.441,-1.328,84
6495,7.589,-2.622,0.000,-71.171,-0.453,-1.346,84
6496,7.590,-2.626,0.000,-70.956,-0.465,-1.364,84
6497,7.592,-2.631,0.000,-70.745,-0.477,-1.383,84
6498,7.593,-2.635,0.000,-70.539,-0.489,-1.401,84
6499,7.595,-2.639,0.000,-70.338,-0.501,-1.419,84
6500,7.597,-2.643,0.000,-70.142,-0.513,-1.437,84
6501,7.598,-2.648,0.000,-69.952,-0.525,-1.455,84
6502,7.600,-2.652,0.000,-69.766,-0.537,-1.473,84
6503,7.601,-2.656,0.000,-69.586,-0.549,-1.491,84
6504,7.603,-2.660,0.000,-69.411,-0.561,-1.509,84
6505,7.604,-2.664,0.000,-69.240,-0.573,-1.527,84
6506,7.606,-2.669,0.000,-69.073,-0.585,-1.545,84
6507,7.608,-2.673,0.000,-68.911,-0.597,-1.562,84
6508,7.609,-2.677,0.000,-68.752,-0.609,-1.580,84
6509,7.611,-2.681,0.000,-68.597,-0.621,-1.598,84
6510,7.612,-2.685,0.000,-68.446,-0.632,-1.615,84
6511,7.614,-2.689,0.000,-68.299,-0.644,-1.633,84
6512,7.616,-2.693,0.000,-68.155,-0.656,-1.650,84
6513,7.617,-2.697,0.000,-68.014,-0.668,-1.667,84
6514,7.619,-2.701,0.000,-67.877,-0.679,-1.685,84
6515,7.620,-2.705,0.000,-67.742,-0.691,-1.702,84
6516,7.622,-2.709,0.000,-67.610,-0.703,-1.719,84
6517,7.624,-2.713,0.000,-67.479,-0.714,-1.736,84
6518,7.625,-2.717,0.000,-67.348,-0.726,-1.753,84
6519,7.627,-2.720,0.000,-67.214,-0.738,-1.770,84
6520,7.628,-2.724,0.000,-67.074,-0.750,-1.786,84
6521,7.630,-2.728,0.000,-66.929,-0.762,-1.803,84
6522,7.632,-2.732,0.000,-66.780,-0.775,-1.819,84
6523,7.633,-2.736,0.000,-66.630,-0.787,-1.835,84
6524,7.635,-2.739,0.000,-66.480,-0.800,-1.851,84
6525,7.637,-2.743,0.000,-66.333,-0.813,-1.867,84
6526,7.638,-2.747,0.000,-66.190,-0.825,-1.883,84
6527,7.640,-2.750,0.000,-66.052,-0.838,-1.899,84
6528,7.641,-2.754,0.000,-65.920,-0.850,-1.915,84
6529,7.643,-2.758,0.000,-65.795,-0.862,-1.931,84
6530,7.645,-2.761,0.000,-65.679,-0.874,-1.947,84
6531,7.646,-2.765,0.000,-65.574,-0.886,-1.963,84
6532,7.648,-2.768,0.000,-65.478,-0.897,-1.979,84
6533,7.650,-2.772,0.000,-65.390,-0.908,-1.995,84
6534,7.651,-2.775,0.000,-65.309,-0.919,-2.011,84
6535,7.653,-2.779,0.000,-65.230,-0.930,-2.026,84
6536,7.654,-2.782,0.000,-65.153,-0.929,-2.018,84
6537,7.656,-2.786,0.000,-65.079,-0.924,-1.996,84
6538,7.657,-2.789,0.000,-65.009,-0.916,-1.977,84
6539,7.659,-2.792,0.000,-64.943,-0.909,-1.957,84
6540,7.661,-2.796,0.000,-64.881,-0.903,-1.937,84
6541,7.662,-2.799,0.000,-64.824,-0.896,-1.918,84
6542,7.664,-2.802,0.000,-64.772,-0.889,-1.898,84
6543,7.665,-2.805,0.000,-64.724,-0.882,-1.879,84
6544,7.667,-2.809,0.000,-64.679,-0.875,-1.861,84
6545,7.668,-2.812,0.000,-64.637,-0.868,-1.842,84
6546,7.671,-2.817,0.000,-64.637,-0.863,-1.832,84
6547,7.670,-2.814,0.000,-65.163,-0.826,-1.798,84
6548,7.669,-2.812,0.000,-66.675,-0.762,-1.779,84
6549,7.669,-2.810,0.000,-69.124,-0.670,-1.771,89
6550,7.670,-2.815,0.000,-71.590,-0.590,-1.789,89
6551,7.671,-2.820,0.000,-73.210,-0.536,-1.795,89
6552,7.672,-2.824,0.000,-74.034,-0.506,-1.789,89
6553,7.673,-2.828,0.000,-74.095,-0.500,-1.774,89
6554,7.673,-2.832,0.000,-73.413,-0.517,-1.753,91
6555,7.671,-2.827,0.000,-72.175,-0.537,-1.688,91
6556,7.672,-2.830,0.000,-70.415,-0.584,-1.655,91
6557,7.673,-2.834,0.000,-67.940,-0.648,-1.614,89
6558,7.674,-2.837,0.000,-64.959,-0.725,-1.565,89
6559,7.676,-2.841,0.000,-61.692,-0.808,-1.510,89
6560,7.678,-2.845,0.000,-58.303,-0.890,-1.451,89
6561,7.681,-2.848,0.000,-54.931,-0.968,-1.388,89
6562,7.684,-2.852,0.000,-51.672,-1.040,-1.324,89
6563,7.687,-2.856,0.000,-48.576,-1.106,-1.261,89
6564,7.691,-2.860,0.000,-45.661,-1.164,-1.198,89
6565,7.694,-2.863,0.000,-42.925,-1.216,-1.138,89
6566,7.698,-2.867,0.000,-40.362,-1.262,-1.079,91
6567,7.695,-2.864,0.000,-38.308,-1.261,-1.003,91
6568,7.691,-2.862,0.000,-37.157,-1.244,-0.949,91
6569,7.688,-2.859,0.000,-36.996,-1.211,-0.919,91
6570,7.685,-2.857,0.000,-37.537,-1.168,-0.904,91
6571,7.682,-2.855,0.000,-38.373,-1.120,-0.894,91
6572,7.679,-2.853,0.000,-39.308,-1.073,-0.885,91
6573,7.676,-2.850,0.000,-40.261,-1.026,-0.876,91
6574,7.674,-2.848,0.000,-41.201,-0.981,-0.866,91
6575,7.672,-2.846,0.000,-42.123,-0.937,-0.855,91
6576,7.669,-2.844,0.000,-43.030,-0.895,-0.843,91
6577,7.667,-2.842,0.000,-43.928,-0.855,-0.831,91
6578,7.665,-2.840,0.000,-44.824,-0.816,-0.818,91
6579,7.664,-2.838,0.000,-45.728,-0.778,-0.805,91
6580,7.662,-2.837,0.000,-46.648,-0.741,-0.793,91
6581,7.660,-2.835,0.000,-47.594,-0.705,-0.780,91
6582,7.659,-2.834,0.000,-48.577,-0.669,-0.767,91
6583,7.658,-2.832,0.000,-49.609,-0.635,-0.754,91
6584,7.657,-2.831,0.000,-50.703,-0.600,-0.742,91
6585,7.656,-2.829,0.000,-51.875,-0.566,-0.730,91
6586,7.655,-2.828,0.000,-53.141,-0.532,-0.719,91
6587,7.654,-2.827,0.000,-54.520,-0.498,-0.708,91
6588,7.653,-2.826,0.000,-56.034,-0.464,-0.698,91
6589,7.653,-2.825,0.000,-57.706,-0.428,-0.688,91
6590,7.652,-2.824,0.000,-59.562,-0.392,-0.679,91
6591,7.652,-2.823,0.000,-61.632,-0.355,-0.670,91
6592,7.651,-2.823,0.000,-63.952,-0.317,-0.661,91
6593,7.651,-2.822,0.000,-66.566,-0.277,-0.652,91
6594,7.651,-2.821,0.000,-69.527,-0.235,-0.644,91
6595,7.651,-2.821,0.000,-72.881,-0.190,-0.635,91
6596,7.651,-2.820,0.000,-76.622,-0.143,-0.625,91
6597,7.652,-2.820,0.000,-80.674,-0.095,-0.612,91
6598,7.652,-2.819,0.000,-84.919,-0.047,-0.596,91
6599,7.652,-2.819,0.000,-89.253,-0.002,-0.577,91
6600,7.652,-2.818,0.000,-93.626,0.041,-0.555,91
6601,7.652,-2.818,0.000,-98.054,0.080,-0.529,91
6602,7.652,-2.817,0.000,-102.599,0.118,-0.501,91
6603,7.651,-2.817,0.000,-107.329,0.152,-0.470,91
6604,7.652,-2.816,0.000,-112.261,0.184,-0.435,91
6605,7.652,-2.815,0.000,-117.334,0.212,-0.398,91
6606,7.652,-2.814,0.000,-122.416,0.234,-0.358,91
6607,7.653,-2.813,0.000,-127.359,0.250,-0.318,91
6608,7.654,-2.812,0.000,-132.054,0.258,-0.278,91
6609,7.656,-2.810,0.000,-136.451,0.261,-0.241,91
6610,7.657,-2.809,0.000,-140.545,0.258,-0.205,91
6611,7.659,-2.808,0.000,-144.356,0.250,-0.173,91
6612,7.660,-2.806,0.000,-147.911,0.238,-0.143,91
6613,7.663,-2.805,0.000,-151.237,0.222,-0.116,91
6614,7.665,-2.804,0.000,-154.357,0.204,-0.092,91
6615,7.667,-2.803,0.000,-157.292,0.183,-0.071,91
6616,7.670,-2.802,0.000,-160.054,0.160,-0.052,91
6617,7.672,-2.801,0.000,-162.656,0.136,-0.037,91
6618,7.675,-2.800,0.000,-165.110,0.110,-0.024,91
6619,7.678,-2.799,0.000,-167.432,0.083,-0.013,91
6620,7.681,-2.799,0.000,-169.639,0.056,-0.005,91
6621,7.683,-2.798,0.000,-171.747,0.028,0.001,91
6622,7.686,-2.798,0.000,-173.771,-0.000,0.005,91
6623,7.689,-2.797,0.000,-175.725,-0.029,0.008,91
6624,7.693,-2.797,0.000,-177.618,-0.057,0.008,91
6625,7.696,-2.797,0.000,-179.458,-0.086,0.006,91
6626,7.699,-2.797,0.000,178.752,-0.114,0.003,91
6627,7.702,-2.797,0.000,177.015,-0.143,-0.002,91
6628,7.705,-2.797,0.000,175.337,-0.171,-0.009,91
6629,7.708,-2.798,0.000,173.731,-0.199,-0.016,91
6630,7.712,-2.798,0.000,172.213,-0.227,-0.026,91
6631,7.715,-2.799,0.000,170.801,-0.255,-0.036,91
6632,7.718,-2.800,0.000,169.511,-0.282,-0.047,91
6633,7.722,-2.800,0.000,168.358,-0.309,-0.058,91
6634,7.725,-2.801,0.000,167.349,-0.336,-0.070,91
6635,7.728,-2.802,0.000,166.486,-0.363,-0.082,91
6636,7.732,-2.803,0.000,165.766,-0.389,-0.093,91
6637,7.735,-2.804,0.000,165.178,-0.416,-0.105,91
6638,7.739,-2.805,0.000,164.710,-0.443,-0.115,91
6639,7.742,-2.806,0.000,164.348,-0.470,-0.126,91
6640,7.745,-2.807,0.000,164.076,-0.496,-0.136,91
6641,7.749,-2.808,0.000,163.879,-0.523,-0.146,91
6642,7.752,-2.809,0.000,163.743,-0.550,-0.155,91
6643,7.756,-2.810,0.000,163.656,-0.577,-0.164,91
6644,7.759,-2.811,0.000,163.606,-0.605,-0.172,91
6645,7.763,-2.812,0.000,163.585,-0.632,-0.181,91
6646,7.766,-2.813,0.000,163.585,-0.659,-0.189,91
6647,7.770,-2.814,0.000,163.600,-0.687,-0.197,91
6648,7.773,-2.815,0.000,163.625,-0.715,-0.204,91
6649,7.777,-2.816,0.000,163.656,-0.743,-0.212,91
6650,7.781,-2.817,0.000,163.690,-0.771,-0.220,83
6651,7.778,-2.816,0.000,163.339,-0.768,-0.224,83
6652,7.775,-2.815,0.000,162.227,-0.761,-0.238,83
6653,7.772,-2.813,0.000,160.326,-0.750,-0.262,83
6654,7.769,-2.812,0.000,157.657,-0.734,-0.296,83
6655,7.766,-2.810,0.000,154.394,-0.713,-0.336,83
6656,7.769,-2.812,0.000,151.416,-0.719,-0.385,91
6657,7.774,-2.815,0.000,149.520,-0.736,-0.427,91
6658,7.778,-2.818,0.000,148.668,-0.759,-0.455,91
6659,7.782,-2.821,0.000,148.757,-0.787,-0.471,91
6660,7.786,-2.823,0.000,149.438,-0.819,-0.478,91
6661,7.790,-2.826,0.000,150.396,-0.854,-0.479,91
6662,7.794,-2.828,0.000,151.471,-0.889,-0.477,91
6663,7.798,-2.830,0.000,152.582,-0.925,-0.474,91
6664,7.802,-2.832,0.000,153.692,-0.961,-0.469,91
6665,7.806,-2.834,0.000,154.784,-0.996,-0.463,91
6666,7.810,-2.836,0.000,155.848,-1.032,-0.457,91
6667,7.814,-2.837,0.000,156.880,-1.066,-0.449,91
6668,7.818,-2.839,0.000,157.876,-1.101,-0.442,91
6669,7.822,-2.841,0.000,158.833,-1.135,-0.434,91
6670,7.826,-2.842,0.000,159.746,-1.168,-0.425,91
6671,7.830,-2.843,0.000,160.613,-1.201,-0.417,91
6672,7.834,-2.845,0.000,161.428,-1.233,-0.408,91
6673,7.837,-2.846,0.000,162.191,-1.264,-0.400,91
6674,7.841,-2.847,0.000,162.899,-1.295,-0.393,91
6675,7.845,-2.848,0.000,163.548,-1.325,-0.386,91
6676,7.849,-2.849,0.000,164.128,-1.354,-0.379,91
6677,7.852,-2.850,0.000,164.637,-1.383,-0.374,91
6678,7.856,-2.851,0.000,165.074,-1.411,-0.371,91
6679,7.860,-2.852,0.000,165.443,-1.439,-0.368,91
6680,7.864,-2.853,0.000,165.748,-1.467,-0.367,91
6681,7.867,-2.854,0.000,165.996,-1.494,-0.367,91
6682,7.871,-2.855,0.000,166.192,-1.521,-0.368,91
6683,7.875,-2.856,0.000,166.341,-1.548,-0.371,91
6684,7.879,-2.857,0.000,166.445,-1.574,-0.374,91
6685,7.883,-2.858,0.000,166.507,-1.600,-0.378,91
6686,7.887,-2.858,0.000,166.528,-1.626,-0.384,91
6687,7.891,-2.859,0.000,166.511,-1.652,-0.391,91
6688,7.894,-2.860,0.000,166.456,-1.677,-0.398,91
6689,7.898,-2.861,0.000,166.366,-1.702,-0.407,91
6690,7.902,-2.862,0.000,166.244,-1.727,-0.417,91
6691,7.906,-2.863,0.000,166.092,-1.752,-0.428,91
6692,7.910,-2.864,0.000,165.913,-1.776,-0.440,91
6693,7.914,-2.865,0.000,165.711,-1.800,-0.453,91
6694,7.918,-2.866,0.000,165.487,-1.824,-0.466,91
6695,7.922,-2.867,0.000,165.245,-1.848,-0.481,91
6696,7.926,-2.868,0.000,164.987,-1.871,-0.496,91
6697,7.930,-2.869,0.000,164.712,-1.894,-0.512,91
6698,7.933,-2.870,0.000,164.424,-1.917,-0.529,91
6699,7.937,-2.871,0.000,164.124,-1.940,-0.546,91
6700,7.941,-2.872,0.000,163.814,-1.963,-0.564,91
6701,7.945,-2.873,0.000,163.498,-1.985,-0.582,91
6702,7.949,-2.875,0.000,163.178,-2.008,-0.601,91
6703,7.953,-2.876,0.000,162.857,-2.030,-0.620,91
6704,7.957,-2.877,0.000,162.538,-2.052,-0.640,91
6705,7.961,-2.878,0.000,162.223,-2.074,-0.659,91
6706,7.965,-2.880,0.000,161.913,-2.096,-0.679,91
6707,7.969,-2.881,0.000,161.609,-2.118,-0.698,91
6708,7.973,-2.882,0.000,161.314,-2.105,-0.707,91
6709,7.977,-2.884,0.000,161.028,-2.072,-0.709,91
6710,7.981,-2.885,0.000,160.751,-2.041,-0.707,91
6711,7.985,-2.886,0.000,160.483,-2.010,-0.706,91
6712,7.989,-2.888,0.000,160.224,-1.979,-0.706,91
6713,7.993,-2.889,0.000,159.974,-1.949,-0.705,91
6714,7.997,-2.891,0.000,159.733,-1.919,-0.703,91
6715,8.000,-2.892,0.000,159.500,-1.890,-0.701,91
6716,8.004,-2.894,0.000,159.276,-1.861,-0.698,91
6717,8.008,-2.895,0.000,159.061,-1.833,-0.695,91
6718,8.012,-2.896,0.000,158.855,-1.805,-0.692,91
6719,8.015,-2.898,0.000,158.658,-1.778,-0.689,91
6720,8.019,-2.899,0.000,158.470,-1.751,-0.685,91
6721,8.023,-2.901,0.000,158.291,-1.724,-0.680,91
6722,8.026,-2.902,0.000,158.121,-1.698,-0.676,91
6723,8.030,-2.904,0.000,157.959,-1.672,-0.671,91
6724,8.034,-2.905,0.000,157.805,-1.647,-0.666,91
6725,8.037,-2.907,0.000,157.658,-1.622,-0.661,91
6726,8.041,-2.908,0.000,157.519,-1.597,-0.655,91
6727,8.044,-2.910,0.000,157.386,-1.573,-0.649,91
6728,8.048,-2.911,0.000,157.261,-1.549,-0.643,91
6729,8.051,-2.912,0.000,157.142,-1.526,-0.637,91
6730,8.055,-2.914,0.000,157.030,-1.503,-0.631,91
6731,8.058,-2.915,0.000,156.924,-1.480,-0.625,91
6732,8.061,-2.917,0.000,156.824,-1.458,-0.618,91
6733,8.065,-2.918,0.000,156.731,-1.436,-0.611,91
6734,8.068,-2.920,0.000,156.643,-1.414,-0.605,91
6735,8.072,-2.921,0.000,156.561,-1.393,-0.598,91
6736,8.075,-2.923,0.000,156.483,-1.372,-0.591,91
6737,8.078,-2.924,0.000,156.409,-1.351,-0.584,91
6738,8.082,-2.926,0.000,156.339,-1.330,-0.577,91
6739,8.085,-2.927,0.000,156.271,-1.310,-0.570,91
6740,8.088,-2.928,0.000,156.206,-1.290,-0.563,91
6741,8.091,-2.930,0.000,156.145,-1.270,-0.556,91
6742,8.094,-2.931,0.000,156.085,-1.251,-0.549,91
6743,8.098,-2.933,0.000,156.029,-1.232,-0.542,91
6744,8.101,-2.934,0.000,155.975,-1.213,-0.535,91
6745,8.104,-2.936,0.000,155.923,-1.194,-0.528,91
6746,8.107,-2.937,0.000,155.872,-1.176,-0.521,91
6747,8.110,-2.938,0.000,155.823,-1.157,-0.514,91
6748,8.113,-2.940,0.000,155.775,-1.139,-0.507,91
6749,8.116,-2.941,0.000,155.729,-1.122,-0.500,91
6750,8.119,-2.943,0.000,155.683,-1.104,-0.493,91
6751,8.122,-2.944,0.000,155.638,-1.087,-0.486,91
6752,8.126,-2.945,0.000,155.594,-1.069,-0.479,91
6753,8.129,-2.947,0.000,155.551,-1.053,-0.473,91
6754,8.131,-2.948,0.000,155.508,-1.036,-0.466,91
6755,8.134,-2.949,0.000,155.466,-1.019,-0.459,91
6756,8.137,-2.951,0.000,155.425,-1.003,-0.453,91
6757,8.140,-2.952,0.000,155.384,-0.987,-0.446,91
6758,8.143,-2.953,0.000,155.344,-0.971,-0.440,91
6759,8.146,-2.955,0.000,155.304,-0.955,-0.433,91
6760,8.149,-2.956,0.000,155.266,-0.939,-0.427,91
6761,8.152,-2.957,0.000,155.227,-0.924,-0.420,91
6762,8.155,-2.959,0.000,155.189,-0.909,-0.414,91
6763,8.157,-2.960,0.000,155.152,-0.893,-0.408,91
6764,8.160,-2.961,0.000,155.116,-0.879,-0.401,91
6765,8.163,-2.962,0.000,155.081,-0.864,-0.395,91
6766,8.166,-2.964,0.000,155.047,-0.849,-0.389,91
6767,8.169,-2.965,0.000,155.013,-0.835,-0.383,91
6768,8.171,-2.966,0.000,154.980,-0.820,-0.377,91
6769,8.174,-2.968,0.000,154.945,-0.806,-0.371,91
6770,8.177,-2.969,0.000,154.911,-0.792,-0.365,91
6771,8.179,-2.970,0.000,154.875,-0.779,-0.359,91
6772,8.182,-2.971,0.000,154.840,-0.765,-0.353,91
6773,8.185,-2.973,0.000,154.805,-0.751,-0.348,91
6774,8.187,-2.974,0.000,154.771,-0.738,-0.342,91
6775,8.190,-2.975,0.000,154.737,-0.725,-0.336,91
6776,8.192,-2.976,0.000,154.704,-0.712,-0.330,91
6777,8.195,-2.977,0.000,154.672,-0.699,-0.325,91
6778,8.197,-2.979,0.000,154.640,-0.686,-0.319,91
6779,8.200,-2.980,0.000,154.608,-0.674,-0.314,91
6780,8.202,-2.981,0.000,154.576,-0.661,-0.308,91
6781,8.205,-2.982,0.000,154.544,-0.649,-0.303,91
6782,8.207,-2.983,0.000,154.513,-0.637,-0.297,91
6783,8.210,-2.985,0.000,154.483,-0.624,-0.292,91
6784,8.212,-2.986,0.000,154.454,-0.612,-0.287,91
6785,8.215,-2.987,0.000,154.426,-0.601,-0.281,91
6786,8.217,-2.988,0.000,154.399,-0.589,-0.276,91
6787,8.219,-2.989,0.000,154.373,-0.577,-0.271,91
6788,8.222,-2.990,0.000,154.346,-0.566,-0.266,91
6789,8.224,-2.991,0.000,154.318,-0.554,-0.261,91
6790,8.226,-2.992,0.000,154.290,-0.543,-0.255,91
6791,8.229,-2.994,0.000,154.261,-0.532,-0.250,91
6792,8.231,-2.995,0.000,154.231,-0.521,-0.245,91
6793,8.233,-2.996,0.000,154.201,-0.510,-0.240,91
6794,8.235,-2.997,0.000,154.171,-0.499,-0.235,91
6795,8.238,-2.998,0.000,154.142,-0.488,-0.231,91
6796,8.240,-2.999,0.000,154.113,-0.477,-0.226,91
6797,8.242,-3.000,0.000,154.085,-0.467,-0.221,91
6798,8.244,-3.001,0.000,154.058,-0.456,-0.216,91
6799,8.246,-3.002,0.000,154.032,-0.446,-0.211,91
6800,8.248,-3.003,0.000,154.006,-0.436,-0.206,91
6801,8.251,-3.004,0.000,153.980,-0.425,-0.202,91
6802,8.253,-3.005,0.000,153.954,-0.415,-0.197,91
6803,8.255,-3.006,0.000,153.927,-0.405,-0.192,91
6804,8.257,-3.007,0.000,153.899,-0.395,-0.188,91
6805,8.259,-3.008,0.000,153.871,-0.386,-0.183,91
6806,8.261,-3.009,0.000,153.843,-0.376,-0.179,91
6807,8.263,-3.010,0.000,153.815,-0.366,-0.174,91
6808,8.265,-3.011,0.000,153.787,-0.357,-0.170,91
6809,8.267,-3.012,0.000,153.759,-0.347,-0.165,91
6810,8.269,-3.013,0.000,153.730,-0.338,-0.161,91
6811,8.271,-3.014,0.000,153.701,-0.328,-0.156,91
6812,8.272,-3.015,0.000,153.672,-0.319,-0.152,91
6813,8.274,-3.016,0.000,153.642,-0.310,-0.148,91
6814,8.276,-3.017,0.000,153.614,-0.301,-0.143,91
6815,8.278,-3.018,0.000,153.586,-0.292,-0.139,91
6816,8.280,-3.019,0.000,153.558,-0.283,-0.135,91
6817,8.282,-3.020,0.000,153.533,-0.274,-0.130,91
6818,8.284,-3.021,0.000,153.508,-0.265,-0.126,91
6819,8.285,-3.021,0.000,153.485,-0.257,-0.122,91
6820,8.287,-3.022,0.000,153.464,-0.248,-0.118,91
6821,8.289,-3.023,0.000,153.443,-0.239,-0.114,91
6822,8.291,-3.024,0.000,153.422,-0.231,-0.109,91
6823,8.292,-3.025,0.000,153.403,-0.222,-0.105,91
6824,8.294,-3.026,0.000,153.383,-0.214,-0.101,91
6825,8.296,-3.027,0.000,153.364,-0.206,-0.097,91
6826,8.297,-3.027,0.000,153.344,-0.197,-0.093,91
6827,8.299,-3.028,0.000,153.325,-0.189,-0.089,91
6828,8.301,-3.029,0.000,153.305,-0.181,-0.085,91
6829,8.302,-3.030,0.000,153.285,-0.173,-0.081,91
6830,8.304,-3.031,0.000,153.264,-0.165,-0.077,91
6831,8.306,-3.032,0.000,153.245,-0.157,-0.073,91
6832,8.307,-3.032,0.000,153.225,-0.149,-0.069,91
6833,8.309,-3.033,0.000,153.206,-0.141,-0.065,91
6834,8.310,-3.034,0.000,153.187,-0.133,-0.061,91
6835,8.312,-3.035,0.000,153.169,-0.126,-0.058,91
6836,8.313,-3.035,0.000,153.151,-0.118,-0.054,91
6837,8.315,-3.036,0.000,153.133,-0.110,-0.050,91
6838,8.316,-3.037,0.000,153.116,-0.103,-0.046,91
6839,8.318,-3.038,0.000,153.098,-0.095,-0.042,91
6840,8.319,-3.038,0.000,153.081,-0.088,-0.039,91
6841,8.321,-3.039,0.000,153.064,-0.080,-0.035,91
6842,8.322,-3.040,0.000,153.048,-0.073,-0.031,91
6843,8.323,-3.041,0.000,153.031,-0.066,-0.027,91
6844,8.325,-3.041,0.000,153.015,-0.058,-0.024,91
6845,8.326,-3.042,0.000,153.001,-0.051,-0.020,91
6846,8.328,-3.043,0.000,152.990,-0.044,-0.016,91
6847,8.329,-3.043,0.000,152.983,-0.037,-0.013,91
6848,8.330,-3.044,0.000,152.980,-0.030,-0.009,91
6849,8.332,-3.045,0.000,152.980,-0.023,-0.006,91
6850,8.333,-3.045,0.000,152.982,-0.016,-0.002,91
6851,8.334,-3.046,0.000,152.984,-0.009,0.001,91
6852,8.336,-3.047,0.000,152.986,-0.002,0.005,91
6853,8.337,-3.047,0.000,152.987,0.005,0.009,91
6854,8.338,-3.048,0.000,152.988,0.012,0.012,91
6855,8.339,-3.049,0.000,152.989,0.018,0.015,91
6856,8.341,-3.049,0.000,152.989,0.025,0.019,91
6857,8.342,-3.050,0.000,152.988,0.032,0.022,91
6858,8.343,-3.051,0.000,152.987,0.038,0.026,91
6859,8.344,-3.051,0.000,152.988,0.045,0.029,91
6860,8.345,-3.052,0.000,152.991,0.051,0.032,91
6861,8.347,-3.052,0.000,152.997,0.058,0.036,91
6862,8.348,-3.053,0.000,153.007,0.064,0.039,91
6863,8.349,-3.054,0.000,153.020,0.071,0.042,91
6864,8.350,-3.054,0.000,153.035,0.077,0.045,91
6865,8.351,-3.055,0.000,153.051,0.084,0.049,91
6866,8.352,-3.055,0.000,153.066,0.090,0.052,91
6867,8.353,-3.056,0.000,153.079,0.096,0.055,91
6868,8.354,-3.056,0.000,153.089,0.103,0.058,91
6869,8.355,-3.057,0.000,153.097,0.109,0.061,91
6870,8.357,-3.058,0.000,153.103,0.115,0.064,91
6871,8.358,-3.058,0.000,153.109,0.121,0.068,91
6872,8.359,-3.059,0.000,153.114,0.127,0.071,91
6873,8.360,-3.059,0.000,153.119,0.133,0.074,91
6874,8.361,-3.060,0.000,153.122,0.139,0.077,91
6875,8.362,-3.060,0.000,153.124,0.145,0.080,91
6876,8.363,-3.061,0.000,153.124,0.151,0.083,91
6877,8.364,-3.061,0.000,153.122,0.157,0.086,91
6878,8.365,-3.062,0.000,153.120,0.163,0.089,91
6879,8.366,-3.062,0.000,153.119,0.169,0.092,91
6880,8.367,-3.063,0.000,153.119,0.175,0.095,91
6881,8.368,-3.063,0.000,153.123,0.181,0.098,91
6882,8.368,-3.064,0.000,153.128,0.187,0.101,91
6883,8.369,-3.064,0.000,153.135,0.193,0.104,91
6884,8.370,-3.065,0.000,153.143,0.198,0.106,91
6885,8.371,-3.065,0.000,153.151,0.204,0.109,91
6886,8.372,-3.065,0.000,153.158,0.210,0.112,91
6887,8.373,-3.066,0.000,153.164,0.216,0.115,91
6888,8.374,-3.066,0.000,153.170,0.221,0.118,91
6889,8.375,-3.067,0.000,153.174,0.227,0.121,91
6890,8.376,-3.067,0.000,153.178,0.233,0.124,91
6891,8.376,-3.068,0.000,153.181,0.238,0.126,91
6892,8.377,-3.068,0.000,153.184,0.244,0.129,91
6893,8.378,-3.068,0.000,153.187,0.249,0.132,91
6894,8.379,-3.069,0.000,153.190,0.255,0.135,91
6895,8.380,-3.069,0.000,153.193,0.260,0.138,91
6896,8.380,-3.070,0.000,153.196,0.266,0.140,91
6897,8.381,-3.070,0.000,153.198,0.271,0.143,91
6898,8.382,-3.070,0.000,153.200,0.277,0.146,91
6899,8.383,-3.071,0.000,153.202,0.282,0.149,91
6900,8.383,-3.071,0.000,153.204,0.288,0.151,91
6901,8.384,-3.072,0.000,153.206,0.293,0.154,91
6902,8.385,-3.072,0.000,153.208,0.298,0.157,91
6903,8.386,-3.072,0.000,153.210,0.304,0.159,91
6904,8.386,-3.073,0.000,153.212,0.309,0.162,91
6905,8.387,-3.073,0.000,153.214,0.314,0.165,91
6906,8.388,-3.073,0.000,153.217,0.320,0.167,91
6907,8.388,-3.074,0.000,153.219,0.325,0.170,91
6908,8.389,-3.074,0.000,153.222,0.330,0.173,91
6909,8.390,-3.074,0.000,153.224,0.335,0.175,91
6910,8.390,-3.075,0.000,153.227,0.341,0.178,91
6911,8.391,-3.075,0.000,153.229,0.346,0.180,91
6912,8.392,-3.075,0.000,153.232,0.351,0.183,91
6913,8.392,-3.076,0.000,153.235,0.356,0.186,91
6914,8.393,-3.076,0.000,153.239,0.361,0.188,91
6915,8.393,-3.076,0.000,153.243,0.366,0.191,91
6916,8.394,-3.077,0.000,153.248,0.371,0.193,91
6917,8.395,-3.077,0.000,153.253,0.376,0.196,91
6918,8.395,-3.077,0.000,153.258,0.381,0.198,91
6919,8.396,-3.077,0.000,153.265,0.386,0.201,91
6920,8.396,-3.078,0.000,153.272,0.391,0.203,91
6921,8.397,-3.078,0.000,153.279,0.396,0.206,91
6922,8.398,-3.078,0.000,153.288,0.401,0.208,91
6923,8.398,-3.079,0.000,153.297,0.406,0.210,91
6924,8.399,-3.079,0.000,153.307,0.411,0.213,91
6925,8.399,-3.079,0.000,153.318,0.416,0.215,91
6926,8.400,-3.079,0.000,153.329,0.421,0.218,91
6927,8.400,-3.080,0.000,153.339,0.426,0.220,91
6928,8.401,-3.080,0.000,153.349,0.431,0.222,91
6929,8.401,-3.080,0.000,153.359,0.436,0.225,91
6930,8.402,-3.080,0.000,153.369,0.440,0.227,91
6931,8.402,-3.081,0.000,153.379,0.445,0.229,91
6932,8.403,-3.081,0.000,153.392,0.450,0.232,91
6933,8.403,-3.081,0.000,153.405,0.455,0.234,91
6934,8.404,-3.081,0.000,153.420,0.460,0.236,91
6935,8.404,-3.082,0.000,153.437,0.464,0.238,91
6936,8.405,-3.082,0.000,153.454,0.469,0.240,91
6937,8.405,-3.082,0.000,153.471,0.474,0.243,91
6938,8.406,-3.082,0.000,153.488,0.479,0.245,91
6939,8.406,-3.083,0.000,153.505,0.483,0.247,91
6940,8.407,-3.083,0.000,153.521,0.488,0.249,91
6941,8.407,-3.083,0.000,153.537,0.493,0.251,91
6942,8.407,-3.083,0.000,153.552,0.497,0.253,91
6943,8.408,-3.084,0.000,153.566,0.502,0.256,91
6944,8.408,-3.084,0.000,153.579,0.507,0.258,91
6945,8.409,-3.084,0.000,153.591,0.511,0.260,91
6946,8.409,-3.084,0.000,153.602,0.516,0.262,91
6947,8.409,-3.084,0.000,153.612,0.520,0.264,91
6948,8.410,-3.084,0.000,153.621,0.525,0.266,91
6949,8.410,-3.085,0.000,153.630,0.530,0.269,91
6950,8.411,-3.085,0.000,153.638,0.534,0.271,91
6951,8.411,-3.085,0.000,153.645,0.539,0.273,91
6952,8.411,-3.085,0.000,153.653,0.543,0.275,91
6953,8.412,-3.085,0.000,153.661,0.548,0.277,91
6954,8.412,-3.086,0.000,153.668,0.552,0.279,91
6955,8.412,-3.086,0.000,153.676,0.557,0.281,91
6956,8.413,-3.086,0.000,153.685,0.561,0.284,91
6957,8.413,-3.086,0.000,153.694,0.566,0.286,91
6958,8.413,-3.086,0.000,153.704,0.570,0.288,91
6959,8.414,-3.086,0.000,153.714,0.575,0.290,91
6960,8.414,-3.087,0.000,153.725,0.579,0.292,91
6961,8.414,-3.087,0.000,153.736,0.584,0.294,91
6962,8.415,-3.087,0.000,153.749,0.588,0.296,91
6963,8.415,-3.087,0.000,153.763,0.593,0.298,91
6964,8.415,-3.087,0.000,153.777,0.597,0.300,91
6965,8.415,-3.087,0.000,153.793,0.601,0.302,91
6966,8.416,-3.087,0.000,153.811,0.606,0.304,91
6967,8.416,-3.088,0.000,153.829,0.610,0.306,91
6968,8.416,-3.088,0.000,153.849,0.615,0.308,91
6969,8.417,-3.088,0.000,153.870,0.619,0.310,91
6970,8.417,-3.088,0.000,153.892,0.623,0.312,91
6971,8.417,-3.088,0.000,153.915,0.628,0.313,91
6972,8.417,-3.088,0.000,153.939,0.632,0.315,91
6973,8.418,-3.088,0.000,153.962,0.637,0.317,91
6974,8.418,-3.089,0.000,153.986,0.641,0.319,91
6975,8.418,-3.089,0.000,154.010,0.645,0.321,91
6976,8.418,-3.089,0.000,154.033,0.650,0.322,91
6977,8.419,-3.089,0.000,154.055,0.654,0.324,91
6978,8.419,-3.089,0.000,154.077,0.658,0.326,91
6979,8.419,-3.089,0.000,154.098,0.663,0.328,91
6980,8.419,-3.089,0.000,154.118,0.667,0.330,91
6981,8.420,-3.089,0.000,154.136,0.671,0.331,91
6982,8.420,-3.089,0.000,154.154,0.676,0.333,91
6983,8.420,-3.090,0.000,154.170,0.680,0.335,91
6984,8.420,-3.090,0.000,154.185,0.684,0.337,91
6985,8.420,-3.090,0.000,154.200,0.688,0.339,91
6986,8.421,-3.090,0.000,154.213,0.692,0.341,91
6987,8.421,-3.090,0.000,154.226,0.697,0.342,91
6988,8.421,-3.090,0.000,154.239,0.701,0.344,91
6989,8.421,-3.090,0.000,154.251,0.705,0.346,91
6990,8.421,-3.090,0.000,154.262,0.709,0.348,91
6991,8.422,-3.090,0.000,154.274,0.713,0.350,91
6992,8.422,-3.090,0.000,154.286,0.717,0.351,91
6993,8.422,-3.090,0.000,154.299,0.721,0.353,91
6994,8.422,-3.091,0.000,154.312,0.726,0.355,91
6995,8.422,-3.091,0.000,154.325,0.730,0.357,91
6996,8.422,-3.091,0.000,154.339,0.734,0.358,91
6997,8.423,-3.091,0.000,154.353,0.738,0.360,91
6998,8.423,-3.091,0.000,154.367,0.742,0.362,91
6999,8.423,-3.091,0.000,154.381,0.746,0.364,91
7000,8.423,-3.091,0.000,154.395,0.750,0.365,91
7001,8.423,-3.091,0.000,154.408,0.754,0.367,91
7002,8.423,-3.091,0.000,154.422,0.758,0.369,91
7003,8.424,-3.091,0.000,154.435,0.762,0.370,91
7004,8.424,-3.091,0.000,154.449,0.766,0.372,91
7005,8.424,-3.091,0.000,154.462,0.770,0.374,91
7006,8.424,-3.092,0.000,154.476,0.774,0.375,91
7007,8.424,-3.092,0.000,154.487,0.778,0.378,91
7008,8.424,-3.092,0.000,154.494,0.783,0.380,91
7009,8.424,-3.092,0.000,154.497,0.788,0.382,91
7010,8.424,-3.092,0.000,154.499,0.792,0.384,91
7011,8.424,-3.092,0.000,154.500,0.797,0.386,91
7012,8.424,-3.092,0.000,154.500,0.801,0.388,91
7013,8.424,-3.092,0.000,154.501,0.805,0.390,91
7014,8.424,-3.092,0.000,154.501,0.810,0.392,91
7015,8.424,-3.092,0.000,154.501,0.814,0.394,91
7016,8.424,-3.092,0.000,154.501,0.819,0.396,91
7017,8.424,-3.092,0.000,154.501,0.823,0.398,91
7018,8.424,-3.092,0.000,154.502,0.827,0.400,91
7019,8.424,-3.092,0.000,154.502,0.832,0.403,91
7020,8.424,-3.092,0.000,154.502,0.836,0.405,91
7021,8.424,-3.092,0.000,154.502,0.840,0.407,91
7022,8.424,-3.092,0.000,154.502,0.844,0.409,91
7023,8.424,-3.092,0.000,154.503,0.849,0.411,91
7024,8.424,-3.092,0.000,154.510,0.852,0.412,91
7025,8.424,-3.092,0.000,154.533,0.856,0.414,91
7026,8.424,-3.092,0.000,154.556,0.860,0.415,91
7027,8.424,-3.092,0.000,154.570,0.864,0.417,91
7028,8.424,-3.092,0.000,154.576,0.869,0.419,91
7029,8.424,-3.092,0.000,154.580,0.873,0.421,91
7030,8.424,-3.092,0.000,154.582,0.877,0.423,91
7031,8.424,-3.092,0.000,154.583,0.881,0.425,91
7032,8.425,-3.092,0.000,154.585,0.884,0.426,91
7033,8.425,-3.092,0.000,154.591,0.888,0.428,91
7034,8.425,-3.092,0.000,154.597,0.892,0.430,91
7035,8.425,-3.092,0.000,154.600,0.896,0.431,91
7036,8.425,-3.092,0.000,154.602,0.900,0.433,91
7037,8.425,-3.092,0.000,154.603,0.904,0.435,91
7038,8.425,-3.092,0.000,154.604,0.908,0.437,91
7039,8.425,-3.092,0.000,154.604,0.912,0.439,91
7040,8.425,-3.092,0.000,154.604,0.916,0.441,91
7041,8.425,-3.092,0.000,154.604,0.920,0.443,91
7042,8.425,-3.092,0.000,154.604,0.923,0.444,91
7043,8.425,-3.092,0.000,154.602,0.926,0.446,91
7044,8.425,-3.092,0.000,154.600,0.930,0.448,91
7045,8.425,-3.092,0.000,154.599,0.934,0.450,91
7046,8.425,-3.092,0.000,154.599,0.938,0.451,91
7047,8.425,-3.092,0.000,154.599,0.942,0.453,91
7048,8.425,-3.092,0.000,154.599,0.946,0.455,91
7049,8.425,-3.092,0.000,154.599,0.950,0.457,91
7050,8.425,-3.092,0.000,154.599,0.953,0.459,91
7051,8.425,-3.092,0.000,154.599,0.957,0.461,91
7052,8.425,-3.092,0.000,154.599,0.961,0.462,91
7053,8.425,-3.092,0.000,154.600,0.965,0.464,91
7054,8.425,-3.092,0.000,154.600,0.969,0.466,91
7055,8.425,-3.092,0.000,154.600,0.972,0.468,91
7056,8.425,-3.092,0.000,154.600,0.976,0.469,91
7057,8.425,-3.092,0.000,154.600,0.980,0.471,91
7058,8.425,-3.092,0.000,154.601,0.984,0.473,91
7059,8.425,-3.092,0.000,154.601,0.987,0.475,91
7060,8.425,-3.092,0.000,154.601,0.991,0.477,91
7061,8.425,-3.092,0.000,154.601,0.995,0.478,91
7062,8.425,-3.092,0.000,154.601,0.998,0.480,91
7063,8.425,-3.092,0.000,154.601,1.002,0.482,91
7064,8.425,-3.092,0.000,154.602,1.006,0.484,91
7065,8.425,-3.092,0.000,154.602,1.010,0.485,91
7066,8.425,-3.092,0.000,154.602,1.013,0.487,91
7067,8.425,-3.092,0.000,154.602,1.017,0.489,91
7068,8.425,-3.092,0.000,154.602,1.020,0.490,91
7069,8.425,-3.092,0.000,154.603,1.024,0.492,91
7070,8.425,-3.092,0.000,154.603,1.028,0.494,91
7071,8.425,-3.092,0.000,154.616,1.031,0.495,91
7072,8.425,-3.092,0.000,154.659,1.034,0.496,91
7073,8.425,-3.092,0.000,154.732,1.037,0.496,91
7074,8.426,-3.092,0.000,154.836,1.041,0.495,91
7075,8.426,-3.092,0.000,154.972,1.045,0.494,91
7076,8.426,-3.093,0.000,155.134,1.049,0.492,91
7077,8.426,-3.093,0.000,155.319,1.054,0.490,91
7078,8.426,-3.093,0.000,155.521,1.058,0.488,91
7079,8.426,-3.093,0.000,155.734,1.063,0.485,91
7080,8.426,-3.093,0.000,155.952,1.068,0.482,91
7081,8.427,-3.093,0.000,156.171,1.073,0.480,91
7082,8.427,-3.093,0.000,156.391,1.077,0.477,91
7083,8.427,-3.093,0.000,156.620,1.082,0.474,91
7084,8.427,-3.093,0.000,156.867,1.087,0.470,91
7085,8.427,-3.093,0.000,157.138,1.092,0.466,91
7086,8.427,-3.093,0.000,157.425,1.097,0.462,91
7087,8.428,-3.093,0.000,157.724,1.102,0.457,91
7088,8.428,-3.093,0.000,158.028,1.107,0.453,91
7089,8.428,-3.094,0.000,158.336,1.113,0.448,91
7090,8.428,-3.094,0.000,158.650,1.118,0.443,91
7091,8.428,-3.094,0.000,158.977,1.123,0.437,91
7092,8.428,-3.094,0.000,159.320,1.129,0.432,91
7093,8.428,-3.094,0.000,159.684,1.134,0.426,91
7094,8.429,-3.094,0.000,160.067,1.140,0.419,91
7095,8.429,-3.094,0.000,160.469,1.146,0.412,91
7096,8.429,-3.094,0.000,160.890,1.151,0.405,91
7097,8.429,-3.094,0.000,161.329,1.157,0.397,91
7098,8.429,-3.094,0.000,161.779,1.163,0.389,91
7099,8.429,-3.094,0.000,162.231,1.169,0.380,91
7100,8.429,-3.094,0.000,162.680,1.175,0.372,91
7101,8.430,-3.094,0.000,163.128,1.181,0.364,91
7102,8.430,-3.094,0.000,163.575,1.186,0.355,91
7103,8.430,-3.094,0.000,164.017,1.192,0.347,91
7104,8.430,-3.094,0.000,164.446,1.197,0.339,91
7105,8.430,-3.094,0.000,164.863,1.203,0.331,91
7106,8.430,-3.094,0.000,165.267,1.208,0.323,91
7107,8.430,-3.095,0.000,165.659,1.213,0.316,91
7108,8.431,-3.095,0.000,166.040,1.218,0.308,91
7109,8.431,-3.095,0.000,166.409,1.223,0.301,91
7110,8.431,-3.095,0.000,166.764,1.228,0.294,91
7111,8.431,-3.095,0.000,167.103,1.232,0.288,91
7112,8.431,-3.095,0.000,167.426,1.237,0.281,91
7113,8.431,-3.095,0.000,167.727,1.241,0.276,91
7114,8.431,-3.095,0.000,167.992,1.245,0.270,91
7115,8.432,-3.095,0.000,168.208,1.249,0.266,91
7116,8.432,-3.095,0.000,168.373,1.253,0.263,91
7117,8.432,-3.095,0.000,168.492,1.256,0.261,91
7118,8.432,-3.095,0.000,168.583,1.260,0.260,91
7119,8.432,-3.095,0.000,168.665,1.263,0.259,91
7120,8.432,-3.095,0.000,168.750,1.266,0.257,91
7121,8.433,-3.095,0.000,168.849,1.269,0.256,91
7122,8.433,-3.095,0.000,168.959,1.272,0.254,91
7123,8.433,-3.095,0.000,169.066,1.275,0.252,91
7124,8.433,-3.095,0.000,169.152,1.278,0.250,91
7125,8.433,-3.095,0.000,169.216,1.281,0.250,91
7126,8.434,-3.095,0.000,169.269,1.284,0.249,91
7127,8.434,-3.095,0.000,169.320,1.287,0.248,91
7128,8.434,-3.095,0.000,169.374,1.290,0.247,91
7129,8.434,-3.095,0.000,169.438,1.293,0.247,91
7130,8.434,-3.095,0.000,169.520,1.296,0.245,91
7131,8.435,-3.095,0.000,169.624,1.299,0.243,91
7132,8.435,-3.095,0.000,169.746,1.302,0.241,91
7133,8.435,-3.095,0.000,169.879,1.305,0.238,91
7134,8.435,-3.095,0.000,170.018,1.308,0.236,91
7135,8.435,-3.095,0.000,170.164,1.311,0.233,91
7136,8.436,-3.095,0.000,170.318,1.314,0.230,91
7137,8.436,-3.095,0.000,170.482,1.318,0.226,91
7138,8.436,-3.096,0.000,170.662,1.321,0.223,91
7139,8.436,-3.096,0.000,170.857,1.324,0.219,91
7140,8.436,-3.096,0.000,171.067,1.327,0.214,91
7141,8.437,-3.096,0.000,171.290,1.331,0.209,91
7142,8.437,-3.096,0.000,171.519,1.334,0.204,91
7143,8.437,-3.096,0.000,171.751,1.338,0.199,91
7144,8.437,-3.096,0.000,171.982,1.341,0.194,91
7145,8.437,-3.096,0.000,172.209,1.345,0.189,91
7146,8.438,-3.096,0.000,172.432,1.348,0.185,91
7147,8.438,-3.096,0.000,172.651,1.352,0.180,91
7148,8.438,-3.096,0.000,172.868,1.355,0.175,91
7149,8.438,-3.096,0.000,173.084,1.359,0.170,91
7150,8.438,-3.096,0.000,173.301,1.362,0.165,91
7151,8.438,-3.096,0.000,173.507,1.366,0.161,91
7152,8.438,-3.096,0.000,173.695,1.370,0.157,91
7153,8.438,-3.096,0.000,173.865,1.374,0.153,91
7154,8.438,-3.096,0.000,174.021,1.378,0.150,91
7155,8.438,-3.096,0.000,174.164,1.382,0.147,91
7156,8.438,-3.096,0.000,174.294,1.386,0.144,91
7157,8.438,-3.096,0.000,174.414,1.390,0.141,91
7158,8.438,-3.096,0.000,174.525,1.394,0.139,91
7159,8.438,-3.096,0.000,174.626,1.397,0.137,91
7160,8.438,-3.096,0.000,174.719,1.401,0.135,91
7161,8.438,-3.096,0.000,174.806,1.405,0.133,91
7162,8.438,-3.096,0.000,174.885,1.409,0.132,91
7163,8.438,-3.096,0.000,174.959,1.412,0.130,91
7164,8.438,-3.096,0.000,175.027,1.416,0.129,91
7165,8.438,-3.096,0.000,175.090,1.420,0.127,91
7166,8.438,-3.096,0.000,175.148,1.423,0.126,91
7167,8.438,-3.096,0.000,175.202,1.427,0.125,91
7168,8.438,-3.096,0.000,175.242,1.430,0.124,91
7169,8.438,-3.096,0.000,175.256,1.433,0.124,91
7170,8.438,-3.096,0.000,175.245,1.435,0.125,91
7171,8.439,-3.096,0.000,175.214,1.438,0.126,91
7172,8.439,-3.096,0.000,175.176,1.441,0.127,91
7173,8.439,-3.096,0.000,175.140,1.445,0.128,91
7174,8.439,-3.096,0.000,175.107,1.448,0.129,91
7175,8.439,-3.096,0.000,175.077,1.452,0.130,91
7176,8.439,-3.096,0.000,175.049,1.455,0.131,91
7177,8.439,-3.096,0.000,175.023,1.458,0.132,91
7178,8.439,-3.096,0.000,174.999,1.462,0.133,91
7179,8.439,-3.096,0.000,174.977,1.465,0.134,91
7180,8.439,-3.096,0.000,174.956,1.469,0.135,91
7181,8.439,-3.096,0.000,174.937,1.472,0.136,91
7182,8.439,-3.096,0.000,174.920,1.475,0.137,91
7183,8.439,-3.096,0.000,174.904,1.479,0.137,91
7184,8.439,-3.096,0.000,174.889,1.482,0.138,91
7185,8.439,-3.096,0.000,174.875,1.486,0.139,91
7186,8.439,-3.096,0.000,174.863,1.489,0.139,91
7187,8.439,-3.096,0.000,174.851,1.493,0.140,91
7188,8.439,-3.096,0.000,174.840,1.496,0.141,91
7189,8.439,-3.096,0.000,174.830,1.500,0.141,91
7190,8.439,-3.096,0.000,174.821,1.503,0.142,91
7191,8.439,-3.096,0.000,174.813,1.506,0.142,91
7192,8.439,-3.096,0.000,174.805,1.510,0.143,91
7193,8.439,-3.096,0.000,174.798,1.513,0.143,91
7194,8.439,-3.096,0.000,174.792,1.517,0.144,91
7195,8.439,-3.096,0.000,174.786,1.520,0.144,91
7196,8.439,-3.096,0.000,174.780,1.524,0.145,91
7197,8.439,-3.096,0.000,174.775,1.527,0.145,91
7198,8.439,-3.096,0.000,174.770,1.531,0.146,91
7199,8.439,-3.096,0.000,174.766,1.534,0.146,91
7200,8.439,-3.096,0.000,174.762,1.538,0.146,91
7201,8.439,-3.096,0.000,174.759,1.541,0.147,91
7202,8.439,-3.096,0.000,174.755,1.545,0.147,91
7203,8.439,-3.096,0.000,174.752,1.548,0.148,91
7204,8.439,-3.096,0.000,174.750,1.552,0.148,91
7205,8.439,-3.096,0.000,174.747,1.555,0.148,91
7206,8.439,-3.096,0.000,174.745,1.559,0.149,91
7207,8.439,-3.096,0.000,174.743,1.562,0.149,91
7208,8.439,-3.096,0.000,174.741,1.566,0.150,91
7209,8.439,-3.096,0.000,174.739,1.569,0.150,91
7210,8.439,-3.096,0.000,174.738,1.573,0.150,91
7211,8.439,-3.096,0.000,174.736,1.576,0.151,91
7212,8.439,-3.096,0.000,174.735,1.580,0.151,91
7213,8.439,-3.096,0.000,174.734,1.583,0.151,91
7214,8.439,-3.096,0.000,174.733,1.587,0.152,91
7215,8.439,-3.096,0.000,174.732,1.590,0.152,91
7216,8.439,-3.096,0.000,174.731,1.594,0.152,91
7217,8.439,-3.096,0.000,174.730,1.597,0.153,91
7218,8.439,-3.096,0.000,174.730,1.601,0.153,91
7219,8.439,-3.096,0.000,174.729,1.604,0.153,91
7220,8.439,-3.096,0.000,174.728,1.608,0.154,91
7221,8.439,-3.096,0.000,174.728,1.611,0.154,91
7222,8.439,-3.096,0.000,174.728,1.615,0.154,91
7223,8.439,-3.096,0.000,174.727,1.618,0.155,91
7224,8.439,-3.096,0.000,174.727,1.622,0.155,91
7225,8.439,-3.096,0.000,174.727,1.625,0.155,91
7226,8.439,-3.096,0.000,174.727,1.629,0.156,91
7227,8.439,-3.096,0.000,174.726,1.633,0.156,91
7228,8.439,-3.096,0.000,174.726,1.636,0.156,91
7229,8.439,-3.096,0.000,174.726,1.640,0.157,91
7230,8.439,-3.096,0.000,174.726,1.643,0.157,91
7231,8.439,-3.096,0.000,174.726,1.647,0.157,91
7232,8.439,-3.096,0.000,174.726,1.650,0.158,91
7233,8.439,-3.096,0.000,174.726,1.654,0.158,91
7234,8.439,-3.096,0.000,174.726,1.658,0.158,91
7235,8.439,-3.096,0.000,174.726,1.661,0.159,91
7236,8.439,-3.096,0.000,174.726,1.665,0.159,91
7237,8.439,-3.096,0.000,174.727,1.668,0.159,91
7238,8.439,-3.096,0.000,174.727,1.672,0.160,91
7239,8.439,-3.096,0.000,174.727,1.675,0.160,91
7240,8.439,-3.096,0.000,174.727,1.679,0.160,91
7241,8.439,-3.096,0.000,174.727,1.683,0.161,91
7242,8.439,-3.096,0.000,174.727,1.686,0.161,91
7243,8.439,-3.096,0.000,174.728,1.690,0.161,91
7244,8.439,-3.096,0.000,174.728,1.693,0.162,91
7245,8.439,-3.096,0.000,174.728,1.697,0.162,91
7246,8.439,-3.096,0.000,174.728,1.701,0.162,91
7247,8.439,-3.096,0.000,174.728,1.704,0.163,91
7248,8.439,-3.096,0.000,174.729,1.708,0.163,91
7249,8.439,-3.096,0.000,174.729,1.711,0.163,91
7250,8.439,-3.096,0.000,174.729,1.715,0.164,91
7251,8.439,-3.096,0.000,174.729,1.719,0.164,91
7252,8.439,-3.096,0.000,174.730,1.722,0.164,91
7253,8.439,-3.096,0.000,174.730,1.726,0.165,91
7254,8.439,-3.096,0.000,174.730,1.730,0.165,91
7255,8.439,-3.096,0.000,174.730,1.733,0.165,91
7256,8.439,-3.096,0.000,174.731,1.737,0.166,91
7257,8.439,-3.096,0.000,174.731,1.741,0.166,91
7258,8.439,-3.096,0.000,174.731,1.744,0.166,91
7259,8.439,-3.096,0.000,174.732,1.748,0.167,91
7260,8.439,-3.096,0.000,174.732,1.752,0.167,91
7261,8.439,-3.096,0.000,174.732,1.755,0.167,91
7262,8.439,-3.096,0.000,174.732,1.759,0.168,91
7263,8.439,-3.096,0.000,174.733,1.763,0.168,91
7264,8.439,-3.096,0.000,174.733,1.766,0.168,91
7265,8.439,-3.096,0.000,174.733,1.770,0.169,91
7266,8.439,-3.096,0.000,174.734,1.774,0.169,91
7267,8.439,-3.096,0.000,174.734,1.777,0.169,91
7268,8.439,-3.096,0.000,174.734,1.781,0.170,91
7269,8.439,-3.096,0.000,174.735,1.785,0.170,91
7270,8.439,-3.096,0.000,174.735,1.788,0.170,91
7271,8.439,-3.096,0.000,174.735,1.792,0.171,91
7272,8.439,-3.096,0.000,174.735,1.796,0.171,91
7273,8.439,-3.096,0.000,174.736,1.800,0.171,91
7274,8.439,-3.096,0.000,174.736,1.803,0.172,91
7275,8.439,-3.096,0.000,174.736,1.807,0.172,91
7276,8.439,-3.096,0.000,174.737,1.811,0.172,91
7277,8.439,-3.096,0.000,174.737,1.815,0.173,91
7278,8.439,-3.096,0.000,174.737,1.818,0.173,91
7279,8.439,-3.096,0.000,174.738,1.822,0.173,91
7280,8.439,-3.096,0.000,174.738,1.826,0.174,91
7281,8.439,-3.096,0.000,174.738,1.830,0.174,91
7282,8.439,-3.096,0.000,174.739,1.833,0.174,91
7283,8.439,-3.096,0.000,174.739,1.837,0.175,91
7284,8.439,-3.096,0.000,174.739,1.841,0.175,91
7285,8.439,-3.096,0.000,174.740,1.845,0.175,91
7286,8.439,-3.096,0.000,174.740,1.848,0.176,91
7287,8.439,-3.096,0.000,174.740,1.852,0.176,91
7288,8.439,-3.096,0.000,174.741,1.856,0.176,91
7289,8.439,-3.096,0.000,174.741,1.860,0.177,91
7290,8.439,-3.096,0.000,174.741,1.864,0.177,91
7291,8.439,-3.096,0.000,174.741,1.867,0.177,91
7292,8.439,-3.096,0.000,174.742,1.871,0.178,91
7293,8.439,-3.096,0.000,174.742,1.875,0.178,91
7294,8.439,-3.096,0.000,174.742,1.879,0.178,91
7295,8.439,-3.096,0.000,174.743,1.883,0.179,91
7296,8.439,-3.096,0.000,174.743,1.887,0.179,91
7297,8.439,-3.096,0.000,174.743,1.890,0.179,91
7298,8.439,-3.096,0.000,174.744,1.894,0.180,91
7299,8.439,-3.096,0.000,174.744,1.898,0.180,91
7300,8.439,-3.096,0.000,174.744,1.902,0.180,91
7301,8.439,-3.096,0.000,174.745,1.906,0.181,91
7302,8.439,-3.096,0.000,174.745,1.910,0.181,91
7303,8.439,-3.096,0.000,174.745,1.914,0.181,91
7304,8.439,-3.096,0.000,174.746,1.917,0.182,91
7305,8.439,-3.096,0.000,174.746,1.921,0.182,91
7306,8.439,-3.096,0.000,174.746,1.925,0.182,91
7307,8.439,-3.096,0.000,174.747,1.929,0.183,91
7308,8.439,-3.096,0.000,174.747,1.933,0.183,91
7309,8.439,-3.096,0.000,174.747,1.937,0.183,91
7310,8.439,-3.096,0.000,174.748,1.941,0.184,91
7311,8.439,-3.096,0.000,174.748,1.945,0.184,91
7312,8.439,-3.096,0.000,174.748,1.949,0.185,91
7313,8.439,-3.096,0.000,174.749,1.953,0.185,91
7314,8.439,-3.096,0.000,174.749,1.957,0.185,91
7315,8.439,-3.096,0.000,174.749,1.961,0.186,91
7316,8.439,-3.096,0.000,174.749,1.965,0.186,91
7317,8.439,-3.096,0.000,174.750,1.968,0.186,91
7318,8.439,-3.096,0.000,174.750,1.972,0.187,91
7319,8.439,-3.096,0.000,174.750,1.976,0.187,91
7320,8.439,-3.096,0.000,174.751,1.980,0.187,91
7321,8.439,-3.096,0.000,174.751,1.984,0.188,91
7322,8.439,-3.096,0.000,174.751,1.988,0.188,91
7323,8.439,-3.096,0.000,174.752,1.992,0.188,91
7324,8.439,-3.096,0.000,174.752,1.996,0.189,91
7325,8.439,-3.096,0.000,174.752,2.000,0.189,91
7326,8.439,-3.096,0.000,174.753,2.004,0.189,91
7327,8.439,-3.096,0.000,174.753,2.008,0.190,91
7328,8.439,-3.096,0.000,174.753,2.012,0.190,91
7329,8.439,-3.096,0.000,174.754,2.016,0.191,91
7330,8.439,-3.096,0.000,174.754,2.020,0.191,91
7331,8.439,-3.096,0.000,174.754,2.024,0.191,91
7332,8.439,-3.096,0.000,174.755,2.029,0.192,91
7333,8.439,-3.096,0.000,174.755,2.033,0.192,91
7334,8.439,-3.096,0.000,174.755,2.037,0.192,91
7335,8.439,-3.096,0.000,174.756,2.041,0.193,91
7336,8.439,-3.096,0.000,174.756,2.045,0.193,91
7337,8.439,-3.096,0.000,174.756,2.049,0.193,91
7338,8.439,-3.096,0.000,174.757,2.053,0.194,91
7339,8.439,-3.096,0.000,174.757,2.057,0.194,91
7340,8.439,-3.096,0.000,174.757,2.061,0.195,91
7341,8.439,-3.096,0.000,174.757,2.065,0.195,91
7342,8.439,-3.096,0.000,174.758,2.069,0.195,91
7343,8.439,-3.096,0.000,174.758,2.073,0.196,91
7344,8.439,-3.096,0.000,174.758,2.078,0.196,91
7345,8.439,-3.096,0.000,174.759,2.082,0.196,91
7346,8.439,-3.096,0.000,174.759,2.086,0.197,91
7347,8.439,-3.096,0.000,174.759,2.090,0.197,91
7348,8.439,-3.096,0.000,174.760,2.094,0.197,91
7349,8.439,-3.096,0.000,174.760,2.098,0.198,91
7350,8.439,-3.096,0.000,174.760,2.103,0.198,91
7351,8.439,-3.096,0.000,174.761,2.107,0.199,91
7352,8.439,-3.096,0.000,174.761,2.111,0.199,91
7353,8.439,-3.096,0.000,174.761,2.115,0.199,91
7354,8.439,-3.096,0.000,174.762,2.119,0.200,91
7355,8.439,-3.096,0.000,174.762,2.123,0.200,91
7356,8.439,-3.096,0.000,174.762,2.128,0.200,91
7357,8.439,-3.096,0.000,174.763,2.132,0.201,91
7358,8.439,-3.096,0.000,174.763,2.136,0.201,91
7359,8.439,-3.096,0.000,174.763,2.140,0.202,91
7360,8.439,-3.096,0.000,174.764,2.145,0.202,91
7361,8.439,-3.096,0.000,174.764,2.149,0.202,91
7362,8.439,-3.096,0.000,174.764,2.153,0.203,91
7363,8.439,-3.096,0.000,174.764,2.157,0.203,91
7364,8.439,-3.096,0.000,174.765,2.162,0.203,91
7365,8.439,-3.096,0.000,174.765,2.166,0.204,91
7366,8.439,-3.096,0.000,174.765,2.170,0.204,91
7367,8.439,-3.096,0.000,174.766,2.174,0.205,91
7368,8.439,-3.096,0.000,174.766,2.179,0.205,91
7369,8.439,-3.096,0.000,174.766,2.183,0.205,91
7370,8.439,-3.096,0.000,174.767,2.187,0.206,91
7371,8.439,-3.096,0.000,174.767,2.192,0.206,91
7372,8.439,-3.096,0.000,174.767,2.196,0.206,91
7373,8.439,-3.096,0.000,174.768,2.200,0.207,91
7374,8.439,-3.096,0.000,174.768,2.205,0.207,91
7375,8.439,-3.096,0.000,174.768,2.209,0.208,91
7376,8.439,-3.096,0.000,174.769,2.213,0.208,91
7377,8.439,-3.096,0.000,174.769,2.217,0.208,91
7378,8.439,-3.096,0.000,174.769,2.214,0.208,91
7379,8.439,-3.096,0.000,174.770,2.209,0.207,91
7380,8.439,-3.096,0.000,174.770,2.205,0.207,91
7381,8.439,-3.096,0.000,174.770,2.200,0.207,91
7382,8.439,-3.096,0.000,174.771,2.195,0.206,91
7383,8.439,-3.096,0.000,174.771,2.191,0.206,91
7384,8.439,-3.096,0.000,174.771,2.186,0.205,91
7385,8.439,-3.096,0.000,174.772,2.182,0.205,91
7386,8.439,-3.096,0.000,174.772,2.178,0.205,91
7387,8.439,-3.096,0.000,174.772,2.173,0.204,91
7388,8.439,-3.096,0.000,174.773,2.169,0.204,91
7389,8.439,-3.096,0.000,174.773,2.165,0.203,91
7390,8.439,-3.096,0.000,174.773,2.161,0.203,91
7391,8.439,-3.096,0.000,174.774,2.157,0.203,91
7392,8.439,-3.096,0.000,174.774,2.153,0.202,91
7393,8.439,-3.096,0.000,174.774,2.150,0.202,91
7394,8.439,-3.096,0.000,174.775,2.146,0.202,91
7395,8.439,-3.096,0.000,174.775,2.142,0.201,91
7396,8.439,-3.096,0.000,174.775,2.139,0.201,91
7397,8.439,-3.096,0.000,174.776,2.135,0.201,91
7398,8.439,-3.096,0.000,174.776,2.132,0.200,91
7399,8.439,-3.096,0.000,174.777,2.128,0.200,91
7400,8.439,-3.096,0.000,174.777,2.125,0.200,91
7401,8.439,-3.096,0.000,174.777,2.122,0.199,91
7402,8.439,-3.096,0.000,174.796,2.118,0.198,91
7403,8.439,-3.096,0.000,174.845,2.114,0.196,91
7404,8.439,-3.096,0.000,174.912,2.110,0.193,91
7405,8.439,-3.096,0.000,174.992,2.107,0.190,91
7406,8.439,-3.096,0.000,175.079,2.103,0.187,91
7407,8.439,-3.096,0.000,175.164,2.101,0.183,91
7408,8.439,-3.096,0.000,175.243,2.098,0.180,91
7409,8.439,-3.096,0.000,175.317,2.096,0.177,91
7410,8.439,-3.096,0.000,175.385,2.094,0.174,91
7411,8.439,-3.096,0.000,175.448,2.091,0.172,91
7412,8.439,-3.096,0.000,175.507,2.089,0.170,91
7413,8.439,-3.096,0.000,175.562,2.086,0.167,91
7414,8.439,-3.096,0.000,175.613,2.084,0.165,91
7415,8.439,-3.096,0.000,175.660,2.082,0.163,91
7416,8.439,-3.096,0.000,175.704,2.080,0.162,91
7417,8.439,-3.096,0.000,175.745,2.078,0.160,91
7418,8.439,-3.096,0.000,175.784,2.076,0.158,91
7419,8.439,-3.096,0.000,175.819,2.074,0.157,91
7420,8.439,-3.096,0.000,175.853,2.072,0.156,91
7421,8.439,-3.096,0.000,175.884,2.070,0.154,91
7422,8.439,-3.096,0.000,175.913,2.068,0.153,91
7423,8.439,-3.096,0.000,175.940,2.066,0.152,91
7424,8.439,-3.096,0.000,175.965,2.064,0.151,91
7425,8.439,-3.096,0.000,175.989,2.062,0.150,91
7426,8.439,-3.096,0.000,176.011,2.061,0.149,91
7427,8.439,-3.096,0.000,176.031,2.059,0.148,91
7428,8.439,-3.096,0.000,176.050,2.058,0.147,91
7429,8.439,-3.096,0.000,176.069,2.056,0.147,91
7430,8.439,-3.096,0.000,176.085,2.055,0.146,91
7431,8.439,-3.096,0.000,176.101,2.053,0.145,91
7432,8.439,-3.096,0.000,176.116,2.052,0.145,91
7433,8.439,-3.096,0.000,176.130,2.050,0.144,91
7434,8.439,-3.096,0.000,176.143,2.049,0.144,91
7435,8.439,-3.096,0.000,176.155,2.048,0.143,91
7436,8.439,-3.096,0.000,176.166,2.047,0.143,91
7437,8.439,-3.096,0.000,176.177,2.045,0.142,91
7438,8.439,-3.096,0.000,176.186,2.044,0.142,91
7439,8.439,-3.096,0.000,176.196,2.043,0.141,91
7440,8.439,-3.096,0.000,176.204,2.042,0.141,91
7441,8.439,-3.096,0.000,176.213,2.041,0.141,91
7442,8.439,-3.096,0.000,176.220,2.040,0.140,91
7443,8.439,-3.096,0.000,176.227,2.039,0.140,91
7444,8.439,-3.096,0.000,176.234,2.039,0.140,91
7445,8.439,-3.096,0.000,176.241,2.038,0.139,91
7446,8.439,-3.096,0.000,176.246,2.037,0.139,91
7447,8.439,-3.096,0.000,176.252,2.036,0.139,91
7448,8.439,-3.096,0.000,176.257,2.036,0.139,91
7449,8.439,-3.096,0.000,176.262,2.035,0.138,91
7450,8.439,-3.096,0.000,176.267,2.034,0.138,91
7451,8.439,-3.096,0.000,176.271,2.034,0.138,91
7452,8.439,-3.096,0.000,176.275,2.033,0.138,91
7453,8.439,-3.096,0.000,176.279,2.033,0.138,91
7454,8.439,-3.096,0.000,176.282,2.032,0.137,91
7455,8.439,-3.096,0.000,176.286,2.032,0.137,91
7456,8.439,-3.096,0.000,176.289,2.032,0.137,91
7457,8.439,-3.096,0.000,176.292,2.032,0.137,91
7458,8.439,-3.096,0.000,176.295,2.031,0.137,91
7459,8.439,-3.096,0.000,176.297,2.031,0.137,91
7460,8.439,-3.096,0.000,176.300,2.031,0.137,91
7461,8.439,-3.096,0.000,176.302,2.031,0.137,91
7462,8.439,-3.096,0.000,176.305,2.031,0.137,91
7463,8.439,-3.096,0.000,176.307,2.031,0.136,91
7464,8.439,-3.096,0.000,176.309,2.031,0.136,91
7465,8.439,-3.096,0.000,176.310,2.031,0.136,91
7466,8.439,-3.096,0.000,176.312,2.031,0.136,91
7467,8.439,-3.096,0.000,176.314,2.031,0.136,91
7468,8.439,-3.096,0.000,176.315,2.031,0.136,91
7469,8.439,-3.096,0.000,176.317,2.031,0.136,91
7470,8.439,-3.096,0.000,176.318,2.031,0.136,91
7471,8.439,-3.096,0.000,176.320,2.032,0.136,91
7472,8.439,-3.096,0.000,176.321,2.032,0.136,91
7473,8.439,-3.096,0.000,176.322,2.032,0.136,91
7474,8.439,-3.096,0.000,176.323,2.033,0.136,91
7475,8.439,-3.096,0.000,176.324,2.033,0.136,91
7476,8.439,-3.096,0.000,176.325,2.033,0.136,91
7477,8.439,-3.096,0.000,176.326,2.034,0.136,91
7478,8.439,-3.096,0.000,176.327,2.034,0.136,91
7479,8.439,-3.096,0.000,176.328,2.035,0.136,91
7480,8.439,-3.096,0.000,176.329,2.035,0.136,91
7481,8.439,-3.096,0.000,176.330,2.036,0.136,91
7482,8.439,-3.096,0.000,176.331,2.037,0.136,91
7483,8.439,-3.096,0.000,176.331,2.037,0.136,91
7484,8.439,-3.096,0.000,176.332,2.038,0.136,91
7485,8.439,-3.096,0.000,176.330,2.038,0.136,91
7486,8.440,-3.096,0.000,176.322,2.038,0.136,91
7487,8.440,-3.096,0.000,176.303,2.038,0.137,91
7488,8.440,-3.096,0.000,176.271,2.038,0.138,91
7489,8.440,-3.096,0.000,176.223,2.038,0.140,91
7490,8.440,-3.096,0.000,176.160,2.038,0.142,91
7491,8.441,-3.096,0.000,176.085,2.038,0.145,91
7492,8.441,-3.096,0.000,175.999,2.037,0.148,91
7493,8.441,-3.096,0.000,175.903,2.037,0.151,91
7494,8.441,-3.096,0.000,175.801,2.037,0.155,91
7495,8.441,-3.096,0.000,175.697,2.037,0.159,91
7496,8.442,-3.096,0.000,175.596,2.037,0.162,91
7497,8.442,-3.096,0.000,175.501,2.036,0.166,91
7498,8.442,-3.096,0.000,175.412,2.036,0.169,91
7499,8.442,-3.096,0.000,175.327,2.036,0.172,91
7500,8.442,-3.096,0.000,175.242,2.036,0.175,91
7501,8.443,-3.096,0.000,175.154,2.037,0.178,91
7502,8.443,-3.096,0.000,175.059,2.037,0.181,91
7503,8.443,-3.096,0.000,174.957,2.037,0.185,91
7504,8.443,-3.096,0.000,174.848,2.037,0.189,91
7505,8.443,-3.096,0.000,174.735,2.037,0.193,91
7506,8.444,-3.096,0.000,174.620,2.037,0.197,91
7507,8.444,-3.096,0.000,174.507,2.037,0.201,91
7508,8.444,-3.096,0.000,174.399,2.037,0.205,91
7509,8.444,-3.096,0.000,174.297,2.037,0.209,91
7510,8.444,-3.096,0.000,174.202,2.039,0.212,91
7511,8.444,-3.096,0.000,174.116,2.040,0.216,91
7512,8.444,-3.096,0.000,174.037,2.041,0.219,91
7513,8.444,-3.096,0.000,173.964,2.042,0.221,91
7514,8.444,-3.096,0.000,173.898,2.043,0.224,91
7515,8.444,-3.096,0.000,173.838,2.045,0.226,91
7516,8.444,-3.096,0.000,173.783,2.046,0.228,91
7517,8.444,-3.096,0.000,173.733,2.048,0.230,91
7518,8.444,-3.096,0.000,173.687,2.049,0.232,91
7519,8.444,-3.096,0.000,173.646,2.051,0.234,91
7520,8.444,-3.096,0.000,173.608,2.052,0.235,91
7521,8.444,-3.096,0.000,173.573,2.054,0.237,91
7522,8.444,-3.096,0.000,173.542,2.056,0.238,91
7523,8.444,-3.096,0.000,173.514,2.057,0.239,91
7524,8.444,-3.096,0.000,173.488,2.059,0.240,91
7525,8.444,-3.096,0.000,173.465,2.061,0.241,91
7526,8.444,-3.096,0.000,173.443,2.062,0.242,91
7527,8.444,-3.096,0.000,173.424,2.064,0.243,91
7528,8.444,-3.096,0.000,173.407,2.066,0.244,91
7529,8.444,-3.096,0.000,173.391,2.068,0.245,91
7530,8.444,-3.096,0.000,173.377,2.070,0.246,91
7531,8.444,-3.096,0.000,173.364,2.072,0.246,91
7532,8.444,-3.096,0.000,173.352,2.074,0.247,91
7533,8.444,-3.096,0.000,173.342,2.076,0.248,91
7534,8.444,-3.096,0.000,173.332,2.078,0.248,91
7535,8.444,-3.096,0.000,173.324,2.080,0.249,91
7536,8.444,-3.096,0.000,173.316,2.082,0.249,91
7537,8.444,-3.096,0.000,173.309,2.084,0.250,91
7538,8.444,-3.096,0.000,173.302,2.086,0.250,91
7539,8.444,-3.096,0.000,173.297,2.088,0.251,91
7540,8.444,-3.096,0.000,173.292,2.091,0.251,91
7541,8.444,-3.096,0.000,173.287,2.093,0.252,91
7542,8.444,-3.096,0.000,173.283,2.095,0.252,91
7543,8.444,-3.096,0.000,173.279,2.097,0.253,91
7544,8.444,-3.096,0.000,173.276,2.100,0.253,91
7545,8.444,-3.096,0.000,173.273,2.102,0.253,91
7546,8.444,-3.096,0.000,173.270,2.104,0.254,91
7547,8.444,-3.096,0.000,173.268,2.107,0.254,91
7548,8.444,-3.096,0.000,173.266,2.109,0.254,91
7549,8.444,-3.096,0.000,173.264,2.111,0.255,91
7550,8.444,-3.096,0.000,173.262,2.114,0.255,91
7551,8.444,-3.096,0.000,173.261,2.116,0.255,91
7552,8.444,-3.096,0.000,173.259,2.119,0.256,91
7553,8.444,-3.096,0.000,173.258,2.121,0.256,91
7554,8.444,-3.096,0.000,173.257,2.124,0.256,91
7555,8.444,-3.096,0.000,173.256,2.126,0.257,91
7556,8.444,-3.096,0.000,173.256,2.129,0.257,91
7557,8.444,-3.096,0.000,173.255,2.131,0.257,91
7558,8.444,-3.096,0.000,173.254,2.134,0.258,91
7559,8.444,-3.096,0.000,173.254,2.137,0.258,91
7560,8.444,-3.096,0.000,173.253,2.139,0.258,91
7561,8.444,-3.096,0.000,173.253,2.142,0.259,91
7562,8.444,-3.096,0.000,173.253,2.145,0.259,91
7563,8.444,-3.096,0.000,173.253,2.147,0.259,91
7564,8.444,-3.096,0.000,173.253,2.150,0.260,91
7565,8.444,-3.096,0.000,173.252,2.153,0.260,91
7566,8.444,-3.096,0.000,173.252,2.155,0.260,91
7567,8.444,-3.096,0.000,173.252,2.158,0.261,91
7568,8.444,-3.096,0.000,173.252,2.161,0.261,91
7569,8.444,-3.096,0.000,173.252,2.164,0.261,91
7570,8.444,-3.096,0.000,173.253,2.167,0.262,91
7571,8.444,-3.096,0.000,173.253,2.170,0.262,91
7572,8.444,-3.096,0.000,173.253,2.172,0.262,91
7573,8.444,-3.096,0.000,173.253,2.175,0.263,91
7574,8.444,-3.096,0.000,173.253,2.178,0.263,91
7575,8.444,-3.096,0.000,173.253,2.181,0.263,91
7576,8.444,-3.096,0.000,173.253,2.184,0.264,91
7577,8.444,-3.096,0.000,173.254,2.187,0.264,91
7578,8.444,-3.096,0.000,173.254,2.190,0.264,91
7579,8.444,-3.096,0.000,173.254,2.193,0.265,91
7580,8.444,-3.096,0.000,173.254,2.196,0.265,91
7581,8.444,-3.096,0.000,173.255,2.199,0.265,91
7582,8.444,-3.096,0.000,173.255,2.202,0.266,91
7583,8.444,-3.096,0.000,173.255,2.205,0.266,91
7584,8.444,-3.096,0.000,173.256,2.208,0.267,91
7585,8.444,-3.096,0.000,173.256,2.211,0.267,91
7586,8.444,-3.096,0.000,173.256,2.208,0.267,91
7587,8.444,-3.096,0.000,173.257,2.205,0.266,91
7588,8.444,-3.096,0.000,173.257,2.201,0.266,91
7589,8.444,-3.096,0.000,173.257,2.198,0.265,91
7590,8.444,-3.096,0.000,173.258,2.195,0.265,91
7591,8.444,-3.096,0.000,173.258,2.192,0.264,91
7592,8.444,-3.096,0.000,173.258,2.189,0.264,91
7593,8.444,-3.096,0.000,173.259,2.186,0.264,91
7594,8.444,-3.096,0.000,173.259,2.183,0.263,91
7595,8.444,-3.096,0.000,173.259,2.180,0.263,91
7596,8.444,-3.096,0.000,173.260,2.177,0.263,91
7597,8.444,-3.096,0.000,173.260,2.174,0.262,91
7598,8.444,-3.096,0.000,173.260,2.171,0.262,91
7599,8.444,-3.096,0.000,173.261,2.169,0.262,91
7600,8.444,-3.096,0.000,173.261,2.166,0.261,91
7601,8.444,-3.096,0.000,173.262,2.164,0.261,91
7602,8.444,-3.096,0.000,173.262,2.161,0.261,91
7603,8.444,-3.096,0.000,173.262,2.159,0.260,91
7604,8.444,-3.096,0.000,173.263,2.157,0.260,91
7605,8.444,-3.096,0.000,173.263,2.154,0.260,91
7606,8.444,-3.096,0.000,173.263,2.152,0.260,91
7607,8.444,-3.096,0.000,173.264,2.150,0.259,91
7608,8.444,-3.096,0.000,173.264,2.148,0.259,91
7609,8.444,-3.096,0.000,173.265,2.146,0.259,91
7610,8.444,-3.096,0.000,173.265,2.144,0.259,91
7611,8.444,-3.096,0.000,173.265,2.142,0.258,91
7612,8.444,-3.096,0.000,173.266,2.140,0.258,91
7613,8.444,-3.096,0.000,173.266,2.138,0.258,91
7614,8.444,-3.096,0.000,173.266,2.136,0.258,91
7615,8.444,-3.096,0.000,173.267,2.135,0.257,91
7616,8.444,-3.096,0.000,173.267,2.133,0.257,91
7617,8.444,-3.096,0.000,173.268,2.131,0.257,91
7618,8.444,-3.096,0.000,173.268,2.130,0.257,91
7619,8.444,-3.096,0.000,173.268,2.128,0.257,91
7620,8.444,-3.096,0.000,173.269,2.127,0.256,91
7621,8.444,-3.096,0.000,173.269,2.126,0.256,91
7622,8.444,-3.096,0.000,173.269,2.124,0.256,91
7623,8.444,-3.096,0.000,173.270,2.123,0.256,91
7624,8.444,-3.096,0.000,173.270,2.122,0.256,91
7625,8.444,-3.096,0.000,173.271,2.121,0.256,91
7626,8.444,-3.096,0.000,173.271,2.119,0.255,91
7627,8.444,-3.096,0.000,173.271,2.118,0.255,91
7628,8.444,-3.096,0.000,173.272,2.117,0.255,91
7629,8.444,-3.096,0.000,173.272,2.116,0.255,91
7630,8.444,-3.096,0.000,173.272,2.115,0.255,91
7631,8.444,-3.096,0.000,173.273,2.114,0.255,91
7632,8.444,-3.096,0.000,173.273,2.114,0.255,91
7633,8.444,-3.096,0.000,173.274,2.113,0.255,91
7634,8.444,-3.096,0.000,173.274,2.112,0.254,91
7635,8.444,-3.096,0.000,173.274,2.111,0.254,91
7636,8.444,-3.096,0.000,173.275,2.111,0.254,91
7637,8.444,-3.096,0.000,173.275,2.110,0.254,91
7638,8.444,-3.096,0.000,173.275,2.109,0.254,91
7639,8.444,-3.096,0.000,173.276,2.109,0.254,91
7640,8.444,-3.096,0.000,173.276,2.108,0.254,91
7641,8.444,-3.096,0.000,173.277,2.108,0.254,91
7642,8.444,-3.096,0.000,173.277,2.108,0.254,91
7643,8.444,-3.096,0.000,173.277,2.107,0.254,91
7644,8.444,-3.096,0.000,173.278,2.107,0.254,91
7645,8.444,-3.096,0.000,173.278,2.107,0.254,91
7646,8.444,-3.096,0.000,173.278,2.107,0.254,91
7647,8.444,-3.096,0.000,173.279,2.106,0.254,91
7648,8.444,-3.096,0.000,173.279,2.106,0.254,91
7649,8.444,-3.096,0.000,173.280,2.106,0.254,91
7650,8.444,-3.096,0.000,173.280,2.106,0.254,91
7651,8.444,-3.096,0.000,173.280,2.106,0.254,91
7652,8.444,-3.096,0.000,173.281,2.106,0.254,91
7653,8.444,-3.096,0.000,173.281,2.106,0.254,91
7654,8.444,-3.096,0.000,173.281,2.106,0.254,91
7655,8.444,-3.096,0.000,173.282,2.106,0.254,91
7656,8.444,-3.096,0.000,173.282,2.107,0.254,91
7657,8.444,-3.096,0.000,173.283,2.107,0.254,91
7658,8.444,-3.096,0.000,173.283,2.107,0.254,91
7659,8.444,-3.096,0.000,173.283,2.107,0.254,91
7660,8.444,-3.096,0.000,173.284,2.108,0.254,91
7661,8.444,-3.096,0.000,173.284,2.108,0.254,91
7662,8.444,-3.096,0.000,173.284,2.108,0.254,91
7663,8.444,-3.096,0.000,173.285,2.109,0.254,91
7664,8.444,-3.096,0.000,173.285,2.109,0.254,91
7665,8.444,-3.096,0.000,173.286,2.110,0.254,91
7666,8.444,-3.096,0.000,173.286,2.110,0.254,91
7667,8.444,-3.096,0.000,173.286,2.111,0.254,91
7668,8.444,-3.096,0.000,173.287,2.112,0.254,91
7669,8.444,-3.096,0.000,173.287,2.112,0.254,91
7670,8.444,-3.096,0.000,173.287,2.113,0.254,91
7671,8.444,-3.096,0.000,173.288,2.114,0.254,91
7672,8.444,-3.096,0.000,173.288,2.115,0.254,91
7673,8.444,-3.096,0.000,173.288,2.115,0.254,91
7674,8.444,-3.096,0.000,173.289,2.116,0.254,91
7675,8.444,-3.096,0.000,173.289,2.117,0.254,91
7676,8.444,-3.096,0.000,173.290,2.118,0.255,91
7677,8.444,-3.096,0.000,173.290,2.119,0.255,91
7678,8.444,-3.096,0.000,173.290,2.120,0.255,91
7679,8.444,-3.096,0.000,173.291,2.121,0.255,91
7680,8.444,-3.096,0.000,173.291,2.122,0.255,91
7681,8.444,-3.096,0.000,173.291,2.123,0.255,91
7682,8.444,-3.096,0.000,173.292,2.124,0.255,91
7683,8.444,-3.096,0.000,173.292,2.125,0.255,91
7684,8.444,-3.096,0.000,173.293,2.126,0.255,91
7685,8.444,-3.096,0.000,173.293,2.128,0.256,91
7686,8.444,-3.096,0.000,173.293,2.129,0.256,91
7687,8.444,-3.096,0.000,173.294,2.130,0.256,91
7688,8.444,-3.096,0.000,173.294,2.131,0.256,91
7689,8.444,-3.096,0.000,173.294,2.133,0.256,91
7690,8.444,-3.096,0.000,173.295,2.134,0.256,91
7691,8.444,-3.096,0.000,173.295,2.135,0.256,91
7692,8.444,-3.096,0.000,173.295,2.137,0.257,91
7693,8.444,-3.096,0.000,173.296,2.138,0.257,91
7694,8.444,-3.096,0.000,173.296,2.140,0.257,91
7695,8.444,-3.096,0.000,173.297,2.141,0.257,91
7696,8.444,-3.096,0.000,173.297,2.143,0.257,91
7697,8.444,-3.096,0.000,173.297,2.144,0.257,91
7698,8.444,-3.096,0.000,173.298,2.146,0.258,91
7699,8.444,-3.096,0.000,173.298,2.147,0.258,91
7700,8.444,-3.096,0.000,173.298,2.149,0.258,91
7701,8.444,-3.096,0.000,173.299,2.151,0.258,91
7702,8.444,-3.096,0.000,173.299,2.152,0.258,91
7703,8.444,-3.096,0.000,173.300,2.154,0.258,91
7704,8.444,-3.096,0.000,173.300,2.156,0.259,91
7705,8.444,-3.096,0.000,173.300,2.158,0.259,91
7706,8.444,-3.096,0.000,173.301,2.159,0.259,91
7707,8.444,-3.096,0.000,173.301,2.161,0.259,91
7708,8.444,-3.096,0.000,173.301,2.163,0.259,91
7709,8.444,-3.096,0.000,173.302,2.165,0.260,91
7710,8.444,-3.096,0.000,173.302,2.167,0.260,91
7711,8.444,-3.096,0.000,173.302,2.169,0.260,91
7712,8.444,-3.096,0.000,173.303,2.171,0.260,91
7713,8.444,-3.096,0.000,173.303,2.173,0.261,91
7714,8.444,-3.096,0.000,173.304,2.175,0.261,91
7715,8.444,-3.096,0.000,173.304,2.177,0.261,91
7716,8.444,-3.096,0.000,173.304,2.179,0.261,91
7717,8.444,-3.096,0.000,173.305,2.181,0.261,91
7718,8.444,-3.096,0.000,173.305,2.183,0.262,91
7719,8.444,-3.096,0.000,173.305,2.185,0.262,91
7720,8.444,-3.096,0.000,173.306,2.187,0.262,91
7721,8.444,-3.096,0.000,173.306,2.190,0.262,91
7722,8.444,-3.096,0.000,173.306,2.192,0.263,91
7723,8.444,-3.096,0.000,173.307,2.194,0.263,91
7724,8.444,-3.096,0.000,173.307,2.196,0.263,91
7725,8.444,-3.096,0.000,173.308,2.199,0.263,91
7726,8.444,-3.096,0.000,173.308,2.201,0.264,91
7727,8.444,-3.096,0.000,173.308,2.203,0.264,91
7728,8.444,-3.096,0.000,173.309,2.205,0.264,91
7729,8.444,-3.096,0.000,173.309,2.208,0.264,91
7730,8.444,-3.096,0.000,173.309,2.210,0.265,91
7731,8.444,-3.096,0.000,173.310,2.210,0.264,91
7732,8.444,-3.096,0.000,173.310,2.207,0.264,91
7733,8.444,-3.096,0.000,173.310,2.205,0.264,91
7734,8.444,-3.096,0.000,173.311,2.202,0.264,91
7735,8.444,-3.096,0.000,173.311,2.200,0.263,91
7736,8.444,-3.096,0.000,173.312,2.197,0.263,91
7737,8.444,-3.096,0.000,173.312,2.195,0.263,91
7738,8.444,-3.096,0.000,173.312,2.193,0.262,91
7739,8.444,-3.096,0.000,173.313,2.190,0.262,91
7740,8.444,-3.096,0.000,173.313,2.188,0.262,91
7741,8.444,-3.096,0.000,173.314,2.186,0.262,91
7742,8.444,-3.096,0.000,173.314,2.184,0.261,91
7743,8.444,-3.096,0.000,173.314,2.182,0.261,91
7744,8.444,-3.096,0.000,173.315,2.180,0.261,91
7745,8.444,-3.096,0.000,173.315,2.178,0.261,91
7746,8.444,-3.096,0.000,173.315,2.176,0.260,91
7747,8.444,-3.096,0.000,173.316,2.174,0.260,91
7748,8.444,-3.096,0.000,173.316,2.173,0.260,91
7749,8.444,-3.096,0.000,173.317,2.171,0.260,91
7750,8.444,-3.096,0.000,173.317,2.169,0.260,91
7751,8.444,-3.096,0.000,173.317,2.168,0.259,91
7752,8.444,-3.096,0.000,173.318,2.166,0.259,91
7753,8.444,-3.096,0.000,173.318,2.165,0.259,91
7754,8.444,-3.096,0.000,173.318,2.163,0.259,91
7755,8.444,-3.096,0.000,173.319,2.162,0.259,91
7756,8.444,-3.096,0.000,173.319,2.161,0.258,91
7757,8.444,-3.096,0.000,173.320,2.159,0.258,91
7758,8.444,-3.096,0.000,173.320,2.158,0.258,91
7759,8.444,-3.096,0.000,173.320,2.157,0.258,91
7760,8.444,-3.096,0.000,173.321,2.156,0.258,91
7761,8.444,-3.096,0.000,173.321,2.155,0.258,91
7762,8.444,-3.096,0.000,173.321,2.154,0.258,91
7763,8.444,-3.096,0.000,173.322,2.153,0.257,91
7764,8.444,-3.096,0.000,173.322,2.152,0.257,91
7765,8.444,-3.096,0.000,173.323,2.151,0.257,91
7766,8.444,-3.096,0.000,173.323,2.150,0.257,91
7767,8.444,-3.096,0.000,173.323,2.150,0.257,91
7768,8.444,-3.096,0.000,173.324,2.149,0.257,91
7769,8.444,-3.096,0.000,173.324,2.148,0.257,91
7770,8.444,-3.096,0.000,173.324,2.148,0.257,91
7771,8.444,-3.096,0.000,173.325,2.147,0.257,91
7772,8.444,-3.096,0.000,173.325,2.147,0.257,91
7773,8.444,-3.096,0.000,173.326,2.146,0.257,91
7774,8.444,-3.096,0.000,173.326,2.146,0.256,91
7775,8.444,-3.096,0.000,173.326,2.145,0.256,91
7776,8.444,-3.096,0.000,173.327,2.145,0.256,91
7777,8.444,-3.096,0.000,173.327,2.145,0.256,91
7778,8.444,-3.096,0.000,173.327,2.144,0.256,91
7779,8.444,-3.096,0.000,173.328,2.144,0.256,91
7780,8.444,-3.096,0.000,173.328,2.144,0.256,91
7781,8.444,-3.096,0.000,173.329,2.144,0.256,91
7782,8.444,-3.096,0.000,173.329,2.144,0.256,91
7783,8.444,-3.096,0.000,173.329,2.144,0.256,91
7784,8.444,-3.096,0.000,173.330,2.144,0.256,91
7785,8.444,-3.096,0.000,173.330,2.144,0.256,91
7786,8.444,-3.096,0.000,173.330,2.144,0.256,91
7787,8.444,-3.096,0.000,173.331,2.144,0.256,91
7788,8.444,-3.096,0.000,173.331,2.144,0.256,91
7789,8.444,-3.096,0.000,173.332,2.144,0.256,91
7790,8.444,-3.096,0.000,173.332,2.144,0.256,91
7791,8.444,-3.096,0.000,173.332,2.145,0.256,91
7792,8.444,-3.096,0.000,173.333,2.145,0.256,91
7793,8.444,-3.096,0.000,173.333,2.145,0.256,91
7794,8.444,-3.096,0.000,173.333,2.146,0.256,91
7795,8.444,-3.096,0.000,173.334,2.146,0.256,91
7796,8.444,-3.096,0.000,173.334,2.147,0.256,91
7797,8.444,-3.096,0.000,173.335,2.147,0.256,91
7798,8.444,-3.096,0.000,173.335,2.148,0.256,91
7799,8.444,-3.096,0.000,173.335,2.148,0.256,91
7800,8.444,-3.096,0.000,173.336,2.149,0.256,91
